
 *****  Protons in Lexan (0.25GeV, 2.0cm)                                                 *****

           DATE: 12/ 1/18,  TIME:  7:43:35

          Total number of particles followed       10000000, for a total weight of  1.0000E+07

1

   Bdrx n.   4  "ocurrent  " , generalized particle n.    1, from region n.     5 to region n.     4
      detector area:  1.0000E+02 cm**2
      this is a one way only estimator
      this is a current like estimator
      linear energy binning from   1.7000E-01 to  3.0000E-01 GeV,   650 bins ( 2.0000E-04 GeV wide)
      linear angular binning from  0.0000E+00 to  6.2832E+00 sr ,     1 bins ( 6.2832E+00 sr wide )
      Data follow in a matrix A(ie,ia), format (1(5x,1p,10(1x,e11.4)))

       1.9815E-04  2.1406E-04  1.8542E-04  2.0451E-04  2.0054E-04  1.9974E-04  1.9417E-04  1.8382E-04  1.8542E-04  2.1088E-04
       2.1008E-04  2.1168E-04  2.1008E-04  2.2282E-04  1.9417E-04  1.9656E-04  1.8621E-04  2.2123E-04  2.1645E-04  1.9735E-04
       1.9496E-04  1.7746E-04  1.7666E-04  1.8621E-04  1.9178E-04  2.1008E-04  2.2282E-04  1.9815E-04  1.9894E-04  1.9656E-04
       1.9178E-04  1.9258E-04  1.9337E-04  1.8144E-04  2.2441E-04  1.9258E-04  2.0531E-04  1.9815E-04  2.0770E-04  2.0292E-04
       1.9815E-04  1.8780E-04  1.9894E-04  2.0292E-04  1.9894E-04  1.7905E-04  2.1486E-04  2.0213E-04  1.9337E-04  1.9099E-04
       2.0451E-04  2.2202E-04  2.2680E-04  2.1963E-04  2.0054E-04  2.2043E-04  1.9178E-04  2.0292E-04  1.9337E-04  1.7905E-04
       2.1486E-04  2.0531E-04  1.8860E-04  2.1247E-04  1.9815E-04  2.0372E-04  1.9576E-04  2.2600E-04  2.1406E-04  1.9735E-04
       1.9337E-04  1.9894E-04  2.0213E-04  2.0849E-04  2.0213E-04  1.8860E-04  2.1327E-04  1.9894E-04  2.1088E-04  2.0531E-04
       2.0611E-04  1.9656E-04  1.8939E-04  1.9735E-04  2.0849E-04  2.1327E-04  2.0133E-04  2.1168E-04  2.0054E-04  2.1168E-04
       1.9894E-04  2.0451E-04  1.8144E-04  1.9974E-04  2.1247E-04  2.0929E-04  1.9496E-04  1.8939E-04  2.0054E-04  1.8064E-04
       2.2123E-04  1.9337E-04  2.0133E-04  2.1168E-04  2.1088E-04  1.9019E-04  2.1565E-04  2.0292E-04  2.1963E-04  1.8701E-04
       1.9337E-04  2.0292E-04  1.9496E-04  1.9258E-04  2.1725E-04  1.9894E-04  2.0849E-04  1.8144E-04  1.9974E-04  2.0054E-04
       1.9815E-04  2.1247E-04  1.9496E-04  2.1008E-04  2.2520E-04  2.1168E-04  1.9496E-04  1.8701E-04  1.8223E-04  1.9337E-04
       2.0054E-04  2.0292E-04  1.9417E-04  1.8382E-04  1.9258E-04  2.0451E-04  2.0770E-04  2.1963E-04  1.8780E-04  1.8382E-04
       1.9258E-04  2.1008E-04  2.0451E-04  1.9099E-04  2.2441E-04  1.9735E-04  2.0770E-04  1.9337E-04  1.9656E-04  2.0531E-04
       1.8701E-04  2.1486E-04  2.0451E-04  2.0531E-04  2.0372E-04  1.9178E-04  1.9019E-04  1.8780E-04  1.9417E-04  2.0929E-04
       2.0531E-04  1.8462E-04  1.9178E-04  1.8939E-04  1.7109E-04  2.0372E-04  1.9337E-04  1.9496E-04  1.9496E-04  1.9815E-04
       1.8621E-04  1.9735E-04  2.0690E-04  2.0372E-04  2.0690E-04  1.9099E-04  1.9576E-04  1.8462E-04  2.0054E-04  2.1884E-04
       1.8144E-04  2.0133E-04  2.0054E-04  1.7825E-04  2.0133E-04  1.9258E-04  1.8621E-04  1.7587E-04  1.9576E-04  1.9019E-04
       1.8462E-04  1.9178E-04  2.0133E-04  1.9974E-04  1.6711E-04  1.7507E-04  1.8223E-04  1.6154E-04  1.9099E-04  1.7666E-04
       1.8860E-04  1.7268E-04  1.6552E-04  1.7507E-04  1.8462E-04  1.5279E-04  1.7427E-04  1.6711E-04  1.6791E-04  1.6313E-04
       1.5836E-04  1.6950E-04  1.7189E-04  1.6870E-04  1.5915E-04  1.9496E-04  1.5915E-04  1.8621E-04  1.6473E-04  2.0213E-04
       1.5995E-04  1.7666E-04  1.7587E-04  1.7109E-04  1.7427E-04  1.5199E-04  1.5279E-04  1.4244E-04  1.7587E-04  1.5597E-04
       1.4642E-04  1.7189E-04  1.5518E-04  1.4722E-04  1.4722E-04  1.5120E-04  1.8303E-04  1.4085E-04  1.5358E-04  1.5040E-04
       1.6234E-04  1.3289E-04  1.6313E-04  1.6154E-04  1.5597E-04  1.5358E-04  1.5040E-04  1.5915E-04  1.5279E-04  1.5995E-04
       1.6473E-04  1.4483E-04  1.5199E-04  1.4881E-04  1.4404E-04  1.3130E-04  1.6313E-04  1.2971E-04  1.4165E-04  1.5438E-04
       1.3846E-04  1.2732E-04  1.3369E-04  1.2016E-04  1.2653E-04  1.4642E-04  1.1300E-04  1.3528E-04  1.2653E-04  1.3051E-04
       1.2255E-04  1.2573E-04  1.2732E-04  1.2255E-04  1.2414E-04  1.2494E-04  1.1857E-04  1.2255E-04  9.3901E-05  1.1300E-04
       1.1698E-04  1.2494E-04  1.1698E-04  1.1459E-04  1.0504E-04  1.2096E-04  9.9472E-05  1.0265E-04  1.1777E-04  9.5493E-05
       1.1220E-04  9.7880E-05  1.1061E-04  9.3901E-05  8.5148E-05  9.6289E-05  8.8331E-05  7.7986E-05  7.1620E-05  7.4007E-05
       7.6394E-05  6.6049E-05  5.8887E-05  6.1275E-05  6.6845E-05  6.4458E-05  5.4113E-05  5.3317E-05  6.3662E-05  5.3317E-05
       7.4803E-05  6.5254E-05  6.4458E-05  5.5704E-05  7.1620E-05  6.6049E-05  6.7641E-05  6.9232E-05  7.4007E-05  8.1965E-05
       9.0718E-05  8.9923E-05  9.4697E-05  9.6289E-05  9.3106E-05  9.0718E-05  1.0186E-04  1.1300E-04  1.3608E-04  1.6950E-04
       2.0770E-04  2.9205E-04  5.2044E-04  8.3397E-04  1.4173E-03  2.3619E-03  3.8619E-03  6.3113E-03  1.0314E-02  1.6057E-02
       2.4742E-02  3.6855E-02  5.4047E-02  7.6148E-02  1.0577E-01  1.4170E-01  1.8511E-01  2.3413E-01  2.8934E-01  3.4495E-01
       4.0202E-01  4.5339E-01  4.9524E-01  5.2745E-01  5.4149E-01  5.4074E-01  5.2422E-01  4.9034E-01  4.4697E-01  3.9263E-01
       3.3430E-01  2.7595E-01  2.1974E-01  1.6953E-01  1.2745E-01  9.1584E-02  6.4374E-02  4.3577E-02  2.8283E-02  1.8160E-02
       1.1138E-02  6.5707E-03  3.8189E-03  2.0165E-03  1.0679E-03  5.6580E-04  2.9444E-04  1.3767E-04  7.9577E-05  2.4669E-05
       1.1937E-05  3.1831E-06  7.9577E-07  0.0000E+00  7.9577E-07  0.0000E+00  0.0000E+00  0.0000E+00  0.0000E+00  0.0000E+00
       0.0000E+00  0.0000E+00  0.0000E+00  0.0000E+00  0.0000E+00  0.0000E+00  0.0000E+00  0.0000E+00  0.0000E+00  0.0000E+00
       0.0000E+00  0.0000E+00  0.0000E+00  0.0000E+00  0.0000E+00  0.0000E+00  0.0000E+00  0.0000E+00  0.0000E+00  0.0000E+00
       0.0000E+00  0.0000E+00  0.0000E+00  0.0000E+00  0.0000E+00  0.0000E+00  0.0000E+00  0.0000E+00  0.0000E+00  0.0000E+00
       0.0000E+00  0.0000E+00  0.0000E+00  0.0000E+00  0.0000E+00  0.0000E+00  0.0000E+00  0.0000E+00  0.0000E+00  0.0000E+00
       0.0000E+00  0.0000E+00  0.0000E+00  0.0000E+00  0.0000E+00  0.0000E+00  0.0000E+00  0.0000E+00  0.0000E+00  0.0000E+00
       0.0000E+00  0.0000E+00  0.0000E+00  0.0000E+00  0.0000E+00  0.0000E+00  0.0000E+00  0.0000E+00  0.0000E+00  0.0000E+00
       0.0000E+00  0.0000E+00  0.0000E+00  0.0000E+00  0.0000E+00  0.0000E+00  0.0000E+00  0.0000E+00  0.0000E+00  0.0000E+00
       0.0000E+00  0.0000E+00  0.0000E+00  0.0000E+00  0.0000E+00  0.0000E+00  0.0000E+00  0.0000E+00  0.0000E+00  0.0000E+00
       0.0000E+00  0.0000E+00  0.0000E+00  0.0000E+00  0.0000E+00  0.0000E+00  0.0000E+00  0.0000E+00  0.0000E+00  0.0000E+00
       0.0000E+00  0.0000E+00  0.0000E+00  0.0000E+00  0.0000E+00  0.0000E+00  0.0000E+00  0.0000E+00  0.0000E+00  0.0000E+00
       0.0000E+00  0.0000E+00  0.0000E+00  0.0000E+00  0.0000E+00  0.0000E+00  0.0000E+00  0.0000E+00  0.0000E+00  0.0000E+00
       0.0000E+00  0.0000E+00  0.0000E+00  0.0000E+00  0.0000E+00  0.0000E+00  0.0000E+00  0.0000E+00  0.0000E+00  0.0000E+00
       0.0000E+00  0.0000E+00  0.0000E+00  0.0000E+00  0.0000E+00  0.0000E+00  0.0000E+00  0.0000E+00  0.0000E+00  0.0000E+00
       0.0000E+00  0.0000E+00  0.0000E+00  0.0000E+00  0.0000E+00  0.0000E+00  0.0000E+00  0.0000E+00  0.0000E+00  0.0000E+00
       0.0000E+00  0.0000E+00  0.0000E+00  0.0000E+00  0.0000E+00  0.0000E+00  0.0000E+00  0.0000E+00  0.0000E+00  0.0000E+00
       0.0000E+00  0.0000E+00  0.0000E+00  0.0000E+00  0.0000E+00  0.0000E+00  0.0000E+00  0.0000E+00  0.0000E+00  0.0000E+00
       0.0000E+00  0.0000E+00  0.0000E+00  0.0000E+00  0.0000E+00  0.0000E+00  0.0000E+00  0.0000E+00  0.0000E+00  0.0000E+00
       0.0000E+00  0.0000E+00  0.0000E+00  0.0000E+00  0.0000E+00  0.0000E+00  0.0000E+00  0.0000E+00  0.0000E+00  0.0000E+00
       0.0000E+00  0.0000E+00  0.0000E+00  0.0000E+00  0.0000E+00  0.0000E+00  0.0000E+00  0.0000E+00  0.0000E+00  0.0000E+00
       0.0000E+00  0.0000E+00  0.0000E+00  0.0000E+00  0.0000E+00  0.0000E+00  0.0000E+00  0.0000E+00  0.0000E+00  0.0000E+00
       0.0000E+00  0.0000E+00  0.0000E+00  0.0000E+00  0.0000E+00  0.0000E+00  0.0000E+00  0.0000E+00  0.0000E+00  0.0000E+00
       0.0000E+00  0.0000E+00  0.0000E+00  0.0000E+00  0.0000E+00  0.0000E+00  0.0000E+00  0.0000E+00  0.0000E+00  0.0000E+00
       0.0000E+00  0.0000E+00  0.0000E+00  0.0000E+00  0.0000E+00  0.0000E+00  0.0000E+00  0.0000E+00  0.0000E+00  0.0000E+00
       0.0000E+00  0.0000E+00  0.0000E+00  0.0000E+00  0.0000E+00  0.0000E+00  0.0000E+00  0.0000E+00  0.0000E+00  0.0000E+00
       0.0000E+00  0.0000E+00  0.0000E+00  0.0000E+00  0.0000E+00  0.0000E+00  0.0000E+00  0.0000E+00  0.0000E+00  0.0000E+00
       0.0000E+00  0.0000E+00  0.0000E+00  0.0000E+00  0.0000E+00  0.0000E+00  0.0000E+00  0.0000E+00  0.0000E+00  0.0000E+00
