
 *****  Protons in Lexan (0.15GeV, 1cm)                                                   *****

           DATE: 12/19/18,  TIME:  5: 0:17

          Total number of particles followed       25000000, for a total weight of  2.5000E+07

1

   Bdrx n.   2  "ofluence  " , generalized particle n.    1, from region n.     5 to region n.     4
      detector area:  1.0000E+02 cm**2
      this is a one way only estimator
      this is a fluence like estimator
      linear energy binning from   7.0000E-02 to  2.0000E-01 GeV,   650 bins ( 2.0000E-04 GeV wide)
      linear angular binning from  0.0000E+00 to  6.2832E+00 sr ,     1 bins ( 6.2832E+00 sr wide )
      Data follow in a matrix A(ie,ia), format (1(5x,1p,10(1x,e11.4)))

       4.1185E-04  3.9481E-04  3.9749E-04  3.9728E-04  3.7799E-04  4.0942E-04  3.7022E-04  3.8165E-04  3.9341E-04  3.9363E-04
       3.7458E-04  3.8474E-04  3.7794E-04  3.9223E-04  4.0939E-04  3.7847E-04  3.7302E-04  3.8741E-04  3.8115E-04  3.9620E-04
       3.7420E-04  3.8746E-04  3.8177E-04  4.1697E-04  3.8876E-04  3.7489E-04  3.7810E-04  3.7234E-04  3.6050E-04  3.9998E-04
       3.9468E-04  4.1346E-04  3.6935E-04  3.6131E-04  3.8169E-04  3.8694E-04  3.9962E-04  3.9209E-04  3.8654E-04  3.8146E-04
       3.8183E-04  3.8444E-04  3.8423E-04  4.0436E-04  4.0137E-04  3.9665E-04  3.7018E-04  3.9263E-04  4.0394E-04  3.8469E-04
       3.7601E-04  3.9399E-04  3.7933E-04  3.9376E-04  3.9257E-04  3.8669E-04  3.8002E-04  3.8490E-04  3.7880E-04  3.9438E-04
       3.8679E-04  3.8743E-04  3.5699E-04  3.6614E-04  3.9563E-04  3.7994E-04  3.8073E-04  3.7207E-04  3.8565E-04  3.8070E-04
       3.7681E-04  3.7255E-04  3.8215E-04  3.8058E-04  3.8102E-04  3.7627E-04  3.7478E-04  3.7997E-04  3.8367E-04  3.7826E-04
       3.7065E-04  3.8676E-04  3.8381E-04  3.8906E-04  3.8582E-04  3.9139E-04  3.7054E-04  3.8543E-04  3.8573E-04  3.7722E-04
       3.7995E-04  3.7994E-04  3.6846E-04  3.6910E-04  3.9614E-04  3.7390E-04  3.6223E-04  3.7615E-04  4.1063E-04  3.8467E-04
       3.9379E-04  3.8074E-04  4.0656E-04  3.7723E-04  3.7874E-04  3.8691E-04  3.8160E-04  3.8417E-04  3.7300E-04  3.7619E-04
       3.8168E-04  3.8124E-04  3.9301E-04  3.7938E-04  3.5404E-04  3.8361E-04  3.3947E-04  3.5971E-04  3.5970E-04  3.8459E-04
       3.7460E-04  4.0922E-04  3.7519E-04  3.8074E-04  3.7037E-04  3.8153E-04  3.7632E-04  3.7611E-04  3.4469E-04  3.8848E-04
       3.7763E-04  3.5121E-04  3.7117E-04  4.0792E-04  3.5976E-04  3.6229E-04  3.8958E-04  3.4705E-04  3.6731E-04  3.9895E-04
       3.5991E-04  3.5735E-04  3.7882E-04  3.6592E-04  3.7442E-04  3.7654E-04  3.6930E-04  3.6862E-04  3.2732E-04  3.6149E-04
       3.5772E-04  3.4578E-04  3.7197E-04  3.5617E-04  3.6511E-04  3.5270E-04  3.4180E-04  3.5676E-04  3.4522E-04  3.6322E-04
       3.5106E-04  3.5772E-04  3.5208E-04  3.5676E-04  3.7527E-04  3.6235E-04  3.1517E-04  3.4253E-04  3.3829E-04  3.3175E-04
       3.2525E-04  3.7143E-04  3.5646E-04  3.3528E-04  3.2984E-04  3.5676E-04  3.3452E-04  3.2136E-04  3.3519E-04  3.2275E-04
       3.2929E-04  2.9883E-04  3.3456E-04  3.0939E-04  3.1349E-04  3.2779E-04  2.9855E-04  3.1201E-04  3.1073E-04  3.0795E-04
       3.1170E-04  3.1340E-04  3.2863E-04  3.2588E-04  3.1077E-04  3.2196E-04  3.2796E-04  3.1025E-04  3.1622E-04  3.0334E-04
       3.0641E-04  3.0671E-04  2.9135E-04  3.1664E-04  2.9795E-04  3.0741E-04  2.9495E-04  3.0518E-04  2.8153E-04  2.7217E-04
       2.8786E-04  2.8186E-04  2.8154E-04  2.8541E-04  2.8725E-04  2.6269E-04  2.7922E-04  2.7257E-04  2.8380E-04  2.7299E-04
       2.9541E-04  2.8907E-04  2.7647E-04  2.8271E-04  2.7072E-04  2.8196E-04  2.7558E-04  2.7285E-04  2.6098E-04  2.5442E-04
       2.7405E-04  2.6616E-04  2.5941E-04  2.5801E-04  2.5770E-04  2.5677E-04  2.4110E-04  2.8701E-04  2.6403E-04  2.5332E-04
       2.5612E-04  2.5475E-04  2.3444E-04  2.4145E-04  2.4049E-04  2.4940E-04  2.4345E-04  2.3814E-04  2.4793E-04  2.3266E-04
       2.5631E-04  2.2864E-04  2.2374E-04  2.3713E-04  2.3111E-04  2.1744E-04  2.1297E-04  2.2905E-04  2.0519E-04  2.2404E-04
       2.2748E-04  2.1572E-04  2.0211E-04  2.0089E-04  1.9749E-04  1.9462E-04  2.0976E-04  1.8320E-04  1.9328E-04  1.8373E-04
       1.7463E-04  1.8384E-04  1.7904E-04  1.7186E-04  1.7508E-04  1.6670E-04  1.5658E-04  1.4744E-04  1.5330E-04  1.2665E-04
       1.4042E-04  1.3217E-04  1.1980E-04  1.1525E-04  1.1229E-04  1.0489E-04  1.1506E-04  9.6573E-05  1.0745E-04  1.0930E-04
       1.0816E-04  9.6991E-05  1.0094E-04  1.0889E-04  1.1048E-04  1.1918E-04  1.1286E-04  1.2270E-04  1.0933E-04  1.2751E-04
       1.2557E-04  1.3934E-04  1.5811E-04  1.7484E-04  1.7367E-04  1.8907E-04  1.9885E-04  1.9700E-04  2.2673E-04  2.1528E-04
       2.2571E-04  2.2228E-04  2.2961E-04  2.4394E-04  2.6416E-04  2.6880E-04  2.9185E-04  3.7947E-04  5.2323E-04  8.6657E-04
       1.5036E-03  2.8273E-03  5.3664E-03  1.0036E-02  1.8669E-02  3.3438E-02  5.7431E-02  9.4196E-02  1.4797E-01  2.2031E-01
       3.1124E-01  4.1781E-01  5.2936E-01  6.3395E-01  7.1386E-01  7.5859E-01  7.5887E-01  7.1257E-01  6.2912E-01  5.2034E-01
       4.0265E-01  2.9107E-01  1.9664E-01  1.2428E-01  7.2968E-02  4.0069E-02  2.0423E-02  9.6614E-03  4.2314E-03  1.7914E-03
       6.9115E-04  2.4355E-04  7.3544E-05  2.6105E-05  5.0940E-06  1.2734E-06  0.0000E+00  0.0000E+00  0.0000E+00  0.0000E+00
       0.0000E+00  0.0000E+00  0.0000E+00  0.0000E+00  0.0000E+00  0.0000E+00  0.0000E+00  0.0000E+00  0.0000E+00  0.0000E+00
       0.0000E+00  0.0000E+00  0.0000E+00  0.0000E+00  0.0000E+00  0.0000E+00  0.0000E+00  0.0000E+00  0.0000E+00  0.0000E+00
       0.0000E+00  0.0000E+00  0.0000E+00  0.0000E+00  0.0000E+00  0.0000E+00  0.0000E+00  0.0000E+00  0.0000E+00  0.0000E+00
       0.0000E+00  0.0000E+00  0.0000E+00  0.0000E+00  0.0000E+00  0.0000E+00  0.0000E+00  0.0000E+00  0.0000E+00  0.0000E+00
       0.0000E+00  0.0000E+00  0.0000E+00  0.0000E+00  0.0000E+00  0.0000E+00  0.0000E+00  0.0000E+00  0.0000E+00  0.0000E+00
       0.0000E+00  0.0000E+00  0.0000E+00  0.0000E+00  0.0000E+00  0.0000E+00  0.0000E+00  0.0000E+00  0.0000E+00  0.0000E+00
       0.0000E+00  0.0000E+00  0.0000E+00  0.0000E+00  0.0000E+00  0.0000E+00  0.0000E+00  0.0000E+00  0.0000E+00  0.0000E+00
       0.0000E+00  0.0000E+00  0.0000E+00  0.0000E+00  0.0000E+00  0.0000E+00  0.0000E+00  0.0000E+00  0.0000E+00  0.0000E+00
       0.0000E+00  0.0000E+00  0.0000E+00  0.0000E+00  0.0000E+00  0.0000E+00  0.0000E+00  0.0000E+00  0.0000E+00  0.0000E+00
       0.0000E+00  0.0000E+00  0.0000E+00  0.0000E+00  0.0000E+00  0.0000E+00  0.0000E+00  0.0000E+00  0.0000E+00  0.0000E+00
       0.0000E+00  0.0000E+00  0.0000E+00  0.0000E+00  0.0000E+00  0.0000E+00  0.0000E+00  0.0000E+00  0.0000E+00  0.0000E+00
       0.0000E+00  0.0000E+00  0.0000E+00  0.0000E+00  0.0000E+00  0.0000E+00  0.0000E+00  0.0000E+00  0.0000E+00  0.0000E+00
       0.0000E+00  0.0000E+00  0.0000E+00  0.0000E+00  0.0000E+00  0.0000E+00  0.0000E+00  0.0000E+00  0.0000E+00  0.0000E+00
       0.0000E+00  0.0000E+00  0.0000E+00  0.0000E+00  0.0000E+00  0.0000E+00  0.0000E+00  0.0000E+00  0.0000E+00  0.0000E+00
       0.0000E+00  0.0000E+00  0.0000E+00  0.0000E+00  0.0000E+00  0.0000E+00  0.0000E+00  0.0000E+00  0.0000E+00  0.0000E+00
       0.0000E+00  0.0000E+00  0.0000E+00  0.0000E+00  0.0000E+00  0.0000E+00  0.0000E+00  0.0000E+00  0.0000E+00  0.0000E+00
       0.0000E+00  0.0000E+00  0.0000E+00  0.0000E+00  0.0000E+00  0.0000E+00  0.0000E+00  0.0000E+00  0.0000E+00  0.0000E+00
       0.0000E+00  0.0000E+00  0.0000E+00  0.0000E+00  0.0000E+00  0.0000E+00  0.0000E+00  0.0000E+00  0.0000E+00  0.0000E+00
       0.0000E+00  0.0000E+00  0.0000E+00  0.0000E+00  0.0000E+00  0.0000E+00  0.0000E+00  0.0000E+00  0.0000E+00  0.0000E+00
       0.0000E+00  0.0000E+00  0.0000E+00  0.0000E+00  0.0000E+00  0.0000E+00  0.0000E+00  0.0000E+00  0.0000E+00  0.0000E+00
       0.0000E+00  0.0000E+00  0.0000E+00  0.0000E+00  0.0000E+00  0.0000E+00  0.0000E+00  0.0000E+00  0.0000E+00  0.0000E+00
       0.0000E+00  0.0000E+00  0.0000E+00  0.0000E+00  0.0000E+00  0.0000E+00  0.0000E+00  0.0000E+00  0.0000E+00  0.0000E+00
       0.0000E+00  0.0000E+00  0.0000E+00  0.0000E+00  0.0000E+00  0.0000E+00  0.0000E+00  0.0000E+00  0.0000E+00  0.0000E+00
       0.0000E+00  0.0000E+00  0.0000E+00  0.0000E+00  0.0000E+00  0.0000E+00  0.0000E+00  0.0000E+00  0.0000E+00  0.0000E+00
       0.0000E+00  0.0000E+00  0.0000E+00  0.0000E+00  0.0000E+00  0.0000E+00  0.0000E+00  0.0000E+00  0.0000E+00  0.0000E+00
       0.0000E+00  0.0000E+00  0.0000E+00  0.0000E+00  0.0000E+00  0.0000E+00  0.0000E+00  0.0000E+00  0.0000E+00  0.0000E+00
       0.0000E+00  0.0000E+00  0.0000E+00  0.0000E+00  0.0000E+00  0.0000E+00  0.0000E+00  0.0000E+00  0.0000E+00  0.0000E+00
       0.0000E+00  0.0000E+00  0.0000E+00  0.0000E+00  0.0000E+00  0.0000E+00  0.0000E+00  0.0000E+00  0.0000E+00  0.0000E+00
       0.0000E+00  0.0000E+00  0.0000E+00  0.0000E+00  0.0000E+00  0.0000E+00  0.0000E+00  0.0000E+00  0.0000E+00  0.0000E+00
1

   Bdrx n.   6  "ofluence  " , generalized particle n.    1, from region n.     5 to region n.     4
      detector area:  1.0000E+02 cm**2
      this is a one way only estimator
      this is a fluence like estimator
      linear energy binning from   0.0000E+00 to  3.0000E+02 GeV,     1 bins ( 3.0000E+02 GeV wide)
      linear angular binning from  0.0000E+00 to  6.2832E+00 sr ,     1 bins ( 6.2832E+00 sr wide )
      Data follow in a matrix A(ie,ia), format (1(5x,1p,10(1x,e11.4)))

       5.3043E-06
