
 *****  Protons in Lexan (0.15GeV, 1cm)                                                   *****

           DATE: 12/19/18,  TIME:  5: 0:17

          Total number of particles followed       25000000, for a total weight of  2.5000E+07

1

   Bdrx n.   4  "ocurrent  " , generalized particle n.    1, from region n.     5 to region n.     4
      detector area:  1.0000E+02 cm**2
      this is a one way only estimator
      this is a current like estimator
      linear energy binning from   7.0000E-02 to  2.0000E-01 GeV,   650 bins ( 2.0000E-04 GeV wide)
      linear angular binning from  0.0000E+00 to  6.2832E+00 sr ,     1 bins ( 6.2832E+00 sr wide )
      Data follow in a matrix A(ie,ia), format (1(5x,1p,10(1x,e11.4)))

       3.1003E-04  2.9571E-04  3.0017E-04  2.8584E-04  2.9062E-04  3.1067E-04  2.7788E-04  2.8807E-04  2.9507E-04  2.9762E-04
       2.8425E-04  2.9380E-04  2.8680E-04  2.9857E-04  3.1067E-04  2.8839E-04  2.8712E-04  2.9412E-04  2.9062E-04  3.0717E-04
       2.8743E-04  2.9125E-04  2.9285E-04  3.0685E-04  2.9507E-04  2.8775E-04  2.9475E-04  2.8839E-04  2.8393E-04  3.1067E-04
       3.0462E-04  3.1990E-04  2.9094E-04  2.8361E-04  2.9253E-04  3.0208E-04  3.0399E-04  3.0621E-04  3.0494E-04  2.9380E-04
       2.9603E-04  2.9444E-04  3.0112E-04  3.1545E-04  3.1226E-04  3.0621E-04  2.8775E-04  3.1003E-04  3.1067E-04  3.0144E-04
       2.9348E-04  3.1163E-04  2.9730E-04  3.0812E-04  3.1099E-04  3.0908E-04  2.9985E-04  3.0685E-04  3.0080E-04  3.1003E-04
       2.9985E-04  3.0749E-04  2.8584E-04  2.9571E-04  3.1481E-04  3.0653E-04  3.0717E-04  2.9857E-04  3.0749E-04  3.0176E-04
       3.0367E-04  2.9698E-04  3.0462E-04  3.0462E-04  3.0494E-04  3.0558E-04  2.9826E-04  3.0558E-04  3.1385E-04  3.0526E-04
       2.9953E-04  3.1672E-04  3.1067E-04  3.1226E-04  3.0653E-04  3.1672E-04  2.9953E-04  3.1290E-04  3.1640E-04  3.0112E-04
       3.0462E-04  3.1099E-04  2.9921E-04  3.0144E-04  3.1513E-04  3.0717E-04  2.9412E-04  3.0717E-04  3.3582E-04  3.1481E-04
       3.1608E-04  3.1354E-04  3.3391E-04  3.0749E-04  3.1385E-04  3.1799E-04  3.1608E-04  3.2054E-04  3.0908E-04  3.1226E-04
       3.1481E-04  3.1704E-04  3.2563E-04  3.1003E-04  2.9189E-04  3.2022E-04  2.8361E-04  3.0335E-04  3.0239E-04  3.2117E-04
       3.1099E-04  3.3550E-04  3.1767E-04  3.1990E-04  3.0812E-04  3.1863E-04  3.1799E-04  3.1608E-04  2.9094E-04  3.2499E-04
       3.1481E-04  2.9857E-04  3.1003E-04  3.4505E-04  3.0621E-04  3.0462E-04  3.2722E-04  2.9794E-04  3.1608E-04  3.4027E-04
       3.0494E-04  3.0940E-04  3.2213E-04  3.1258E-04  3.2022E-04  3.2117E-04  3.1799E-04  3.1672E-04  2.8361E-04  3.0972E-04
       3.1099E-04  2.9762E-04  3.1895E-04  3.0749E-04  3.1290E-04  3.0335E-04  2.9571E-04  3.0781E-04  3.0080E-04  3.1290E-04
       3.0303E-04  3.0781E-04  3.0653E-04  3.0972E-04  3.2404E-04  3.1449E-04  2.7406E-04  2.9762E-04  2.9571E-04  2.8903E-04
       2.8552E-04  3.2531E-04  3.0940E-04  2.9348E-04  2.8966E-04  3.1131E-04  2.8775E-04  2.7884E-04  2.8807E-04  2.8361E-04
       2.8807E-04  2.6388E-04  2.9603E-04  2.7343E-04  2.7534E-04  2.8775E-04  2.6706E-04  2.7502E-04  2.7215E-04  2.7279E-04
       2.7502E-04  2.7566E-04  2.9125E-04  2.8616E-04  2.7375E-04  2.8648E-04  2.9062E-04  2.7661E-04  2.8170E-04  2.6706E-04
       2.7247E-04  2.7279E-04  2.5910E-04  2.8011E-04  2.6674E-04  2.7184E-04  2.6388E-04  2.7247E-04  2.5306E-04  2.4128E-04
       2.5751E-04  2.5337E-04  2.5274E-04  2.5401E-04  2.5719E-04  2.3491E-04  2.4892E-04  2.4542E-04  2.5624E-04  2.4669E-04
       2.6420E-04  2.6165E-04  2.4892E-04  2.5624E-04  2.4478E-04  2.5497E-04  2.4987E-04  2.4701E-04  2.3746E-04  2.3077E-04
       2.4892E-04  2.3937E-04  2.3714E-04  2.3332E-04  2.3587E-04  2.3205E-04  2.2027E-04  2.6006E-04  2.4096E-04  2.3046E-04
       2.3141E-04  2.3332E-04  2.1645E-04  2.2027E-04  2.2186E-04  2.2855E-04  2.2441E-04  2.1804E-04  2.2536E-04  2.1263E-04
       2.3650E-04  2.1136E-04  2.0467E-04  2.1677E-04  2.1390E-04  2.0117E-04  1.9703E-04  2.1295E-04  1.9003E-04  2.0531E-04
       2.1072E-04  2.0054E-04  1.8876E-04  1.8557E-04  1.8398E-04  1.8048E-04  1.9385E-04  1.7030E-04  1.7953E-04  1.6966E-04
       1.6170E-04  1.6966E-04  1.6584E-04  1.5979E-04  1.6234E-04  1.5502E-04  1.4515E-04  1.3592E-04  1.4165E-04  1.1714E-04
       1.2923E-04  1.2032E-04  1.0854E-04  1.0441E-04  1.0122E-04  8.8490E-05  1.0313E-04  8.6899E-05  9.6130E-05  9.7403E-05
       9.6766E-05  8.4989E-05  9.0400E-05  9.6130E-05  9.7403E-05  1.0695E-04  9.9949E-05  1.0886E-04  9.8994E-05  1.1395E-04
       1.1364E-04  1.2637E-04  1.4451E-04  1.5979E-04  1.6043E-04  1.7475E-04  1.8557E-04  1.8303E-04  2.1040E-04  2.0117E-04
       2.1072E-04  2.0881E-04  2.1390E-04  2.2664E-04  2.4637E-04  2.4860E-04  2.7152E-04  3.5714E-04  4.9752E-04  8.3397E-04
       1.4645E-03  2.7814E-03  5.3100E-03  9.9704E-03  1.8591E-02  3.3344E-02  5.7317E-02  9.4063E-02  1.4781E-01  2.2013E-01
       3.1104E-01  4.1759E-01  5.2912E-01  6.3371E-01  7.1361E-01  7.5835E-01  7.5865E-01  7.1239E-01  6.2896E-01  5.2022E-01
       4.0257E-01  2.9101E-01  1.9660E-01  1.2426E-01  7.2954E-02  4.0061E-02  2.0419E-02  9.6598E-03  4.2307E-03  1.7911E-03
       6.9105E-04  2.4351E-04  7.3530E-05  2.6101E-05  5.0930E-06  1.2732E-06  0.0000E+00  0.0000E+00  0.0000E+00  0.0000E+00
       0.0000E+00  0.0000E+00  0.0000E+00  0.0000E+00  0.0000E+00  0.0000E+00  0.0000E+00  0.0000E+00  0.0000E+00  0.0000E+00
       0.0000E+00  0.0000E+00  0.0000E+00  0.0000E+00  0.0000E+00  0.0000E+00  0.0000E+00  0.0000E+00  0.0000E+00  0.0000E+00
       0.0000E+00  0.0000E+00  0.0000E+00  0.0000E+00  0.0000E+00  0.0000E+00  0.0000E+00  0.0000E+00  0.0000E+00  0.0000E+00
       0.0000E+00  0.0000E+00  0.0000E+00  0.0000E+00  0.0000E+00  0.0000E+00  0.0000E+00  0.0000E+00  0.0000E+00  0.0000E+00
       0.0000E+00  0.0000E+00  0.0000E+00  0.0000E+00  0.0000E+00  0.0000E+00  0.0000E+00  0.0000E+00  0.0000E+00  0.0000E+00
       0.0000E+00  0.0000E+00  0.0000E+00  0.0000E+00  0.0000E+00  0.0000E+00  0.0000E+00  0.0000E+00  0.0000E+00  0.0000E+00
       0.0000E+00  0.0000E+00  0.0000E+00  0.0000E+00  0.0000E+00  0.0000E+00  0.0000E+00  0.0000E+00  0.0000E+00  0.0000E+00
       0.0000E+00  0.0000E+00  0.0000E+00  0.0000E+00  0.0000E+00  0.0000E+00  0.0000E+00  0.0000E+00  0.0000E+00  0.0000E+00
       0.0000E+00  0.0000E+00  0.0000E+00  0.0000E+00  0.0000E+00  0.0000E+00  0.0000E+00  0.0000E+00  0.0000E+00  0.0000E+00
       0.0000E+00  0.0000E+00  0.0000E+00  0.0000E+00  0.0000E+00  0.0000E+00  0.0000E+00  0.0000E+00  0.0000E+00  0.0000E+00
       0.0000E+00  0.0000E+00  0.0000E+00  0.0000E+00  0.0000E+00  0.0000E+00  0.0000E+00  0.0000E+00  0.0000E+00  0.0000E+00
       0.0000E+00  0.0000E+00  0.0000E+00  0.0000E+00  0.0000E+00  0.0000E+00  0.0000E+00  0.0000E+00  0.0000E+00  0.0000E+00
       0.0000E+00  0.0000E+00  0.0000E+00  0.0000E+00  0.0000E+00  0.0000E+00  0.0000E+00  0.0000E+00  0.0000E+00  0.0000E+00
       0.0000E+00  0.0000E+00  0.0000E+00  0.0000E+00  0.0000E+00  0.0000E+00  0.0000E+00  0.0000E+00  0.0000E+00  0.0000E+00
       0.0000E+00  0.0000E+00  0.0000E+00  0.0000E+00  0.0000E+00  0.0000E+00  0.0000E+00  0.0000E+00  0.0000E+00  0.0000E+00
       0.0000E+00  0.0000E+00  0.0000E+00  0.0000E+00  0.0000E+00  0.0000E+00  0.0000E+00  0.0000E+00  0.0000E+00  0.0000E+00
       0.0000E+00  0.0000E+00  0.0000E+00  0.0000E+00  0.0000E+00  0.0000E+00  0.0000E+00  0.0000E+00  0.0000E+00  0.0000E+00
       0.0000E+00  0.0000E+00  0.0000E+00  0.0000E+00  0.0000E+00  0.0000E+00  0.0000E+00  0.0000E+00  0.0000E+00  0.0000E+00
       0.0000E+00  0.0000E+00  0.0000E+00  0.0000E+00  0.0000E+00  0.0000E+00  0.0000E+00  0.0000E+00  0.0000E+00  0.0000E+00
       0.0000E+00  0.0000E+00  0.0000E+00  0.0000E+00  0.0000E+00  0.0000E+00  0.0000E+00  0.0000E+00  0.0000E+00  0.0000E+00
       0.0000E+00  0.0000E+00  0.0000E+00  0.0000E+00  0.0000E+00  0.0000E+00  0.0000E+00  0.0000E+00  0.0000E+00  0.0000E+00
       0.0000E+00  0.0000E+00  0.0000E+00  0.0000E+00  0.0000E+00  0.0000E+00  0.0000E+00  0.0000E+00  0.0000E+00  0.0000E+00
       0.0000E+00  0.0000E+00  0.0000E+00  0.0000E+00  0.0000E+00  0.0000E+00  0.0000E+00  0.0000E+00  0.0000E+00  0.0000E+00
       0.0000E+00  0.0000E+00  0.0000E+00  0.0000E+00  0.0000E+00  0.0000E+00  0.0000E+00  0.0000E+00  0.0000E+00  0.0000E+00
       0.0000E+00  0.0000E+00  0.0000E+00  0.0000E+00  0.0000E+00  0.0000E+00  0.0000E+00  0.0000E+00  0.0000E+00  0.0000E+00
       0.0000E+00  0.0000E+00  0.0000E+00  0.0000E+00  0.0000E+00  0.0000E+00  0.0000E+00  0.0000E+00  0.0000E+00  0.0000E+00
       0.0000E+00  0.0000E+00  0.0000E+00  0.0000E+00  0.0000E+00  0.0000E+00  0.0000E+00  0.0000E+00  0.0000E+00  0.0000E+00
       0.0000E+00  0.0000E+00  0.0000E+00  0.0000E+00  0.0000E+00  0.0000E+00  0.0000E+00  0.0000E+00  0.0000E+00  0.0000E+00
       0.0000E+00  0.0000E+00  0.0000E+00  0.0000E+00  0.0000E+00  0.0000E+00  0.0000E+00  0.0000E+00  0.0000E+00  0.0000E+00
