
 *****  Protons in Lexan (0.15GeV, 1cm)                                                   *****

           DATE: 12/19/18,  TIME:  5: 0:17

          Total number of particles followed       25000000, for a total weight of  2.5000E+07

1

   Res. nuclei n.   1  "Ian       " ,  all         products, region n.     5
      detector volume:  1.0000E+00 cm**3
      Max. Z:  10, Max. N-Z:  11 Min. N-Z: -4
      Data follow in a matrix A(z,n-z-k), k: -5 format (1(5x,1p,10(1x,e11.4)))

       0.0000E+00  0.0000E+00  0.0000E+00  0.0000E+00  0.0000E+00  0.0000E+00  0.0000E+00  0.0000E+00  0.0000E+00  0.0000E+00
       0.0000E+00  0.0000E+00  0.0000E+00  0.0000E+00  0.0000E+00  1.4320E-05  0.0000E+00  1.0000E-06  0.0000E+00  0.0000E+00
       0.0000E+00  0.0000E+00  0.0000E+00  0.0000E+00  1.1544E-04  1.9064E-04  2.9160E-05  3.6120E-05  0.0000E+00  0.0000E+00
       2.4428E-02  3.1966E-03  0.0000E+00  1.4862E-03  0.0000E+00  4.2781E-03  5.8200E-05  1.0179E-03  0.0000E+00  0.0000E+00
       5.7932E-03  2.5148E-02  2.0624E-03  0.0000E+00  1.3744E-03  7.3897E-03  4.7524E-04  8.6902E-04  0.0000E+00  4.4000E-07
       1.5539E-03  0.0000E+00  1.0365E-03  2.9168E-04  2.4403E-03  2.9534E-04  6.1310E-04  7.3919E-07  0.0000E+00  0.0000E+00
       0.0000E+00  5.9360E-05  8.5520E-05  1.6688E-04  2.5491E-05  5.9840E-05  1.3028E-06  1.2000E-06  0.0000E+00  0.0000E+00
       0.0000E+00  0.0000E+00  4.6400E-06  7.6000E-07  1.8800E-06  2.8000E-07  6.8000E-07  0.0000E+00  0.0000E+00  0.0000E+00
       0.0000E+00  1.2000E-07  0.0000E+00  0.0000E+00  0.0000E+00  0.0000E+00  0.0000E+00  0.0000E+00  0.0000E+00  0.0000E+00
       0.0000E+00  0.0000E+00  0.0000E+00  0.0000E+00  0.0000E+00  0.0000E+00  0.0000E+00  0.0000E+00  0.0000E+00  0.0000E+00
       0.0000E+00  0.0000E+00  0.0000E+00  0.0000E+00  0.0000E+00  0.0000E+00  0.0000E+00  0.0000E+00  0.0000E+00  0.0000E+00
       0.0000E+00  0.0000E+00  0.0000E+00  0.0000E+00  0.0000E+00  0.0000E+00  0.0000E+00  0.0000E+00  0.0000E+00  0.0000E+00
       0.0000E+00  0.0000E+00  0.0000E+00  0.0000E+00  0.0000E+00  0.0000E+00  0.0000E+00  0.0000E+00  0.0000E+00  0.0000E+00
       0.0000E+00  0.0000E+00  0.0000E+00  0.0000E+00  0.0000E+00  0.0000E+00  0.0000E+00  0.0000E+00  0.0000E+00  0.0000E+00
       0.0000E+00  0.0000E+00  0.0000E+00  0.0000E+00  0.0000E+00  0.0000E+00  0.0000E+00  0.0000E+00  0.0000E+00  0.0000E+00
       0.0000E+00  0.0000E+00  0.0000E+00  0.0000E+00  0.0000E+00  0.0000E+00  0.0000E+00  0.0000E+00  0.0000E+00  0.0000E+00
