
 *****  Protons in Lexan (0.19GeV, 3cm)                                                   *****

           DATE: 12/18/18,  TIME:  4:50:26

          Total number of particles followed       10000000, for a total weight of  1.0000E+07

1

   Bdrx n.   2  "ofluence  " , generalized particle n.    1, from region n.     5 to region n.     4
      detector area:  1.0000E+02 cm**2
      this is a one way only estimator
      this is a fluence like estimator
      linear energy binning from   1.1000E-01 to  2.4000E-01 GeV,   650 bins ( 2.0000E-04 GeV wide)
      linear angular binning from  0.0000E+00 to  6.2832E+00 sr ,     1 bins ( 6.2832E+00 sr wide )
      Data follow in a matrix A(ie,ia), format (1(5x,1p,10(1x,e11.4)))

       6.9678E-04  6.7007E-04  6.7393E-04  6.8851E-04  6.3866E-04  6.7890E-04  6.5158E-04  6.4701E-04  6.6046E-04  6.6407E-04
       6.8541E-04  6.6324E-04  6.6179E-04  6.6782E-04  6.4359E-04  6.3552E-04  6.5330E-04  6.6265E-04  6.6890E-04  6.6865E-04
       6.6375E-04  6.5231E-04  6.3326E-04  6.7895E-04  6.5394E-04  6.5860E-04  6.4854E-04  6.6710E-04  6.5078E-04  6.5477E-04
       6.6814E-04  7.0591E-04  6.3254E-04  6.6756E-04  6.3943E-04  6.3528E-04  6.8294E-04  6.6540E-04  6.9185E-04  6.6254E-04
       6.5107E-04  6.1909E-04  6.3630E-04  6.4273E-04  6.0552E-04  6.6444E-04  6.8299E-04  6.7555E-04  6.4903E-04  6.5230E-04
       6.5203E-04  6.4467E-04  6.4694E-04  6.3324E-04  7.0766E-04  6.4669E-04  6.3148E-04  6.1203E-04  6.2882E-04  6.7843E-04
       6.6949E-04  6.2801E-04  6.2540E-04  6.3641E-04  6.3097E-04  6.2085E-04  6.8097E-04  6.3112E-04  6.2186E-04  6.8284E-04
       6.1915E-04  6.2376E-04  6.3997E-04  6.4495E-04  6.1404E-04  5.9657E-04  6.0557E-04  6.0407E-04  6.3535E-04  5.9199E-04
       6.1572E-04  6.3783E-04  6.2309E-04  5.9640E-04  5.6601E-04  5.6827E-04  5.9797E-04  5.7167E-04  5.9270E-04  5.7031E-04
       6.5633E-04  5.9589E-04  6.1625E-04  5.7211E-04  6.0891E-04  5.7939E-04  5.6044E-04  5.5642E-04  5.6434E-04  5.5508E-04
       5.7180E-04  5.7983E-04  6.1462E-04  6.1429E-04  5.6955E-04  5.7873E-04  5.3487E-04  5.3547E-04  5.6698E-04  5.8061E-04
       5.6166E-04  5.4358E-04  4.9232E-04  5.7067E-04  5.5634E-04  5.4542E-04  5.5187E-04  5.3025E-04  5.2650E-04  5.5445E-04
       5.3777E-04  5.4934E-04  5.3625E-04  5.5620E-04  5.3364E-04  5.3077E-04  5.1888E-04  5.0119E-04  5.2355E-04  5.0533E-04
       5.2997E-04  5.2808E-04  5.1127E-04  5.3062E-04  5.2112E-04  4.8598E-04  4.7644E-04  4.9292E-04  4.9954E-04  5.0646E-04
       4.8944E-04  5.0897E-04  5.1830E-04  5.0924E-04  4.7703E-04  5.2410E-04  4.7800E-04  4.8959E-04  4.5278E-04  4.8789E-04
       4.8272E-04  4.8826E-04  4.6895E-04  4.6958E-04  4.7534E-04  4.9962E-04  4.4277E-04  4.8275E-04  4.3278E-04  4.5720E-04
       4.4173E-04  4.5724E-04  4.5656E-04  4.6950E-04  4.1617E-04  4.0812E-04  4.6443E-04  4.3474E-04  4.3927E-04  4.5658E-04
       3.9294E-04  4.3877E-04  4.2420E-04  4.0821E-04  3.8569E-04  4.0961E-04  4.0374E-04  4.1268E-04  3.6935E-04  3.9824E-04
       3.8436E-04  3.8823E-04  3.6101E-04  3.8345E-04  3.3831E-04  3.3056E-04  3.1246E-04  3.6653E-04  3.8087E-04  3.1623E-04
       2.9929E-04  3.1241E-04  3.3363E-04  3.1506E-04  3.0577E-04  2.8991E-04  2.9812E-04  2.8748E-04  2.8171E-04  2.6346E-04
       2.8134E-04  2.5430E-04  2.5368E-04  2.3485E-04  2.4595E-04  2.4473E-04  2.2403E-04  2.2351E-04  1.9551E-04  2.0275E-04
       2.2626E-04  2.0169E-04  1.9071E-04  1.9404E-04  2.0586E-04  2.0661E-04  2.0360E-04  2.0714E-04  1.9887E-04  2.2733E-04
       2.3359E-04  2.6297E-04  2.5847E-04  2.5685E-04  2.4137E-04  2.9850E-04  3.0213E-04  3.2402E-04  3.2387E-04  3.4898E-04
       3.6759E-04  3.9474E-04  4.8306E-04  4.8142E-04  5.3104E-04  6.5165E-04  8.1730E-04  1.0782E-03  1.5365E-03  2.1879E-03
       3.3114E-03  4.9217E-03  7.4847E-03  1.1177E-02  1.6556E-02  2.4439E-02  3.5019E-02  4.9604E-02  6.8742E-02  9.3435E-02
       1.2357E-01  1.5975E-01  2.0193E-01  2.4784E-01  2.9752E-01  3.4745E-01  3.9623E-01  4.3850E-01  4.7357E-01  4.9471E-01
       5.0410E-01  4.9952E-01  4.7954E-01  4.4754E-01  4.0475E-01  3.5470E-01  3.0215E-01  2.4789E-01  1.9798E-01  1.5272E-01
       1.1412E-01  8.2493E-02  5.7319E-02  3.8678E-02  2.4922E-02  1.5912E-02  9.5873E-03  5.5625E-03  3.0726E-03  1.7552E-03
       8.9628E-04  4.7839E-04  2.0536E-04  1.0188E-04  4.6961E-05  1.5920E-05  7.1642E-06  7.9615E-07  7.9580E-07  0.0000E+00
       0.0000E+00  0.0000E+00  0.0000E+00  0.0000E+00  0.0000E+00  0.0000E+00  0.0000E+00  0.0000E+00  0.0000E+00  0.0000E+00
       0.0000E+00  0.0000E+00  0.0000E+00  0.0000E+00  0.0000E+00  0.0000E+00  0.0000E+00  0.0000E+00  0.0000E+00  0.0000E+00
       0.0000E+00  0.0000E+00  0.0000E+00  0.0000E+00  0.0000E+00  0.0000E+00  0.0000E+00  0.0000E+00  0.0000E+00  0.0000E+00
       0.0000E+00  0.0000E+00  0.0000E+00  0.0000E+00  0.0000E+00  0.0000E+00  0.0000E+00  0.0000E+00  0.0000E+00  0.0000E+00
       0.0000E+00  0.0000E+00  0.0000E+00  0.0000E+00  0.0000E+00  0.0000E+00  0.0000E+00  0.0000E+00  0.0000E+00  0.0000E+00
       0.0000E+00  0.0000E+00  0.0000E+00  0.0000E+00  0.0000E+00  0.0000E+00  0.0000E+00  0.0000E+00  0.0000E+00  0.0000E+00
       0.0000E+00  0.0000E+00  0.0000E+00  0.0000E+00  0.0000E+00  0.0000E+00  0.0000E+00  0.0000E+00  0.0000E+00  0.0000E+00
       0.0000E+00  0.0000E+00  0.0000E+00  0.0000E+00  0.0000E+00  0.0000E+00  0.0000E+00  0.0000E+00  0.0000E+00  0.0000E+00
       0.0000E+00  0.0000E+00  0.0000E+00  0.0000E+00  0.0000E+00  0.0000E+00  0.0000E+00  0.0000E+00  0.0000E+00  0.0000E+00
       0.0000E+00  0.0000E+00  0.0000E+00  0.0000E+00  0.0000E+00  0.0000E+00  0.0000E+00  0.0000E+00  0.0000E+00  0.0000E+00
       0.0000E+00  0.0000E+00  0.0000E+00  0.0000E+00  0.0000E+00  0.0000E+00  0.0000E+00  0.0000E+00  0.0000E+00  0.0000E+00
       0.0000E+00  0.0000E+00  0.0000E+00  0.0000E+00  0.0000E+00  0.0000E+00  0.0000E+00  0.0000E+00  0.0000E+00  0.0000E+00
       0.0000E+00  0.0000E+00  0.0000E+00  0.0000E+00  0.0000E+00  0.0000E+00  0.0000E+00  0.0000E+00  0.0000E+00  0.0000E+00
       0.0000E+00  0.0000E+00  0.0000E+00  0.0000E+00  0.0000E+00  0.0000E+00  0.0000E+00  0.0000E+00  0.0000E+00  0.0000E+00
       0.0000E+00  0.0000E+00  0.0000E+00  0.0000E+00  0.0000E+00  0.0000E+00  0.0000E+00  0.0000E+00  0.0000E+00  0.0000E+00
       0.0000E+00  0.0000E+00  0.0000E+00  0.0000E+00  0.0000E+00  0.0000E+00  0.0000E+00  0.0000E+00  0.0000E+00  0.0000E+00
       0.0000E+00  0.0000E+00  0.0000E+00  0.0000E+00  0.0000E+00  0.0000E+00  0.0000E+00  0.0000E+00  0.0000E+00  0.0000E+00
       0.0000E+00  0.0000E+00  0.0000E+00  0.0000E+00  0.0000E+00  0.0000E+00  0.0000E+00  0.0000E+00  0.0000E+00  0.0000E+00
       0.0000E+00  0.0000E+00  0.0000E+00  0.0000E+00  0.0000E+00  0.0000E+00  0.0000E+00  0.0000E+00  0.0000E+00  0.0000E+00
       0.0000E+00  0.0000E+00  0.0000E+00  0.0000E+00  0.0000E+00  0.0000E+00  0.0000E+00  0.0000E+00  0.0000E+00  0.0000E+00
       0.0000E+00  0.0000E+00  0.0000E+00  0.0000E+00  0.0000E+00  0.0000E+00  0.0000E+00  0.0000E+00  0.0000E+00  0.0000E+00
       0.0000E+00  0.0000E+00  0.0000E+00  0.0000E+00  0.0000E+00  0.0000E+00  0.0000E+00  0.0000E+00  0.0000E+00  0.0000E+00
       0.0000E+00  0.0000E+00  0.0000E+00  0.0000E+00  0.0000E+00  0.0000E+00  0.0000E+00  0.0000E+00  0.0000E+00  0.0000E+00
       0.0000E+00  0.0000E+00  0.0000E+00  0.0000E+00  0.0000E+00  0.0000E+00  0.0000E+00  0.0000E+00  0.0000E+00  0.0000E+00
       0.0000E+00  0.0000E+00  0.0000E+00  0.0000E+00  0.0000E+00  0.0000E+00  0.0000E+00  0.0000E+00  0.0000E+00  0.0000E+00
       0.0000E+00  0.0000E+00  0.0000E+00  0.0000E+00  0.0000E+00  0.0000E+00  0.0000E+00  0.0000E+00  0.0000E+00  0.0000E+00
       0.0000E+00  0.0000E+00  0.0000E+00  0.0000E+00  0.0000E+00  0.0000E+00  0.0000E+00  0.0000E+00  0.0000E+00  0.0000E+00
       0.0000E+00  0.0000E+00  0.0000E+00  0.0000E+00  0.0000E+00  0.0000E+00  0.0000E+00  0.0000E+00  0.0000E+00  0.0000E+00
       0.0000E+00  0.0000E+00  0.0000E+00  0.0000E+00  0.0000E+00  0.0000E+00  0.0000E+00  0.0000E+00  0.0000E+00  0.0000E+00
       0.0000E+00  0.0000E+00  0.0000E+00  0.0000E+00  0.0000E+00  0.0000E+00  0.0000E+00  0.0000E+00  0.0000E+00  0.0000E+00
       0.0000E+00  0.0000E+00  0.0000E+00  0.0000E+00  0.0000E+00  0.0000E+00  0.0000E+00  0.0000E+00  0.0000E+00  0.0000E+00
       0.0000E+00  0.0000E+00  0.0000E+00  0.0000E+00  0.0000E+00  0.0000E+00  0.0000E+00  0.0000E+00  0.0000E+00  0.0000E+00
       0.0000E+00  0.0000E+00  0.0000E+00  0.0000E+00  0.0000E+00  0.0000E+00  0.0000E+00  0.0000E+00  0.0000E+00  0.0000E+00
       0.0000E+00  0.0000E+00  0.0000E+00  0.0000E+00  0.0000E+00  0.0000E+00  0.0000E+00  0.0000E+00  0.0000E+00  0.0000E+00
       0.0000E+00  0.0000E+00  0.0000E+00  0.0000E+00  0.0000E+00  0.0000E+00  0.0000E+00  0.0000E+00  0.0000E+00  0.0000E+00
       0.0000E+00  0.0000E+00  0.0000E+00  0.0000E+00  0.0000E+00  0.0000E+00  0.0000E+00  0.0000E+00  0.0000E+00  0.0000E+00
1

   Bdrx n.   6  "ofluence  " , generalized particle n.    1, from region n.     5 to region n.     4
      detector area:  1.0000E+02 cm**2
      this is a one way only estimator
      this is a fluence like estimator
      linear energy binning from   0.0000E+00 to  3.0000E+02 GeV,     1 bins ( 3.0000E+02 GeV wide)
      linear angular binning from  0.0000E+00 to  6.2832E+00 sr ,     1 bins ( 6.2832E+00 sr wide )
      Data follow in a matrix A(ie,ia), format (1(5x,1p,10(1x,e11.4)))

       5.2497E-06
