
 *****  Protons in Lexan (0.19GeV, 3cm)                                                   *****

           DATE: 12/18/18,  TIME:  4:50:26

          Total number of particles followed       10000000, for a total weight of  1.0000E+07

1

   Bdrx n.   4  "ocurrent  " , generalized particle n.    1, from region n.     5 to region n.     4
      detector area:  1.0000E+02 cm**2
      this is a one way only estimator
      this is a current like estimator
      linear energy binning from   1.1000E-01 to  2.4000E-01 GeV,   650 bins ( 2.0000E-04 GeV wide)
      linear angular binning from  0.0000E+00 to  6.2832E+00 sr ,     1 bins ( 6.2832E+00 sr wide )
      Data follow in a matrix A(ie,ia), format (1(5x,1p,10(1x,e11.4)))

       5.9365E-04  5.6739E-04  5.6898E-04  5.8728E-04  5.4351E-04  5.6898E-04  5.5784E-04  5.5386E-04  5.6898E-04  5.6341E-04
       5.8410E-04  5.6023E-04  5.6500E-04  5.6818E-04  5.5386E-04  5.4431E-04  5.6023E-04  5.6420E-04  5.7375E-04  5.6977E-04
       5.6500E-04  5.5465E-04  5.4670E-04  5.7455E-04  5.6898E-04  5.6659E-04  5.5386E-04  5.7853E-04  5.6102E-04  5.6420E-04
       5.7853E-04  6.1036E-04  5.5147E-04  5.8330E-04  5.5863E-04  5.5068E-04  5.9365E-04  5.7853E-04  5.9683E-04  5.7614E-04
       5.5943E-04  5.4272E-04  5.5306E-04  5.6023E-04  5.2362E-04  5.8171E-04  5.9046E-04  5.8649E-04  5.6739E-04  5.6818E-04
       5.7375E-04  5.6341E-04  5.7057E-04  5.5863E-04  6.2230E-04  5.6739E-04  5.5386E-04  5.3794E-04  5.5386E-04  5.9604E-04
       5.8808E-04  5.5068E-04  5.5068E-04  5.6023E-04  5.5704E-04  5.5068E-04  5.9922E-04  5.5465E-04  5.4590E-04  6.0558E-04
       5.5147E-04  5.5068E-04  5.7137E-04  5.7853E-04  5.4590E-04  5.2680E-04  5.4033E-04  5.4113E-04  5.6341E-04  5.2999E-04
       5.4590E-04  5.6898E-04  5.5784E-04  5.2999E-04  5.0373E-04  5.0770E-04  5.3317E-04  5.0850E-04  5.3317E-04  5.0770E-04
       5.7853E-04  5.3317E-04  5.5227E-04  5.1327E-04  5.4908E-04  5.2282E-04  5.0134E-04  4.9975E-04  5.0611E-04  4.9895E-04
       5.1646E-04  5.2044E-04  5.5386E-04  5.5625E-04  5.1725E-04  5.2282E-04  4.8463E-04  4.8542E-04  5.1407E-04  5.2362E-04
       5.0850E-04  4.9258E-04  4.4165E-04  5.1566E-04  5.0134E-04  4.9099E-04  5.0213E-04  4.8542E-04  4.8224E-04  5.0532E-04
       4.9020E-04  4.9736E-04  4.8224E-04  5.0452E-04  4.8701E-04  4.8622E-04  4.7349E-04  4.5837E-04  4.7985E-04  4.6155E-04
       4.8304E-04  4.8463E-04  4.6951E-04  4.8542E-04  4.7985E-04  4.4723E-04  4.3768E-04  4.5439E-04  4.5518E-04  4.6632E-04
       4.4882E-04  4.6871E-04  4.7746E-04  4.6632E-04  4.3847E-04  4.8463E-04  4.3927E-04  4.5120E-04  4.1778E-04  4.4802E-04
       4.4325E-04  4.5200E-04  4.3529E-04  4.3608E-04  4.3768E-04  4.6235E-04  4.0903E-04  4.4484E-04  4.0107E-04  4.2574E-04
       4.1301E-04  4.2335E-04  4.2494E-04  4.3927E-04  3.8197E-04  3.8038E-04  4.3449E-04  4.0585E-04  4.1221E-04  4.2176E-04
       3.6526E-04  4.0823E-04  3.9789E-04  3.8197E-04  3.5969E-04  3.8515E-04  3.7720E-04  3.8595E-04  3.4696E-04  3.7322E-04
       3.5889E-04  3.6526E-04  3.3741E-04  3.6128E-04  3.1831E-04  3.1194E-04  2.9603E-04  3.4377E-04  3.5571E-04  2.9762E-04
       2.8170E-04  2.9682E-04  3.0796E-04  2.9603E-04  2.8648E-04  2.7295E-04  2.8091E-04  2.7295E-04  2.6181E-04  2.4589E-04
       2.6261E-04  2.3873E-04  2.3714E-04  2.1963E-04  2.2918E-04  2.2839E-04  2.1008E-04  2.0770E-04  1.7985E-04  1.8542E-04
       2.0611E-04  1.8701E-04  1.7507E-04  1.7666E-04  1.8780E-04  1.9178E-04  1.8780E-04  1.8860E-04  1.8621E-04  2.0929E-04
       2.1486E-04  2.4351E-04  2.4192E-04  2.3873E-04  2.2520E-04  2.8091E-04  2.8250E-04  3.0319E-04  3.0637E-04  3.2865E-04
       3.4935E-04  3.7481E-04  4.5837E-04  4.5757E-04  5.0850E-04  6.2707E-04  7.8861E-04  1.0456E-03  1.4992E-03  2.1454E-03
       3.2659E-03  4.8693E-03  7.4270E-03  1.1110E-02  1.6480E-02  2.4347E-02  3.4921E-02  4.9486E-02  6.8607E-02  9.3284E-02
       1.2340E-01  1.5956E-01  2.0172E-01  2.4761E-01  2.9728E-01  3.4720E-01  3.9596E-01  4.3823E-01  4.7329E-01  4.9444E-01
       5.0384E-01  4.9928E-01  4.7932E-01  4.4734E-01  4.0458E-01  3.5456E-01  3.0203E-01  2.4780E-01  1.9791E-01  1.5267E-01
       1.1408E-01  8.2465E-02  5.7300E-02  3.8665E-02  2.4914E-02  1.5908E-02  9.5843E-03  5.5609E-03  3.0717E-03  1.7547E-03
       8.9604E-04  4.7826E-04  2.0531E-04  1.0186E-04  4.6951E-05  1.5915E-05  7.1620E-06  7.9577E-07  7.9577E-07  0.0000E+00
       0.0000E+00  0.0000E+00  0.0000E+00  0.0000E+00  0.0000E+00  0.0000E+00  0.0000E+00  0.0000E+00  0.0000E+00  0.0000E+00
       0.0000E+00  0.0000E+00  0.0000E+00  0.0000E+00  0.0000E+00  0.0000E+00  0.0000E+00  0.0000E+00  0.0000E+00  0.0000E+00
       0.0000E+00  0.0000E+00  0.0000E+00  0.0000E+00  0.0000E+00  0.0000E+00  0.0000E+00  0.0000E+00  0.0000E+00  0.0000E+00
       0.0000E+00  0.0000E+00  0.0000E+00  0.0000E+00  0.0000E+00  0.0000E+00  0.0000E+00  0.0000E+00  0.0000E+00  0.0000E+00
       0.0000E+00  0.0000E+00  0.0000E+00  0.0000E+00  0.0000E+00  0.0000E+00  0.0000E+00  0.0000E+00  0.0000E+00  0.0000E+00
       0.0000E+00  0.0000E+00  0.0000E+00  0.0000E+00  0.0000E+00  0.0000E+00  0.0000E+00  0.0000E+00  0.0000E+00  0.0000E+00
       0.0000E+00  0.0000E+00  0.0000E+00  0.0000E+00  0.0000E+00  0.0000E+00  0.0000E+00  0.0000E+00  0.0000E+00  0.0000E+00
       0.0000E+00  0.0000E+00  0.0000E+00  0.0000E+00  0.0000E+00  0.0000E+00  0.0000E+00  0.0000E+00  0.0000E+00  0.0000E+00
       0.0000E+00  0.0000E+00  0.0000E+00  0.0000E+00  0.0000E+00  0.0000E+00  0.0000E+00  0.0000E+00  0.0000E+00  0.0000E+00
       0.0000E+00  0.0000E+00  0.0000E+00  0.0000E+00  0.0000E+00  0.0000E+00  0.0000E+00  0.0000E+00  0.0000E+00  0.0000E+00
       0.0000E+00  0.0000E+00  0.0000E+00  0.0000E+00  0.0000E+00  0.0000E+00  0.0000E+00  0.0000E+00  0.0000E+00  0.0000E+00
       0.0000E+00  0.0000E+00  0.0000E+00  0.0000E+00  0.0000E+00  0.0000E+00  0.0000E+00  0.0000E+00  0.0000E+00  0.0000E+00
       0.0000E+00  0.0000E+00  0.0000E+00  0.0000E+00  0.0000E+00  0.0000E+00  0.0000E+00  0.0000E+00  0.0000E+00  0.0000E+00
       0.0000E+00  0.0000E+00  0.0000E+00  0.0000E+00  0.0000E+00  0.0000E+00  0.0000E+00  0.0000E+00  0.0000E+00  0.0000E+00
       0.0000E+00  0.0000E+00  0.0000E+00  0.0000E+00  0.0000E+00  0.0000E+00  0.0000E+00  0.0000E+00  0.0000E+00  0.0000E+00
       0.0000E+00  0.0000E+00  0.0000E+00  0.0000E+00  0.0000E+00  0.0000E+00  0.0000E+00  0.0000E+00  0.0000E+00  0.0000E+00
       0.0000E+00  0.0000E+00  0.0000E+00  0.0000E+00  0.0000E+00  0.0000E+00  0.0000E+00  0.0000E+00  0.0000E+00  0.0000E+00
       0.0000E+00  0.0000E+00  0.0000E+00  0.0000E+00  0.0000E+00  0.0000E+00  0.0000E+00  0.0000E+00  0.0000E+00  0.0000E+00
       0.0000E+00  0.0000E+00  0.0000E+00  0.0000E+00  0.0000E+00  0.0000E+00  0.0000E+00  0.0000E+00  0.0000E+00  0.0000E+00
       0.0000E+00  0.0000E+00  0.0000E+00  0.0000E+00  0.0000E+00  0.0000E+00  0.0000E+00  0.0000E+00  0.0000E+00  0.0000E+00
       0.0000E+00  0.0000E+00  0.0000E+00  0.0000E+00  0.0000E+00  0.0000E+00  0.0000E+00  0.0000E+00  0.0000E+00  0.0000E+00
       0.0000E+00  0.0000E+00  0.0000E+00  0.0000E+00  0.0000E+00  0.0000E+00  0.0000E+00  0.0000E+00  0.0000E+00  0.0000E+00
       0.0000E+00  0.0000E+00  0.0000E+00  0.0000E+00  0.0000E+00  0.0000E+00  0.0000E+00  0.0000E+00  0.0000E+00  0.0000E+00
       0.0000E+00  0.0000E+00  0.0000E+00  0.0000E+00  0.0000E+00  0.0000E+00  0.0000E+00  0.0000E+00  0.0000E+00  0.0000E+00
       0.0000E+00  0.0000E+00  0.0000E+00  0.0000E+00  0.0000E+00  0.0000E+00  0.0000E+00  0.0000E+00  0.0000E+00  0.0000E+00
       0.0000E+00  0.0000E+00  0.0000E+00  0.0000E+00  0.0000E+00  0.0000E+00  0.0000E+00  0.0000E+00  0.0000E+00  0.0000E+00
       0.0000E+00  0.0000E+00  0.0000E+00  0.0000E+00  0.0000E+00  0.0000E+00  0.0000E+00  0.0000E+00  0.0000E+00  0.0000E+00
       0.0000E+00  0.0000E+00  0.0000E+00  0.0000E+00  0.0000E+00  0.0000E+00  0.0000E+00  0.0000E+00  0.0000E+00  0.0000E+00
       0.0000E+00  0.0000E+00  0.0000E+00  0.0000E+00  0.0000E+00  0.0000E+00  0.0000E+00  0.0000E+00  0.0000E+00  0.0000E+00
       0.0000E+00  0.0000E+00  0.0000E+00  0.0000E+00  0.0000E+00  0.0000E+00  0.0000E+00  0.0000E+00  0.0000E+00  0.0000E+00
       0.0000E+00  0.0000E+00  0.0000E+00  0.0000E+00  0.0000E+00  0.0000E+00  0.0000E+00  0.0000E+00  0.0000E+00  0.0000E+00
       0.0000E+00  0.0000E+00  0.0000E+00  0.0000E+00  0.0000E+00  0.0000E+00  0.0000E+00  0.0000E+00  0.0000E+00  0.0000E+00
       0.0000E+00  0.0000E+00  0.0000E+00  0.0000E+00  0.0000E+00  0.0000E+00  0.0000E+00  0.0000E+00  0.0000E+00  0.0000E+00
       0.0000E+00  0.0000E+00  0.0000E+00  0.0000E+00  0.0000E+00  0.0000E+00  0.0000E+00  0.0000E+00  0.0000E+00  0.0000E+00
       0.0000E+00  0.0000E+00  0.0000E+00  0.0000E+00  0.0000E+00  0.0000E+00  0.0000E+00  0.0000E+00  0.0000E+00  0.0000E+00
       0.0000E+00  0.0000E+00  0.0000E+00  0.0000E+00  0.0000E+00  0.0000E+00  0.0000E+00  0.0000E+00  0.0000E+00  0.0000E+00
