
 *****  Protons in Lexan (0.19GeV, 3cm)                                                   *****

           DATE: 12/18/18,  TIME:  4:50:26

          Total number of particles followed       10000000, for a total weight of  1.0000E+07

1

   Res. nuclei n.   1  "Ian       " ,  all         products, region n.     5
      detector volume:  1.0000E+00 cm**3
      Max. Z:  10, Max. N-Z:  11 Min. N-Z: -4
      Data follow in a matrix A(z,n-z-k), k: -5 format (1(5x,1p,10(1x,e11.4)))

       0.0000E+00  0.0000E+00  0.0000E+00  0.0000E+00  0.0000E+00  0.0000E+00  0.0000E+00  0.0000E+00  0.0000E+00  0.0000E+00
       0.0000E+00  0.0000E+00  0.0000E+00  0.0000E+00  0.0000E+00  3.4300E-05  0.0000E+00  1.5000E-06  0.0000E+00  0.0000E+00
       0.0000E+00  0.0000E+00  0.0000E+00  0.0000E+00  2.6730E-04  5.1720E-04  6.1700E-05  1.0740E-04  0.0000E+00  0.0000E+00
       8.6730E-02  7.5496E-03  0.0000E+00  3.5534E-03  0.0000E+00  1.0427E-02  1.5050E-04  2.4974E-03  1.0000E-07  0.0000E+00
       2.4369E-02  6.0609E-02  4.8592E-03  0.0000E+00  3.5309E-03  1.5919E-02  1.1866E-03  1.8502E-03  2.0000E-07  5.0000E-07
       3.9800E-03  0.0000E+00  2.6033E-03  7.6108E-04  6.4778E-03  7.1797E-04  1.6177E-03  2.7651E-06  1.0000E-07  0.0000E+00
       0.0000E+00  1.5590E-04  2.1590E-04  4.4690E-04  8.2809E-05  1.5890E-04  5.8527E-06  3.2000E-06  0.0000E+00  0.0000E+00
       0.0000E+00  0.0000E+00  1.5700E-05  2.4000E-06  5.7000E-06  4.0000E-07  2.4000E-06  0.0000E+00  0.0000E+00  0.0000E+00
       0.0000E+00  3.0000E-07  0.0000E+00  2.0000E-07  0.0000E+00  0.0000E+00  0.0000E+00  0.0000E+00  0.0000E+00  0.0000E+00
       0.0000E+00  0.0000E+00  0.0000E+00  0.0000E+00  0.0000E+00  0.0000E+00  0.0000E+00  0.0000E+00  0.0000E+00  0.0000E+00
       0.0000E+00  0.0000E+00  0.0000E+00  0.0000E+00  0.0000E+00  0.0000E+00  0.0000E+00  0.0000E+00  0.0000E+00  0.0000E+00
       0.0000E+00  0.0000E+00  0.0000E+00  0.0000E+00  0.0000E+00  0.0000E+00  0.0000E+00  0.0000E+00  0.0000E+00  0.0000E+00
       0.0000E+00  0.0000E+00  0.0000E+00  0.0000E+00  0.0000E+00  0.0000E+00  0.0000E+00  0.0000E+00  0.0000E+00  0.0000E+00
       0.0000E+00  0.0000E+00  0.0000E+00  0.0000E+00  0.0000E+00  0.0000E+00  0.0000E+00  0.0000E+00  0.0000E+00  0.0000E+00
       0.0000E+00  0.0000E+00  0.0000E+00  0.0000E+00  0.0000E+00  0.0000E+00  0.0000E+00  0.0000E+00  0.0000E+00  0.0000E+00
       0.0000E+00  0.0000E+00  0.0000E+00  0.0000E+00  0.0000E+00  0.0000E+00  0.0000E+00  0.0000E+00  0.0000E+00  0.0000E+00
