
 *****  Protons in Lexan (0.07GeV, 2.0cm)                                                 *****

           DATE: 11/20/18,  TIME: 23:40:39

          Total number of particles followed       10000000, for a total weight of  1.0000E+07

1

   Res. nuclei n.   1  "Ian       " ,  all         products, region n.     5
      detector volume:  1.0000E+00 cm**3
      Max. Z:  10, Max. N-Z:  11 Min. N-Z: -4
      Data follow in a matrix A(z,n-z-k), k: -5 format (1(5x,1p,10(1x,e11.4)))

       0.0000E+00  0.0000E+00  0.0000E+00  0.0000E+00  0.0000E+00  0.0000E+00  0.0000E+00  0.0000E+00  0.0000E+00  0.0000E+00
       0.0000E+00  0.0000E+00  0.0000E+00  0.0000E+00  0.0000E+00  3.0000E-06  0.0000E+00  2.0000E-07  0.0000E+00  0.0000E+00
       0.0000E+00  0.0000E+00  0.0000E+00  0.0000E+00  1.5350E-04  1.0460E-04  4.4700E-05  1.1900E-05  0.0000E+00  0.0000E+00
       4.8234E-02  2.6516E-03  0.0000E+00  1.7909E-03  0.0000E+00  4.9913E-03  4.0100E-05  1.1143E-03  0.0000E+00  0.0000E+00
       7.2597E-03  4.4901E-02  2.2306E-03  0.0000E+00  1.3899E-03  2.7655E-02  5.6484E-04  2.8030E-03  2.0000E-07  4.0000E-07
       1.0234E-03  0.0000E+00  1.1873E-03  3.0331E-04  3.4264E-03  4.6455E-04  9.4726E-04  2.1102E-06  0.0000E+00  0.0000E+00
       0.0000E+00  2.0100E-05  2.3700E-05  6.5300E-05  1.2921E-05  6.5800E-05  1.8136E-06  3.5000E-06  0.0000E+00  0.0000E+00
       0.0000E+00  0.0000E+00  1.0000E-07  1.0000E-07  1.0000E-07  0.0000E+00  3.0000E-07  0.0000E+00  0.0000E+00  0.0000E+00
       0.0000E+00  0.0000E+00  0.0000E+00  0.0000E+00  0.0000E+00  0.0000E+00  0.0000E+00  0.0000E+00  0.0000E+00  0.0000E+00
       0.0000E+00  0.0000E+00  0.0000E+00  0.0000E+00  0.0000E+00  0.0000E+00  0.0000E+00  0.0000E+00  0.0000E+00  0.0000E+00
       0.0000E+00  0.0000E+00  0.0000E+00  0.0000E+00  0.0000E+00  0.0000E+00  0.0000E+00  0.0000E+00  0.0000E+00  0.0000E+00
       0.0000E+00  0.0000E+00  0.0000E+00  0.0000E+00  0.0000E+00  0.0000E+00  0.0000E+00  0.0000E+00  0.0000E+00  0.0000E+00
       0.0000E+00  0.0000E+00  0.0000E+00  0.0000E+00  0.0000E+00  0.0000E+00  0.0000E+00  0.0000E+00  0.0000E+00  0.0000E+00
       0.0000E+00  0.0000E+00  0.0000E+00  0.0000E+00  0.0000E+00  0.0000E+00  0.0000E+00  0.0000E+00  0.0000E+00  0.0000E+00
       0.0000E+00  0.0000E+00  0.0000E+00  0.0000E+00  0.0000E+00  0.0000E+00  0.0000E+00  0.0000E+00  0.0000E+00  0.0000E+00
       0.0000E+00  0.0000E+00  0.0000E+00  0.0000E+00  0.0000E+00  0.0000E+00  0.0000E+00  0.0000E+00  0.0000E+00  0.0000E+00
