
 *****  Protons in Lexan (0.25GeV, 3.0cm)                                                 *****

           DATE: 12/ 1/18,  TIME:  6:30:43

          Total number of particles followed       10000000, for a total weight of  1.0000E+07

1

   Res. nuclei n.   1  "Ian       " ,  all         products, region n.     5
      detector volume:  1.0000E+00 cm**3
      Max. Z:  10, Max. N-Z:  11 Min. N-Z: -4
      Data follow in a matrix A(z,n-z-k), k: -5 format (1(5x,1p,10(1x,e11.4)))

       0.0000E+00  0.0000E+00  0.0000E+00  0.0000E+00  0.0000E+00  0.0000E+00  0.0000E+00  0.0000E+00  0.0000E+00  0.0000E+00
       0.0000E+00  0.0000E+00  0.0000E+00  0.0000E+00  0.0000E+00  2.4100E-05  0.0000E+00  8.0000E-07  0.0000E+00  0.0000E+00
       0.0000E+00  0.0000E+00  0.0000E+00  0.0000E+00  1.5510E-04  3.3700E-04  2.9400E-05  7.7500E-05  0.0000E+00  0.0000E+00
       3.8242E-02  4.2645E-03  0.0000E+00  2.0186E-03  0.0000E+00  6.2027E-03  8.6000E-05  1.5103E-03  0.0000E+00  0.0000E+00
       9.4167E-03  3.3990E-02  2.7506E-03  0.0000E+00  2.2250E-03  7.2136E-03  7.2464E-04  8.4549E-04  1.0000E-07  2.0000E-07
       2.3827E-03  0.0000E+00  1.6360E-03  4.6885E-04  4.3612E-03  3.8392E-04  1.0776E-03  1.1193E-06  1.0000E-07  0.0000E+00
       0.0000E+00  9.7700E-05  1.4010E-04  3.1820E-04  4.8762E-05  1.1300E-04  3.0508E-06  1.1000E-06  0.0000E+00  0.0000E+00
       0.0000E+00  0.0000E+00  1.1300E-05  8.0000E-07  2.9000E-06  2.0000E-07  1.7000E-06  0.0000E+00  0.0000E+00  0.0000E+00
       0.0000E+00  2.0000E-07  0.0000E+00  0.0000E+00  0.0000E+00  2.0000E-07  0.0000E+00  0.0000E+00  0.0000E+00  0.0000E+00
       0.0000E+00  0.0000E+00  0.0000E+00  0.0000E+00  0.0000E+00  0.0000E+00  0.0000E+00  0.0000E+00  0.0000E+00  0.0000E+00
       0.0000E+00  0.0000E+00  0.0000E+00  0.0000E+00  0.0000E+00  0.0000E+00  0.0000E+00  0.0000E+00  0.0000E+00  0.0000E+00
       0.0000E+00  0.0000E+00  0.0000E+00  0.0000E+00  0.0000E+00  0.0000E+00  0.0000E+00  0.0000E+00  0.0000E+00  0.0000E+00
       0.0000E+00  0.0000E+00  0.0000E+00  0.0000E+00  0.0000E+00  0.0000E+00  0.0000E+00  0.0000E+00  0.0000E+00  0.0000E+00
       0.0000E+00  0.0000E+00  0.0000E+00  0.0000E+00  0.0000E+00  0.0000E+00  0.0000E+00  0.0000E+00  0.0000E+00  0.0000E+00
       0.0000E+00  0.0000E+00  0.0000E+00  0.0000E+00  0.0000E+00  0.0000E+00  0.0000E+00  0.0000E+00  0.0000E+00  0.0000E+00
       0.0000E+00  0.0000E+00  0.0000E+00  0.0000E+00  0.0000E+00  0.0000E+00  0.0000E+00  0.0000E+00  0.0000E+00  0.0000E+00
