
 *****  Protons in Lexan (0.25GeV, 3.0cm)                                                 *****

           DATE: 12/ 1/18,  TIME:  6:30:43

          Total number of particles followed       10000000, for a total weight of  1.0000E+07

1

   Bdrx n.   2  "ofluence  " , generalized particle n.    1, from region n.     5 to region n.     4
      detector area:  1.0000E+02 cm**2
      this is a one way only estimator
      this is a fluence like estimator
      linear energy binning from   1.7000E-01 to  3.0000E-01 GeV,   650 bins ( 2.0000E-04 GeV wide)
      linear angular binning from  0.0000E+00 to  6.2832E+00 sr ,     1 bins ( 6.2832E+00 sr wide )
      Data follow in a matrix A(ie,ia), format (1(5x,1p,10(1x,e11.4)))

       3.4184E-04  3.6496E-04  3.5914E-04  3.4568E-04  3.6522E-04  3.4283E-04  3.9090E-04  3.4803E-04  3.4733E-04  3.5766E-04
       3.7191E-04  3.5487E-04  3.7712E-04  3.4576E-04  3.6643E-04  3.4684E-04  3.3570E-04  3.3003E-04  3.2080E-04  3.1972E-04
       3.2598E-04  3.5953E-04  3.3295E-04  3.6205E-04  3.4288E-04  3.6877E-04  3.6987E-04  3.2511E-04  3.5386E-04  3.3572E-04
       3.4837E-04  3.4026E-04  3.1956E-04  3.1971E-04  3.7129E-04  3.3242E-04  3.5025E-04  3.2698E-04  3.5775E-04  3.3626E-04
       3.5996E-04  3.0818E-04  3.3416E-04  3.5467E-04  3.5258E-04  3.2420E-04  3.4073E-04  3.3541E-04  3.5291E-04  3.4926E-04
       3.1934E-04  3.6913E-04  3.5907E-04  3.4786E-04  3.3042E-04  3.4557E-04  3.6994E-04  3.1542E-04  3.5526E-04  3.5099E-04
       3.4886E-04  3.3532E-04  3.3471E-04  3.3352E-04  3.4445E-04  3.1321E-04  3.7230E-04  3.2192E-04  3.1280E-04  3.7293E-04
       3.3027E-04  3.2533E-04  3.1872E-04  3.0775E-04  3.3204E-04  3.3395E-04  3.3631E-04  3.1189E-04  3.5037E-04  3.2342E-04
       3.0926E-04  3.0419E-04  3.3161E-04  3.5314E-04  3.2352E-04  3.1736E-04  3.2611E-04  3.2491E-04  3.1323E-04  3.1502E-04
       3.5733E-04  3.1793E-04  3.3210E-04  3.5699E-04  3.4012E-04  3.1804E-04  3.4566E-04  3.1774E-04  3.1913E-04  3.3546E-04
       3.2930E-04  3.2242E-04  3.5144E-04  3.2448E-04  3.2040E-04  3.0346E-04  3.1383E-04  3.3031E-04  3.4679E-04  3.7381E-04
       3.2477E-04  3.7279E-04  3.4373E-04  3.0100E-04  3.3153E-04  3.3899E-04  3.2594E-04  3.2439E-04  3.2104E-04  3.2843E-04
       3.4300E-04  3.2623E-04  3.1978E-04  3.4024E-04  3.2557E-04  3.1463E-04  3.2194E-04  3.2234E-04  3.2318E-04  2.9913E-04
       3.4715E-04  3.2615E-04  3.4019E-04  3.2068E-04  3.3336E-04  3.3299E-04  3.1567E-04  2.9506E-04  3.2627E-04  3.2109E-04
       3.2607E-04  3.0102E-04  2.9357E-04  3.2607E-04  3.0990E-04  3.4366E-04  3.0109E-04  3.4341E-04  3.0109E-04  3.1640E-04
       3.0275E-04  3.0925E-04  3.3492E-04  2.9376E-04  3.0848E-04  3.1404E-04  3.1052E-04  2.8785E-04  3.3315E-04  2.9753E-04
       3.1882E-04  2.9593E-04  3.0757E-04  2.9529E-04  3.2728E-04  3.3440E-04  3.1067E-04  3.0023E-04  2.8729E-04  2.9676E-04
       2.6610E-04  3.2299E-04  2.7017E-04  2.7977E-04  2.7336E-04  3.2627E-04  2.7674E-04  2.8794E-04  2.7963E-04  2.5686E-04
       2.8330E-04  2.8727E-04  2.9927E-04  2.5642E-04  2.9541E-04  2.9169E-04  2.7909E-04  2.6748E-04  2.6288E-04  2.7123E-04
       2.4924E-04  2.6320E-04  2.4392E-04  2.5667E-04  2.6501E-04  2.5103E-04  2.6720E-04  2.5708E-04  2.4451E-04  2.6233E-04
       2.6885E-04  2.6400E-04  2.3431E-04  2.4948E-04  2.4149E-04  2.4612E-04  2.8571E-04  2.5745E-04  2.8466E-04  2.2814E-04
       2.4305E-04  2.7497E-04  2.9243E-04  2.2870E-04  2.5776E-04  2.5843E-04  2.5309E-04  2.6370E-04  2.4714E-04  2.2095E-04
       2.6108E-04  2.5217E-04  2.3492E-04  2.4407E-04  2.3450E-04  2.1152E-04  2.3793E-04  2.2626E-04  2.2400E-04  2.3906E-04
       2.1236E-04  2.2087E-04  2.3544E-04  2.2447E-04  2.1925E-04  2.0172E-04  2.2285E-04  2.3119E-04  2.1678E-04  2.1447E-04
       2.2532E-04  2.2746E-04  2.0733E-04  2.1267E-04  1.9986E-04  2.0398E-04  1.9924E-04  2.0770E-04  2.0619E-04  1.8543E-04
       1.9732E-04  1.9033E-04  1.9686E-04  1.9781E-04  2.0002E-04  1.8524E-04  1.7413E-04  1.6647E-04  1.8262E-04  1.8813E-04
       1.6408E-04  1.8697E-04  1.6125E-04  1.6614E-04  1.4889E-04  1.2972E-04  1.2300E-04  1.4221E-04  1.5632E-04  1.2841E-04
       1.3487E-04  1.3940E-04  1.0595E-04  1.2455E-04  1.3633E-04  1.1175E-04  1.1397E-04  1.1554E-04  1.0647E-04  1.0598E-04
       9.5125E-05  8.8218E-05  8.0466E-05  9.6232E-05  9.8068E-05  8.2772E-05  8.5755E-05  9.2260E-05  1.1127E-04  8.8000E-05
       9.0079E-05  1.0515E-04  1.0434E-04  1.2475E-04  1.1693E-04  1.2174E-04  1.2290E-04  1.4374E-04  1.6186E-04  1.2925E-04
       1.3653E-04  1.3541E-04  1.8642E-04  1.8469E-04  2.0288E-04  2.6362E-04  3.3177E-04  4.8677E-04  6.5929E-04  1.0060E-03
       1.6776E-03  2.6286E-03  4.0561E-03  6.5153E-03  9.8135E-03  1.4916E-02  2.2300E-02  3.2197E-02  4.6339E-02  6.4714E-02
       8.8109E-02  1.1690E-01  1.5135E-01  1.9101E-01  2.3746E-01  2.8697E-01  3.3555E-01  3.8334E-01  4.2784E-01  4.6449E-01
       4.9119E-01  5.0447E-01  5.0447E-01  4.9062E-01  4.6320E-01  4.2603E-01  3.8124E-01  3.3037E-01  2.7861E-01  2.2875E-01
       1.8196E-01  1.4025E-01  1.0547E-01  7.5912E-02  5.3630E-02  3.7130E-02  2.4405E-02  1.5735E-02  9.5575E-03  5.8798E-03
       3.4127E-03  1.9690E-03  1.1102E-03  5.5072E-04  2.9208E-04  1.3927E-04  7.0034E-05  3.4222E-05  1.7508E-05  7.1624E-06
       2.3874E-06  1.5916E-06  0.0000E+00  0.0000E+00  0.0000E+00  0.0000E+00  0.0000E+00  0.0000E+00  0.0000E+00  0.0000E+00
       0.0000E+00  0.0000E+00  0.0000E+00  0.0000E+00  0.0000E+00  0.0000E+00  0.0000E+00  0.0000E+00  0.0000E+00  0.0000E+00
       0.0000E+00  0.0000E+00  0.0000E+00  0.0000E+00  0.0000E+00  0.0000E+00  0.0000E+00  0.0000E+00  0.0000E+00  0.0000E+00
       0.0000E+00  0.0000E+00  0.0000E+00  0.0000E+00  0.0000E+00  0.0000E+00  0.0000E+00  0.0000E+00  0.0000E+00  0.0000E+00
       0.0000E+00  0.0000E+00  0.0000E+00  0.0000E+00  0.0000E+00  0.0000E+00  0.0000E+00  0.0000E+00  0.0000E+00  0.0000E+00
       0.0000E+00  0.0000E+00  0.0000E+00  0.0000E+00  0.0000E+00  0.0000E+00  0.0000E+00  0.0000E+00  0.0000E+00  0.0000E+00
       0.0000E+00  0.0000E+00  0.0000E+00  0.0000E+00  0.0000E+00  0.0000E+00  0.0000E+00  0.0000E+00  0.0000E+00  0.0000E+00
       0.0000E+00  0.0000E+00  0.0000E+00  0.0000E+00  0.0000E+00  0.0000E+00  0.0000E+00  0.0000E+00  0.0000E+00  0.0000E+00
       0.0000E+00  0.0000E+00  0.0000E+00  0.0000E+00  0.0000E+00  0.0000E+00  0.0000E+00  0.0000E+00  0.0000E+00  0.0000E+00
       0.0000E+00  0.0000E+00  0.0000E+00  0.0000E+00  0.0000E+00  0.0000E+00  0.0000E+00  0.0000E+00  0.0000E+00  0.0000E+00
       0.0000E+00  0.0000E+00  0.0000E+00  0.0000E+00  0.0000E+00  0.0000E+00  0.0000E+00  0.0000E+00  0.0000E+00  0.0000E+00
       0.0000E+00  0.0000E+00  0.0000E+00  0.0000E+00  0.0000E+00  0.0000E+00  0.0000E+00  0.0000E+00  0.0000E+00  0.0000E+00
       0.0000E+00  0.0000E+00  0.0000E+00  0.0000E+00  0.0000E+00  0.0000E+00  0.0000E+00  0.0000E+00  0.0000E+00  0.0000E+00
       0.0000E+00  0.0000E+00  0.0000E+00  0.0000E+00  0.0000E+00  0.0000E+00  0.0000E+00  0.0000E+00  0.0000E+00  0.0000E+00
       0.0000E+00  0.0000E+00  0.0000E+00  0.0000E+00  0.0000E+00  0.0000E+00  0.0000E+00  0.0000E+00  0.0000E+00  0.0000E+00
       0.0000E+00  0.0000E+00  0.0000E+00  0.0000E+00  0.0000E+00  0.0000E+00  0.0000E+00  0.0000E+00  0.0000E+00  0.0000E+00
       0.0000E+00  0.0000E+00  0.0000E+00  0.0000E+00  0.0000E+00  0.0000E+00  0.0000E+00  0.0000E+00  0.0000E+00  0.0000E+00
       0.0000E+00  0.0000E+00  0.0000E+00  0.0000E+00  0.0000E+00  0.0000E+00  0.0000E+00  0.0000E+00  0.0000E+00  0.0000E+00
       0.0000E+00  0.0000E+00  0.0000E+00  0.0000E+00  0.0000E+00  0.0000E+00  0.0000E+00  0.0000E+00  0.0000E+00  0.0000E+00
       0.0000E+00  0.0000E+00  0.0000E+00  0.0000E+00  0.0000E+00  0.0000E+00  0.0000E+00  0.0000E+00  0.0000E+00  0.0000E+00
       0.0000E+00  0.0000E+00  0.0000E+00  0.0000E+00  0.0000E+00  0.0000E+00  0.0000E+00  0.0000E+00  0.0000E+00  0.0000E+00
       0.0000E+00  0.0000E+00  0.0000E+00  0.0000E+00  0.0000E+00  0.0000E+00  0.0000E+00  0.0000E+00  0.0000E+00  0.0000E+00
       0.0000E+00  0.0000E+00  0.0000E+00  0.0000E+00  0.0000E+00  0.0000E+00  0.0000E+00  0.0000E+00  0.0000E+00  0.0000E+00
       0.0000E+00  0.0000E+00  0.0000E+00  0.0000E+00  0.0000E+00  0.0000E+00  0.0000E+00  0.0000E+00  0.0000E+00  0.0000E+00
       0.0000E+00  0.0000E+00  0.0000E+00  0.0000E+00  0.0000E+00  0.0000E+00  0.0000E+00  0.0000E+00  0.0000E+00  0.0000E+00
       0.0000E+00  0.0000E+00  0.0000E+00  0.0000E+00  0.0000E+00  0.0000E+00  0.0000E+00  0.0000E+00  0.0000E+00  0.0000E+00
       0.0000E+00  0.0000E+00  0.0000E+00  0.0000E+00  0.0000E+00  0.0000E+00  0.0000E+00  0.0000E+00  0.0000E+00  0.0000E+00
       0.0000E+00  0.0000E+00  0.0000E+00  0.0000E+00  0.0000E+00  0.0000E+00  0.0000E+00  0.0000E+00  0.0000E+00  0.0000E+00
       0.0000E+00  0.0000E+00  0.0000E+00  0.0000E+00  0.0000E+00  0.0000E+00  0.0000E+00  0.0000E+00  0.0000E+00  0.0000E+00
1

   Bdrx n.   6  "ofluence  " , generalized particle n.    1, from region n.     5 to region n.     4
      detector area:  1.0000E+02 cm**2
      this is a one way only estimator
      this is a fluence like estimator
      linear energy binning from   0.0000E+00 to  3.0000E+02 GeV,     1 bins ( 3.0000E+02 GeV wide)
      linear angular binning from  0.0000E+00 to  6.2832E+00 sr ,     1 bins ( 6.2832E+00 sr wide )
      Data follow in a matrix A(ie,ia), format (1(5x,1p,10(1x,e11.4)))

       5.3625E-06
