
 *****  Protons in Lexan (0.24GeV, 1cm)                                                   *****

           DATE: 12/19/18,  TIME:  7: 2:15

          Total number of particles followed       25000000, for a total weight of  2.5000E+07

1

   Bdrx n.   2  "ofluence  " , generalized particle n.    1, from region n.     5 to region n.     4
      detector area:  1.0000E+02 cm**2
      this is a one way only estimator
      this is a fluence like estimator
      linear energy binning from   1.6000E-01 to  2.9000E-01 GeV,   650 bins ( 2.0000E-04 GeV wide)
      linear angular binning from  0.0000E+00 to  6.2832E+00 sr ,     1 bins ( 6.2832E+00 sr wide )
      Data follow in a matrix A(ie,ia), format (1(5x,1p,10(1x,e11.4)))

       2.5084E-04  2.5496E-04  2.5503E-04  2.5794E-04  2.3411E-04  2.3245E-04  2.5697E-04  2.4713E-04  2.4132E-04  2.5422E-04
       2.4600E-04  2.3785E-04  2.4500E-04  2.3850E-04  2.2112E-04  2.5526E-04  2.5434E-04  2.2781E-04  2.5419E-04  2.4312E-04
       2.5210E-04  2.3161E-04  2.6385E-04  2.5760E-04  2.3335E-04  2.2808E-04  2.5251E-04  2.5756E-04  2.5774E-04  2.4325E-04
       2.4332E-04  2.5041E-04  2.4898E-04  2.4172E-04  2.4418E-04  2.5092E-04  2.4821E-04  2.4497E-04  2.3880E-04  2.5445E-04
       2.4389E-04  2.4005E-04  2.4565E-04  2.4389E-04  2.4731E-04  2.6304E-04  2.2640E-04  2.3930E-04  2.4442E-04  2.5061E-04
       2.3911E-04  2.4086E-04  2.4473E-04  2.4966E-04  2.3521E-04  2.4775E-04  2.4876E-04  2.4564E-04  2.3593E-04  2.3098E-04
       2.4212E-04  2.4026E-04  2.5010E-04  2.4945E-04  2.2523E-04  2.4170E-04  2.3290E-04  2.3856E-04  2.5887E-04  2.4460E-04
       2.2866E-04  2.4429E-04  2.3733E-04  2.3988E-04  2.4459E-04  2.4188E-04  2.4489E-04  2.4055E-04  2.3628E-04  2.3605E-04
       2.2687E-04  2.3412E-04  2.3515E-04  2.4022E-04  2.4076E-04  2.5142E-04  2.6370E-04  2.4620E-04  2.4284E-04  2.4094E-04
       2.2562E-04  2.4377E-04  2.3760E-04  2.3627E-04  2.4523E-04  2.4093E-04  2.6001E-04  2.3002E-04  2.3167E-04  2.3130E-04
       2.3022E-04  2.1988E-04  2.3017E-04  2.4111E-04  2.3742E-04  2.3694E-04  2.3351E-04  2.3119E-04  2.5028E-04  2.3570E-04
       2.2632E-04  2.3548E-04  2.4650E-04  2.2628E-04  2.1766E-04  2.3478E-04  2.2464E-04  2.2281E-04  2.1633E-04  2.3272E-04
       2.2780E-04  2.4411E-04  2.3823E-04  2.3714E-04  2.4503E-04  2.3453E-04  2.3417E-04  2.3880E-04  2.4112E-04  2.1744E-04
       2.2076E-04  2.3470E-04  2.3909E-04  2.2646E-04  2.2790E-04  2.3128E-04  2.4310E-04  2.3057E-04  2.2951E-04  2.4115E-04
       2.4357E-04  2.2826E-04  2.3202E-04  2.5135E-04  2.3367E-04  2.4018E-04  2.2540E-04  2.3500E-04  2.3390E-04  2.1802E-04
       2.4331E-04  2.2982E-04  2.2593E-04  2.3618E-04  2.3561E-04  2.2587E-04  2.2470E-04  2.4490E-04  2.3155E-04  2.3640E-04
       2.3000E-04  2.3938E-04  2.2348E-04  2.1652E-04  2.2509E-04  2.2293E-04  2.2329E-04  2.0609E-04  2.4228E-04  2.2734E-04
       2.1950E-04  2.1924E-04  2.1863E-04  2.3604E-04  2.0353E-04  2.2048E-04  2.0883E-04  2.1355E-04  2.2155E-04  2.1150E-04
       1.9847E-04  2.2442E-04  2.2147E-04  2.1597E-04  2.1240E-04  2.0548E-04  2.0987E-04  2.1368E-04  2.0720E-04  2.0208E-04
       2.1445E-04  2.0636E-04  2.1746E-04  2.1279E-04  2.0882E-04  2.0800E-04  1.9745E-04  2.0154E-04  2.1414E-04  1.9556E-04
       2.1073E-04  1.9798E-04  1.9416E-04  1.9444E-04  1.9727E-04  2.0127E-04  1.9284E-04  1.9300E-04  1.8947E-04  1.8876E-04
       1.8869E-04  1.8462E-04  2.0311E-04  1.9932E-04  1.8488E-04  1.9435E-04  1.8059E-04  1.9339E-04  1.8912E-04  1.9209E-04
       1.9944E-04  1.9507E-04  1.8178E-04  1.7127E-04  1.8468E-04  1.7538E-04  1.8324E-04  1.7713E-04  1.7866E-04  1.7969E-04
       1.8879E-04  1.7731E-04  1.8718E-04  1.8486E-04  1.7602E-04  1.7551E-04  1.6765E-04  1.8090E-04  1.7403E-04  1.7454E-04
       1.8867E-04  1.7086E-04  1.7274E-04  1.7561E-04  1.6582E-04  1.8170E-04  1.5827E-04  1.7826E-04  1.6575E-04  1.6671E-04
       1.6084E-04  1.7337E-04  1.7662E-04  1.7083E-04  1.5619E-04  1.4717E-04  1.5511E-04  1.5501E-04  1.5597E-04  1.7158E-04
       1.5332E-04  1.4919E-04  1.5456E-04  1.4406E-04  1.4594E-04  1.4504E-04  1.3691E-04  1.4690E-04  1.4006E-04  1.3924E-04
       1.4206E-04  1.4771E-04  1.3735E-04  1.3872E-04  1.4057E-04  1.4389E-04  1.3968E-04  1.2076E-04  1.2697E-04  1.3735E-04
       1.3111E-04  1.2156E-04  1.3172E-04  1.2335E-04  1.2891E-04  1.3023E-04  1.1542E-04  1.1192E-04  1.0320E-04  1.1963E-04
       9.6708E-05  1.0289E-04  9.8274E-05  1.0940E-04  1.0235E-04  8.0763E-05  8.1555E-05  9.3487E-05  8.3671E-05  8.6316E-05
       7.1731E-05  7.0566E-05  6.8562E-05  6.8739E-05  6.7075E-05  7.8067E-05  6.2856E-05  5.8520E-05  6.6109E-05  5.7428E-05
       5.7894E-05  6.5487E-05  6.9337E-05  7.3088E-05  7.0332E-05  7.6362E-05  7.7784E-05  7.7602E-05  8.2289E-05  9.3636E-05
       8.8401E-05  8.8180E-05  8.8926E-05  9.8660E-05  1.2893E-04  1.1693E-04  1.2197E-04  1.3958E-04  1.6822E-04  2.0885E-04
       2.6745E-04  4.4060E-04  7.0035E-04  1.1347E-03  1.9386E-03  3.3376E-03  5.5823E-03  9.1332E-03  1.4685E-02  2.2816E-02
       3.4585E-02  5.1537E-02  7.4177E-02  1.0372E-01  1.4112E-01  1.8631E-01  2.3866E-01  2.9580E-01  3.5657E-01  4.1643E-01
       4.7138E-01  5.1532E-01  5.4686E-01  5.6023E-01  5.5634E-01  5.3443E-01  4.9592E-01  4.4497E-01  3.8651E-01  3.2326E-01
       2.6202E-01  2.0499E-01  1.5466E-01  1.1252E-01  7.9103E-02  5.3759E-02  3.5026E-02  2.2327E-02  1.3647E-02  7.9842E-03
       4.5178E-03  2.5015E-03  1.2711E-03  6.5672E-04  3.0687E-04  1.6203E-04  7.5125E-05  3.0241E-05  1.2096E-05  5.4114E-06
       9.5497E-07  3.1832E-07  0.0000E+00  6.3676E-07  0.0000E+00  0.0000E+00  0.0000E+00  0.0000E+00  0.0000E+00  0.0000E+00
       0.0000E+00  0.0000E+00  0.0000E+00  0.0000E+00  0.0000E+00  0.0000E+00  0.0000E+00  0.0000E+00  0.0000E+00  0.0000E+00
       0.0000E+00  0.0000E+00  0.0000E+00  0.0000E+00  0.0000E+00  0.0000E+00  0.0000E+00  0.0000E+00  0.0000E+00  0.0000E+00
       0.0000E+00  0.0000E+00  0.0000E+00  0.0000E+00  0.0000E+00  0.0000E+00  0.0000E+00  0.0000E+00  0.0000E+00  0.0000E+00
       0.0000E+00  0.0000E+00  0.0000E+00  0.0000E+00  0.0000E+00  0.0000E+00  0.0000E+00  0.0000E+00  0.0000E+00  0.0000E+00
       0.0000E+00  0.0000E+00  0.0000E+00  0.0000E+00  0.0000E+00  0.0000E+00  0.0000E+00  0.0000E+00  0.0000E+00  0.0000E+00
       0.0000E+00  0.0000E+00  0.0000E+00  0.0000E+00  0.0000E+00  0.0000E+00  0.0000E+00  0.0000E+00  0.0000E+00  0.0000E+00
       0.0000E+00  0.0000E+00  0.0000E+00  0.0000E+00  0.0000E+00  0.0000E+00  0.0000E+00  0.0000E+00  0.0000E+00  0.0000E+00
       0.0000E+00  0.0000E+00  0.0000E+00  0.0000E+00  0.0000E+00  0.0000E+00  0.0000E+00  0.0000E+00  0.0000E+00  0.0000E+00
       0.0000E+00  0.0000E+00  0.0000E+00  0.0000E+00  0.0000E+00  0.0000E+00  0.0000E+00  0.0000E+00  0.0000E+00  0.0000E+00
       0.0000E+00  0.0000E+00  0.0000E+00  0.0000E+00  0.0000E+00  0.0000E+00  0.0000E+00  0.0000E+00  0.0000E+00  0.0000E+00
       0.0000E+00  0.0000E+00  0.0000E+00  0.0000E+00  0.0000E+00  0.0000E+00  0.0000E+00  0.0000E+00  0.0000E+00  0.0000E+00
       0.0000E+00  0.0000E+00  0.0000E+00  0.0000E+00  0.0000E+00  0.0000E+00  0.0000E+00  0.0000E+00  0.0000E+00  0.0000E+00
       0.0000E+00  0.0000E+00  0.0000E+00  0.0000E+00  0.0000E+00  0.0000E+00  0.0000E+00  0.0000E+00  0.0000E+00  0.0000E+00
       0.0000E+00  0.0000E+00  0.0000E+00  0.0000E+00  0.0000E+00  0.0000E+00  0.0000E+00  0.0000E+00  0.0000E+00  0.0000E+00
       0.0000E+00  0.0000E+00  0.0000E+00  0.0000E+00  0.0000E+00  0.0000E+00  0.0000E+00  0.0000E+00  0.0000E+00  0.0000E+00
       0.0000E+00  0.0000E+00  0.0000E+00  0.0000E+00  0.0000E+00  0.0000E+00  0.0000E+00  0.0000E+00  0.0000E+00  0.0000E+00
       0.0000E+00  0.0000E+00  0.0000E+00  0.0000E+00  0.0000E+00  0.0000E+00  0.0000E+00  0.0000E+00  0.0000E+00  0.0000E+00
       0.0000E+00  0.0000E+00  0.0000E+00  0.0000E+00  0.0000E+00  0.0000E+00  0.0000E+00  0.0000E+00  0.0000E+00  0.0000E+00
       0.0000E+00  0.0000E+00  0.0000E+00  0.0000E+00  0.0000E+00  0.0000E+00  0.0000E+00  0.0000E+00  0.0000E+00  0.0000E+00
       0.0000E+00  0.0000E+00  0.0000E+00  0.0000E+00  0.0000E+00  0.0000E+00  0.0000E+00  0.0000E+00  0.0000E+00  0.0000E+00
       0.0000E+00  0.0000E+00  0.0000E+00  0.0000E+00  0.0000E+00  0.0000E+00  0.0000E+00  0.0000E+00  0.0000E+00  0.0000E+00
       0.0000E+00  0.0000E+00  0.0000E+00  0.0000E+00  0.0000E+00  0.0000E+00  0.0000E+00  0.0000E+00  0.0000E+00  0.0000E+00
       0.0000E+00  0.0000E+00  0.0000E+00  0.0000E+00  0.0000E+00  0.0000E+00  0.0000E+00  0.0000E+00  0.0000E+00  0.0000E+00
       0.0000E+00  0.0000E+00  0.0000E+00  0.0000E+00  0.0000E+00  0.0000E+00  0.0000E+00  0.0000E+00  0.0000E+00  0.0000E+00
       0.0000E+00  0.0000E+00  0.0000E+00  0.0000E+00  0.0000E+00  0.0000E+00  0.0000E+00  0.0000E+00  0.0000E+00  0.0000E+00
       0.0000E+00  0.0000E+00  0.0000E+00  0.0000E+00  0.0000E+00  0.0000E+00  0.0000E+00  0.0000E+00  0.0000E+00  0.0000E+00
1

   Bdrx n.   6  "ofluence  " , generalized particle n.    1, from region n.     5 to region n.     4
      detector area:  1.0000E+02 cm**2
      this is a one way only estimator
      this is a fluence like estimator
      linear energy binning from   0.0000E+00 to  3.0000E+02 GeV,     1 bins ( 3.0000E+02 GeV wide)
      linear angular binning from  0.0000E+00 to  6.2832E+00 sr ,     1 bins ( 6.2832E+00 sr wide )
      Data follow in a matrix A(ie,ia), format (1(5x,1p,10(1x,e11.4)))

       5.3591E-06
