
 *****  Protons in Lexan (0.24GeV, 1cm)                                                   *****

           DATE: 12/19/18,  TIME:  7: 2:15

          Total number of particles followed       25000000, for a total weight of  2.5000E+07

1

   Res. nuclei n.   1  "Ian       " ,  all         products, region n.     5
      detector volume:  1.0000E+00 cm**3
      Max. Z:  10, Max. N-Z:  11 Min. N-Z: -4
      Data follow in a matrix A(z,n-z-k), k: -5 format (1(5x,1p,10(1x,e11.4)))

       0.0000E+00  0.0000E+00  0.0000E+00  0.0000E+00  0.0000E+00  0.0000E+00  0.0000E+00  0.0000E+00  0.0000E+00  0.0000E+00
       0.0000E+00  0.0000E+00  0.0000E+00  0.0000E+00  0.0000E+00  1.3520E-05  0.0000E+00  4.8000E-07  0.0000E+00  0.0000E+00
       0.0000E+00  0.0000E+00  0.0000E+00  0.0000E+00  1.0040E-04  2.2364E-04  2.1440E-05  5.1800E-05  0.0000E+00  0.0000E+00
       2.1749E-02  2.8152E-03  0.0000E+00  1.3578E-03  0.0000E+00  4.1219E-03  5.8520E-05  1.0155E-03  0.0000E+00  0.0000E+00
       5.2654E-03  2.2333E-02  1.8176E-03  0.0000E+00  1.4723E-03  4.6745E-03  4.8356E-04  5.4426E-04  4.0000E-08  2.4000E-07
       1.5627E-03  0.0000E+00  1.0753E-03  3.0740E-04  2.8180E-03  2.5696E-04  6.9854E-04  9.3078E-07  0.0000E+00  4.0000E-08
       0.0000E+00  6.6600E-05  8.7640E-05  2.0184E-04  3.1476E-05  7.0800E-05  1.5001E-06  9.2000E-07  0.0000E+00  0.0000E+00
       0.0000E+00  0.0000E+00  8.1600E-06  1.2000E-06  1.8800E-06  1.6000E-07  7.2000E-07  0.0000E+00  0.0000E+00  0.0000E+00
       0.0000E+00  2.0000E-07  0.0000E+00  0.0000E+00  0.0000E+00  4.0000E-08  0.0000E+00  0.0000E+00  0.0000E+00  0.0000E+00
       0.0000E+00  0.0000E+00  0.0000E+00  0.0000E+00  0.0000E+00  0.0000E+00  0.0000E+00  0.0000E+00  0.0000E+00  0.0000E+00
       0.0000E+00  0.0000E+00  0.0000E+00  0.0000E+00  0.0000E+00  0.0000E+00  0.0000E+00  0.0000E+00  0.0000E+00  0.0000E+00
       0.0000E+00  0.0000E+00  0.0000E+00  0.0000E+00  0.0000E+00  0.0000E+00  0.0000E+00  0.0000E+00  0.0000E+00  0.0000E+00
       0.0000E+00  0.0000E+00  0.0000E+00  0.0000E+00  0.0000E+00  0.0000E+00  0.0000E+00  0.0000E+00  0.0000E+00  0.0000E+00
       0.0000E+00  0.0000E+00  0.0000E+00  0.0000E+00  0.0000E+00  0.0000E+00  0.0000E+00  0.0000E+00  0.0000E+00  0.0000E+00
       0.0000E+00  0.0000E+00  0.0000E+00  0.0000E+00  0.0000E+00  0.0000E+00  0.0000E+00  0.0000E+00  0.0000E+00  0.0000E+00
       0.0000E+00  0.0000E+00  0.0000E+00  0.0000E+00  0.0000E+00  0.0000E+00  0.0000E+00  0.0000E+00  0.0000E+00  0.0000E+00
