
 *****  Protons in Lexan (0.24GeV, 1cm)                                                   *****

           DATE: 12/19/18,  TIME:  7: 2:15

          Total number of particles followed       25000000, for a total weight of  2.5000E+07

1

   Bdrx n.   4  "ocurrent  " , generalized particle n.    1, from region n.     5 to region n.     4
      detector area:  1.0000E+02 cm**2
      this is a one way only estimator
      this is a current like estimator
      linear energy binning from   1.6000E-01 to  2.9000E-01 GeV,   650 bins ( 2.0000E-04 GeV wide)
      linear angular binning from  0.0000E+00 to  6.2832E+00 sr ,     1 bins ( 6.2832E+00 sr wide )
      Data follow in a matrix A(ie,ia), format (1(5x,1p,10(1x,e11.4)))

       2.0849E-04  2.1040E-04  2.1072E-04  2.1327E-04  1.9640E-04  1.9640E-04  2.1295E-04  2.0626E-04  2.0022E-04  2.1263E-04
       2.0658E-04  1.9767E-04  2.0245E-04  2.0022E-04  1.8557E-04  2.1486E-04  2.1359E-04  1.9003E-04  2.1136E-04  2.0595E-04
       2.1136E-04  1.9544E-04  2.2091E-04  2.1613E-04  1.9767E-04  1.9130E-04  2.1072E-04  2.1613E-04  2.1709E-04  2.0276E-04
       2.0563E-04  2.0945E-04  2.1072E-04  2.0213E-04  2.0372E-04  2.1390E-04  2.1072E-04  2.0658E-04  2.0435E-04  2.1645E-04
       2.0658E-04  2.0404E-04  2.0754E-04  2.0626E-04  2.1008E-04  2.2345E-04  1.9162E-04  2.0340E-04  2.0817E-04  2.1327E-04
       2.0626E-04  2.0658E-04  2.0945E-04  2.1263E-04  2.0213E-04  2.1040E-04  2.1295E-04  2.1104E-04  2.0276E-04  1.9640E-04
       2.0754E-04  2.0658E-04  2.1359E-04  2.1454E-04  1.9449E-04  2.1008E-04  2.0085E-04  2.0595E-04  2.2218E-04  2.1136E-04
       1.9703E-04  2.1104E-04  2.0308E-04  2.0626E-04  2.1040E-04  2.1008E-04  2.1136E-04  2.0626E-04  2.0435E-04  2.0531E-04
       1.9417E-04  2.0117E-04  2.0404E-04  2.0817E-04  2.0849E-04  2.1836E-04  2.2823E-04  2.1359E-04  2.0817E-04  2.0849E-04
       1.9512E-04  2.1040E-04  2.0690E-04  2.0595E-04  2.1231E-04  2.1104E-04  2.2600E-04  2.0149E-04  2.0181E-04  2.0181E-04
       2.0149E-04  1.9258E-04  2.0213E-04  2.1136E-04  2.0817E-04  2.0722E-04  2.0340E-04  2.0245E-04  2.1963E-04  2.0722E-04
       1.9990E-04  2.0531E-04  2.1645E-04  1.9894E-04  1.8939E-04  2.0722E-04  1.9767E-04  1.9672E-04  1.9067E-04  2.0276E-04
       2.0054E-04  2.1581E-04  2.0945E-04  2.0722E-04  2.1741E-04  2.0626E-04  2.0722E-04  2.1168E-04  2.1327E-04  1.9226E-04
       1.9703E-04  2.0658E-04  2.1231E-04  2.0213E-04  2.0181E-04  2.0531E-04  2.1550E-04  2.0531E-04  2.0595E-04  2.1518E-04
       2.1741E-04  2.0245E-04  2.0626E-04  2.2345E-04  2.0754E-04  2.1581E-04  2.0117E-04  2.1072E-04  2.0817E-04  1.9512E-04
       2.1741E-04  2.0690E-04  2.0276E-04  2.1199E-04  2.1136E-04  2.0245E-04  2.0149E-04  2.1963E-04  2.0754E-04  2.1263E-04
       2.0690E-04  2.1263E-04  2.0117E-04  1.9512E-04  2.0213E-04  2.0022E-04  2.0117E-04  1.8557E-04  2.1900E-04  2.0531E-04
       1.9767E-04  1.9863E-04  1.9894E-04  2.1295E-04  1.8462E-04  2.0054E-04  1.8971E-04  1.9353E-04  2.0117E-04  1.9321E-04
       1.8080E-04  2.0276E-04  2.0149E-04  1.9735E-04  1.9321E-04  1.8748E-04  1.9162E-04  1.9512E-04  1.8812E-04  1.8557E-04
       1.9576E-04  1.8971E-04  1.9863E-04  1.9544E-04  1.9130E-04  1.9035E-04  1.8112E-04  1.8462E-04  1.9544E-04  1.7921E-04
       1.9258E-04  1.8112E-04  1.7603E-04  1.7921E-04  1.7889E-04  1.8526E-04  1.7698E-04  1.7762E-04  1.7475E-04  1.7348E-04
       1.7443E-04  1.6966E-04  1.8685E-04  1.8366E-04  1.7093E-04  1.7857E-04  1.6520E-04  1.7921E-04  1.7348E-04  1.7762E-04
       1.8526E-04  1.8048E-04  1.6807E-04  1.5915E-04  1.7093E-04  1.6106E-04  1.6934E-04  1.6520E-04  1.6584E-04  1.6679E-04
       1.7539E-04  1.6457E-04  1.7380E-04  1.7316E-04  1.6329E-04  1.6393E-04  1.5693E-04  1.6743E-04  1.6234E-04  1.6297E-04
       1.7539E-04  1.5756E-04  1.6170E-04  1.6297E-04  1.5565E-04  1.6966E-04  1.4801E-04  1.6711E-04  1.5534E-04  1.5597E-04
       1.4770E-04  1.6234E-04  1.6616E-04  1.6011E-04  1.4610E-04  1.3751E-04  1.4547E-04  1.4547E-04  1.4706E-04  1.6297E-04
       1.4483E-04  1.4069E-04  1.4547E-04  1.3592E-04  1.3783E-04  1.3783E-04  1.2987E-04  1.3846E-04  1.3051E-04  1.3178E-04
       1.3433E-04  1.3974E-04  1.3051E-04  1.3242E-04  1.3401E-04  1.3687E-04  1.3242E-04  1.1491E-04  1.2064E-04  1.3051E-04
       1.2510E-04  1.1586E-04  1.2605E-04  1.1714E-04  1.2287E-04  1.2478E-04  1.1045E-04  1.0727E-04  9.8994E-05  1.1014E-04
       9.1673E-05  9.7403E-05  9.3583E-05  1.0313E-04  9.7403E-05  7.6394E-05  7.7668E-05  8.8808E-05  7.9577E-05  8.0851E-05
       6.7800E-05  6.6527E-05  6.5254E-05  6.3344E-05  6.3025E-05  5.8887E-05  5.8887E-05  5.3158E-05  6.1115E-05  5.3158E-05
       5.3794E-05  6.0797E-05  6.4617E-05  6.7800E-05  6.5890E-05  7.1301E-05  7.3530E-05  7.3211E-05  7.7986E-05  8.8172E-05
       8.4034E-05  8.3079E-05  8.5307E-05  9.4538E-05  1.2414E-04  1.1268E-04  1.1777E-04  1.3369E-04  1.6266E-04  2.0340E-04
       2.6261E-04  4.3449E-04  6.9296E-04  1.1259E-03  1.9299E-03  3.3276E-03  5.5707E-03  9.1196E-03  1.4669E-02  2.2794E-02
       3.4562E-02  5.1510E-02  7.4144E-02  1.0368E-01  1.4108E-01  1.8626E-01  2.3861E-01  2.9574E-01  3.5650E-01  4.1636E-01
       4.7130E-01  5.1524E-01  5.4678E-01  5.6016E-01  5.5627E-01  5.3437E-01  4.9586E-01  4.4492E-01  3.8647E-01  3.2323E-01
       2.6200E-01  2.0497E-01  1.5464E-01  1.1251E-01  7.9096E-02  5.3755E-02  3.5023E-02  2.2326E-02  1.3646E-02  7.9835E-03
       4.5175E-03  2.5013E-03  1.2710E-03  6.5667E-04  3.0685E-04  1.6202E-04  7.5121E-05  3.0239E-05  1.2096E-05  5.4113E-06
       9.5493E-07  3.1831E-07  0.0000E+00  6.3662E-07  0.0000E+00  0.0000E+00  0.0000E+00  0.0000E+00  0.0000E+00  0.0000E+00
       0.0000E+00  0.0000E+00  0.0000E+00  0.0000E+00  0.0000E+00  0.0000E+00  0.0000E+00  0.0000E+00  0.0000E+00  0.0000E+00
       0.0000E+00  0.0000E+00  0.0000E+00  0.0000E+00  0.0000E+00  0.0000E+00  0.0000E+00  0.0000E+00  0.0000E+00  0.0000E+00
       0.0000E+00  0.0000E+00  0.0000E+00  0.0000E+00  0.0000E+00  0.0000E+00  0.0000E+00  0.0000E+00  0.0000E+00  0.0000E+00
       0.0000E+00  0.0000E+00  0.0000E+00  0.0000E+00  0.0000E+00  0.0000E+00  0.0000E+00  0.0000E+00  0.0000E+00  0.0000E+00
       0.0000E+00  0.0000E+00  0.0000E+00  0.0000E+00  0.0000E+00  0.0000E+00  0.0000E+00  0.0000E+00  0.0000E+00  0.0000E+00
       0.0000E+00  0.0000E+00  0.0000E+00  0.0000E+00  0.0000E+00  0.0000E+00  0.0000E+00  0.0000E+00  0.0000E+00  0.0000E+00
       0.0000E+00  0.0000E+00  0.0000E+00  0.0000E+00  0.0000E+00  0.0000E+00  0.0000E+00  0.0000E+00  0.0000E+00  0.0000E+00
       0.0000E+00  0.0000E+00  0.0000E+00  0.0000E+00  0.0000E+00  0.0000E+00  0.0000E+00  0.0000E+00  0.0000E+00  0.0000E+00
       0.0000E+00  0.0000E+00  0.0000E+00  0.0000E+00  0.0000E+00  0.0000E+00  0.0000E+00  0.0000E+00  0.0000E+00  0.0000E+00
       0.0000E+00  0.0000E+00  0.0000E+00  0.0000E+00  0.0000E+00  0.0000E+00  0.0000E+00  0.0000E+00  0.0000E+00  0.0000E+00
       0.0000E+00  0.0000E+00  0.0000E+00  0.0000E+00  0.0000E+00  0.0000E+00  0.0000E+00  0.0000E+00  0.0000E+00  0.0000E+00
       0.0000E+00  0.0000E+00  0.0000E+00  0.0000E+00  0.0000E+00  0.0000E+00  0.0000E+00  0.0000E+00  0.0000E+00  0.0000E+00
       0.0000E+00  0.0000E+00  0.0000E+00  0.0000E+00  0.0000E+00  0.0000E+00  0.0000E+00  0.0000E+00  0.0000E+00  0.0000E+00
       0.0000E+00  0.0000E+00  0.0000E+00  0.0000E+00  0.0000E+00  0.0000E+00  0.0000E+00  0.0000E+00  0.0000E+00  0.0000E+00
       0.0000E+00  0.0000E+00  0.0000E+00  0.0000E+00  0.0000E+00  0.0000E+00  0.0000E+00  0.0000E+00  0.0000E+00  0.0000E+00
       0.0000E+00  0.0000E+00  0.0000E+00  0.0000E+00  0.0000E+00  0.0000E+00  0.0000E+00  0.0000E+00  0.0000E+00  0.0000E+00
       0.0000E+00  0.0000E+00  0.0000E+00  0.0000E+00  0.0000E+00  0.0000E+00  0.0000E+00  0.0000E+00  0.0000E+00  0.0000E+00
       0.0000E+00  0.0000E+00  0.0000E+00  0.0000E+00  0.0000E+00  0.0000E+00  0.0000E+00  0.0000E+00  0.0000E+00  0.0000E+00
       0.0000E+00  0.0000E+00  0.0000E+00  0.0000E+00  0.0000E+00  0.0000E+00  0.0000E+00  0.0000E+00  0.0000E+00  0.0000E+00
       0.0000E+00  0.0000E+00  0.0000E+00  0.0000E+00  0.0000E+00  0.0000E+00  0.0000E+00  0.0000E+00  0.0000E+00  0.0000E+00
       0.0000E+00  0.0000E+00  0.0000E+00  0.0000E+00  0.0000E+00  0.0000E+00  0.0000E+00  0.0000E+00  0.0000E+00  0.0000E+00
       0.0000E+00  0.0000E+00  0.0000E+00  0.0000E+00  0.0000E+00  0.0000E+00  0.0000E+00  0.0000E+00  0.0000E+00  0.0000E+00
       0.0000E+00  0.0000E+00  0.0000E+00  0.0000E+00  0.0000E+00  0.0000E+00  0.0000E+00  0.0000E+00  0.0000E+00  0.0000E+00
       0.0000E+00  0.0000E+00  0.0000E+00  0.0000E+00  0.0000E+00  0.0000E+00  0.0000E+00  0.0000E+00  0.0000E+00  0.0000E+00
       0.0000E+00  0.0000E+00  0.0000E+00  0.0000E+00  0.0000E+00  0.0000E+00  0.0000E+00  0.0000E+00  0.0000E+00  0.0000E+00
       0.0000E+00  0.0000E+00  0.0000E+00  0.0000E+00  0.0000E+00  0.0000E+00  0.0000E+00  0.0000E+00  0.0000E+00  0.0000E+00
