
 *****  Protons in Lexan (0.15GeV, 3.0cm)                                                 *****

           DATE: 12/ 1/18,  TIME:  7:59:48

          Total number of particles followed       10000000, for a total weight of  1.0000E+07

1

   Bdrx n.   2  "ofluence  " , generalized particle n.    1, from region n.     5 to region n.     4
      detector area:  1.0000E+02 cm**2
      this is a one way only estimator
      this is a fluence like estimator
      linear energy binning from   6.0000E-02 to  2.0000E-01 GeV,   650 bins ( 2.1538E-04 GeV wide)
      linear angular binning from  0.0000E+00 to  6.2832E+00 sr ,     1 bins ( 6.2832E+00 sr wide )
      Data follow in a matrix A(ie,ia), format (1(5x,1p,10(1x,e11.4)))

       5.4839E-04  5.2765E-04  5.0995E-04  4.7884E-04  5.1374E-04  5.2421E-04  5.1225E-04  5.0794E-04  5.1705E-04  5.5923E-04
       5.1897E-04  4.9530E-04  5.4564E-04  5.3388E-04  4.8832E-04  5.2840E-04  5.4547E-04  5.4025E-04  5.4923E-04  5.0446E-04
       5.1155E-04  5.3501E-04  4.9655E-04  5.0741E-04  4.8608E-04  5.5644E-04  5.4080E-04  5.4059E-04  5.5226E-04  5.1032E-04
       5.5715E-04  5.2166E-04  5.0983E-04  5.5513E-04  5.3768E-04  5.8544E-04  5.3478E-04  5.8394E-04  5.3522E-04  5.4912E-04
       5.0326E-04  5.4936E-04  5.2344E-04  5.3319E-04  6.0350E-04  5.0409E-04  5.4886E-04  5.7944E-04  5.5523E-04  5.3007E-04
       5.4272E-04  5.7800E-04  5.3988E-04  5.3286E-04  5.5407E-04  4.9218E-04  5.5452E-04  5.7415E-04  5.6242E-04  5.2528E-04
       5.3205E-04  5.4515E-04  5.3523E-04  5.1367E-04  5.2331E-04  5.5098E-04  5.4754E-04  5.5075E-04  5.1129E-04  5.3435E-04
       4.9836E-04  5.7271E-04  5.1127E-04  5.4245E-04  5.2305E-04  5.0019E-04  5.5529E-04  5.2046E-04  5.2249E-04  5.0855E-04
       5.6274E-04  5.3427E-04  5.5823E-04  5.5170E-04  5.3127E-04  5.5267E-04  5.4701E-04  5.6088E-04  5.2584E-04  5.2094E-04
       5.4522E-04  5.6581E-04  5.5557E-04  5.0194E-04  5.7430E-04  5.5825E-04  5.3286E-04  5.5851E-04  5.5786E-04  5.5411E-04
       5.3939E-04  5.3641E-04  5.2002E-04  5.3372E-04  5.5900E-04  5.5192E-04  5.4186E-04  5.3701E-04  5.2248E-04  5.1705E-04
       4.9852E-04  5.3566E-04  5.1975E-04  5.3744E-04  5.2737E-04  5.3880E-04  5.0898E-04  5.3789E-04  5.7679E-04  4.9533E-04
       5.1307E-04  5.2901E-04  5.3234E-04  5.2856E-04  5.3282E-04  5.4687E-04  5.4703E-04  5.3960E-04  5.5012E-04  5.0845E-04
       5.0374E-04  5.0798E-04  5.4375E-04  5.3466E-04  5.4424E-04  5.0698E-04  5.2438E-04  5.2456E-04  5.3173E-04  5.5205E-04
       5.4066E-04  4.9200E-04  4.9689E-04  4.7911E-04  5.0902E-04  5.4657E-04  4.9479E-04  5.2402E-04  5.3215E-04  5.0441E-04
       5.5551E-04  5.4603E-04  5.4179E-04  5.1404E-04  5.0955E-04  5.1547E-04  5.2538E-04  5.2307E-04  5.3065E-04  4.9234E-04
       5.0524E-04  4.8543E-04  5.3895E-04  5.0953E-04  5.4146E-04  4.7270E-04  5.2030E-04  4.9550E-04  4.6535E-04  4.4067E-04
       4.8045E-04  5.4256E-04  5.1647E-04  4.8530E-04  4.3612E-04  4.9636E-04  4.9394E-04  4.6213E-04  5.2594E-04  4.7361E-04
       4.7109E-04  4.5102E-04  4.9225E-04  4.4792E-04  4.6656E-04  4.6971E-04  4.7301E-04  4.8610E-04  4.4820E-04  4.4421E-04
       4.4393E-04  4.5752E-04  4.4526E-04  4.3272E-04  4.4498E-04  4.2022E-04  4.4236E-04  4.2735E-04  4.4255E-04  4.1747E-04
       4.2579E-04  4.6650E-04  4.2623E-04  4.0409E-04  4.1912E-04  4.2409E-04  4.7665E-04  4.1435E-04  4.3457E-04  4.1486E-04
       4.0996E-04  4.0719E-04  4.1774E-04  4.4415E-04  4.0004E-04  3.9863E-04  3.9959E-04  3.8974E-04  3.6448E-04  4.0122E-04
       4.2676E-04  3.8283E-04  4.0144E-04  4.3137E-04  4.0193E-04  3.6011E-04  3.9042E-04  3.8611E-04  3.8441E-04  3.8348E-04
       3.5850E-04  3.8964E-04  3.8447E-04  3.7699E-04  3.8707E-04  3.8332E-04  4.0055E-04  3.7154E-04  3.9986E-04  3.3821E-04
       3.7930E-04  3.4056E-04  3.5725E-04  3.7298E-04  3.4959E-04  3.3166E-04  3.5567E-04  3.7243E-04  3.3150E-04  3.4129E-04
       3.4213E-04  3.1569E-04  3.2297E-04  3.5363E-04  3.1234E-04  2.8197E-04  2.9288E-04  3.2845E-04  2.8532E-04  2.9888E-04
       2.7509E-04  2.8250E-04  2.9475E-04  2.8453E-04  2.8934E-04  3.0480E-04  2.3690E-04  2.4644E-04  2.4374E-04  2.4268E-04
       2.3452E-04  2.4306E-04  2.1571E-04  2.0026E-04  1.8345E-04  1.9059E-04  1.8996E-04  1.5701E-04  1.5624E-04  1.5511E-04
       1.6381E-04  1.5277E-04  1.6062E-04  1.6034E-04  1.7244E-04  1.6316E-04  1.4892E-04  1.9696E-04  1.5078E-04  1.7383E-04
       1.8417E-04  1.7002E-04  1.8461E-04  2.0540E-04  2.4013E-04  2.6189E-04  2.4987E-04  2.4192E-04  2.8806E-04  3.0144E-04
       3.2125E-04  3.7947E-04  4.1144E-04  3.9180E-04  4.2478E-04  4.2759E-04  4.3140E-04  5.4856E-04  6.4839E-04  8.7224E-04
       1.3926E-03  2.1580E-03  3.8202E-03  6.6747E-03  1.1796E-02  2.0687E-02  3.5668E-02  5.8150E-02  9.2458E-02  1.4019E-01
       2.0373E-01  2.8158E-01  3.7032E-01  4.6446E-01  5.5142E-01  6.2077E-01  6.6441E-01  6.7026E-01  6.3766E-01  5.7332E-01
       4.8585E-01  3.8736E-01  2.8929E-01  2.0246E-01  1.3397E-01  8.2605E-02  4.7762E-02  2.5828E-02  1.3109E-02  6.1746E-03
       2.6867E-03  1.0998E-03  4.0503E-04  1.3896E-04  4.3612E-05  1.2564E-05  3.6951E-06  0.0000E+00  0.0000E+00  0.0000E+00
       0.0000E+00  0.0000E+00  0.0000E+00  0.0000E+00  0.0000E+00  0.0000E+00  0.0000E+00  0.0000E+00  0.0000E+00  0.0000E+00
       0.0000E+00  0.0000E+00  0.0000E+00  0.0000E+00  0.0000E+00  0.0000E+00  0.0000E+00  0.0000E+00  0.0000E+00  0.0000E+00
       0.0000E+00  0.0000E+00  0.0000E+00  0.0000E+00  0.0000E+00  0.0000E+00  0.0000E+00  0.0000E+00  0.0000E+00  0.0000E+00
       0.0000E+00  0.0000E+00  0.0000E+00  0.0000E+00  0.0000E+00  0.0000E+00  0.0000E+00  0.0000E+00  0.0000E+00  0.0000E+00
       0.0000E+00  0.0000E+00  0.0000E+00  0.0000E+00  0.0000E+00  0.0000E+00  0.0000E+00  0.0000E+00  0.0000E+00  0.0000E+00
       0.0000E+00  0.0000E+00  0.0000E+00  0.0000E+00  0.0000E+00  0.0000E+00  0.0000E+00  0.0000E+00  0.0000E+00  0.0000E+00
       0.0000E+00  0.0000E+00  0.0000E+00  0.0000E+00  0.0000E+00  0.0000E+00  0.0000E+00  0.0000E+00  0.0000E+00  0.0000E+00
       0.0000E+00  0.0000E+00  0.0000E+00  0.0000E+00  0.0000E+00  0.0000E+00  0.0000E+00  0.0000E+00  0.0000E+00  0.0000E+00
       0.0000E+00  0.0000E+00  0.0000E+00  0.0000E+00  0.0000E+00  0.0000E+00  0.0000E+00  0.0000E+00  0.0000E+00  0.0000E+00
       0.0000E+00  0.0000E+00  0.0000E+00  0.0000E+00  0.0000E+00  0.0000E+00  0.0000E+00  0.0000E+00  0.0000E+00  0.0000E+00
       0.0000E+00  0.0000E+00  0.0000E+00  0.0000E+00  0.0000E+00  0.0000E+00  0.0000E+00  0.0000E+00  0.0000E+00  0.0000E+00
       0.0000E+00  0.0000E+00  0.0000E+00  0.0000E+00  0.0000E+00  0.0000E+00  0.0000E+00  0.0000E+00  0.0000E+00  0.0000E+00
       0.0000E+00  0.0000E+00  0.0000E+00  0.0000E+00  0.0000E+00  0.0000E+00  0.0000E+00  0.0000E+00  0.0000E+00  0.0000E+00
       0.0000E+00  0.0000E+00  0.0000E+00  0.0000E+00  0.0000E+00  0.0000E+00  0.0000E+00  0.0000E+00  0.0000E+00  0.0000E+00
       0.0000E+00  0.0000E+00  0.0000E+00  0.0000E+00  0.0000E+00  0.0000E+00  0.0000E+00  0.0000E+00  0.0000E+00  0.0000E+00
       0.0000E+00  0.0000E+00  0.0000E+00  0.0000E+00  0.0000E+00  0.0000E+00  0.0000E+00  0.0000E+00  0.0000E+00  0.0000E+00
       0.0000E+00  0.0000E+00  0.0000E+00  0.0000E+00  0.0000E+00  0.0000E+00  0.0000E+00  0.0000E+00  0.0000E+00  0.0000E+00
       0.0000E+00  0.0000E+00  0.0000E+00  0.0000E+00  0.0000E+00  0.0000E+00  0.0000E+00  0.0000E+00  0.0000E+00  0.0000E+00
       0.0000E+00  0.0000E+00  0.0000E+00  0.0000E+00  0.0000E+00  0.0000E+00  0.0000E+00  0.0000E+00  0.0000E+00  0.0000E+00
       0.0000E+00  0.0000E+00  0.0000E+00  0.0000E+00  0.0000E+00  0.0000E+00  0.0000E+00  0.0000E+00  0.0000E+00  0.0000E+00
       0.0000E+00  0.0000E+00  0.0000E+00  0.0000E+00  0.0000E+00  0.0000E+00  0.0000E+00  0.0000E+00  0.0000E+00  0.0000E+00
       0.0000E+00  0.0000E+00  0.0000E+00  0.0000E+00  0.0000E+00  0.0000E+00  0.0000E+00  0.0000E+00  0.0000E+00  0.0000E+00
       0.0000E+00  0.0000E+00  0.0000E+00  0.0000E+00  0.0000E+00  0.0000E+00  0.0000E+00  0.0000E+00  0.0000E+00  0.0000E+00
       0.0000E+00  0.0000E+00  0.0000E+00  0.0000E+00  0.0000E+00  0.0000E+00  0.0000E+00  0.0000E+00  0.0000E+00  0.0000E+00
       0.0000E+00  0.0000E+00  0.0000E+00  0.0000E+00  0.0000E+00  0.0000E+00  0.0000E+00  0.0000E+00  0.0000E+00  0.0000E+00
       0.0000E+00  0.0000E+00  0.0000E+00  0.0000E+00  0.0000E+00  0.0000E+00  0.0000E+00  0.0000E+00  0.0000E+00  0.0000E+00
       0.0000E+00  0.0000E+00  0.0000E+00  0.0000E+00  0.0000E+00  0.0000E+00  0.0000E+00  0.0000E+00  0.0000E+00  0.0000E+00
       0.0000E+00  0.0000E+00  0.0000E+00  0.0000E+00  0.0000E+00  0.0000E+00  0.0000E+00  0.0000E+00  0.0000E+00  0.0000E+00
       0.0000E+00  0.0000E+00  0.0000E+00  0.0000E+00  0.0000E+00  0.0000E+00  0.0000E+00  0.0000E+00  0.0000E+00  0.0000E+00
       0.0000E+00  0.0000E+00  0.0000E+00  0.0000E+00  0.0000E+00  0.0000E+00  0.0000E+00  0.0000E+00  0.0000E+00  0.0000E+00
1

   Bdrx n.   6  "ofluence  " , generalized particle n.    1, from region n.     5 to region n.     4
      detector area:  1.0000E+02 cm**2
      this is a one way only estimator
      this is a fluence like estimator
      linear energy binning from   0.0000E+00 to  3.0000E+02 GeV,     1 bins ( 3.0000E+02 GeV wide)
      linear angular binning from  0.0000E+00 to  6.2832E+00 sr ,     1 bins ( 6.2832E+00 sr wide )
      Data follow in a matrix A(ie,ia), format (1(5x,1p,10(1x,e11.4)))

       5.2712E-06
