
 *****  Protons in Lexan (0.15GeV, 3.0cm)                                                 *****

           DATE: 12/ 1/18,  TIME:  7:59:48

          Total number of particles followed       10000000, for a total weight of  1.0000E+07

1

   Res. nuclei n.   1  "Ian       " ,  all         products, region n.     5
      detector volume:  1.0000E+00 cm**3
      Max. Z:  10, Max. N-Z:  11 Min. N-Z: -4
      Data follow in a matrix A(z,n-z-k), k: -5 format (1(5x,1p,10(1x,e11.4)))

       0.0000E+00  0.0000E+00  0.0000E+00  0.0000E+00  0.0000E+00  0.0000E+00  0.0000E+00  0.0000E+00  0.0000E+00  0.0000E+00
       0.0000E+00  0.0000E+00  0.0000E+00  0.0000E+00  0.0000E+00  2.1600E-05  0.0000E+00  1.2000E-06  0.0000E+00  0.0000E+00
       0.0000E+00  0.0000E+00  0.0000E+00  0.0000E+00  1.7160E-04  2.7820E-04  4.0900E-05  5.4600E-05  0.0000E+00  0.0000E+00
       4.3007E-02  4.8753E-03  0.0000E+00  2.2834E-03  0.0000E+00  6.3916E-03  9.0300E-05  1.5198E-03  1.0000E-07  0.0000E+00
       1.0155E-02  3.8607E-02  3.1065E-03  0.0000E+00  2.0677E-03  1.1785E-02  7.4150E-04  1.3882E-03  3.0000E-07  5.0000E-07
       2.3709E-03  0.0000E+00  1.5725E-03  4.5012E-04  3.7149E-03  4.4825E-04  9.4514E-04  1.3261E-06  2.0000E-07  0.0000E+00
       0.0000E+00  8.8500E-05  1.3090E-04  2.4260E-04  4.1129E-05  8.8200E-05  2.6094E-06  2.8000E-06  0.0000E+00  0.0000E+00
       0.0000E+00  0.0000E+00  5.3000E-06  1.0000E-06  1.8000E-06  1.0000E-07  1.2000E-06  0.0000E+00  0.0000E+00  0.0000E+00
       0.0000E+00  2.0000E-07  0.0000E+00  0.0000E+00  0.0000E+00  0.0000E+00  0.0000E+00  0.0000E+00  0.0000E+00  0.0000E+00
       0.0000E+00  0.0000E+00  0.0000E+00  0.0000E+00  0.0000E+00  0.0000E+00  0.0000E+00  0.0000E+00  0.0000E+00  0.0000E+00
       0.0000E+00  0.0000E+00  0.0000E+00  0.0000E+00  0.0000E+00  0.0000E+00  0.0000E+00  0.0000E+00  0.0000E+00  0.0000E+00
       0.0000E+00  0.0000E+00  0.0000E+00  0.0000E+00  0.0000E+00  0.0000E+00  0.0000E+00  0.0000E+00  0.0000E+00  0.0000E+00
       0.0000E+00  0.0000E+00  0.0000E+00  0.0000E+00  0.0000E+00  0.0000E+00  0.0000E+00  0.0000E+00  0.0000E+00  0.0000E+00
       0.0000E+00  0.0000E+00  0.0000E+00  0.0000E+00  0.0000E+00  0.0000E+00  0.0000E+00  0.0000E+00  0.0000E+00  0.0000E+00
       0.0000E+00  0.0000E+00  0.0000E+00  0.0000E+00  0.0000E+00  0.0000E+00  0.0000E+00  0.0000E+00  0.0000E+00  0.0000E+00
       0.0000E+00  0.0000E+00  0.0000E+00  0.0000E+00  0.0000E+00  0.0000E+00  0.0000E+00  0.0000E+00  0.0000E+00  0.0000E+00
