
 *****  Protons in Lexan (0.20GeV, 0cm)                                                   *****

           DATE: 12/20/18,  TIME: 19:47:35

          Total number of particles followed       50000000, for a total weight of  5.0000E+07

1

   Bdrx n.   2  "ofluence  " , generalized particle n.    1, from region n.     5 to region n.     4
      detector area:  1.0000E+02 cm**2
      this is a one way only estimator
      this is a fluence like estimator
      linear energy binning from   1.2000E-01 to  2.5000E-01 GeV,   650 bins ( 2.0000E-04 GeV wide)
      linear angular binning from  0.0000E+00 to  6.2832E+00 sr ,     1 bins ( 6.2832E+00 sr wide )
      Data follow in a matrix A(ie,ia), format (1(5x,1p,10(1x,e11.4)))

       1.6132E-04  1.5878E-04  1.5646E-04  1.5135E-04  1.5960E-04  1.5380E-04  1.5447E-04  1.5998E-04  1.6001E-04  1.6154E-04
       1.5434E-04  1.5060E-04  1.5725E-04  1.6501E-04  1.5590E-04  1.5755E-04  1.6153E-04  1.6349E-04  1.5476E-04  1.5986E-04
       1.5029E-04  1.6093E-04  1.5606E-04  1.4695E-04  1.5179E-04  1.6044E-04  1.5314E-04  1.5982E-04  1.5565E-04  1.6056E-04
       1.6013E-04  1.7277E-04  1.5600E-04  1.5941E-04  1.4996E-04  1.4931E-04  1.5337E-04  1.6581E-04  1.5323E-04  1.6400E-04
       1.5519E-04  1.5507E-04  1.5323E-04  1.5638E-04  1.5624E-04  1.5455E-04  1.6156E-04  1.5927E-04  1.5015E-04  1.5596E-04
       1.5310E-04  1.5375E-04  1.5823E-04  1.6259E-04  1.5881E-04  1.5803E-04  1.6269E-04  1.6245E-04  1.4934E-04  1.4371E-04
       1.5793E-04  1.5719E-04  1.4937E-04  1.5523E-04  1.4235E-04  1.5879E-04  1.5728E-04  1.5240E-04  1.5316E-04  1.4890E-04
       1.6928E-04  1.5778E-04  1.4442E-04  1.5358E-04  1.5944E-04  1.4861E-04  1.6365E-04  1.5988E-04  1.4695E-04  1.4445E-04
       1.5487E-04  1.5327E-04  1.5743E-04  1.4790E-04  1.4826E-04  1.5869E-04  1.4295E-04  1.5384E-04  1.5468E-04  1.4941E-04
       1.4968E-04  1.4179E-04  1.4997E-04  1.4866E-04  1.4896E-04  1.5316E-04  1.5432E-04  1.5291E-04  1.4430E-04  1.4779E-04
       1.5511E-04  1.4496E-04  1.4485E-04  1.3891E-04  1.4792E-04  1.5456E-04  1.4729E-04  1.5567E-04  1.4464E-04  1.4839E-04
       1.3872E-04  1.5148E-04  1.5221E-04  1.4973E-04  1.5327E-04  1.4749E-04  1.4965E-04  1.4472E-04  1.5512E-04  1.5595E-04
       1.4211E-04  1.4061E-04  1.4017E-04  1.4252E-04  1.3865E-04  1.3241E-04  1.4347E-04  1.3944E-04  1.4809E-04  1.5000E-04
       1.4592E-04  1.3007E-04  1.4334E-04  1.4394E-04  1.4773E-04  1.4522E-04  1.4713E-04  1.4328E-04  1.4594E-04  1.4656E-04
       1.4226E-04  1.4674E-04  1.3452E-04  1.4684E-04  1.4472E-04  1.4278E-04  1.4180E-04  1.4539E-04  1.4655E-04  1.4415E-04
       1.4911E-04  1.5314E-04  1.4367E-04  1.4578E-04  1.3899E-04  1.4331E-04  1.5123E-04  1.4725E-04  1.4676E-04  1.4907E-04
       1.3585E-04  1.4604E-04  1.4226E-04  1.3502E-04  1.3959E-04  1.5194E-04  1.3965E-04  1.5024E-04  1.3899E-04  1.4564E-04
       1.3919E-04  1.4166E-04  1.4408E-04  1.3327E-04  1.4597E-04  1.3620E-04  1.4100E-04  1.4111E-04  1.3791E-04  1.3105E-04
       1.4080E-04  1.3544E-04  1.3336E-04  1.3781E-04  1.3123E-04  1.3871E-04  1.3896E-04  1.3621E-04  1.3678E-04  1.3802E-04
       1.3844E-04  1.3720E-04  1.3703E-04  1.4005E-04  1.3420E-04  1.4176E-04  1.3441E-04  1.3182E-04  1.3816E-04  1.4032E-04
       1.2589E-04  1.2729E-04  1.3141E-04  1.3618E-04  1.3603E-04  1.2905E-04  1.3874E-04  1.1296E-04  1.2983E-04  1.2675E-04
       1.3118E-04  1.3522E-04  1.3104E-04  1.2609E-04  1.3132E-04  1.3478E-04  1.2162E-04  1.1630E-04  1.2753E-04  1.2169E-04
       1.2699E-04  1.2764E-04  1.1823E-04  1.1473E-04  1.2575E-04  1.2440E-04  1.2050E-04  1.1796E-04  1.1651E-04  1.1696E-04
       1.1896E-04  1.1738E-04  1.1866E-04  1.1605E-04  1.1704E-04  1.1438E-04  1.1998E-04  1.0863E-04  1.1263E-04  1.1873E-04
       1.1592E-04  1.0568E-04  1.1172E-04  1.0990E-04  1.0961E-04  1.1306E-04  1.0983E-04  1.1381E-04  1.0669E-04  1.1244E-04
       1.0609E-04  1.1084E-04  1.1083E-04  1.0294E-04  1.0576E-04  1.0426E-04  1.0812E-04  1.0408E-04  1.0661E-04  1.0546E-04
       1.0846E-04  1.0229E-04  1.0943E-04  9.5368E-05  1.0574E-04  1.0163E-04  1.0208E-04  1.0533E-04  1.0170E-04  1.0209E-04
       1.0075E-04  1.0879E-04  1.0311E-04  9.9820E-05  9.8587E-05  9.2539E-05  9.5374E-05  9.6370E-05  9.3749E-05  9.0860E-05
       9.6804E-05  9.4027E-05  8.8765E-05  9.7268E-05  8.9823E-05  9.4639E-05  9.4687E-05  8.5944E-05  8.6967E-05  9.2350E-05
       8.5580E-05  7.9624E-05  8.1232E-05  8.9587E-05  8.6296E-05  8.4827E-05  8.4415E-05  7.8833E-05  8.2737E-05  7.9897E-05
       7.5704E-05  7.4618E-05  7.7923E-05  8.0380E-05  7.1720E-05  8.2887E-05  7.1704E-05  6.7240E-05  6.9217E-05  6.9113E-05
       6.8385E-05  6.2868E-05  6.1774E-05  5.2429E-05  5.4592E-05  5.5608E-05  5.5465E-05  4.8275E-05  4.8278E-05  5.0564E-05
       5.0332E-05  4.7246E-05  4.2113E-05  3.6792E-05  4.0448E-05  3.4544E-05  3.9902E-05  4.1822E-05  4.0160E-05  3.7073E-05
       3.6008E-05  3.4999E-05  3.7994E-05  4.2396E-05  4.1840E-05  4.1501E-05  3.9360E-05  4.7040E-05  4.9479E-05  5.1686E-05
       4.7982E-05  5.5763E-05  5.7473E-05  6.0528E-05  6.8141E-05  7.1571E-05  7.0042E-05  7.0913E-05  7.7893E-05  7.0741E-05
       8.1055E-05  7.3932E-05  8.7238E-05  9.8163E-05  1.3538E-04  2.4662E-04  4.4088E-04  9.2215E-04  1.8501E-03  3.6967E-03
       7.1581E-03  1.3406E-02  2.3959E-02  4.1247E-02  6.7944E-02  1.0660E-01  1.5977E-01  2.2895E-01  3.1197E-01  4.0537E-01
       5.0148E-01  5.8994E-01  6.5968E-01  7.0188E-01  7.0882E-01  6.7952E-01  6.1911E-01  5.3464E-01  4.3846E-01  3.4034E-01
       2.5079E-01  1.7512E-01  1.1570E-01  7.2310E-02  4.3000E-02  2.4093E-02  1.2770E-02  6.4112E-03  3.0408E-03  1.3947E-03
       5.9384E-04  2.3429E-04  8.9450E-05  3.0718E-05  1.2256E-05  3.8199E-06  4.7748E-07  0.0000E+00  0.0000E+00  0.0000E+00
       0.0000E+00  0.0000E+00  0.0000E+00  0.0000E+00  0.0000E+00  0.0000E+00  0.0000E+00  0.0000E+00  0.0000E+00  0.0000E+00
       0.0000E+00  0.0000E+00  0.0000E+00  0.0000E+00  0.0000E+00  0.0000E+00  0.0000E+00  0.0000E+00  0.0000E+00  0.0000E+00
       0.0000E+00  0.0000E+00  0.0000E+00  0.0000E+00  0.0000E+00  0.0000E+00  0.0000E+00  0.0000E+00  0.0000E+00  0.0000E+00
       0.0000E+00  0.0000E+00  0.0000E+00  0.0000E+00  0.0000E+00  0.0000E+00  0.0000E+00  0.0000E+00  0.0000E+00  0.0000E+00
       0.0000E+00  0.0000E+00  0.0000E+00  0.0000E+00  0.0000E+00  0.0000E+00  0.0000E+00  0.0000E+00  0.0000E+00  0.0000E+00
       0.0000E+00  0.0000E+00  0.0000E+00  0.0000E+00  0.0000E+00  0.0000E+00  0.0000E+00  0.0000E+00  0.0000E+00  0.0000E+00
       0.0000E+00  0.0000E+00  0.0000E+00  0.0000E+00  0.0000E+00  0.0000E+00  0.0000E+00  0.0000E+00  0.0000E+00  0.0000E+00
       0.0000E+00  0.0000E+00  0.0000E+00  0.0000E+00  0.0000E+00  0.0000E+00  0.0000E+00  0.0000E+00  0.0000E+00  0.0000E+00
       0.0000E+00  0.0000E+00  0.0000E+00  0.0000E+00  0.0000E+00  0.0000E+00  0.0000E+00  0.0000E+00  0.0000E+00  0.0000E+00
       0.0000E+00  0.0000E+00  0.0000E+00  0.0000E+00  0.0000E+00  0.0000E+00  0.0000E+00  0.0000E+00  0.0000E+00  0.0000E+00
       0.0000E+00  0.0000E+00  0.0000E+00  0.0000E+00  0.0000E+00  0.0000E+00  0.0000E+00  0.0000E+00  0.0000E+00  0.0000E+00
       0.0000E+00  0.0000E+00  0.0000E+00  0.0000E+00  0.0000E+00  0.0000E+00  0.0000E+00  0.0000E+00  0.0000E+00  0.0000E+00
       0.0000E+00  0.0000E+00  0.0000E+00  0.0000E+00  0.0000E+00  0.0000E+00  0.0000E+00  0.0000E+00  0.0000E+00  0.0000E+00
       0.0000E+00  0.0000E+00  0.0000E+00  0.0000E+00  0.0000E+00  0.0000E+00  0.0000E+00  0.0000E+00  0.0000E+00  0.0000E+00
       0.0000E+00  0.0000E+00  0.0000E+00  0.0000E+00  0.0000E+00  0.0000E+00  0.0000E+00  0.0000E+00  0.0000E+00  0.0000E+00
       0.0000E+00  0.0000E+00  0.0000E+00  0.0000E+00  0.0000E+00  0.0000E+00  0.0000E+00  0.0000E+00  0.0000E+00  0.0000E+00
       0.0000E+00  0.0000E+00  0.0000E+00  0.0000E+00  0.0000E+00  0.0000E+00  0.0000E+00  0.0000E+00  0.0000E+00  0.0000E+00
       0.0000E+00  0.0000E+00  0.0000E+00  0.0000E+00  0.0000E+00  0.0000E+00  0.0000E+00  0.0000E+00  0.0000E+00  0.0000E+00
       0.0000E+00  0.0000E+00  0.0000E+00  0.0000E+00  0.0000E+00  0.0000E+00  0.0000E+00  0.0000E+00  0.0000E+00  0.0000E+00
       0.0000E+00  0.0000E+00  0.0000E+00  0.0000E+00  0.0000E+00  0.0000E+00  0.0000E+00  0.0000E+00  0.0000E+00  0.0000E+00
       0.0000E+00  0.0000E+00  0.0000E+00  0.0000E+00  0.0000E+00  0.0000E+00  0.0000E+00  0.0000E+00  0.0000E+00  0.0000E+00
       0.0000E+00  0.0000E+00  0.0000E+00  0.0000E+00  0.0000E+00  0.0000E+00  0.0000E+00  0.0000E+00  0.0000E+00  0.0000E+00
       0.0000E+00  0.0000E+00  0.0000E+00  0.0000E+00  0.0000E+00  0.0000E+00  0.0000E+00  0.0000E+00  0.0000E+00  0.0000E+00
       0.0000E+00  0.0000E+00  0.0000E+00  0.0000E+00  0.0000E+00  0.0000E+00  0.0000E+00  0.0000E+00  0.0000E+00  0.0000E+00
       0.0000E+00  0.0000E+00  0.0000E+00  0.0000E+00  0.0000E+00  0.0000E+00  0.0000E+00  0.0000E+00  0.0000E+00  0.0000E+00
1

   Bdrx n.   6  "ofluence  " , generalized particle n.    1, from region n.     5 to region n.     4
      detector area:  1.0000E+02 cm**2
      this is a one way only estimator
      this is a fluence like estimator
      linear energy binning from   0.0000E+00 to  3.0000E+02 GeV,     1 bins ( 3.0000E+02 GeV wide)
      linear angular binning from  0.0000E+00 to  6.2832E+00 sr ,     1 bins ( 6.2832E+00 sr wide )
      Data follow in a matrix A(ie,ia), format (1(5x,1p,10(1x,e11.4)))

       5.3383E-06
