
 *****  Protons in Lexan (0.20GeV, 0cm)                                                   *****

           DATE: 12/20/18,  TIME: 19:47:35

          Total number of particles followed       50000000, for a total weight of  5.0000E+07

1

   Res. nuclei n.   1  "Ian       " ,  all         products, region n.     5
      detector volume:  1.0000E+00 cm**3
      Max. Z:  10, Max. N-Z:  11 Min. N-Z: -4
      Data follow in a matrix A(z,n-z-k), k: -5 format (1(5x,1p,10(1x,e11.4)))

       0.0000E+00  0.0000E+00  0.0000E+00  0.0000E+00  0.0000E+00  0.0000E+00  0.0000E+00  0.0000E+00  0.0000E+00  0.0000E+00
       0.0000E+00  0.0000E+00  0.0000E+00  0.0000E+00  0.0000E+00  7.3000E-06  0.0000E+00  4.2000E-07  0.0000E+00  0.0000E+00
       0.0000E+00  0.0000E+00  0.0000E+00  0.0000E+00  5.3060E-05  1.0746E-04  1.2440E-05  2.3560E-05  0.0000E+00  0.0000E+00
       9.1242E-03  1.4518E-03  0.0000E+00  6.8668E-04  0.0000E+00  2.0841E-03  2.9420E-05  4.9830E-04  0.0000E+00  0.0000E+00
       2.3465E-03  1.1260E-02  9.3492E-04  0.0000E+00  7.0990E-04  2.4847E-03  2.3534E-04  2.9360E-04  2.0000E-08  1.4000E-07
       7.5128E-04  0.0000E+00  5.1360E-04  1.4336E-04  1.2991E-03  1.3032E-04  3.1832E-04  4.8000E-07  2.0000E-08  0.0000E+00
       0.0000E+00  3.2080E-05  4.2020E-05  9.3920E-05  1.3040E-05  3.2880E-05  4.4000E-07  3.6000E-07  0.0000E+00  0.0000E+00
       0.0000E+00  0.0000E+00  3.5400E-06  4.0000E-07  8.4000E-07  8.0000E-08  3.4000E-07  0.0000E+00  0.0000E+00  0.0000E+00
       0.0000E+00  8.0000E-08  0.0000E+00  2.0000E-08  0.0000E+00  2.0000E-08  0.0000E+00  0.0000E+00  0.0000E+00  0.0000E+00
       0.0000E+00  0.0000E+00  0.0000E+00  0.0000E+00  0.0000E+00  0.0000E+00  0.0000E+00  0.0000E+00  0.0000E+00  0.0000E+00
       0.0000E+00  0.0000E+00  0.0000E+00  0.0000E+00  0.0000E+00  0.0000E+00  0.0000E+00  0.0000E+00  0.0000E+00  0.0000E+00
       0.0000E+00  0.0000E+00  0.0000E+00  0.0000E+00  0.0000E+00  0.0000E+00  0.0000E+00  0.0000E+00  0.0000E+00  0.0000E+00
       0.0000E+00  0.0000E+00  0.0000E+00  0.0000E+00  0.0000E+00  0.0000E+00  0.0000E+00  0.0000E+00  0.0000E+00  0.0000E+00
       0.0000E+00  0.0000E+00  0.0000E+00  0.0000E+00  0.0000E+00  0.0000E+00  0.0000E+00  0.0000E+00  0.0000E+00  0.0000E+00
       0.0000E+00  0.0000E+00  0.0000E+00  0.0000E+00  0.0000E+00  0.0000E+00  0.0000E+00  0.0000E+00  0.0000E+00  0.0000E+00
       0.0000E+00  0.0000E+00  0.0000E+00  0.0000E+00  0.0000E+00  0.0000E+00  0.0000E+00  0.0000E+00  0.0000E+00  0.0000E+00
