
 *****  Protons in Lexan (0.20GeV, 0cm)                                                   *****

           DATE: 12/20/18,  TIME: 19:47:35

          Total number of particles followed       50000000, for a total weight of  5.0000E+07

1

   Bdrx n.   4  "ocurrent  " , generalized particle n.    1, from region n.     5 to region n.     4
      detector area:  1.0000E+02 cm**2
      this is a one way only estimator
      this is a current like estimator
      linear energy binning from   1.2000E-01 to  2.5000E-01 GeV,   650 bins ( 2.0000E-04 GeV wide)
      linear angular binning from  0.0000E+00 to  6.2832E+00 sr ,     1 bins ( 6.2832E+00 sr wide )
      Data follow in a matrix A(ie,ia), format (1(5x,1p,10(1x,e11.4)))

       1.2589E-04  1.2398E-04  1.2319E-04  1.1857E-04  1.2414E-04  1.2080E-04  1.2048E-04  1.2350E-04  1.2335E-04  1.2653E-04
       1.2175E-04  1.1857E-04  1.2287E-04  1.2955E-04  1.2223E-04  1.2223E-04  1.2605E-04  1.2685E-04  1.2398E-04  1.2748E-04
       1.1746E-04  1.2430E-04  1.2366E-04  1.1666E-04  1.2144E-04  1.2828E-04  1.2080E-04  1.2573E-04  1.2462E-04  1.2653E-04
       1.2860E-04  1.3624E-04  1.2478E-04  1.2653E-04  1.2096E-04  1.1953E-04  1.2414E-04  1.3226E-04  1.2335E-04  1.2876E-04
       1.2494E-04  1.2430E-04  1.2287E-04  1.2510E-04  1.2525E-04  1.2335E-04  1.3051E-04  1.2541E-04  1.2128E-04  1.2525E-04
       1.2350E-04  1.2510E-04  1.2828E-04  1.3146E-04  1.2748E-04  1.2828E-04  1.3226E-04  1.3162E-04  1.2080E-04  1.1507E-04
       1.2860E-04  1.2844E-04  1.2080E-04  1.2541E-04  1.1714E-04  1.2844E-04  1.2876E-04  1.2541E-04  1.2510E-04  1.2144E-04
       1.3719E-04  1.3019E-04  1.1825E-04  1.2621E-04  1.3035E-04  1.2255E-04  1.3258E-04  1.3130E-04  1.1953E-04  1.1905E-04
       1.2716E-04  1.2748E-04  1.2955E-04  1.2287E-04  1.2335E-04  1.2892E-04  1.1873E-04  1.2828E-04  1.2812E-04  1.2430E-04
       1.2382E-04  1.1825E-04  1.2669E-04  1.2350E-04  1.2573E-04  1.2812E-04  1.2860E-04  1.2748E-04  1.2032E-04  1.2335E-04
       1.2685E-04  1.2064E-04  1.2016E-04  1.1746E-04  1.2414E-04  1.3098E-04  1.2335E-04  1.3051E-04  1.2255E-04  1.2414E-04
       1.1650E-04  1.2621E-04  1.2701E-04  1.2605E-04  1.2955E-04  1.2525E-04  1.2557E-04  1.2271E-04  1.3003E-04  1.3130E-04
       1.1937E-04  1.2000E-04  1.1953E-04  1.1921E-04  1.1714E-04  1.1316E-04  1.2223E-04  1.1762E-04  1.2653E-04  1.2748E-04
       1.2366E-04  1.0966E-04  1.2287E-04  1.2207E-04  1.2541E-04  1.2398E-04  1.2589E-04  1.2255E-04  1.2478E-04  1.2637E-04
       1.2223E-04  1.2621E-04  1.1443E-04  1.2589E-04  1.2398E-04  1.2287E-04  1.2032E-04  1.2621E-04  1.2716E-04  1.2319E-04
       1.2907E-04  1.3226E-04  1.2510E-04  1.2637E-04  1.2048E-04  1.2510E-04  1.3130E-04  1.2748E-04  1.2589E-04  1.2844E-04
       1.1841E-04  1.2637E-04  1.2414E-04  1.1714E-04  1.2175E-04  1.3258E-04  1.2223E-04  1.3098E-04  1.2112E-04  1.2716E-04
       1.2144E-04  1.2382E-04  1.2637E-04  1.1777E-04  1.2780E-04  1.1825E-04  1.2446E-04  1.2446E-04  1.2128E-04  1.1491E-04
       1.2366E-04  1.1921E-04  1.1618E-04  1.2080E-04  1.1523E-04  1.2223E-04  1.2239E-04  1.2080E-04  1.2080E-04  1.2128E-04
       1.2239E-04  1.2096E-04  1.2064E-04  1.2446E-04  1.1937E-04  1.2557E-04  1.1793E-04  1.1682E-04  1.2366E-04  1.2541E-04
       1.1173E-04  1.1332E-04  1.1746E-04  1.2175E-04  1.2144E-04  1.1555E-04  1.2144E-04  1.0043E-04  1.1634E-04  1.1316E-04
       1.1777E-04  1.2080E-04  1.1793E-04  1.1268E-04  1.1793E-04  1.2032E-04  1.0966E-04  1.0472E-04  1.1459E-04  1.0918E-04
       1.1443E-04  1.1523E-04  1.0600E-04  1.0345E-04  1.1284E-04  1.1300E-04  1.0838E-04  1.0632E-04  1.0520E-04  1.0568E-04
       1.0854E-04  1.0647E-04  1.0695E-04  1.0584E-04  1.0616E-04  1.0393E-04  1.0998E-04  9.8835E-05  1.0265E-04  1.0838E-04
       1.0377E-04  9.6289E-05  1.0106E-04  9.9631E-05  1.0043E-04  1.0329E-04  1.0027E-04  1.0361E-04  9.7403E-05  1.0297E-04
       9.7244E-05  1.0154E-04  1.0154E-04  9.4061E-05  9.7562E-05  9.5493E-05  9.8994E-05  9.5175E-05  9.8358E-05  9.7244E-05
       9.9313E-05  9.4379E-05  1.0090E-04  8.7694E-05  9.7880E-05  9.4379E-05  9.4856E-05  9.7085E-05  9.4061E-05  9.3742E-05
       9.2787E-05  1.0011E-04  9.5175E-05  9.2310E-05  9.0718E-05  8.5625E-05  8.9286E-05  8.9923E-05  8.7376E-05  8.3397E-05
       9.0241E-05  8.7854E-05  8.3238E-05  9.0718E-05  8.4034E-05  8.8490E-05  8.8808E-05  8.0851E-05  8.1646E-05  8.6262E-05
       7.9896E-05  7.4962E-05  7.5758E-05  8.4352E-05  8.1646E-05  7.9418E-05  7.9100E-05  7.4644E-05  7.8145E-05  7.5599E-05
       7.1461E-05  7.0665E-05  7.4007E-05  7.5758E-05  6.7959E-05  7.6235E-05  6.8277E-05  6.3344E-05  6.5572E-05  6.5890E-05
       6.3185E-05  5.9683E-05  5.8410E-05  4.9497E-05  5.1566E-05  5.2680E-05  5.0930E-05  4.5518E-05  4.5359E-05  4.5518E-05
       4.6792E-05  4.4086E-05  3.9470E-05  3.3900E-05  3.7242E-05  3.1672E-05  3.6287E-05  3.7879E-05  3.5810E-05  3.4218E-05
       3.2627E-05  3.1672E-05  3.5014E-05  3.7083E-05  3.8356E-05  3.7879E-05  3.6287E-05  4.2335E-05  4.5677E-05  4.5518E-05
       4.5200E-05  5.2203E-05  5.4113E-05  5.7296E-05  6.3662E-05  6.7959E-05  6.7163E-05  6.8277E-05  7.4644E-05  6.7482E-05
       7.7986E-05  6.9869E-05  8.3556E-05  9.4856E-05  1.3019E-04  2.4112E-04  4.3402E-04  9.1546E-04  1.8406E-03  3.6856E-03
       7.1451E-03  1.3391E-02  2.3942E-02  4.1226E-02  6.7918E-02  1.0657E-01  1.5974E-01  2.2891E-01  3.1192E-01  4.0532E-01
       5.0142E-01  5.8988E-01  6.5962E-01  7.0182E-01  7.0876E-01  6.7947E-01  6.1907E-01  5.3460E-01  4.3843E-01  3.4032E-01
       2.5077E-01  1.7511E-01  1.1569E-01  7.2306E-02  4.2998E-02  2.4091E-02  1.2769E-02  6.4109E-03  3.0407E-03  1.3947E-03
       5.9381E-04  2.3428E-04  8.9445E-05  3.0717E-05  1.2255E-05  3.8197E-06  4.7746E-07  0.0000E+00  0.0000E+00  0.0000E+00
       0.0000E+00  0.0000E+00  0.0000E+00  0.0000E+00  0.0000E+00  0.0000E+00  0.0000E+00  0.0000E+00  0.0000E+00  0.0000E+00
       0.0000E+00  0.0000E+00  0.0000E+00  0.0000E+00  0.0000E+00  0.0000E+00  0.0000E+00  0.0000E+00  0.0000E+00  0.0000E+00
       0.0000E+00  0.0000E+00  0.0000E+00  0.0000E+00  0.0000E+00  0.0000E+00  0.0000E+00  0.0000E+00  0.0000E+00  0.0000E+00
       0.0000E+00  0.0000E+00  0.0000E+00  0.0000E+00  0.0000E+00  0.0000E+00  0.0000E+00  0.0000E+00  0.0000E+00  0.0000E+00
       0.0000E+00  0.0000E+00  0.0000E+00  0.0000E+00  0.0000E+00  0.0000E+00  0.0000E+00  0.0000E+00  0.0000E+00  0.0000E+00
       0.0000E+00  0.0000E+00  0.0000E+00  0.0000E+00  0.0000E+00  0.0000E+00  0.0000E+00  0.0000E+00  0.0000E+00  0.0000E+00
       0.0000E+00  0.0000E+00  0.0000E+00  0.0000E+00  0.0000E+00  0.0000E+00  0.0000E+00  0.0000E+00  0.0000E+00  0.0000E+00
       0.0000E+00  0.0000E+00  0.0000E+00  0.0000E+00  0.0000E+00  0.0000E+00  0.0000E+00  0.0000E+00  0.0000E+00  0.0000E+00
       0.0000E+00  0.0000E+00  0.0000E+00  0.0000E+00  0.0000E+00  0.0000E+00  0.0000E+00  0.0000E+00  0.0000E+00  0.0000E+00
       0.0000E+00  0.0000E+00  0.0000E+00  0.0000E+00  0.0000E+00  0.0000E+00  0.0000E+00  0.0000E+00  0.0000E+00  0.0000E+00
       0.0000E+00  0.0000E+00  0.0000E+00  0.0000E+00  0.0000E+00  0.0000E+00  0.0000E+00  0.0000E+00  0.0000E+00  0.0000E+00
       0.0000E+00  0.0000E+00  0.0000E+00  0.0000E+00  0.0000E+00  0.0000E+00  0.0000E+00  0.0000E+00  0.0000E+00  0.0000E+00
       0.0000E+00  0.0000E+00  0.0000E+00  0.0000E+00  0.0000E+00  0.0000E+00  0.0000E+00  0.0000E+00  0.0000E+00  0.0000E+00
       0.0000E+00  0.0000E+00  0.0000E+00  0.0000E+00  0.0000E+00  0.0000E+00  0.0000E+00  0.0000E+00  0.0000E+00  0.0000E+00
       0.0000E+00  0.0000E+00  0.0000E+00  0.0000E+00  0.0000E+00  0.0000E+00  0.0000E+00  0.0000E+00  0.0000E+00  0.0000E+00
       0.0000E+00  0.0000E+00  0.0000E+00  0.0000E+00  0.0000E+00  0.0000E+00  0.0000E+00  0.0000E+00  0.0000E+00  0.0000E+00
       0.0000E+00  0.0000E+00  0.0000E+00  0.0000E+00  0.0000E+00  0.0000E+00  0.0000E+00  0.0000E+00  0.0000E+00  0.0000E+00
       0.0000E+00  0.0000E+00  0.0000E+00  0.0000E+00  0.0000E+00  0.0000E+00  0.0000E+00  0.0000E+00  0.0000E+00  0.0000E+00
       0.0000E+00  0.0000E+00  0.0000E+00  0.0000E+00  0.0000E+00  0.0000E+00  0.0000E+00  0.0000E+00  0.0000E+00  0.0000E+00
       0.0000E+00  0.0000E+00  0.0000E+00  0.0000E+00  0.0000E+00  0.0000E+00  0.0000E+00  0.0000E+00  0.0000E+00  0.0000E+00
       0.0000E+00  0.0000E+00  0.0000E+00  0.0000E+00  0.0000E+00  0.0000E+00  0.0000E+00  0.0000E+00  0.0000E+00  0.0000E+00
       0.0000E+00  0.0000E+00  0.0000E+00  0.0000E+00  0.0000E+00  0.0000E+00  0.0000E+00  0.0000E+00  0.0000E+00  0.0000E+00
       0.0000E+00  0.0000E+00  0.0000E+00  0.0000E+00  0.0000E+00  0.0000E+00  0.0000E+00  0.0000E+00  0.0000E+00  0.0000E+00
       0.0000E+00  0.0000E+00  0.0000E+00  0.0000E+00  0.0000E+00  0.0000E+00  0.0000E+00  0.0000E+00  0.0000E+00  0.0000E+00
       0.0000E+00  0.0000E+00  0.0000E+00  0.0000E+00  0.0000E+00  0.0000E+00  0.0000E+00  0.0000E+00  0.0000E+00  0.0000E+00
