
 *****  Protons in Lexan (0.17GeV, 2cm)                                                   *****

           DATE: 12/19/18,  TIME: 20:11:10

          Total number of particles followed       16666666, for a total weight of  1.6667E+07

1

   Res. nuclei n.   1  "Ian       " ,  all         products, region n.     5
      detector volume:  1.0000E+00 cm**3
      Max. Z:  10, Max. N-Z:  11 Min. N-Z: -4
      Data follow in a matrix A(z,n-z-k), k: -5 format (1(5x,1p,10(1x,e11.4)))

       0.0000E+00  0.0000E+00  0.0000E+00  0.0000E+00  0.0000E+00  0.0000E+00  0.0000E+00  0.0000E+00  0.0000E+00  0.0000E+00
       0.0000E+00  0.0000E+00  0.0000E+00  0.0000E+00  0.0000E+00  2.2500E-05  0.0000E+00  9.0000E-07  0.0000E+00  0.0000E+00
       0.0000E+00  0.0000E+00  0.0000E+00  0.0000E+00  1.6446E-04  3.0114E-04  3.8940E-05  6.2460E-05  0.0000E+00  0.0000E+00
       4.1166E-02  4.6405E-03  0.0000E+00  2.1450E-03  0.0000E+00  6.3189E-03  8.7960E-05  1.5177E-03  6.0000E-08  0.0000E+00
       9.8262E-03  3.6708E-02  2.9571E-03  0.0000E+00  2.0665E-03  9.9602E-03  7.0994E-04  1.1632E-03  1.2000E-07  5.4000E-07
       2.3310E-03  0.0000E+00  1.5557E-03  4.4239E-04  3.7971E-03  4.1924E-04  9.4358E-04  1.8256E-06  6.0000E-08  0.0000E+00
       0.0000E+00  9.3180E-05  1.2690E-04  2.5218E-04  4.1530E-05  8.9100E-05  3.0664E-06  1.8600E-06  0.0000E+00  0.0000E+00
       0.0000E+00  0.0000E+00  8.3400E-06  9.6000E-07  2.1000E-06  1.2000E-07  1.0200E-06  0.0000E+00  0.0000E+00  0.0000E+00
       0.0000E+00  6.0000E-08  0.0000E+00  1.2000E-07  0.0000E+00  0.0000E+00  0.0000E+00  0.0000E+00  0.0000E+00  0.0000E+00
       0.0000E+00  0.0000E+00  0.0000E+00  0.0000E+00  0.0000E+00  0.0000E+00  0.0000E+00  0.0000E+00  0.0000E+00  0.0000E+00
       0.0000E+00  0.0000E+00  0.0000E+00  0.0000E+00  0.0000E+00  0.0000E+00  0.0000E+00  0.0000E+00  0.0000E+00  0.0000E+00
       0.0000E+00  0.0000E+00  0.0000E+00  0.0000E+00  0.0000E+00  0.0000E+00  0.0000E+00  0.0000E+00  0.0000E+00  0.0000E+00
       0.0000E+00  0.0000E+00  0.0000E+00  0.0000E+00  0.0000E+00  0.0000E+00  0.0000E+00  0.0000E+00  0.0000E+00  0.0000E+00
       0.0000E+00  0.0000E+00  0.0000E+00  0.0000E+00  0.0000E+00  0.0000E+00  0.0000E+00  0.0000E+00  0.0000E+00  0.0000E+00
       0.0000E+00  0.0000E+00  0.0000E+00  0.0000E+00  0.0000E+00  0.0000E+00  0.0000E+00  0.0000E+00  0.0000E+00  0.0000E+00
       0.0000E+00  0.0000E+00  0.0000E+00  0.0000E+00  0.0000E+00  0.0000E+00  0.0000E+00  0.0000E+00  0.0000E+00  0.0000E+00
