
 *****  Protons in Lexan (0.17GeV, 2cm)                                                   *****

           DATE: 12/19/18,  TIME: 20:11:10

          Total number of particles followed       16666666, for a total weight of  1.6667E+07

1

   Bdrx n.   2  "ofluence  " , generalized particle n.    1, from region n.     5 to region n.     4
      detector area:  1.0000E+02 cm**2
      this is a one way only estimator
      this is a fluence like estimator
      linear energy binning from   9.0000E-02 to  2.2000E-01 GeV,   650 bins ( 2.0000E-04 GeV wide)
      linear angular binning from  0.0000E+00 to  6.2832E+00 sr ,     1 bins ( 6.2832E+00 sr wide )
      Data follow in a matrix A(ie,ia), format (1(5x,1p,10(1x,e11.4)))

       4.9629E-04  5.0633E-04  4.8005E-04  4.9243E-04  5.0615E-04  4.6225E-04  4.9174E-04  4.9013E-04  4.9156E-04  5.0126E-04
       4.9654E-04  5.0572E-04  4.8307E-04  4.8959E-04  5.0270E-04  4.9375E-04  4.9668E-04  4.8823E-04  4.7480E-04  5.3694E-04
       5.2994E-04  5.0788E-04  4.7129E-04  5.0229E-04  4.9383E-04  4.7913E-04  4.8611E-04  5.0400E-04  4.7039E-04  4.5686E-04
       4.8349E-04  4.8433E-04  4.6869E-04  5.0852E-04  4.9162E-04  4.7493E-04  4.6892E-04  4.9395E-04  4.8967E-04  4.7042E-04
       4.6616E-04  5.1493E-04  4.8690E-04  4.7234E-04  4.7796E-04  4.6747E-04  4.9511E-04  4.9831E-04  4.9496E-04  4.9632E-04
       4.7118E-04  4.8349E-04  4.9660E-04  4.6188E-04  4.8575E-04  4.6771E-04  4.5817E-04  5.0104E-04  4.9788E-04  4.6947E-04
       4.9190E-04  4.8384E-04  4.8829E-04  4.5987E-04  4.7139E-04  5.0840E-04  4.9468E-04  4.7808E-04  5.0898E-04  4.8310E-04
       4.7954E-04  4.4989E-04  4.6035E-04  4.6276E-04  5.1693E-04  4.6553E-04  4.6246E-04  4.8344E-04  5.1911E-04  4.8210E-04
       4.9537E-04  4.8166E-04  4.3804E-04  5.0783E-04  4.7563E-04  5.1430E-04  4.7916E-04  4.7092E-04  4.6951E-04  4.8170E-04
       4.6160E-04  4.7701E-04  4.7087E-04  4.7912E-04  4.6493E-04  4.9235E-04  4.7104E-04  4.7295E-04  4.6722E-04  4.5457E-04
       5.0236E-04  4.4821E-04  4.7249E-04  4.5479E-04  4.6725E-04  4.7792E-04  4.6643E-04  4.3874E-04  4.5947E-04  4.9375E-04
       4.7849E-04  4.4786E-04  4.5522E-04  4.8034E-04  4.5259E-04  4.5181E-04  4.8438E-04  4.8398E-04  4.5077E-04  4.7238E-04
       4.6414E-04  4.5810E-04  4.4822E-04  4.4853E-04  4.4763E-04  4.6409E-04  4.4817E-04  4.5963E-04  4.3025E-04  4.4229E-04
       4.1835E-04  4.5261E-04  4.6340E-04  4.6367E-04  4.4724E-04  4.2421E-04  4.5487E-04  4.6905E-04  4.3550E-04  4.5466E-04
       4.3405E-04  4.6177E-04  4.5116E-04  4.1001E-04  4.3256E-04  4.4159E-04  4.4232E-04  4.1745E-04  3.8843E-04  4.2295E-04
       4.2673E-04  4.4362E-04  4.1252E-04  4.3247E-04  4.1689E-04  4.2887E-04  4.0468E-04  4.0524E-04  4.1507E-04  3.9498E-04
       4.0743E-04  4.0150E-04  4.1314E-04  3.8322E-04  4.0221E-04  4.0398E-04  4.2669E-04  3.8547E-04  4.0039E-04  3.9302E-04
       4.0681E-04  3.8809E-04  3.7743E-04  3.8266E-04  3.7788E-04  3.9950E-04  3.9568E-04  3.6302E-04  3.6993E-04  3.7252E-04
       3.7135E-04  3.6637E-04  3.6478E-04  3.6618E-04  3.7360E-04  3.5519E-04  3.5445E-04  3.9261E-04  3.4425E-04  3.6658E-04
       3.5760E-04  3.8658E-04  3.4248E-04  3.7078E-04  3.7408E-04  3.4669E-04  3.3921E-04  3.4550E-04  3.4403E-04  3.5871E-04
       3.4371E-04  3.3462E-04  3.4778E-04  3.4068E-04  3.3429E-04  3.3282E-04  3.3561E-04  3.4171E-04  3.2993E-04  3.3859E-04
       3.3459E-04  3.1046E-04  3.0082E-04  3.0622E-04  3.2113E-04  3.0366E-04  3.2451E-04  3.3110E-04  3.1646E-04  3.1490E-04
       3.1321E-04  2.9620E-04  3.1363E-04  2.7810E-04  3.3227E-04  2.8111E-04  2.8509E-04  2.9580E-04  2.8320E-04  2.7954E-04
       2.9863E-04  2.8798E-04  2.6628E-04  2.6019E-04  2.7046E-04  2.7423E-04  2.5627E-04  2.9648E-04  2.4757E-04  2.5018E-04
       2.6895E-04  2.2666E-04  2.3392E-04  2.4062E-04  2.2250E-04  2.3807E-04  2.3115E-04  2.1311E-04  2.1496E-04  2.1853E-04
       1.9998E-04  1.9306E-04  2.0753E-04  1.8307E-04  1.7714E-04  1.6320E-04  1.4988E-04  1.5134E-04  1.3585E-04  1.5185E-04
       1.4169E-04  1.5400E-04  1.2254E-04  1.3517E-04  1.3247E-04  1.4366E-04  1.3047E-04  1.3465E-04  1.2506E-04  1.6953E-04
       1.4161E-04  1.3108E-04  1.4824E-04  1.4671E-04  1.6571E-04  1.8481E-04  1.8332E-04  1.9240E-04  2.0910E-04  2.2135E-04
       2.2352E-04  2.5083E-04  2.3860E-04  2.9232E-04  2.9993E-04  3.1809E-04  3.1434E-04  3.3146E-04  3.5456E-04  4.1943E-04
       5.4199E-04  7.4164E-04  1.1155E-03  1.8191E-03  3.0084E-03  5.0765E-03  8.6757E-03  1.4513E-02  2.3957E-02  3.7999E-02
       5.9113E-02  8.8868E-02  1.2800E-01  1.7904E-01  2.4111E-01  3.1226E-01  3.9034E-01  4.6739E-01  5.3769E-01  5.9406E-01
       6.2763E-01  6.3629E-01  6.1748E-01  5.7269E-01  5.0657E-01  4.2752E-01  3.4484E-01  2.6552E-01  1.9473E-01  1.3575E-01
       8.9838E-02  5.6942E-02  3.3969E-02  1.9296E-02  1.0393E-02  5.2594E-03  2.5784E-03  1.2345E-03  5.2007E-04  2.0249E-04
       8.5962E-05  3.1996E-05  1.0506E-05  2.3876E-06  1.4325E-06  4.7757E-07  0.0000E+00  0.0000E+00  0.0000E+00  0.0000E+00
       0.0000E+00  0.0000E+00  0.0000E+00  0.0000E+00  0.0000E+00  0.0000E+00  0.0000E+00  0.0000E+00  0.0000E+00  0.0000E+00
       0.0000E+00  0.0000E+00  0.0000E+00  0.0000E+00  0.0000E+00  0.0000E+00  0.0000E+00  0.0000E+00  0.0000E+00  0.0000E+00
       0.0000E+00  0.0000E+00  0.0000E+00  0.0000E+00  0.0000E+00  0.0000E+00  0.0000E+00  0.0000E+00  0.0000E+00  0.0000E+00
       0.0000E+00  0.0000E+00  0.0000E+00  0.0000E+00  0.0000E+00  0.0000E+00  0.0000E+00  0.0000E+00  0.0000E+00  0.0000E+00
       0.0000E+00  0.0000E+00  0.0000E+00  0.0000E+00  0.0000E+00  0.0000E+00  0.0000E+00  0.0000E+00  0.0000E+00  0.0000E+00
       0.0000E+00  0.0000E+00  0.0000E+00  0.0000E+00  0.0000E+00  0.0000E+00  0.0000E+00  0.0000E+00  0.0000E+00  0.0000E+00
       0.0000E+00  0.0000E+00  0.0000E+00  0.0000E+00  0.0000E+00  0.0000E+00  0.0000E+00  0.0000E+00  0.0000E+00  0.0000E+00
       0.0000E+00  0.0000E+00  0.0000E+00  0.0000E+00  0.0000E+00  0.0000E+00  0.0000E+00  0.0000E+00  0.0000E+00  0.0000E+00
       0.0000E+00  0.0000E+00  0.0000E+00  0.0000E+00  0.0000E+00  0.0000E+00  0.0000E+00  0.0000E+00  0.0000E+00  0.0000E+00
       0.0000E+00  0.0000E+00  0.0000E+00  0.0000E+00  0.0000E+00  0.0000E+00  0.0000E+00  0.0000E+00  0.0000E+00  0.0000E+00
       0.0000E+00  0.0000E+00  0.0000E+00  0.0000E+00  0.0000E+00  0.0000E+00  0.0000E+00  0.0000E+00  0.0000E+00  0.0000E+00
       0.0000E+00  0.0000E+00  0.0000E+00  0.0000E+00  0.0000E+00  0.0000E+00  0.0000E+00  0.0000E+00  0.0000E+00  0.0000E+00
       0.0000E+00  0.0000E+00  0.0000E+00  0.0000E+00  0.0000E+00  0.0000E+00  0.0000E+00  0.0000E+00  0.0000E+00  0.0000E+00
       0.0000E+00  0.0000E+00  0.0000E+00  0.0000E+00  0.0000E+00  0.0000E+00  0.0000E+00  0.0000E+00  0.0000E+00  0.0000E+00
       0.0000E+00  0.0000E+00  0.0000E+00  0.0000E+00  0.0000E+00  0.0000E+00  0.0000E+00  0.0000E+00  0.0000E+00  0.0000E+00
       0.0000E+00  0.0000E+00  0.0000E+00  0.0000E+00  0.0000E+00  0.0000E+00  0.0000E+00  0.0000E+00  0.0000E+00  0.0000E+00
       0.0000E+00  0.0000E+00  0.0000E+00  0.0000E+00  0.0000E+00  0.0000E+00  0.0000E+00  0.0000E+00  0.0000E+00  0.0000E+00
       0.0000E+00  0.0000E+00  0.0000E+00  0.0000E+00  0.0000E+00  0.0000E+00  0.0000E+00  0.0000E+00  0.0000E+00  0.0000E+00
       0.0000E+00  0.0000E+00  0.0000E+00  0.0000E+00  0.0000E+00  0.0000E+00  0.0000E+00  0.0000E+00  0.0000E+00  0.0000E+00
       0.0000E+00  0.0000E+00  0.0000E+00  0.0000E+00  0.0000E+00  0.0000E+00  0.0000E+00  0.0000E+00  0.0000E+00  0.0000E+00
       0.0000E+00  0.0000E+00  0.0000E+00  0.0000E+00  0.0000E+00  0.0000E+00  0.0000E+00  0.0000E+00  0.0000E+00  0.0000E+00
       0.0000E+00  0.0000E+00  0.0000E+00  0.0000E+00  0.0000E+00  0.0000E+00  0.0000E+00  0.0000E+00  0.0000E+00  0.0000E+00
       0.0000E+00  0.0000E+00  0.0000E+00  0.0000E+00  0.0000E+00  0.0000E+00  0.0000E+00  0.0000E+00  0.0000E+00  0.0000E+00
       0.0000E+00  0.0000E+00  0.0000E+00  0.0000E+00  0.0000E+00  0.0000E+00  0.0000E+00  0.0000E+00  0.0000E+00  0.0000E+00
       0.0000E+00  0.0000E+00  0.0000E+00  0.0000E+00  0.0000E+00  0.0000E+00  0.0000E+00  0.0000E+00  0.0000E+00  0.0000E+00
       0.0000E+00  0.0000E+00  0.0000E+00  0.0000E+00  0.0000E+00  0.0000E+00  0.0000E+00  0.0000E+00  0.0000E+00  0.0000E+00
       0.0000E+00  0.0000E+00  0.0000E+00  0.0000E+00  0.0000E+00  0.0000E+00  0.0000E+00  0.0000E+00  0.0000E+00  0.0000E+00
       0.0000E+00  0.0000E+00  0.0000E+00  0.0000E+00  0.0000E+00  0.0000E+00  0.0000E+00  0.0000E+00  0.0000E+00  0.0000E+00
       0.0000E+00  0.0000E+00  0.0000E+00  0.0000E+00  0.0000E+00  0.0000E+00  0.0000E+00  0.0000E+00  0.0000E+00  0.0000E+00
       0.0000E+00  0.0000E+00  0.0000E+00  0.0000E+00  0.0000E+00  0.0000E+00  0.0000E+00  0.0000E+00  0.0000E+00  0.0000E+00
       0.0000E+00  0.0000E+00  0.0000E+00  0.0000E+00  0.0000E+00  0.0000E+00  0.0000E+00  0.0000E+00  0.0000E+00  0.0000E+00
1

   Bdrx n.   6  "ofluence  " , generalized particle n.    1, from region n.     5 to region n.     4
      detector area:  1.0000E+02 cm**2
      this is a one way only estimator
      this is a fluence like estimator
      linear energy binning from   0.0000E+00 to  3.0000E+02 GeV,     1 bins ( 3.0000E+02 GeV wide)
      linear angular binning from  0.0000E+00 to  6.2832E+00 sr ,     1 bins ( 6.2832E+00 sr wide )
      Data follow in a matrix A(ie,ia), format (1(5x,1p,10(1x,e11.4)))

       5.2950E-06
