
 *****  Protons in Lexan (0.17GeV, 2cm)                                                   *****

           DATE: 12/19/18,  TIME: 20:11:10

          Total number of particles followed       16666666, for a total weight of  1.6667E+07

1

   Bdrx n.   4  "ocurrent  " , generalized particle n.    1, from region n.     5 to region n.     4
      detector area:  1.0000E+02 cm**2
      this is a one way only estimator
      this is a current like estimator
      linear energy binning from   9.0000E-02 to  2.2000E-01 GeV,   650 bins ( 2.0000E-04 GeV wide)
      linear angular binning from  0.0000E+00 to  6.2832E+00 sr ,     1 bins ( 6.2832E+00 sr wide )
      Data follow in a matrix A(ie,ia), format (1(5x,1p,10(1x,e11.4)))

       3.9248E-04  3.9630E-04  3.8197E-04  3.9677E-04  4.0489E-04  3.7624E-04  3.8961E-04  3.9630E-04  3.9486E-04  4.0059E-04
       4.0537E-04  4.0680E-04  3.9200E-04  3.9295E-04  4.1253E-04  3.9152E-04  3.9964E-04  3.9248E-04  3.7815E-04  4.3163E-04
       4.2829E-04  4.0728E-04  3.8245E-04  4.1110E-04  4.0012E-04  3.8484E-04  3.9677E-04  4.1348E-04  3.8579E-04  3.7481E-04
       3.9964E-04  3.9725E-04  3.7767E-04  4.0441E-04  4.0346E-04  3.8340E-04  3.8579E-04  4.0346E-04  3.9916E-04  3.8436E-04
       3.8961E-04  4.1921E-04  4.0107E-04  3.9391E-04  3.9057E-04  3.8245E-04  4.0871E-04  4.0966E-04  4.1253E-04  4.0823E-04
       3.9104E-04  4.0107E-04  4.0871E-04  3.8245E-04  4.0155E-04  3.9057E-04  3.8054E-04  4.1683E-04  4.1301E-04  3.9104E-04
       4.0871E-04  4.0823E-04  4.1062E-04  3.8293E-04  3.9248E-04  4.2160E-04  4.1587E-04  3.9964E-04  4.2685E-04  4.0489E-04
       4.0346E-04  3.7576E-04  3.8818E-04  3.9009E-04  4.3879E-04  3.9009E-04  3.9152E-04  4.0680E-04  4.3449E-04  4.0680E-04
       4.1778E-04  4.0823E-04  3.6956E-04  4.3258E-04  4.0203E-04  4.1969E-04  4.0823E-04  4.0250E-04  4.0346E-04  4.0823E-04
       3.8866E-04  4.1062E-04  4.0394E-04  4.0871E-04  3.9773E-04  4.2017E-04  4.0250E-04  4.0632E-04  4.0107E-04  3.9009E-04
       4.3258E-04  3.8722E-04  4.0823E-04  3.9009E-04  4.0107E-04  4.0632E-04  4.0394E-04  3.7863E-04  3.9773E-04  4.2542E-04
       4.1301E-04  3.8531E-04  3.9630E-04  4.1348E-04  3.9582E-04  3.9343E-04  4.2112E-04  4.1969E-04  3.9200E-04  4.0728E-04
       3.9964E-04  3.9868E-04  3.9152E-04  3.9104E-04  3.9295E-04  4.0441E-04  3.8961E-04  3.9964E-04  3.7911E-04  3.8675E-04
       3.6813E-04  3.9582E-04  4.0632E-04  4.0203E-04  3.9295E-04  3.7576E-04  4.0012E-04  4.1205E-04  3.8484E-04  3.9773E-04
       3.8484E-04  4.0728E-04  3.9821E-04  3.6335E-04  3.8149E-04  3.8675E-04  3.5332E-04  3.6669E-04  3.4425E-04  3.7529E-04
       3.8054E-04  3.9582E-04  3.6860E-04  3.8436E-04  3.7099E-04  3.8006E-04  3.6096E-04  3.6001E-04  3.7004E-04  3.5714E-04
       3.6192E-04  3.5953E-04  3.6765E-04  3.4377E-04  3.5858E-04  3.6049E-04  3.8102E-04  3.4377E-04  3.5762E-04  3.5094E-04
       3.6574E-04  3.4473E-04  3.4091E-04  3.4425E-04  3.4091E-04  3.6049E-04  3.5810E-04  3.2659E-04  3.3470E-04  3.3184E-04
       3.3709E-04  3.3136E-04  3.3136E-04  3.3327E-04  3.3852E-04  3.1751E-04  3.2181E-04  3.5714E-04  3.1083E-04  3.3518E-04
       3.2515E-04  3.4950E-04  3.1369E-04  3.3805E-04  3.4186E-04  3.1560E-04  3.1035E-04  3.1465E-04  3.1417E-04  3.2802E-04
       3.1417E-04  3.0605E-04  3.1847E-04  3.1322E-04  3.0749E-04  3.0462E-04  3.1083E-04  3.1417E-04  3.0319E-04  3.1274E-04
       3.0701E-04  2.8552E-04  2.7693E-04  2.8361E-04  2.9603E-04  2.8027E-04  2.9842E-04  3.0653E-04  2.9221E-04  2.9173E-04
       2.9030E-04  2.7502E-04  2.9173E-04  2.5926E-04  3.0796E-04  2.6022E-04  2.6499E-04  2.7454E-04  2.6261E-04  2.5974E-04
       2.7597E-04  2.6834E-04  2.4828E-04  2.4398E-04  2.5162E-04  2.5688E-04  2.4160E-04  2.7215E-04  2.2966E-04  2.3396E-04
       2.5210E-04  2.1295E-04  2.1868E-04  2.2441E-04  2.0961E-04  2.2393E-04  2.1581E-04  2.0149E-04  1.9910E-04  2.0340E-04
       1.8669E-04  1.8000E-04  1.7809E-04  1.6998E-04  1.6520E-04  1.4754E-04  1.3655E-04  1.3751E-04  1.2557E-04  1.3942E-04
       1.2939E-04  1.3274E-04  1.1268E-04  1.2366E-04  1.1889E-04  1.2796E-04  1.1698E-04  1.1889E-04  1.1316E-04  1.5136E-04
       1.2892E-04  1.1984E-04  1.3655E-04  1.3512E-04  1.5136E-04  1.6998E-04  1.7093E-04  1.7714E-04  1.9433E-04  2.0722E-04
       2.0865E-04  2.3348E-04  2.2632E-04  2.7502E-04  2.8123E-04  2.9937E-04  2.9460E-04  3.1131E-04  3.3614E-04  3.9868E-04
       5.1853E-04  7.1572E-04  1.0838E-03  1.7843E-03  2.9655E-03  5.0277E-03  8.6192E-03  1.4447E-02  2.3873E-02  3.7905E-02
       5.9003E-02  8.8739E-02  1.2785E-01  1.7886E-01  2.4091E-01  3.1205E-01  3.9011E-01  4.6715E-01  5.3744E-01  5.9382E-01
       6.2739E-01  6.3606E-01  6.1728E-01  5.7251E-01  5.0642E-01  4.2740E-01  3.4475E-01  2.6545E-01  1.9468E-01  1.3572E-01
       8.9817E-02  5.6929E-02  3.3962E-02  1.9292E-02  1.0391E-02  5.2583E-03  2.5778E-03  1.2342E-03  5.1996E-04  2.0245E-04
       8.5944E-05  3.1990E-05  1.0504E-05  2.3873E-06  1.4324E-06  4.7746E-07  0.0000E+00  0.0000E+00  0.0000E+00  0.0000E+00
       0.0000E+00  0.0000E+00  0.0000E+00  0.0000E+00  0.0000E+00  0.0000E+00  0.0000E+00  0.0000E+00  0.0000E+00  0.0000E+00
       0.0000E+00  0.0000E+00  0.0000E+00  0.0000E+00  0.0000E+00  0.0000E+00  0.0000E+00  0.0000E+00  0.0000E+00  0.0000E+00
       0.0000E+00  0.0000E+00  0.0000E+00  0.0000E+00  0.0000E+00  0.0000E+00  0.0000E+00  0.0000E+00  0.0000E+00  0.0000E+00
       0.0000E+00  0.0000E+00  0.0000E+00  0.0000E+00  0.0000E+00  0.0000E+00  0.0000E+00  0.0000E+00  0.0000E+00  0.0000E+00
       0.0000E+00  0.0000E+00  0.0000E+00  0.0000E+00  0.0000E+00  0.0000E+00  0.0000E+00  0.0000E+00  0.0000E+00  0.0000E+00
       0.0000E+00  0.0000E+00  0.0000E+00  0.0000E+00  0.0000E+00  0.0000E+00  0.0000E+00  0.0000E+00  0.0000E+00  0.0000E+00
       0.0000E+00  0.0000E+00  0.0000E+00  0.0000E+00  0.0000E+00  0.0000E+00  0.0000E+00  0.0000E+00  0.0000E+00  0.0000E+00
       0.0000E+00  0.0000E+00  0.0000E+00  0.0000E+00  0.0000E+00  0.0000E+00  0.0000E+00  0.0000E+00  0.0000E+00  0.0000E+00
       0.0000E+00  0.0000E+00  0.0000E+00  0.0000E+00  0.0000E+00  0.0000E+00  0.0000E+00  0.0000E+00  0.0000E+00  0.0000E+00
       0.0000E+00  0.0000E+00  0.0000E+00  0.0000E+00  0.0000E+00  0.0000E+00  0.0000E+00  0.0000E+00  0.0000E+00  0.0000E+00
       0.0000E+00  0.0000E+00  0.0000E+00  0.0000E+00  0.0000E+00  0.0000E+00  0.0000E+00  0.0000E+00  0.0000E+00  0.0000E+00
       0.0000E+00  0.0000E+00  0.0000E+00  0.0000E+00  0.0000E+00  0.0000E+00  0.0000E+00  0.0000E+00  0.0000E+00  0.0000E+00
       0.0000E+00  0.0000E+00  0.0000E+00  0.0000E+00  0.0000E+00  0.0000E+00  0.0000E+00  0.0000E+00  0.0000E+00  0.0000E+00
       0.0000E+00  0.0000E+00  0.0000E+00  0.0000E+00  0.0000E+00  0.0000E+00  0.0000E+00  0.0000E+00  0.0000E+00  0.0000E+00
       0.0000E+00  0.0000E+00  0.0000E+00  0.0000E+00  0.0000E+00  0.0000E+00  0.0000E+00  0.0000E+00  0.0000E+00  0.0000E+00
       0.0000E+00  0.0000E+00  0.0000E+00  0.0000E+00  0.0000E+00  0.0000E+00  0.0000E+00  0.0000E+00  0.0000E+00  0.0000E+00
       0.0000E+00  0.0000E+00  0.0000E+00  0.0000E+00  0.0000E+00  0.0000E+00  0.0000E+00  0.0000E+00  0.0000E+00  0.0000E+00
       0.0000E+00  0.0000E+00  0.0000E+00  0.0000E+00  0.0000E+00  0.0000E+00  0.0000E+00  0.0000E+00  0.0000E+00  0.0000E+00
       0.0000E+00  0.0000E+00  0.0000E+00  0.0000E+00  0.0000E+00  0.0000E+00  0.0000E+00  0.0000E+00  0.0000E+00  0.0000E+00
       0.0000E+00  0.0000E+00  0.0000E+00  0.0000E+00  0.0000E+00  0.0000E+00  0.0000E+00  0.0000E+00  0.0000E+00  0.0000E+00
       0.0000E+00  0.0000E+00  0.0000E+00  0.0000E+00  0.0000E+00  0.0000E+00  0.0000E+00  0.0000E+00  0.0000E+00  0.0000E+00
       0.0000E+00  0.0000E+00  0.0000E+00  0.0000E+00  0.0000E+00  0.0000E+00  0.0000E+00  0.0000E+00  0.0000E+00  0.0000E+00
       0.0000E+00  0.0000E+00  0.0000E+00  0.0000E+00  0.0000E+00  0.0000E+00  0.0000E+00  0.0000E+00  0.0000E+00  0.0000E+00
       0.0000E+00  0.0000E+00  0.0000E+00  0.0000E+00  0.0000E+00  0.0000E+00  0.0000E+00  0.0000E+00  0.0000E+00  0.0000E+00
       0.0000E+00  0.0000E+00  0.0000E+00  0.0000E+00  0.0000E+00  0.0000E+00  0.0000E+00  0.0000E+00  0.0000E+00  0.0000E+00
       0.0000E+00  0.0000E+00  0.0000E+00  0.0000E+00  0.0000E+00  0.0000E+00  0.0000E+00  0.0000E+00  0.0000E+00  0.0000E+00
       0.0000E+00  0.0000E+00  0.0000E+00  0.0000E+00  0.0000E+00  0.0000E+00  0.0000E+00  0.0000E+00  0.0000E+00  0.0000E+00
       0.0000E+00  0.0000E+00  0.0000E+00  0.0000E+00  0.0000E+00  0.0000E+00  0.0000E+00  0.0000E+00  0.0000E+00  0.0000E+00
       0.0000E+00  0.0000E+00  0.0000E+00  0.0000E+00  0.0000E+00  0.0000E+00  0.0000E+00  0.0000E+00  0.0000E+00  0.0000E+00
       0.0000E+00  0.0000E+00  0.0000E+00  0.0000E+00  0.0000E+00  0.0000E+00  0.0000E+00  0.0000E+00  0.0000E+00  0.0000E+00
       0.0000E+00  0.0000E+00  0.0000E+00  0.0000E+00  0.0000E+00  0.0000E+00  0.0000E+00  0.0000E+00  0.0000E+00  0.0000E+00
