
 *****  Protons in Lexan (0.15GeV, 0cm)                                                   *****

           DATE: 12/18/18,  TIME:  6:12: 0

          Total number of particles followed       50000000, for a total weight of  5.0000E+07

1

   Res. nuclei n.   1  "Ian       " ,  all         products, region n.     5
      detector volume:  1.0000E+00 cm**3
      Max. Z:  10, Max. N-Z:  11 Min. N-Z: -4
      Data follow in a matrix A(z,n-z-k), k: -5 format (1(5x,1p,10(1x,e11.4)))

       0.0000E+00  0.0000E+00  0.0000E+00  0.0000E+00  0.0000E+00  0.0000E+00  0.0000E+00  0.0000E+00  0.0000E+00  0.0000E+00
       0.0000E+00  0.0000E+00  0.0000E+00  0.0000E+00  0.0000E+00  6.7000E-06  0.0000E+00  4.6000E-07  0.0000E+00  0.0000E+00
       0.0000E+00  0.0000E+00  0.0000E+00  0.0000E+00  5.7760E-05  9.4080E-05  1.3420E-05  1.9640E-05  0.0000E+00  0.0000E+00
       9.8215E-03  1.5475E-03  0.0000E+00  7.3880E-04  0.0000E+00  2.1127E-03  2.8640E-05  5.0972E-04  0.0000E+00  0.0000E+00
       2.5226E-03  1.2255E-02  1.0180E-03  0.0000E+00  6.8544E-04  3.4427E-03  2.4139E-04  4.0958E-04  0.0000E+00  1.8000E-07
       7.5115E-04  0.0000E+00  5.1554E-04  1.3728E-04  1.2196E-03  1.4130E-04  3.0258E-04  6.8247E-07  4.0000E-08  0.0000E+00
       0.0000E+00  3.0580E-05  4.1840E-05  8.3120E-05  1.1471E-05  2.8580E-05  5.7586E-07  5.0000E-07  0.0000E+00  0.0000E+00
       0.0000E+00  0.0000E+00  2.3400E-06  3.0000E-07  7.0000E-07  2.0000E-08  3.8000E-07  0.0000E+00  0.0000E+00  0.0000E+00
       0.0000E+00  4.0000E-08  0.0000E+00  2.0000E-08  0.0000E+00  2.0000E-08  0.0000E+00  0.0000E+00  0.0000E+00  0.0000E+00
       0.0000E+00  0.0000E+00  0.0000E+00  0.0000E+00  0.0000E+00  0.0000E+00  0.0000E+00  0.0000E+00  0.0000E+00  0.0000E+00
       0.0000E+00  0.0000E+00  0.0000E+00  0.0000E+00  0.0000E+00  0.0000E+00  0.0000E+00  0.0000E+00  0.0000E+00  0.0000E+00
       0.0000E+00  0.0000E+00  0.0000E+00  0.0000E+00  0.0000E+00  0.0000E+00  0.0000E+00  0.0000E+00  0.0000E+00  0.0000E+00
       0.0000E+00  0.0000E+00  0.0000E+00  0.0000E+00  0.0000E+00  0.0000E+00  0.0000E+00  0.0000E+00  0.0000E+00  0.0000E+00
       0.0000E+00  0.0000E+00  0.0000E+00  0.0000E+00  0.0000E+00  0.0000E+00  0.0000E+00  0.0000E+00  0.0000E+00  0.0000E+00
       0.0000E+00  0.0000E+00  0.0000E+00  0.0000E+00  0.0000E+00  0.0000E+00  0.0000E+00  0.0000E+00  0.0000E+00  0.0000E+00
       0.0000E+00  0.0000E+00  0.0000E+00  0.0000E+00  0.0000E+00  0.0000E+00  0.0000E+00  0.0000E+00  0.0000E+00  0.0000E+00
