
 *****  Protons in Lexan (0.15GeV, 0cm)                                                   *****

           DATE: 12/18/18,  TIME:  6:12: 0

          Total number of particles followed       50000000, for a total weight of  5.0000E+07

1

   Bdrx n.   2  "ofluence  " , generalized particle n.    1, from region n.     5 to region n.     4
      detector area:  1.0000E+02 cm**2
      this is a one way only estimator
      this is a fluence like estimator
      linear energy binning from   7.0000E-02 to  2.0000E-01 GeV,   650 bins ( 2.0000E-04 GeV wide)
      linear angular binning from  0.0000E+00 to  6.2832E+00 sr ,     1 bins ( 6.2832E+00 sr wide )
      Data follow in a matrix A(ie,ia), format (1(5x,1p,10(1x,e11.4)))

       2.3062E-04  2.2730E-04  2.2988E-04  2.2404E-04  2.2050E-04  2.1490E-04  2.2569E-04  2.1294E-04  2.3879E-04  2.2756E-04
       2.2262E-04  2.2694E-04  2.2085E-04  2.2550E-04  2.1579E-04  2.1648E-04  2.1587E-04  2.2232E-04  2.0719E-04  2.0850E-04
       2.1435E-04  2.3124E-04  2.2389E-04  2.2486E-04  2.2220E-04  2.0860E-04  2.0884E-04  2.1632E-04  2.1859E-04  2.0789E-04
       1.9981E-04  2.1910E-04  2.1350E-04  2.1508E-04  2.1544E-04  2.1797E-04  2.2302E-04  2.0138E-04  2.1302E-04  2.1387E-04
       2.1709E-04  2.2376E-04  2.2186E-04  2.1708E-04  2.0897E-04  2.0729E-04  2.1087E-04  2.0486E-04  2.1756E-04  1.9248E-04
       2.0937E-04  2.1923E-04  2.1493E-04  2.0597E-04  2.2074E-04  2.0700E-04  2.1721E-04  2.1537E-04  2.1310E-04  2.2540E-04
       2.0898E-04  1.9717E-04  2.0739E-04  2.2297E-04  2.0928E-04  2.1983E-04  2.0547E-04  2.1358E-04  2.1032E-04  2.0963E-04
       2.1816E-04  2.4949E-04  2.0708E-04  1.9983E-04  2.0298E-04  2.0331E-04  2.1337E-04  1.9859E-04  2.1312E-04  2.0528E-04
       2.1447E-04  2.0832E-04  2.1030E-04  2.0054E-04  2.1128E-04  2.0421E-04  2.0313E-04  2.0265E-04  1.9418E-04  2.1271E-04
       2.1002E-04  2.1624E-04  2.1256E-04  2.0541E-04  2.1603E-04  1.9856E-04  2.0884E-04  2.0118E-04  2.0926E-04  1.9900E-04
       2.1354E-04  2.1071E-04  2.0007E-04  2.1209E-04  1.8991E-04  1.9249E-04  2.0485E-04  2.0929E-04  2.1536E-04  2.0984E-04
       2.0689E-04  1.9826E-04  2.0154E-04  1.9968E-04  2.0304E-04  2.1322E-04  1.9787E-04  2.0212E-04  1.9162E-04  2.2364E-04
       2.1269E-04  2.0016E-04  1.9869E-04  2.0156E-04  1.9738E-04  1.9787E-04  2.0692E-04  2.0100E-04  1.9871E-04  1.9370E-04
       1.9141E-04  1.9251E-04  2.0831E-04  2.1435E-04  1.8914E-04  1.9839E-04  1.9951E-04  2.0238E-04  2.1060E-04  1.9979E-04
       1.9083E-04  2.0392E-04  1.9887E-04  2.0539E-04  1.9950E-04  2.0629E-04  2.0010E-04  2.0249E-04  2.0858E-04  1.9642E-04
       1.9351E-04  2.1383E-04  2.1041E-04  2.0527E-04  2.0500E-04  2.0586E-04  1.9818E-04  1.9088E-04  1.9527E-04  2.0017E-04
       2.0599E-04  1.8992E-04  1.9551E-04  1.9655E-04  2.0016E-04  1.9820E-04  1.8723E-04  1.9436E-04  2.0076E-04  1.9494E-04
       1.9213E-04  2.0328E-04  1.9433E-04  1.9285E-04  1.8665E-04  1.9552E-04  1.9345E-04  1.9459E-04  1.9511E-04  2.0025E-04
       1.9001E-04  1.9260E-04  1.8166E-04  1.8787E-04  1.9059E-04  1.7818E-04  1.8687E-04  1.8171E-04  1.8935E-04  1.7828E-04
       1.8416E-04  1.8694E-04  1.8737E-04  1.8006E-04  1.8934E-04  1.9239E-04  1.8661E-04  1.8521E-04  1.9046E-04  1.7625E-04
       1.8906E-04  1.8268E-04  1.7933E-04  1.7755E-04  1.6578E-04  1.7149E-04  1.7620E-04  1.7309E-04  1.7206E-04  1.8396E-04
       1.8781E-04  1.9405E-04  1.7677E-04  1.6809E-04  1.6556E-04  1.6843E-04  1.6863E-04  1.7444E-04  1.7192E-04  1.5096E-04
       1.6758E-04  1.6136E-04  1.6082E-04  1.7292E-04  1.6682E-04  1.5716E-04  1.7115E-04  1.5762E-04  1.6252E-04  1.6527E-04
       1.5715E-04  1.6966E-04  1.5398E-04  1.4864E-04  1.4695E-04  1.6010E-04  1.5233E-04  1.5078E-04  1.6360E-04  1.4647E-04
       1.5302E-04  1.5137E-04  1.5073E-04  1.4950E-04  1.5910E-04  1.5635E-04  1.5789E-04  1.5219E-04  1.5635E-04  1.4189E-04
       1.4174E-04  1.4489E-04  1.4461E-04  1.5749E-04  1.4976E-04  1.5041E-04  1.4619E-04  1.4066E-04  1.3648E-04  1.4714E-04
       1.4020E-04  1.3879E-04  1.3130E-04  1.3592E-04  1.3897E-04  1.4157E-04  1.3529E-04  1.4174E-04  1.3596E-04  1.4160E-04
       1.3510E-04  1.3140E-04  1.3825E-04  1.3536E-04  1.4099E-04  1.2621E-04  1.2310E-04  1.2475E-04  1.2917E-04  1.4347E-04
       1.1929E-04  1.2877E-04  1.1366E-04  1.2211E-04  1.2072E-04  1.2324E-04  1.1362E-04  1.1744E-04  1.1438E-04  1.1261E-04
       1.1843E-04  1.1715E-04  1.0636E-04  1.1043E-04  1.0097E-04  1.1109E-04  1.1035E-04  1.0719E-04  9.8932E-05  1.0630E-04
       1.0098E-04  9.8732E-05  1.0057E-04  9.0546E-05  8.9120E-05  9.7646E-05  8.6751E-05  8.7825E-05  8.5061E-05  9.0587E-05
       8.0924E-05  7.4929E-05  7.3207E-05  6.5349E-05  6.5409E-05  6.5802E-05  6.1900E-05  5.4025E-05  5.6694E-05  4.9669E-05
       4.1205E-05  4.9722E-05  5.0403E-05  4.9435E-05  5.3208E-05  5.3549E-05  5.4213E-05  5.6848E-05  5.6826E-05  6.4393E-05
       5.6530E-05  5.6429E-05  6.5245E-05  6.4506E-05  6.5232E-05  7.2947E-05  7.7734E-05  8.0688E-05  8.8850E-05  9.8840E-05
       1.0090E-04  1.0918E-04  1.1267E-04  1.1920E-04  1.1683E-04  1.0629E-04  1.0790E-04  1.1418E-04  1.0392E-04  1.1192E-04
       1.2740E-04  1.5243E-04  2.3321E-04  4.0951E-04  8.5595E-04  1.8989E-03  4.3165E-03  9.4577E-03  2.0019E-02  4.0042E-02
       7.4948E-02  1.3199E-01  2.1633E-01  3.3095E-01  4.6964E-01  6.1815E-01  7.5415E-01  8.5138E-01  8.8748E-01  8.5296E-01
       7.5585E-01  6.1722E-01  4.6262E-01  3.1844E-01  2.0104E-01  1.1660E-01  6.1948E-02  3.0143E-02  1.3361E-02  5.4073E-03
       1.9977E-03  6.8347E-04  2.1631E-04  5.8096E-05  1.5757E-05  3.0243E-06  7.9583E-07  0.0000E+00  0.0000E+00  0.0000E+00
       0.0000E+00  0.0000E+00  0.0000E+00  0.0000E+00  0.0000E+00  0.0000E+00  0.0000E+00  0.0000E+00  0.0000E+00  0.0000E+00
       0.0000E+00  0.0000E+00  0.0000E+00  0.0000E+00  0.0000E+00  0.0000E+00  0.0000E+00  0.0000E+00  0.0000E+00  0.0000E+00
       0.0000E+00  0.0000E+00  0.0000E+00  0.0000E+00  0.0000E+00  0.0000E+00  0.0000E+00  0.0000E+00  0.0000E+00  0.0000E+00
       0.0000E+00  0.0000E+00  0.0000E+00  0.0000E+00  0.0000E+00  0.0000E+00  0.0000E+00  0.0000E+00  0.0000E+00  0.0000E+00
       0.0000E+00  0.0000E+00  0.0000E+00  0.0000E+00  0.0000E+00  0.0000E+00  0.0000E+00  0.0000E+00  0.0000E+00  0.0000E+00
       0.0000E+00  0.0000E+00  0.0000E+00  0.0000E+00  0.0000E+00  0.0000E+00  0.0000E+00  0.0000E+00  0.0000E+00  0.0000E+00
       0.0000E+00  0.0000E+00  0.0000E+00  0.0000E+00  0.0000E+00  0.0000E+00  0.0000E+00  0.0000E+00  0.0000E+00  0.0000E+00
       0.0000E+00  0.0000E+00  0.0000E+00  0.0000E+00  0.0000E+00  0.0000E+00  0.0000E+00  0.0000E+00  0.0000E+00  0.0000E+00
       0.0000E+00  0.0000E+00  0.0000E+00  0.0000E+00  0.0000E+00  0.0000E+00  0.0000E+00  0.0000E+00  0.0000E+00  0.0000E+00
       0.0000E+00  0.0000E+00  0.0000E+00  0.0000E+00  0.0000E+00  0.0000E+00  0.0000E+00  0.0000E+00  0.0000E+00  0.0000E+00
       0.0000E+00  0.0000E+00  0.0000E+00  0.0000E+00  0.0000E+00  0.0000E+00  0.0000E+00  0.0000E+00  0.0000E+00  0.0000E+00
       0.0000E+00  0.0000E+00  0.0000E+00  0.0000E+00  0.0000E+00  0.0000E+00  0.0000E+00  0.0000E+00  0.0000E+00  0.0000E+00
       0.0000E+00  0.0000E+00  0.0000E+00  0.0000E+00  0.0000E+00  0.0000E+00  0.0000E+00  0.0000E+00  0.0000E+00  0.0000E+00
       0.0000E+00  0.0000E+00  0.0000E+00  0.0000E+00  0.0000E+00  0.0000E+00  0.0000E+00  0.0000E+00  0.0000E+00  0.0000E+00
       0.0000E+00  0.0000E+00  0.0000E+00  0.0000E+00  0.0000E+00  0.0000E+00  0.0000E+00  0.0000E+00  0.0000E+00  0.0000E+00
       0.0000E+00  0.0000E+00  0.0000E+00  0.0000E+00  0.0000E+00  0.0000E+00  0.0000E+00  0.0000E+00  0.0000E+00  0.0000E+00
       0.0000E+00  0.0000E+00  0.0000E+00  0.0000E+00  0.0000E+00  0.0000E+00  0.0000E+00  0.0000E+00  0.0000E+00  0.0000E+00
       0.0000E+00  0.0000E+00  0.0000E+00  0.0000E+00  0.0000E+00  0.0000E+00  0.0000E+00  0.0000E+00  0.0000E+00  0.0000E+00
       0.0000E+00  0.0000E+00  0.0000E+00  0.0000E+00  0.0000E+00  0.0000E+00  0.0000E+00  0.0000E+00  0.0000E+00  0.0000E+00
       0.0000E+00  0.0000E+00  0.0000E+00  0.0000E+00  0.0000E+00  0.0000E+00  0.0000E+00  0.0000E+00  0.0000E+00  0.0000E+00
       0.0000E+00  0.0000E+00  0.0000E+00  0.0000E+00  0.0000E+00  0.0000E+00  0.0000E+00  0.0000E+00  0.0000E+00  0.0000E+00
       0.0000E+00  0.0000E+00  0.0000E+00  0.0000E+00  0.0000E+00  0.0000E+00  0.0000E+00  0.0000E+00  0.0000E+00  0.0000E+00
       0.0000E+00  0.0000E+00  0.0000E+00  0.0000E+00  0.0000E+00  0.0000E+00  0.0000E+00  0.0000E+00  0.0000E+00  0.0000E+00
       0.0000E+00  0.0000E+00  0.0000E+00  0.0000E+00  0.0000E+00  0.0000E+00  0.0000E+00  0.0000E+00  0.0000E+00  0.0000E+00
       0.0000E+00  0.0000E+00  0.0000E+00  0.0000E+00  0.0000E+00  0.0000E+00  0.0000E+00  0.0000E+00  0.0000E+00  0.0000E+00
       0.0000E+00  0.0000E+00  0.0000E+00  0.0000E+00  0.0000E+00  0.0000E+00  0.0000E+00  0.0000E+00  0.0000E+00  0.0000E+00
1

   Bdrx n.   6  "ofluence  " , generalized particle n.    1, from region n.     5 to region n.     4
      detector area:  1.0000E+02 cm**2
      this is a one way only estimator
      this is a fluence like estimator
      linear energy binning from   0.0000E+00 to  3.0000E+02 GeV,     1 bins ( 3.0000E+02 GeV wide)
      linear angular binning from  0.0000E+00 to  6.2832E+00 sr ,     1 bins ( 6.2832E+00 sr wide )
      Data follow in a matrix A(ie,ia), format (1(5x,1p,10(1x,e11.4)))

       5.3215E-06
