
 *****  Protons in Lexan (0.15GeV, 0cm)                                                   *****

           DATE: 12/18/18,  TIME:  6:12: 0

          Total number of particles followed       50000000, for a total weight of  5.0000E+07

1

   Bdrx n.   4  "ocurrent  " , generalized particle n.    1, from region n.     5 to region n.     4
      detector area:  1.0000E+02 cm**2
      this is a one way only estimator
      this is a current like estimator
      linear energy binning from   7.0000E-02 to  2.0000E-01 GeV,   650 bins ( 2.0000E-04 GeV wide)
      linear angular binning from  0.0000E+00 to  6.2832E+00 sr ,     1 bins ( 6.2832E+00 sr wide )
      Data follow in a matrix A(ie,ia), format (1(5x,1p,10(1x,e11.4)))

       1.6266E-04  1.6122E-04  1.6106E-04  1.5502E-04  1.5947E-04  1.5263E-04  1.5374E-04  1.5470E-04  1.6870E-04  1.6234E-04
       1.6154E-04  1.6250E-04  1.5836E-04  1.6011E-04  1.5024E-04  1.5613E-04  1.5470E-04  1.6043E-04  1.4881E-04  1.5072E-04
       1.5152E-04  1.6473E-04  1.6409E-04  1.5756E-04  1.6027E-04  1.4929E-04  1.5104E-04  1.5804E-04  1.5820E-04  1.5470E-04
       1.4515E-04  1.6218E-04  1.5565E-04  1.5661E-04  1.5597E-04  1.6011E-04  1.5963E-04  1.5152E-04  1.5661E-04  1.5900E-04
       1.6170E-04  1.6138E-04  1.5677E-04  1.6154E-04  1.5215E-04  1.5502E-04  1.6091E-04  1.5279E-04  1.6106E-04  1.4276E-04
       1.5884E-04  1.6075E-04  1.5963E-04  1.5152E-04  1.6202E-04  1.5358E-04  1.6138E-04  1.5836E-04  1.6043E-04  1.6616E-04
       1.5820E-04  1.4642E-04  1.5836E-04  1.5709E-04  1.5884E-04  1.6632E-04  1.5518E-04  1.6154E-04  1.5820E-04  1.5931E-04
       1.6664E-04  1.6266E-04  1.5836E-04  1.5311E-04  1.5534E-04  1.5645E-04  1.6393E-04  1.5183E-04  1.6425E-04  1.5963E-04
       1.6266E-04  1.5868E-04  1.6234E-04  1.5406E-04  1.6457E-04  1.5740E-04  1.5709E-04  1.5852E-04  1.5215E-04  1.6520E-04
       1.6345E-04  1.6711E-04  1.6409E-04  1.6170E-04  1.6886E-04  1.5677E-04  1.6457E-04  1.5963E-04  1.6584E-04  1.5868E-04
       1.6711E-04  1.6679E-04  1.5788E-04  1.6791E-04  1.5279E-04  1.4992E-04  1.6170E-04  1.6313E-04  1.6839E-04  1.6393E-04
       1.6297E-04  1.5422E-04  1.5931E-04  1.6202E-04  1.6186E-04  1.6807E-04  1.5836E-04  1.5931E-04  1.5390E-04  1.7841E-04
       1.6886E-04  1.5884E-04  1.6154E-04  1.6282E-04  1.5915E-04  1.5884E-04  1.6616E-04  1.6138E-04  1.6138E-04  1.5263E-04
       1.5231E-04  1.5597E-04  1.6823E-04  1.7205E-04  1.5565E-04  1.6091E-04  1.6377E-04  1.6488E-04  1.7125E-04  1.6441E-04
       1.5406E-04  1.6504E-04  1.6170E-04  1.6664E-04  1.6282E-04  1.6918E-04  1.6393E-04  1.6679E-04  1.7491E-04  1.6250E-04
       1.5915E-04  1.7571E-04  1.7427E-04  1.6966E-04  1.6727E-04  1.7077E-04  1.6504E-04  1.5804E-04  1.5836E-04  1.6584E-04
       1.7030E-04  1.5804E-04  1.6218E-04  1.6457E-04  1.6807E-04  1.6727E-04  1.5645E-04  1.5979E-04  1.6775E-04  1.6377E-04
       1.6441E-04  1.7045E-04  1.6425E-04  1.6409E-04  1.5836E-04  1.6568E-04  1.6393E-04  1.6520E-04  1.6679E-04  1.6982E-04
       1.6218E-04  1.6345E-04  1.5295E-04  1.6138E-04  1.6011E-04  1.5295E-04  1.5868E-04  1.5518E-04  1.6250E-04  1.5263E-04
       1.5900E-04  1.6075E-04  1.6027E-04  1.5613E-04  1.6234E-04  1.6616E-04  1.6154E-04  1.5900E-04  1.6329E-04  1.5327E-04
       1.6282E-04  1.5645E-04  1.5422E-04  1.5406E-04  1.4356E-04  1.4992E-04  1.4770E-04  1.4929E-04  1.4961E-04  1.6011E-04
       1.6250E-04  1.6759E-04  1.5311E-04  1.4642E-04  1.4197E-04  1.4722E-04  1.4610E-04  1.5152E-04  1.5104E-04  1.3321E-04
       1.4563E-04  1.4197E-04  1.4069E-04  1.5104E-04  1.4579E-04  1.3735E-04  1.5183E-04  1.3926E-04  1.4165E-04  1.4658E-04
       1.3783E-04  1.4642E-04  1.3512E-04  1.3130E-04  1.2987E-04  1.4244E-04  1.3624E-04  1.3258E-04  1.4547E-04  1.3098E-04
       1.3687E-04  1.3401E-04  1.3369E-04  1.2796E-04  1.4101E-04  1.3783E-04  1.4101E-04  1.3592E-04  1.4117E-04  1.2701E-04
       1.2685E-04  1.2892E-04  1.2701E-04  1.3767E-04  1.3258E-04  1.3353E-04  1.3114E-04  1.2589E-04  1.2255E-04  1.3321E-04
       1.2653E-04  1.2366E-04  1.1873E-04  1.2319E-04  1.2494E-04  1.2876E-04  1.2223E-04  1.2939E-04  1.2303E-04  1.2828E-04
       1.2223E-04  1.2016E-04  1.2557E-04  1.2271E-04  1.2796E-04  1.1539E-04  1.1284E-04  1.1364E-04  1.1825E-04  1.3098E-04
       1.0934E-04  1.1825E-04  1.0504E-04  1.1348E-04  1.1141E-04  1.1236E-04  1.0456E-04  1.0791E-04  1.0647E-04  1.0393E-04
       1.0870E-04  1.0854E-04  9.8039E-05  1.0218E-04  9.3265E-05  1.0361E-04  9.8358E-05  9.9949E-05  9.1514E-05  9.8517E-05
       9.2787E-05  9.1673E-05  9.3265E-05  8.4989E-05  8.3397E-05  9.0082E-05  8.0532E-05  8.1487E-05  7.9737E-05  8.4034E-05
       7.5439E-05  6.7959E-05  6.6845E-05  5.9842E-05  5.9365E-05  5.9046E-05  5.6182E-05  4.9179E-05  5.1248E-05  4.4563E-05
       3.6765E-05  4.4723E-05  4.5200E-05  4.3449E-05  4.5041E-05  4.7587E-05  4.7906E-05  4.6951E-05  5.0452E-05  5.1248E-05
       4.9975E-05  5.0770E-05  5.8728E-05  5.8410E-05  5.9206E-05  6.6845E-05  6.9869E-05  7.4007E-05  8.2124E-05  8.9445E-05
       9.2469E-05  1.0218E-04  1.0568E-04  1.1236E-04  1.1014E-04  9.6289E-05  1.0090E-04  1.0616E-04  9.5493E-05  1.0234E-04
       1.1571E-04  1.4165E-04  2.1979E-04  3.9279E-04  8.2872E-04  1.8748E-03  4.2887E-03  9.4221E-03  1.9974E-02  3.9988E-02
       7.4881E-02  1.3191E-01  2.1624E-01  3.3084E-01  4.6951E-01  6.1802E-01  7.5401E-01  8.5124E-01  8.8735E-01  8.5285E-01
       7.5576E-01  6.1715E-01  4.6257E-01  3.1840E-01  2.0102E-01  1.1659E-01  6.1943E-02  3.0140E-02  1.3360E-02  5.4068E-03
       1.9976E-03  6.8341E-04  2.1629E-04  5.8092E-05  1.5756E-05  3.0239E-06  7.9577E-07  0.0000E+00  0.0000E+00  0.0000E+00
       0.0000E+00  0.0000E+00  0.0000E+00  0.0000E+00  0.0000E+00  0.0000E+00  0.0000E+00  0.0000E+00  0.0000E+00  0.0000E+00
       0.0000E+00  0.0000E+00  0.0000E+00  0.0000E+00  0.0000E+00  0.0000E+00  0.0000E+00  0.0000E+00  0.0000E+00  0.0000E+00
       0.0000E+00  0.0000E+00  0.0000E+00  0.0000E+00  0.0000E+00  0.0000E+00  0.0000E+00  0.0000E+00  0.0000E+00  0.0000E+00
       0.0000E+00  0.0000E+00  0.0000E+00  0.0000E+00  0.0000E+00  0.0000E+00  0.0000E+00  0.0000E+00  0.0000E+00  0.0000E+00
       0.0000E+00  0.0000E+00  0.0000E+00  0.0000E+00  0.0000E+00  0.0000E+00  0.0000E+00  0.0000E+00  0.0000E+00  0.0000E+00
       0.0000E+00  0.0000E+00  0.0000E+00  0.0000E+00  0.0000E+00  0.0000E+00  0.0000E+00  0.0000E+00  0.0000E+00  0.0000E+00
       0.0000E+00  0.0000E+00  0.0000E+00  0.0000E+00  0.0000E+00  0.0000E+00  0.0000E+00  0.0000E+00  0.0000E+00  0.0000E+00
       0.0000E+00  0.0000E+00  0.0000E+00  0.0000E+00  0.0000E+00  0.0000E+00  0.0000E+00  0.0000E+00  0.0000E+00  0.0000E+00
       0.0000E+00  0.0000E+00  0.0000E+00  0.0000E+00  0.0000E+00  0.0000E+00  0.0000E+00  0.0000E+00  0.0000E+00  0.0000E+00
       0.0000E+00  0.0000E+00  0.0000E+00  0.0000E+00  0.0000E+00  0.0000E+00  0.0000E+00  0.0000E+00  0.0000E+00  0.0000E+00
       0.0000E+00  0.0000E+00  0.0000E+00  0.0000E+00  0.0000E+00  0.0000E+00  0.0000E+00  0.0000E+00  0.0000E+00  0.0000E+00
       0.0000E+00  0.0000E+00  0.0000E+00  0.0000E+00  0.0000E+00  0.0000E+00  0.0000E+00  0.0000E+00  0.0000E+00  0.0000E+00
       0.0000E+00  0.0000E+00  0.0000E+00  0.0000E+00  0.0000E+00  0.0000E+00  0.0000E+00  0.0000E+00  0.0000E+00  0.0000E+00
       0.0000E+00  0.0000E+00  0.0000E+00  0.0000E+00  0.0000E+00  0.0000E+00  0.0000E+00  0.0000E+00  0.0000E+00  0.0000E+00
       0.0000E+00  0.0000E+00  0.0000E+00  0.0000E+00  0.0000E+00  0.0000E+00  0.0000E+00  0.0000E+00  0.0000E+00  0.0000E+00
       0.0000E+00  0.0000E+00  0.0000E+00  0.0000E+00  0.0000E+00  0.0000E+00  0.0000E+00  0.0000E+00  0.0000E+00  0.0000E+00
       0.0000E+00  0.0000E+00  0.0000E+00  0.0000E+00  0.0000E+00  0.0000E+00  0.0000E+00  0.0000E+00  0.0000E+00  0.0000E+00
       0.0000E+00  0.0000E+00  0.0000E+00  0.0000E+00  0.0000E+00  0.0000E+00  0.0000E+00  0.0000E+00  0.0000E+00  0.0000E+00
       0.0000E+00  0.0000E+00  0.0000E+00  0.0000E+00  0.0000E+00  0.0000E+00  0.0000E+00  0.0000E+00  0.0000E+00  0.0000E+00
       0.0000E+00  0.0000E+00  0.0000E+00  0.0000E+00  0.0000E+00  0.0000E+00  0.0000E+00  0.0000E+00  0.0000E+00  0.0000E+00
       0.0000E+00  0.0000E+00  0.0000E+00  0.0000E+00  0.0000E+00  0.0000E+00  0.0000E+00  0.0000E+00  0.0000E+00  0.0000E+00
       0.0000E+00  0.0000E+00  0.0000E+00  0.0000E+00  0.0000E+00  0.0000E+00  0.0000E+00  0.0000E+00  0.0000E+00  0.0000E+00
       0.0000E+00  0.0000E+00  0.0000E+00  0.0000E+00  0.0000E+00  0.0000E+00  0.0000E+00  0.0000E+00  0.0000E+00  0.0000E+00
       0.0000E+00  0.0000E+00  0.0000E+00  0.0000E+00  0.0000E+00  0.0000E+00  0.0000E+00  0.0000E+00  0.0000E+00  0.0000E+00
       0.0000E+00  0.0000E+00  0.0000E+00  0.0000E+00  0.0000E+00  0.0000E+00  0.0000E+00  0.0000E+00  0.0000E+00  0.0000E+00
       0.0000E+00  0.0000E+00  0.0000E+00  0.0000E+00  0.0000E+00  0.0000E+00  0.0000E+00  0.0000E+00  0.0000E+00  0.0000E+00
