
 *****  Protons in Lexan (0.17GeV, 3cm)                                                   *****

           DATE: 12/18/18,  TIME:  7:59:24

          Total number of particles followed       10000000, for a total weight of  1.0000E+07

1

   Res. nuclei n.   1  "Ian       " ,  all         products, region n.     5
      detector volume:  1.0000E+00 cm**3
      Max. Z:  10, Max. N-Z:  11 Min. N-Z: -4
      Data follow in a matrix A(z,n-z-k), k: -5 format (1(5x,1p,10(1x,e11.4)))

       0.0000E+00  0.0000E+00  0.0000E+00  0.0000E+00  0.0000E+00  0.0000E+00  0.0000E+00  0.0000E+00  0.0000E+00  0.0000E+00
       0.0000E+00  0.0000E+00  0.0000E+00  0.0000E+00  0.0000E+00  3.3000E-05  0.0000E+00  2.0000E-06  0.0000E+00  0.0000E+00
       0.0000E+00  0.0000E+00  0.0000E+00  0.0000E+00  2.7570E-04  4.8560E-04  6.4300E-05  1.0000E-04  0.0000E+00  0.0000E+00
       8.9631E-02  7.8464E-03  0.0000E+00  3.6297E-03  0.0000E+00  1.0574E-02  1.4550E-04  2.5316E-03  1.0000E-07  0.0000E+00
       2.5097E-02  6.3024E-02  5.0054E-03  0.0000E+00  3.4562E-03  1.8238E-02  1.2051E-03  2.1393E-03  3.0000E-07  1.0000E-06
       3.9649E-03  0.0000E+00  2.6323E-03  7.6420E-04  6.3415E-03  7.3202E-04  1.5888E-03  2.4957E-06  1.0000E-07  0.0000E+00
       0.0000E+00  1.6750E-04  2.0750E-04  4.3980E-04  8.1324E-05  1.5280E-04  5.7302E-06  3.1000E-06  0.0000E+00  0.0000E+00
       0.0000E+00  0.0000E+00  1.2500E-05  2.7000E-06  4.3000E-06  4.0000E-07  2.2000E-06  0.0000E+00  0.0000E+00  0.0000E+00
       0.0000E+00  1.0000E-07  0.0000E+00  1.0000E-07  0.0000E+00  0.0000E+00  0.0000E+00  0.0000E+00  0.0000E+00  0.0000E+00
       0.0000E+00  0.0000E+00  0.0000E+00  0.0000E+00  0.0000E+00  0.0000E+00  0.0000E+00  0.0000E+00  0.0000E+00  0.0000E+00
       0.0000E+00  0.0000E+00  0.0000E+00  0.0000E+00  0.0000E+00  0.0000E+00  0.0000E+00  0.0000E+00  0.0000E+00  0.0000E+00
       0.0000E+00  0.0000E+00  0.0000E+00  0.0000E+00  0.0000E+00  0.0000E+00  0.0000E+00  0.0000E+00  0.0000E+00  0.0000E+00
       0.0000E+00  0.0000E+00  0.0000E+00  0.0000E+00  0.0000E+00  0.0000E+00  0.0000E+00  0.0000E+00  0.0000E+00  0.0000E+00
       0.0000E+00  0.0000E+00  0.0000E+00  0.0000E+00  0.0000E+00  0.0000E+00  0.0000E+00  0.0000E+00  0.0000E+00  0.0000E+00
       0.0000E+00  0.0000E+00  0.0000E+00  0.0000E+00  0.0000E+00  0.0000E+00  0.0000E+00  0.0000E+00  0.0000E+00  0.0000E+00
       0.0000E+00  0.0000E+00  0.0000E+00  0.0000E+00  0.0000E+00  0.0000E+00  0.0000E+00  0.0000E+00  0.0000E+00  0.0000E+00
