
 *****  Protons in Lexan (0.17GeV, 3cm)                                                   *****

           DATE: 12/18/18,  TIME:  7:59:24

          Total number of particles followed       10000000, for a total weight of  1.0000E+07

1

   Bdrx n.   2  "ofluence  " , generalized particle n.    1, from region n.     5 to region n.     4
      detector area:  1.0000E+02 cm**2
      this is a one way only estimator
      this is a fluence like estimator
      linear energy binning from   9.0000E-02 to  2.2000E-01 GeV,   650 bins ( 2.0000E-04 GeV wide)
      linear angular binning from  0.0000E+00 to  6.2832E+00 sr ,     1 bins ( 6.2832E+00 sr wide )
      Data follow in a matrix A(ie,ia), format (1(5x,1p,10(1x,e11.4)))

       7.1024E-04  6.8729E-04  7.3652E-04  7.0662E-04  7.2764E-04  7.5806E-04  7.1337E-04  7.3223E-04  7.6456E-04  7.5603E-04
       6.9769E-04  7.1992E-04  7.1061E-04  7.6474E-04  7.1708E-04  7.0508E-04  7.2227E-04  7.2206E-04  7.2507E-04  7.4181E-04
       7.0128E-04  7.2522E-04  7.2330E-04  7.8333E-04  7.4820E-04  6.9549E-04  7.2131E-04  7.0755E-04  7.2530E-04  6.7977E-04
       7.0497E-04  7.0302E-04  7.4313E-04  6.9742E-04  6.9392E-04  6.9256E-04  7.1033E-04  6.6057E-04  7.4180E-04  6.8650E-04
       6.7014E-04  7.1676E-04  7.4343E-04  7.2748E-04  6.8551E-04  7.0793E-04  7.1419E-04  7.4221E-04  7.0177E-04  6.9659E-04
       6.7611E-04  6.8013E-04  6.7167E-04  6.7423E-04  6.8907E-04  7.5711E-04  6.8099E-04  7.0452E-04  6.4931E-04  6.9757E-04
       7.0262E-04  6.9543E-04  6.4152E-04  7.1140E-04  7.0505E-04  6.7836E-04  7.1131E-04  7.1486E-04  6.5633E-04  7.1050E-04
       6.3433E-04  6.5154E-04  6.6752E-04  7.4840E-04  6.9270E-04  6.7064E-04  6.3264E-04  6.3234E-04  6.8574E-04  7.0021E-04
       6.7955E-04  6.6500E-04  6.0120E-04  6.3497E-04  6.5312E-04  6.6305E-04  6.8156E-04  6.4993E-04  6.8627E-04  5.9727E-04
       6.4619E-04  6.2324E-04  5.9834E-04  6.0550E-04  6.2051E-04  6.2027E-04  6.3102E-04  5.9390E-04  5.8372E-04  6.1035E-04
       6.1180E-04  5.7839E-04  6.2264E-04  6.1812E-04  5.8884E-04  5.7610E-04  5.9742E-04  5.9018E-04  5.8188E-04  5.7122E-04
       6.0280E-04  5.7355E-04  6.0582E-04  5.3232E-04  6.0599E-04  5.9246E-04  5.6129E-04  5.4239E-04  5.8919E-04  5.3851E-04
       5.0198E-04  5.6614E-04  5.7320E-04  5.7703E-04  5.8001E-04  5.6757E-04  5.6144E-04  5.6832E-04  5.5956E-04  5.7508E-04
       5.6689E-04  5.1696E-04  5.7784E-04  4.9390E-04  5.2983E-04  5.3740E-04  5.1933E-04  5.1684E-04  5.2589E-04  5.7116E-04
       5.0003E-04  4.8668E-04  5.3986E-04  5.1549E-04  5.0043E-04  5.1400E-04  4.9094E-04  5.1534E-04  5.4490E-04  4.5882E-04
       5.0775E-04  4.8598E-04  4.8541E-04  4.9822E-04  4.7131E-04  5.0943E-04  4.7014E-04  4.8051E-04  4.6672E-04  4.3381E-04
       4.4441E-04  4.6481E-04  4.4039E-04  4.3943E-04  4.7066E-04  4.6179E-04  4.4733E-04  4.1595E-04  4.2102E-04  4.1825E-04
       3.9689E-04  4.1001E-04  4.1663E-04  3.9371E-04  3.5197E-04  3.7788E-04  3.9900E-04  3.7826E-04  3.5865E-04  3.5815E-04
       3.5955E-04  3.2578E-04  3.3955E-04  3.8139E-04  3.5484E-04  2.9943E-04  3.0974E-04  3.1177E-04  2.9519E-04  3.1317E-04
       2.6230E-04  2.6617E-04  2.5978E-04  2.5027E-04  2.5291E-04  2.3829E-04  2.1791E-04  2.3255E-04  2.2201E-04  2.3098E-04
       2.2067E-04  2.2687E-04  2.6363E-04  2.1995E-04  2.2911E-04  2.4805E-04  2.6062E-04  2.7911E-04  2.8744E-04  2.6844E-04
       2.9561E-04  3.2852E-04  3.6217E-04  3.2409E-04  3.5982E-04  3.7792E-04  4.3949E-04  4.3509E-04  5.0210E-04  4.8817E-04
       5.3441E-04  5.8651E-04  7.2761E-04  8.3082E-04  1.0047E-03  1.3639E-03  1.7495E-03  2.5754E-03  3.9093E-03  5.7058E-03
       8.6379E-03  1.2844E-02  1.9123E-02  2.7867E-02  4.0591E-02  5.7454E-02  7.9695E-02  1.0817E-01  1.4364E-01  1.8411E-01
       2.3177E-01  2.8275E-01  3.3753E-01  3.9055E-01  4.3823E-01  4.7853E-01  5.0752E-01  5.2133E-01  5.1883E-01  5.0135E-01
       4.6805E-01  4.2362E-01  3.7071E-01  3.1447E-01  2.5705E-01  2.0271E-01  1.5479E-01  1.1308E-01  8.0773E-02  5.5136E-02
       3.6730E-02  2.3016E-02  1.3998E-02  8.3502E-03  4.5750E-03  2.4726E-03  1.3254E-03  6.4956E-04  3.4072E-04  1.4885E-04
       5.2534E-05  3.1046E-05  9.5512E-06  3.9796E-06  7.9626E-07  7.9581E-07  0.0000E+00  7.9584E-07  0.0000E+00  0.0000E+00
       0.0000E+00  0.0000E+00  0.0000E+00  0.0000E+00  0.0000E+00  0.0000E+00  0.0000E+00  0.0000E+00  0.0000E+00  0.0000E+00
       0.0000E+00  0.0000E+00  0.0000E+00  0.0000E+00  0.0000E+00  0.0000E+00  0.0000E+00  0.0000E+00  0.0000E+00  0.0000E+00
       0.0000E+00  0.0000E+00  0.0000E+00  0.0000E+00  0.0000E+00  0.0000E+00  0.0000E+00  0.0000E+00  0.0000E+00  0.0000E+00
       0.0000E+00  0.0000E+00  0.0000E+00  0.0000E+00  0.0000E+00  0.0000E+00  0.0000E+00  0.0000E+00  0.0000E+00  0.0000E+00
       0.0000E+00  0.0000E+00  0.0000E+00  0.0000E+00  0.0000E+00  0.0000E+00  0.0000E+00  0.0000E+00  0.0000E+00  0.0000E+00
       0.0000E+00  0.0000E+00  0.0000E+00  0.0000E+00  0.0000E+00  0.0000E+00  0.0000E+00  0.0000E+00  0.0000E+00  0.0000E+00
       0.0000E+00  0.0000E+00  0.0000E+00  0.0000E+00  0.0000E+00  0.0000E+00  0.0000E+00  0.0000E+00  0.0000E+00  0.0000E+00
       0.0000E+00  0.0000E+00  0.0000E+00  0.0000E+00  0.0000E+00  0.0000E+00  0.0000E+00  0.0000E+00  0.0000E+00  0.0000E+00
       0.0000E+00  0.0000E+00  0.0000E+00  0.0000E+00  0.0000E+00  0.0000E+00  0.0000E+00  0.0000E+00  0.0000E+00  0.0000E+00
       0.0000E+00  0.0000E+00  0.0000E+00  0.0000E+00  0.0000E+00  0.0000E+00  0.0000E+00  0.0000E+00  0.0000E+00  0.0000E+00
       0.0000E+00  0.0000E+00  0.0000E+00  0.0000E+00  0.0000E+00  0.0000E+00  0.0000E+00  0.0000E+00  0.0000E+00  0.0000E+00
       0.0000E+00  0.0000E+00  0.0000E+00  0.0000E+00  0.0000E+00  0.0000E+00  0.0000E+00  0.0000E+00  0.0000E+00  0.0000E+00
       0.0000E+00  0.0000E+00  0.0000E+00  0.0000E+00  0.0000E+00  0.0000E+00  0.0000E+00  0.0000E+00  0.0000E+00  0.0000E+00
       0.0000E+00  0.0000E+00  0.0000E+00  0.0000E+00  0.0000E+00  0.0000E+00  0.0000E+00  0.0000E+00  0.0000E+00  0.0000E+00
       0.0000E+00  0.0000E+00  0.0000E+00  0.0000E+00  0.0000E+00  0.0000E+00  0.0000E+00  0.0000E+00  0.0000E+00  0.0000E+00
       0.0000E+00  0.0000E+00  0.0000E+00  0.0000E+00  0.0000E+00  0.0000E+00  0.0000E+00  0.0000E+00  0.0000E+00  0.0000E+00
       0.0000E+00  0.0000E+00  0.0000E+00  0.0000E+00  0.0000E+00  0.0000E+00  0.0000E+00  0.0000E+00  0.0000E+00  0.0000E+00
       0.0000E+00  0.0000E+00  0.0000E+00  0.0000E+00  0.0000E+00  0.0000E+00  0.0000E+00  0.0000E+00  0.0000E+00  0.0000E+00
       0.0000E+00  0.0000E+00  0.0000E+00  0.0000E+00  0.0000E+00  0.0000E+00  0.0000E+00  0.0000E+00  0.0000E+00  0.0000E+00
       0.0000E+00  0.0000E+00  0.0000E+00  0.0000E+00  0.0000E+00  0.0000E+00  0.0000E+00  0.0000E+00  0.0000E+00  0.0000E+00
       0.0000E+00  0.0000E+00  0.0000E+00  0.0000E+00  0.0000E+00  0.0000E+00  0.0000E+00  0.0000E+00  0.0000E+00  0.0000E+00
       0.0000E+00  0.0000E+00  0.0000E+00  0.0000E+00  0.0000E+00  0.0000E+00  0.0000E+00  0.0000E+00  0.0000E+00  0.0000E+00
       0.0000E+00  0.0000E+00  0.0000E+00  0.0000E+00  0.0000E+00  0.0000E+00  0.0000E+00  0.0000E+00  0.0000E+00  0.0000E+00
       0.0000E+00  0.0000E+00  0.0000E+00  0.0000E+00  0.0000E+00  0.0000E+00  0.0000E+00  0.0000E+00  0.0000E+00  0.0000E+00
       0.0000E+00  0.0000E+00  0.0000E+00  0.0000E+00  0.0000E+00  0.0000E+00  0.0000E+00  0.0000E+00  0.0000E+00  0.0000E+00
       0.0000E+00  0.0000E+00  0.0000E+00  0.0000E+00  0.0000E+00  0.0000E+00  0.0000E+00  0.0000E+00  0.0000E+00  0.0000E+00
       0.0000E+00  0.0000E+00  0.0000E+00  0.0000E+00  0.0000E+00  0.0000E+00  0.0000E+00  0.0000E+00  0.0000E+00  0.0000E+00
       0.0000E+00  0.0000E+00  0.0000E+00  0.0000E+00  0.0000E+00  0.0000E+00  0.0000E+00  0.0000E+00  0.0000E+00  0.0000E+00
       0.0000E+00  0.0000E+00  0.0000E+00  0.0000E+00  0.0000E+00  0.0000E+00  0.0000E+00  0.0000E+00  0.0000E+00  0.0000E+00
       0.0000E+00  0.0000E+00  0.0000E+00  0.0000E+00  0.0000E+00  0.0000E+00  0.0000E+00  0.0000E+00  0.0000E+00  0.0000E+00
       0.0000E+00  0.0000E+00  0.0000E+00  0.0000E+00  0.0000E+00  0.0000E+00  0.0000E+00  0.0000E+00  0.0000E+00  0.0000E+00
       0.0000E+00  0.0000E+00  0.0000E+00  0.0000E+00  0.0000E+00  0.0000E+00  0.0000E+00  0.0000E+00  0.0000E+00  0.0000E+00
       0.0000E+00  0.0000E+00  0.0000E+00  0.0000E+00  0.0000E+00  0.0000E+00  0.0000E+00  0.0000E+00  0.0000E+00  0.0000E+00
       0.0000E+00  0.0000E+00  0.0000E+00  0.0000E+00  0.0000E+00  0.0000E+00  0.0000E+00  0.0000E+00  0.0000E+00  0.0000E+00
       0.0000E+00  0.0000E+00  0.0000E+00  0.0000E+00  0.0000E+00  0.0000E+00  0.0000E+00  0.0000E+00  0.0000E+00  0.0000E+00
       0.0000E+00  0.0000E+00  0.0000E+00  0.0000E+00  0.0000E+00  0.0000E+00  0.0000E+00  0.0000E+00  0.0000E+00  0.0000E+00
       0.0000E+00  0.0000E+00  0.0000E+00  0.0000E+00  0.0000E+00  0.0000E+00  0.0000E+00  0.0000E+00  0.0000E+00  0.0000E+00
1

   Bdrx n.   6  "ofluence  " , generalized particle n.    1, from region n.     5 to region n.     4
      detector area:  1.0000E+02 cm**2
      this is a one way only estimator
      this is a fluence like estimator
      linear energy binning from   0.0000E+00 to  3.0000E+02 GeV,     1 bins ( 3.0000E+02 GeV wide)
      linear angular binning from  0.0000E+00 to  6.2832E+00 sr ,     1 bins ( 6.2832E+00 sr wide )
      Data follow in a matrix A(ie,ia), format (1(5x,1p,10(1x,e11.4)))

       5.2138E-06
