
 *****  Protons in Lexan (0.17GeV, 3cm)                                                   *****

           DATE: 12/18/18,  TIME:  7:59:24

          Total number of particles followed       10000000, for a total weight of  1.0000E+07

1

   Bdrx n.   4  "ocurrent  " , generalized particle n.    1, from region n.     5 to region n.     4
      detector area:  1.0000E+02 cm**2
      this is a one way only estimator
      this is a current like estimator
      linear energy binning from   9.0000E-02 to  2.2000E-01 GeV,   650 bins ( 2.0000E-04 GeV wide)
      linear angular binning from  0.0000E+00 to  6.2832E+00 sr ,     1 bins ( 6.2832E+00 sr wide )
      Data follow in a matrix A(ie,ia), format (1(5x,1p,10(1x,e11.4)))

       5.9604E-04  5.8251E-04  6.2070E-04  5.9922E-04  6.1911E-04  6.4856E-04  6.1115E-04  6.1513E-04  6.4696E-04  6.4776E-04
       5.9046E-04  6.1513E-04  6.1354E-04  6.5094E-04  6.0877E-04  6.0638E-04  6.0718E-04  6.1434E-04  6.2070E-04  6.2548E-04
       6.0399E-04  6.1513E-04  6.2627E-04  6.6686E-04  6.3901E-04  5.9683E-04  6.1832E-04  6.1036E-04  6.2866E-04  5.8728E-04
       6.1195E-04  6.0320E-04  6.5333E-04  6.0001E-04  6.0240E-04  6.0240E-04  6.1354E-04  5.7296E-04  6.4139E-04  5.9285E-04
       5.8569E-04  6.2309E-04  6.4776E-04  6.3423E-04  5.8967E-04  6.1752E-04  6.2548E-04  6.4935E-04  6.1275E-04  6.0081E-04
       5.9524E-04  5.9683E-04  5.8728E-04  5.9206E-04  6.0479E-04  6.5890E-04  5.9285E-04  6.1991E-04  5.7375E-04  6.1593E-04
       6.1434E-04  6.0956E-04  5.6818E-04  6.1036E-04  6.2946E-04  5.9922E-04  6.2707E-04  6.3344E-04  5.8251E-04  6.2707E-04
       5.6261E-04  5.7535E-04  5.9285E-04  6.5970E-04  6.1115E-04  5.9524E-04  5.6182E-04  5.5943E-04  6.0718E-04  6.2230E-04
       6.0797E-04  5.8728E-04  5.3715E-04  5.6182E-04  5.8251E-04  5.8967E-04  6.0320E-04  5.7375E-04  6.1036E-04  5.3237E-04
       5.7455E-04  5.5545E-04  5.3635E-04  5.4511E-04  5.5545E-04  5.5465E-04  5.6500E-04  5.3556E-04  5.2362E-04  5.4749E-04
       5.5147E-04  5.2044E-04  5.5784E-04  5.5625E-04  5.2999E-04  5.1805E-04  5.4033E-04  5.2839E-04  5.2521E-04  5.1725E-04
       5.4511E-04  5.1805E-04  5.4511E-04  4.8304E-04  5.4829E-04  5.3715E-04  5.0691E-04  4.9099E-04  5.3715E-04  4.8542E-04
       4.5439E-04  5.1646E-04  5.2203E-04  5.2203E-04  5.2760E-04  5.1566E-04  5.0452E-04  5.1805E-04  5.1327E-04  5.2362E-04
       5.1805E-04  4.7746E-04  5.3158E-04  4.5200E-04  4.8304E-04  4.9179E-04  4.7667E-04  4.7349E-04  4.8304E-04  5.2521E-04
       4.6235E-04  4.4484E-04  4.9895E-04  4.6871E-04  4.6075E-04  4.7269E-04  4.5439E-04  4.7189E-04  5.0134E-04  4.2494E-04
       4.6871E-04  4.5041E-04  4.5041E-04  4.6314E-04  4.3449E-04  4.7030E-04  4.3211E-04  4.4563E-04  4.3370E-04  4.0903E-04
       4.1460E-04  4.3370E-04  4.0903E-04  4.0664E-04  4.4165E-04  4.2972E-04  4.1539E-04  3.8595E-04  3.9152E-04  3.8913E-04
       3.6844E-04  3.8197E-04  3.8675E-04  3.6526E-04  3.2786E-04  3.5332E-04  3.7322E-04  3.5492E-04  3.3423E-04  3.3343E-04
       3.3661E-04  3.0717E-04  3.1433E-04  3.5412E-04  3.2865E-04  2.8170E-04  2.8887E-04  2.8887E-04  2.7215E-04  2.8568E-04
       2.4271E-04  2.4271E-04  2.3555E-04  2.2918E-04  2.3237E-04  2.1486E-04  1.9815E-04  2.1247E-04  2.0213E-04  2.0690E-04
       1.9815E-04  2.0292E-04  2.1327E-04  2.0054E-04  2.0849E-04  2.2680E-04  2.3953E-04  2.5624E-04  2.6181E-04  2.4828E-04
       2.6738E-04  3.0399E-04  3.3820E-04  3.0399E-04  3.3502E-04  3.5332E-04  4.1062E-04  4.0823E-04  4.6951E-04  4.6155E-04
       5.0452E-04  5.5386E-04  6.8596E-04  7.9100E-04  9.6050E-04  1.3154E-03  1.6974E-03  2.5099E-03  3.8356E-03  5.6261E-03
       8.5466E-03  1.2740E-02  1.9005E-02  2.7727E-02  4.0437E-02  5.7273E-02  7.9494E-02  1.0794E-01  1.4338E-01  1.8382E-01
       2.3146E-01  2.8243E-01  3.3719E-01  3.9019E-01  4.3786E-01  4.7816E-01  5.0716E-01  5.2098E-01  5.1850E-01  5.0105E-01
       4.6779E-01  4.2340E-01  3.7052E-01  3.1431E-01  2.5693E-01  2.0262E-01  1.5472E-01  1.1303E-01  8.0739E-02  5.5113E-02
       3.6715E-02  2.3007E-02  1.3992E-02  8.3469E-03  4.5733E-03  2.4717E-03  1.3250E-03  6.4935E-04  3.4059E-04  1.4881E-04
       5.2521E-05  3.1035E-05  9.5493E-06  3.9789E-06  7.9577E-07  7.9577E-07  0.0000E+00  7.9577E-07  0.0000E+00  0.0000E+00
       0.0000E+00  0.0000E+00  0.0000E+00  0.0000E+00  0.0000E+00  0.0000E+00  0.0000E+00  0.0000E+00  0.0000E+00  0.0000E+00
       0.0000E+00  0.0000E+00  0.0000E+00  0.0000E+00  0.0000E+00  0.0000E+00  0.0000E+00  0.0000E+00  0.0000E+00  0.0000E+00
       0.0000E+00  0.0000E+00  0.0000E+00  0.0000E+00  0.0000E+00  0.0000E+00  0.0000E+00  0.0000E+00  0.0000E+00  0.0000E+00
       0.0000E+00  0.0000E+00  0.0000E+00  0.0000E+00  0.0000E+00  0.0000E+00  0.0000E+00  0.0000E+00  0.0000E+00  0.0000E+00
       0.0000E+00  0.0000E+00  0.0000E+00  0.0000E+00  0.0000E+00  0.0000E+00  0.0000E+00  0.0000E+00  0.0000E+00  0.0000E+00
       0.0000E+00  0.0000E+00  0.0000E+00  0.0000E+00  0.0000E+00  0.0000E+00  0.0000E+00  0.0000E+00  0.0000E+00  0.0000E+00
       0.0000E+00  0.0000E+00  0.0000E+00  0.0000E+00  0.0000E+00  0.0000E+00  0.0000E+00  0.0000E+00  0.0000E+00  0.0000E+00
       0.0000E+00  0.0000E+00  0.0000E+00  0.0000E+00  0.0000E+00  0.0000E+00  0.0000E+00  0.0000E+00  0.0000E+00  0.0000E+00
       0.0000E+00  0.0000E+00  0.0000E+00  0.0000E+00  0.0000E+00  0.0000E+00  0.0000E+00  0.0000E+00  0.0000E+00  0.0000E+00
       0.0000E+00  0.0000E+00  0.0000E+00  0.0000E+00  0.0000E+00  0.0000E+00  0.0000E+00  0.0000E+00  0.0000E+00  0.0000E+00
       0.0000E+00  0.0000E+00  0.0000E+00  0.0000E+00  0.0000E+00  0.0000E+00  0.0000E+00  0.0000E+00  0.0000E+00  0.0000E+00
       0.0000E+00  0.0000E+00  0.0000E+00  0.0000E+00  0.0000E+00  0.0000E+00  0.0000E+00  0.0000E+00  0.0000E+00  0.0000E+00
       0.0000E+00  0.0000E+00  0.0000E+00  0.0000E+00  0.0000E+00  0.0000E+00  0.0000E+00  0.0000E+00  0.0000E+00  0.0000E+00
       0.0000E+00  0.0000E+00  0.0000E+00  0.0000E+00  0.0000E+00  0.0000E+00  0.0000E+00  0.0000E+00  0.0000E+00  0.0000E+00
       0.0000E+00  0.0000E+00  0.0000E+00  0.0000E+00  0.0000E+00  0.0000E+00  0.0000E+00  0.0000E+00  0.0000E+00  0.0000E+00
       0.0000E+00  0.0000E+00  0.0000E+00  0.0000E+00  0.0000E+00  0.0000E+00  0.0000E+00  0.0000E+00  0.0000E+00  0.0000E+00
       0.0000E+00  0.0000E+00  0.0000E+00  0.0000E+00  0.0000E+00  0.0000E+00  0.0000E+00  0.0000E+00  0.0000E+00  0.0000E+00
       0.0000E+00  0.0000E+00  0.0000E+00  0.0000E+00  0.0000E+00  0.0000E+00  0.0000E+00  0.0000E+00  0.0000E+00  0.0000E+00
       0.0000E+00  0.0000E+00  0.0000E+00  0.0000E+00  0.0000E+00  0.0000E+00  0.0000E+00  0.0000E+00  0.0000E+00  0.0000E+00
       0.0000E+00  0.0000E+00  0.0000E+00  0.0000E+00  0.0000E+00  0.0000E+00  0.0000E+00  0.0000E+00  0.0000E+00  0.0000E+00
       0.0000E+00  0.0000E+00  0.0000E+00  0.0000E+00  0.0000E+00  0.0000E+00  0.0000E+00  0.0000E+00  0.0000E+00  0.0000E+00
       0.0000E+00  0.0000E+00  0.0000E+00  0.0000E+00  0.0000E+00  0.0000E+00  0.0000E+00  0.0000E+00  0.0000E+00  0.0000E+00
       0.0000E+00  0.0000E+00  0.0000E+00  0.0000E+00  0.0000E+00  0.0000E+00  0.0000E+00  0.0000E+00  0.0000E+00  0.0000E+00
       0.0000E+00  0.0000E+00  0.0000E+00  0.0000E+00  0.0000E+00  0.0000E+00  0.0000E+00  0.0000E+00  0.0000E+00  0.0000E+00
       0.0000E+00  0.0000E+00  0.0000E+00  0.0000E+00  0.0000E+00  0.0000E+00  0.0000E+00  0.0000E+00  0.0000E+00  0.0000E+00
       0.0000E+00  0.0000E+00  0.0000E+00  0.0000E+00  0.0000E+00  0.0000E+00  0.0000E+00  0.0000E+00  0.0000E+00  0.0000E+00
       0.0000E+00  0.0000E+00  0.0000E+00  0.0000E+00  0.0000E+00  0.0000E+00  0.0000E+00  0.0000E+00  0.0000E+00  0.0000E+00
       0.0000E+00  0.0000E+00  0.0000E+00  0.0000E+00  0.0000E+00  0.0000E+00  0.0000E+00  0.0000E+00  0.0000E+00  0.0000E+00
       0.0000E+00  0.0000E+00  0.0000E+00  0.0000E+00  0.0000E+00  0.0000E+00  0.0000E+00  0.0000E+00  0.0000E+00  0.0000E+00
       0.0000E+00  0.0000E+00  0.0000E+00  0.0000E+00  0.0000E+00  0.0000E+00  0.0000E+00  0.0000E+00  0.0000E+00  0.0000E+00
       0.0000E+00  0.0000E+00  0.0000E+00  0.0000E+00  0.0000E+00  0.0000E+00  0.0000E+00  0.0000E+00  0.0000E+00  0.0000E+00
       0.0000E+00  0.0000E+00  0.0000E+00  0.0000E+00  0.0000E+00  0.0000E+00  0.0000E+00  0.0000E+00  0.0000E+00  0.0000E+00
       0.0000E+00  0.0000E+00  0.0000E+00  0.0000E+00  0.0000E+00  0.0000E+00  0.0000E+00  0.0000E+00  0.0000E+00  0.0000E+00
       0.0000E+00  0.0000E+00  0.0000E+00  0.0000E+00  0.0000E+00  0.0000E+00  0.0000E+00  0.0000E+00  0.0000E+00  0.0000E+00
       0.0000E+00  0.0000E+00  0.0000E+00  0.0000E+00  0.0000E+00  0.0000E+00  0.0000E+00  0.0000E+00  0.0000E+00  0.0000E+00
       0.0000E+00  0.0000E+00  0.0000E+00  0.0000E+00  0.0000E+00  0.0000E+00  0.0000E+00  0.0000E+00  0.0000E+00  0.0000E+00
       0.0000E+00  0.0000E+00  0.0000E+00  0.0000E+00  0.0000E+00  0.0000E+00  0.0000E+00  0.0000E+00  0.0000E+00  0.0000E+00
