
 *****  Protons in Lexan (0.20GeV, 3.0cm)                                                 *****

           DATE: 12/13/18,  TIME:  4:14:51

          Total number of particles followed        1000000, for a total weight of  1.0000E+06

1

   Res. nuclei n.   1  "Ian       " ,  all         products, region n.     5
      detector volume:  1.0000E+00 cm**3
      Max. Z:  10, Max. N-Z:  11 Min. N-Z: -4
      Data follow in a matrix A(z,n-z-k), k: -5 format (1(5x,1p,10(1x,e11.4)))

       0.0000E+00  0.0000E+00  0.0000E+00  0.0000E+00  0.0000E+00  0.0000E+00  0.0000E+00  0.0000E+00  0.0000E+00  0.0000E+00
       0.0000E+00  0.0000E+00  0.0000E+00  0.0000E+00  0.0000E+00  4.8000E-05  0.0000E+00  2.7000E-05  0.0000E+00  0.0000E+00
       0.0000E+00  0.0000E+00  0.0000E+00  0.0000E+00  4.7700E-04  8.7100E-04  1.7300E-04  1.2530E-03  0.0000E+00  0.0000E+00
       4.0780E+00  1.2802E-02  0.0000E+00  4.1590E-03  0.0000E+00  1.1911E-02  2.3780E-03  4.2031E-02  1.0000E-06  0.0000E+00
       2.7655E+00  1.8283E-01  1.0708E-02  0.0000E+00  6.5100E-03  4.5082E-02  2.0707E-02  6.6272E-02  9.0000E-06  5.0000E-06
       6.4874E-03  0.0000E+00  3.3250E-03  2.1427E-03  1.0201E-02  1.0783E-02  3.1527E-02  9.9561E-05  1.0000E-06  0.0000E+00
       0.0000E+00  1.9500E-04  4.0300E-04  1.0330E-03  3.1300E-04  2.6720E-03  2.4223E-04  9.4000E-05  0.0000E+00  0.0000E+00
       0.0000E+00  0.0000E+00  3.6000E-05  1.6000E-05  5.8000E-05  6.0000E-06  2.6000E-05  0.0000E+00  0.0000E+00  0.0000E+00
       0.0000E+00  1.0000E-06  0.0000E+00  1.0000E-06  0.0000E+00  0.0000E+00  0.0000E+00  0.0000E+00  0.0000E+00  0.0000E+00
       0.0000E+00  0.0000E+00  0.0000E+00  0.0000E+00  0.0000E+00  0.0000E+00  0.0000E+00  0.0000E+00  0.0000E+00  0.0000E+00
       0.0000E+00  0.0000E+00  0.0000E+00  0.0000E+00  0.0000E+00  0.0000E+00  0.0000E+00  0.0000E+00  0.0000E+00  0.0000E+00
       0.0000E+00  0.0000E+00  0.0000E+00  0.0000E+00  0.0000E+00  0.0000E+00  0.0000E+00  0.0000E+00  0.0000E+00  0.0000E+00
       0.0000E+00  0.0000E+00  0.0000E+00  0.0000E+00  0.0000E+00  0.0000E+00  0.0000E+00  0.0000E+00  0.0000E+00  0.0000E+00
       0.0000E+00  0.0000E+00  0.0000E+00  0.0000E+00  0.0000E+00  0.0000E+00  0.0000E+00  0.0000E+00  0.0000E+00  0.0000E+00
       0.0000E+00  0.0000E+00  0.0000E+00  0.0000E+00  0.0000E+00  0.0000E+00  0.0000E+00  0.0000E+00  0.0000E+00  0.0000E+00
       0.0000E+00  0.0000E+00  0.0000E+00  0.0000E+00  0.0000E+00  0.0000E+00  0.0000E+00  0.0000E+00  0.0000E+00  0.0000E+00
