
 *****  Protons in Lexan (0.20GeV, 3cm)                                                   *****

           DATE: 12/18/18,  TIME: 10: 6:44

          Total number of particles followed       10000000, for a total weight of  1.0000E+07

1

   Bdrx n.   4  "ocurrent  " , generalized particle n.    1, from region n.     5 to region n.     4
      detector area:  1.0000E+02 cm**2
      this is a one way only estimator
      this is a current like estimator
      linear energy binning from   1.2000E-01 to  2.5000E-01 GeV,   650 bins ( 2.0000E-04 GeV wide)
      linear angular binning from  0.0000E+00 to  6.2832E+00 sr ,     1 bins ( 6.2832E+00 sr wide )
      Data follow in a matrix A(ie,ia), format (1(5x,1p,10(1x,e11.4)))

       5.3237E-04  5.4590E-04  5.7614E-04  5.4511E-04  5.4511E-04  5.8489E-04  5.6659E-04  5.5545E-04  5.1168E-04  5.5306E-04
       5.4908E-04  5.5545E-04  5.4749E-04  5.5704E-04  5.1646E-04  5.6261E-04  5.4033E-04  5.3237E-04  5.6341E-04  5.4988E-04
       5.3476E-04  5.4033E-04  5.2362E-04  5.3396E-04  5.2839E-04  5.4670E-04  5.4033E-04  5.9046E-04  5.6023E-04  5.9206E-04
       6.0558E-04  5.9763E-04  5.4272E-04  5.2680E-04  5.5943E-04  5.6500E-04  5.2521E-04  5.6659E-04  5.0850E-04  5.5306E-04
       5.4113E-04  5.4431E-04  5.4192E-04  5.5068E-04  5.2601E-04  5.7455E-04  5.6261E-04  5.5545E-04  5.5306E-04  5.2680E-04
       5.5147E-04  5.8330E-04  5.4113E-04  5.1885E-04  5.4749E-04  5.3396E-04  5.6102E-04  5.4749E-04  5.8092E-04  5.2521E-04
       5.7057E-04  5.4749E-04  5.3396E-04  5.9365E-04  5.4511E-04  5.6102E-04  4.8622E-04  5.1248E-04  5.4988E-04  5.0930E-04
       5.2839E-04  5.4590E-04  5.4272E-04  5.5943E-04  5.5545E-04  5.4749E-04  5.1327E-04  5.3078E-04  5.6261E-04  5.1407E-04
       5.5147E-04  5.2760E-04  4.8224E-04  5.3794E-04  5.0213E-04  5.4749E-04  5.0532E-04  5.4829E-04  5.0770E-04  5.1885E-04
       5.0532E-04  4.8224E-04  5.4749E-04  5.1566E-04  4.9338E-04  5.2203E-04  5.4192E-04  5.0930E-04  5.5545E-04  4.9258E-04
       5.0293E-04  5.1646E-04  4.9418E-04  4.8144E-04  5.2839E-04  5.0850E-04  4.9577E-04  5.0054E-04  5.1566E-04  5.0611E-04
       4.4484E-04  5.0293E-04  4.9338E-04  5.0213E-04  4.8224E-04  5.3556E-04  4.8940E-04  4.8781E-04  5.1168E-04  4.7349E-04
       4.9577E-04  5.0054E-04  4.9577E-04  4.4165E-04  5.0532E-04  4.1619E-04  4.6871E-04  4.6792E-04  4.7906E-04  4.8861E-04
       4.9338E-04  4.6712E-04  4.5200E-04  4.5916E-04  4.6155E-04  4.6394E-04  4.6473E-04  4.2335E-04  4.7349E-04  4.4404E-04
       4.3051E-04  4.2892E-04  4.3529E-04  4.3847E-04  4.3051E-04  4.4961E-04  4.2494E-04  4.3847E-04  4.3370E-04  4.3847E-04
       4.2892E-04  4.1539E-04  4.5200E-04  4.3529E-04  3.9550E-04  4.2892E-04  3.9550E-04  4.2415E-04  4.4404E-04  3.8754E-04
       4.2176E-04  4.0505E-04  4.0107E-04  3.9232E-04  4.3211E-04  3.8515E-04  4.0027E-04  4.0744E-04  3.9232E-04  3.9470E-04
       4.1460E-04  3.9550E-04  3.8197E-04  4.1301E-04  4.2096E-04  3.9789E-04  3.6844E-04  3.7083E-04  3.7242E-04  3.6924E-04
       3.7163E-04  3.5173E-04  3.7322E-04  3.7799E-04  3.5332E-04  3.3661E-04  3.2149E-04  3.4377E-04  3.4218E-04  3.1672E-04
       3.5412E-04  3.6526E-04  3.1990E-04  2.8727E-04  2.8807E-04  3.1354E-04  2.9444E-04  2.8568E-04  3.0001E-04  2.9842E-04
       2.9444E-04  2.4987E-04  2.5942E-04  2.4589E-04  2.2759E-04  2.3157E-04  2.1963E-04  2.2918E-04  2.2839E-04  2.4032E-04
       2.1327E-04  2.0133E-04  1.7268E-04  1.7268E-04  1.7030E-04  2.0054E-04  1.7507E-04  1.9099E-04  1.8939E-04  1.5358E-04
       1.6711E-04  1.8939E-04  1.6950E-04  1.9974E-04  2.1247E-04  2.0690E-04  2.2441E-04  2.2123E-04  2.3635E-04  2.4351E-04
       2.2998E-04  2.5544E-04  2.2759E-04  2.9364E-04  3.1115E-04  3.3582E-04  3.2547E-04  3.7720E-04  4.0823E-04  4.9179E-04
       6.1115E-04  7.6474E-04  1.0488E-03  1.4889E-03  2.1558E-03  3.2404E-03  4.8280E-03  7.3593E-03  1.1088E-02  1.6278E-02
       2.3888E-02  3.4358E-02  4.8318E-02  6.6535E-02  8.9479E-02  1.1842E-01  1.5209E-01  1.9350E-01  2.3745E-01  2.8420E-01
       3.3277E-01  3.8017E-01  4.2228E-01  4.5641E-01  4.8129E-01  4.9244E-01  4.9252E-01  4.7716E-01  4.5041E-01  4.1155E-01
       3.6538E-01  3.1670E-01  2.6372E-01  2.1440E-01  1.6921E-01  1.2870E-01  9.5448E-02  6.7872E-02  4.6829E-02  3.1340E-02
       2.0378E-02  1.2713E-02  7.7707E-03  4.4428E-03  2.4916E-03  1.3807E-03  6.9551E-04  4.1778E-04  1.8382E-04  7.3211E-05
       3.5014E-05  1.7507E-05  4.7746E-06  7.1620E-06  7.9577E-07  7.9577E-07  0.0000E+00  0.0000E+00  0.0000E+00  0.0000E+00
       0.0000E+00  0.0000E+00  0.0000E+00  0.0000E+00  0.0000E+00  0.0000E+00  0.0000E+00  0.0000E+00  0.0000E+00  0.0000E+00
       0.0000E+00  0.0000E+00  0.0000E+00  0.0000E+00  0.0000E+00  0.0000E+00  0.0000E+00  0.0000E+00  0.0000E+00  0.0000E+00
       0.0000E+00  0.0000E+00  0.0000E+00  0.0000E+00  0.0000E+00  0.0000E+00  0.0000E+00  0.0000E+00  0.0000E+00  0.0000E+00
       0.0000E+00  0.0000E+00  0.0000E+00  0.0000E+00  0.0000E+00  0.0000E+00  0.0000E+00  0.0000E+00  0.0000E+00  0.0000E+00
       0.0000E+00  0.0000E+00  0.0000E+00  0.0000E+00  0.0000E+00  0.0000E+00  0.0000E+00  0.0000E+00  0.0000E+00  0.0000E+00
       0.0000E+00  0.0000E+00  0.0000E+00  0.0000E+00  0.0000E+00  0.0000E+00  0.0000E+00  0.0000E+00  0.0000E+00  0.0000E+00
       0.0000E+00  0.0000E+00  0.0000E+00  0.0000E+00  0.0000E+00  0.0000E+00  0.0000E+00  0.0000E+00  0.0000E+00  0.0000E+00
       0.0000E+00  0.0000E+00  0.0000E+00  0.0000E+00  0.0000E+00  0.0000E+00  0.0000E+00  0.0000E+00  0.0000E+00  0.0000E+00
       0.0000E+00  0.0000E+00  0.0000E+00  0.0000E+00  0.0000E+00  0.0000E+00  0.0000E+00  0.0000E+00  0.0000E+00  0.0000E+00
       0.0000E+00  0.0000E+00  0.0000E+00  0.0000E+00  0.0000E+00  0.0000E+00  0.0000E+00  0.0000E+00  0.0000E+00  0.0000E+00
       0.0000E+00  0.0000E+00  0.0000E+00  0.0000E+00  0.0000E+00  0.0000E+00  0.0000E+00  0.0000E+00  0.0000E+00  0.0000E+00
       0.0000E+00  0.0000E+00  0.0000E+00  0.0000E+00  0.0000E+00  0.0000E+00  0.0000E+00  0.0000E+00  0.0000E+00  0.0000E+00
       0.0000E+00  0.0000E+00  0.0000E+00  0.0000E+00  0.0000E+00  0.0000E+00  0.0000E+00  0.0000E+00  0.0000E+00  0.0000E+00
       0.0000E+00  0.0000E+00  0.0000E+00  0.0000E+00  0.0000E+00  0.0000E+00  0.0000E+00  0.0000E+00  0.0000E+00  0.0000E+00
       0.0000E+00  0.0000E+00  0.0000E+00  0.0000E+00  0.0000E+00  0.0000E+00  0.0000E+00  0.0000E+00  0.0000E+00  0.0000E+00
       0.0000E+00  0.0000E+00  0.0000E+00  0.0000E+00  0.0000E+00  0.0000E+00  0.0000E+00  0.0000E+00  0.0000E+00  0.0000E+00
       0.0000E+00  0.0000E+00  0.0000E+00  0.0000E+00  0.0000E+00  0.0000E+00  0.0000E+00  0.0000E+00  0.0000E+00  0.0000E+00
       0.0000E+00  0.0000E+00  0.0000E+00  0.0000E+00  0.0000E+00  0.0000E+00  0.0000E+00  0.0000E+00  0.0000E+00  0.0000E+00
       0.0000E+00  0.0000E+00  0.0000E+00  0.0000E+00  0.0000E+00  0.0000E+00  0.0000E+00  0.0000E+00  0.0000E+00  0.0000E+00
       0.0000E+00  0.0000E+00  0.0000E+00  0.0000E+00  0.0000E+00  0.0000E+00  0.0000E+00  0.0000E+00  0.0000E+00  0.0000E+00
       0.0000E+00  0.0000E+00  0.0000E+00  0.0000E+00  0.0000E+00  0.0000E+00  0.0000E+00  0.0000E+00  0.0000E+00  0.0000E+00
       0.0000E+00  0.0000E+00  0.0000E+00  0.0000E+00  0.0000E+00  0.0000E+00  0.0000E+00  0.0000E+00  0.0000E+00  0.0000E+00
       0.0000E+00  0.0000E+00  0.0000E+00  0.0000E+00  0.0000E+00  0.0000E+00  0.0000E+00  0.0000E+00  0.0000E+00  0.0000E+00
       0.0000E+00  0.0000E+00  0.0000E+00  0.0000E+00  0.0000E+00  0.0000E+00  0.0000E+00  0.0000E+00  0.0000E+00  0.0000E+00
       0.0000E+00  0.0000E+00  0.0000E+00  0.0000E+00  0.0000E+00  0.0000E+00  0.0000E+00  0.0000E+00  0.0000E+00  0.0000E+00
       0.0000E+00  0.0000E+00  0.0000E+00  0.0000E+00  0.0000E+00  0.0000E+00  0.0000E+00  0.0000E+00  0.0000E+00  0.0000E+00
       0.0000E+00  0.0000E+00  0.0000E+00  0.0000E+00  0.0000E+00  0.0000E+00  0.0000E+00  0.0000E+00  0.0000E+00  0.0000E+00
       0.0000E+00  0.0000E+00  0.0000E+00  0.0000E+00  0.0000E+00  0.0000E+00  0.0000E+00  0.0000E+00  0.0000E+00  0.0000E+00
       0.0000E+00  0.0000E+00  0.0000E+00  0.0000E+00  0.0000E+00  0.0000E+00  0.0000E+00  0.0000E+00  0.0000E+00  0.0000E+00
       0.0000E+00  0.0000E+00  0.0000E+00  0.0000E+00  0.0000E+00  0.0000E+00  0.0000E+00  0.0000E+00  0.0000E+00  0.0000E+00
       0.0000E+00  0.0000E+00  0.0000E+00  0.0000E+00  0.0000E+00  0.0000E+00  0.0000E+00  0.0000E+00  0.0000E+00  0.0000E+00
       0.0000E+00  0.0000E+00  0.0000E+00  0.0000E+00  0.0000E+00  0.0000E+00  0.0000E+00  0.0000E+00  0.0000E+00  0.0000E+00
       0.0000E+00  0.0000E+00  0.0000E+00  0.0000E+00  0.0000E+00  0.0000E+00  0.0000E+00  0.0000E+00  0.0000E+00  0.0000E+00
       0.0000E+00  0.0000E+00  0.0000E+00  0.0000E+00  0.0000E+00  0.0000E+00  0.0000E+00  0.0000E+00  0.0000E+00  0.0000E+00
       0.0000E+00  0.0000E+00  0.0000E+00  0.0000E+00  0.0000E+00  0.0000E+00  0.0000E+00  0.0000E+00  0.0000E+00  0.0000E+00
