
 *****  Protons in Lexan (0.20GeV, 3cm)                                                   *****

           DATE: 12/18/18,  TIME: 10: 6:44

          Total number of particles followed       10000000, for a total weight of  1.0000E+07

1

   Res. nuclei n.   1  "Ian       " ,  all         products, region n.     5
      detector volume:  1.0000E+00 cm**3
      Max. Z:  10, Max. N-Z:  11 Min. N-Z: -4
      Data follow in a matrix A(z,n-z-k), k: -5 format (1(5x,1p,10(1x,e11.4)))

       0.0000E+00  0.0000E+00  0.0000E+00  0.0000E+00  0.0000E+00  0.0000E+00  0.0000E+00  0.0000E+00  0.0000E+00  0.0000E+00
       0.0000E+00  0.0000E+00  0.0000E+00  0.0000E+00  0.0000E+00  3.6900E-05  0.0000E+00  1.3000E-06  0.0000E+00  0.0000E+00
       0.0000E+00  0.0000E+00  0.0000E+00  0.0000E+00  2.7130E-04  5.1700E-04  5.9400E-05  1.1070E-04  0.0000E+00  0.0000E+00
       8.6635E-02  7.4621E-03  0.0000E+00  3.5001E-03  0.0000E+00  1.0470E-02  1.4570E-04  2.5007E-03  1.0000E-07  0.0000E+00
       2.5070E-02  5.9853E-02  4.8169E-03  0.0000E+00  3.5436E-03  1.5182E-02  1.1997E-03  1.7610E-03  1.0000E-07  5.0000E-07
       3.9303E-03  0.0000E+00  2.6257E-03  7.8200E-04  6.6523E-03  6.8178E-04  1.6544E-03  2.6667E-06  1.0000E-07  0.0000E+00
       0.0000E+00  1.5850E-04  2.1220E-04  4.4410E-04  8.4991E-05  1.6570E-04  6.0090E-06  3.3000E-06  0.0000E+00  0.0000E+00
       0.0000E+00  0.0000E+00  1.8200E-05  1.4000E-06  4.0000E-06  4.0000E-07  2.5000E-06  0.0000E+00  0.0000E+00  0.0000E+00
       0.0000E+00  7.0000E-07  0.0000E+00  2.0000E-07  0.0000E+00  1.0000E-07  0.0000E+00  0.0000E+00  0.0000E+00  0.0000E+00
       0.0000E+00  0.0000E+00  0.0000E+00  0.0000E+00  0.0000E+00  0.0000E+00  0.0000E+00  0.0000E+00  0.0000E+00  0.0000E+00
       0.0000E+00  0.0000E+00  0.0000E+00  0.0000E+00  0.0000E+00  0.0000E+00  0.0000E+00  0.0000E+00  0.0000E+00  0.0000E+00
       0.0000E+00  0.0000E+00  0.0000E+00  0.0000E+00  0.0000E+00  0.0000E+00  0.0000E+00  0.0000E+00  0.0000E+00  0.0000E+00
       0.0000E+00  0.0000E+00  0.0000E+00  0.0000E+00  0.0000E+00  0.0000E+00  0.0000E+00  0.0000E+00  0.0000E+00  0.0000E+00
       0.0000E+00  0.0000E+00  0.0000E+00  0.0000E+00  0.0000E+00  0.0000E+00  0.0000E+00  0.0000E+00  0.0000E+00  0.0000E+00
       0.0000E+00  0.0000E+00  0.0000E+00  0.0000E+00  0.0000E+00  0.0000E+00  0.0000E+00  0.0000E+00  0.0000E+00  0.0000E+00
       0.0000E+00  0.0000E+00  0.0000E+00  0.0000E+00  0.0000E+00  0.0000E+00  0.0000E+00  0.0000E+00  0.0000E+00  0.0000E+00
