
 *****  Protons in Lexan (0.20GeV, 3cm)                                                   *****

           DATE: 12/18/18,  TIME: 10: 6:44

          Total number of particles followed       10000000, for a total weight of  1.0000E+07

1

   Bdrx n.   2  "ofluence  " , generalized particle n.    1, from region n.     5 to region n.     4
      detector area:  1.0000E+02 cm**2
      this is a one way only estimator
      this is a fluence like estimator
      linear energy binning from   1.2000E-01 to  2.5000E-01 GeV,   650 bins ( 2.0000E-04 GeV wide)
      linear angular binning from  0.0000E+00 to  6.2832E+00 sr ,     1 bins ( 6.2832E+00 sr wide )
      Data follow in a matrix A(ie,ia), format (1(5x,1p,10(1x,e11.4)))

       6.2394E-04  6.3163E-04  6.7626E-04  6.3877E-04  6.3352E-04  6.8661E-04  6.6718E-04  6.5164E-04  5.9643E-04  6.4083E-04
       6.4143E-04  6.4610E-04  6.4184E-04  6.4415E-04  6.0535E-04  6.5607E-04  6.3069E-04  6.1367E-04  6.4573E-04  6.4097E-04
       6.2231E-04  6.1989E-04  6.0953E-04  6.1675E-04  6.0832E-04  6.3698E-04  6.1734E-04  6.8028E-04  6.5179E-04  6.8162E-04
       6.9553E-04  6.9593E-04  6.2584E-04  6.0359E-04  6.3960E-04  6.5037E-04  6.0161E-04  6.4975E-04  5.8488E-04  6.4242E-04
       6.1279E-04  6.2192E-04  6.2541E-04  6.2894E-04  6.0338E-04  6.5849E-04  6.5200E-04  6.2982E-04  6.3419E-04  5.9724E-04
       6.3210E-04  6.7155E-04  6.1009E-04  5.9084E-04  6.1925E-04  6.1101E-04  6.3244E-04  6.2293E-04  6.5954E-04  5.9945E-04
       6.5097E-04  6.1539E-04  6.0249E-04  6.6970E-04  6.1955E-04  6.3468E-04  5.4944E-04  5.7602E-04  6.1802E-04  5.6880E-04
       5.9370E-04  6.1333E-04  6.1069E-04  6.3338E-04  6.2075E-04  6.2256E-04  5.7752E-04  5.9684E-04  6.2838E-04  5.7192E-04
       6.1540E-04  5.8975E-04  5.3983E-04  6.0449E-04  5.5808E-04  6.1500E-04  5.6389E-04  6.0824E-04  5.6798E-04  5.7918E-04
       5.6221E-04  5.3831E-04  6.1224E-04  5.7462E-04  5.5654E-04  5.8292E-04  6.0187E-04  5.6612E-04  6.1744E-04  5.4873E-04
       5.5812E-04  5.7048E-04  5.4843E-04  5.3239E-04  5.8462E-04  5.6098E-04  5.5166E-04  5.5384E-04  5.7033E-04  5.6124E-04
       4.8994E-04  5.5350E-04  5.4617E-04  5.5863E-04  5.3312E-04  5.9087E-04  5.4381E-04  5.3655E-04  5.6154E-04  5.2309E-04
       5.4464E-04  5.4755E-04  5.4540E-04  4.8636E-04  5.5593E-04  4.5580E-04  5.1428E-04  5.1286E-04  5.2472E-04  5.3630E-04
       5.4425E-04  5.1270E-04  4.9700E-04  4.9987E-04  5.0418E-04  5.0935E-04  5.0506E-04  4.6299E-04  5.1925E-04  4.8110E-04
       4.6443E-04  4.6646E-04  4.6931E-04  4.7654E-04  4.6803E-04  4.8812E-04  4.6078E-04  4.7377E-04  4.7017E-04  4.7409E-04
       4.6421E-04  4.5427E-04  4.8740E-04  4.6972E-04  4.2618E-04  4.6149E-04  4.2668E-04  4.5877E-04  4.7659E-04  4.1775E-04
       4.5483E-04  4.3464E-04  4.3202E-04  4.2040E-04  4.6106E-04  4.1187E-04  4.2900E-04  4.3432E-04  4.2181E-04  4.2319E-04
       4.4289E-04  4.2301E-04  4.0692E-04  4.3928E-04  4.4875E-04  4.2510E-04  3.9349E-04  3.9748E-04  3.9813E-04  3.9452E-04
       3.9536E-04  3.7298E-04  3.9588E-04  4.0297E-04  3.7455E-04  3.5751E-04  3.4057E-04  3.6862E-04  3.6121E-04  3.3924E-04
       3.7559E-04  3.8420E-04  3.4055E-04  3.0367E-04  3.0771E-04  3.3097E-04  3.1031E-04  3.0386E-04  3.1916E-04  3.1535E-04
       3.1197E-04  2.6359E-04  2.7239E-04  2.5920E-04  2.4264E-04  2.4536E-04  2.3391E-04  2.4576E-04  2.4347E-04  2.5656E-04
       2.2680E-04  2.1735E-04  1.8695E-04  1.8623E-04  1.8427E-04  2.1881E-04  1.8909E-04  2.0374E-04  2.0534E-04  1.6880E-04
       1.7883E-04  2.0472E-04  1.8145E-04  2.1633E-04  2.2894E-04  2.2146E-04  2.4251E-04  2.3685E-04  2.5458E-04  2.5701E-04
       2.4480E-04  2.7501E-04  2.4267E-04  3.1172E-04  3.2928E-04  3.5427E-04  3.4142E-04  3.9453E-04  4.2911E-04  5.1362E-04
       6.3552E-04  7.9005E-04  1.0754E-03  1.5195E-03  2.1886E-03  3.2801E-03  4.8728E-03  7.4081E-03  1.1147E-02  1.6347E-02
       2.3967E-02  3.4446E-02  4.8422E-02  6.6651E-02  8.9614E-02  1.1856E-01  1.5226E-01  1.9368E-01  2.3764E-01  2.8442E-01
       3.3299E-01  3.8040E-01  4.2252E-01  4.5665E-01  4.8153E-01  4.9267E-01  4.9274E-01  4.7737E-01  4.5059E-01  4.1171E-01
       3.6551E-01  3.1681E-01  2.6381E-01  2.1447E-01  1.6927E-01  1.2874E-01  9.5477E-02  6.7893E-02  4.6843E-02  3.1350E-02
       2.0384E-02  1.2717E-02  7.7729E-03  4.4440E-03  2.4922E-03  1.3810E-03  6.9576E-04  4.1788E-04  1.8387E-04  7.3237E-05
       3.5029E-05  1.7511E-05  4.7754E-06  7.1635E-06  7.9587E-07  7.9681E-07  0.0000E+00  0.0000E+00  0.0000E+00  0.0000E+00
       0.0000E+00  0.0000E+00  0.0000E+00  0.0000E+00  0.0000E+00  0.0000E+00  0.0000E+00  0.0000E+00  0.0000E+00  0.0000E+00
       0.0000E+00  0.0000E+00  0.0000E+00  0.0000E+00  0.0000E+00  0.0000E+00  0.0000E+00  0.0000E+00  0.0000E+00  0.0000E+00
       0.0000E+00  0.0000E+00  0.0000E+00  0.0000E+00  0.0000E+00  0.0000E+00  0.0000E+00  0.0000E+00  0.0000E+00  0.0000E+00
       0.0000E+00  0.0000E+00  0.0000E+00  0.0000E+00  0.0000E+00  0.0000E+00  0.0000E+00  0.0000E+00  0.0000E+00  0.0000E+00
       0.0000E+00  0.0000E+00  0.0000E+00  0.0000E+00  0.0000E+00  0.0000E+00  0.0000E+00  0.0000E+00  0.0000E+00  0.0000E+00
       0.0000E+00  0.0000E+00  0.0000E+00  0.0000E+00  0.0000E+00  0.0000E+00  0.0000E+00  0.0000E+00  0.0000E+00  0.0000E+00
       0.0000E+00  0.0000E+00  0.0000E+00  0.0000E+00  0.0000E+00  0.0000E+00  0.0000E+00  0.0000E+00  0.0000E+00  0.0000E+00
       0.0000E+00  0.0000E+00  0.0000E+00  0.0000E+00  0.0000E+00  0.0000E+00  0.0000E+00  0.0000E+00  0.0000E+00  0.0000E+00
       0.0000E+00  0.0000E+00  0.0000E+00  0.0000E+00  0.0000E+00  0.0000E+00  0.0000E+00  0.0000E+00  0.0000E+00  0.0000E+00
       0.0000E+00  0.0000E+00  0.0000E+00  0.0000E+00  0.0000E+00  0.0000E+00  0.0000E+00  0.0000E+00  0.0000E+00  0.0000E+00
       0.0000E+00  0.0000E+00  0.0000E+00  0.0000E+00  0.0000E+00  0.0000E+00  0.0000E+00  0.0000E+00  0.0000E+00  0.0000E+00
       0.0000E+00  0.0000E+00  0.0000E+00  0.0000E+00  0.0000E+00  0.0000E+00  0.0000E+00  0.0000E+00  0.0000E+00  0.0000E+00
       0.0000E+00  0.0000E+00  0.0000E+00  0.0000E+00  0.0000E+00  0.0000E+00  0.0000E+00  0.0000E+00  0.0000E+00  0.0000E+00
       0.0000E+00  0.0000E+00  0.0000E+00  0.0000E+00  0.0000E+00  0.0000E+00  0.0000E+00  0.0000E+00  0.0000E+00  0.0000E+00
       0.0000E+00  0.0000E+00  0.0000E+00  0.0000E+00  0.0000E+00  0.0000E+00  0.0000E+00  0.0000E+00  0.0000E+00  0.0000E+00
       0.0000E+00  0.0000E+00  0.0000E+00  0.0000E+00  0.0000E+00  0.0000E+00  0.0000E+00  0.0000E+00  0.0000E+00  0.0000E+00
       0.0000E+00  0.0000E+00  0.0000E+00  0.0000E+00  0.0000E+00  0.0000E+00  0.0000E+00  0.0000E+00  0.0000E+00  0.0000E+00
       0.0000E+00  0.0000E+00  0.0000E+00  0.0000E+00  0.0000E+00  0.0000E+00  0.0000E+00  0.0000E+00  0.0000E+00  0.0000E+00
       0.0000E+00  0.0000E+00  0.0000E+00  0.0000E+00  0.0000E+00  0.0000E+00  0.0000E+00  0.0000E+00  0.0000E+00  0.0000E+00
       0.0000E+00  0.0000E+00  0.0000E+00  0.0000E+00  0.0000E+00  0.0000E+00  0.0000E+00  0.0000E+00  0.0000E+00  0.0000E+00
       0.0000E+00  0.0000E+00  0.0000E+00  0.0000E+00  0.0000E+00  0.0000E+00  0.0000E+00  0.0000E+00  0.0000E+00  0.0000E+00
       0.0000E+00  0.0000E+00  0.0000E+00  0.0000E+00  0.0000E+00  0.0000E+00  0.0000E+00  0.0000E+00  0.0000E+00  0.0000E+00
       0.0000E+00  0.0000E+00  0.0000E+00  0.0000E+00  0.0000E+00  0.0000E+00  0.0000E+00  0.0000E+00  0.0000E+00  0.0000E+00
       0.0000E+00  0.0000E+00  0.0000E+00  0.0000E+00  0.0000E+00  0.0000E+00  0.0000E+00  0.0000E+00  0.0000E+00  0.0000E+00
       0.0000E+00  0.0000E+00  0.0000E+00  0.0000E+00  0.0000E+00  0.0000E+00  0.0000E+00  0.0000E+00  0.0000E+00  0.0000E+00
       0.0000E+00  0.0000E+00  0.0000E+00  0.0000E+00  0.0000E+00  0.0000E+00  0.0000E+00  0.0000E+00  0.0000E+00  0.0000E+00
       0.0000E+00  0.0000E+00  0.0000E+00  0.0000E+00  0.0000E+00  0.0000E+00  0.0000E+00  0.0000E+00  0.0000E+00  0.0000E+00
       0.0000E+00  0.0000E+00  0.0000E+00  0.0000E+00  0.0000E+00  0.0000E+00  0.0000E+00  0.0000E+00  0.0000E+00  0.0000E+00
       0.0000E+00  0.0000E+00  0.0000E+00  0.0000E+00  0.0000E+00  0.0000E+00  0.0000E+00  0.0000E+00  0.0000E+00  0.0000E+00
       0.0000E+00  0.0000E+00  0.0000E+00  0.0000E+00  0.0000E+00  0.0000E+00  0.0000E+00  0.0000E+00  0.0000E+00  0.0000E+00
       0.0000E+00  0.0000E+00  0.0000E+00  0.0000E+00  0.0000E+00  0.0000E+00  0.0000E+00  0.0000E+00  0.0000E+00  0.0000E+00
       0.0000E+00  0.0000E+00  0.0000E+00  0.0000E+00  0.0000E+00  0.0000E+00  0.0000E+00  0.0000E+00  0.0000E+00  0.0000E+00
       0.0000E+00  0.0000E+00  0.0000E+00  0.0000E+00  0.0000E+00  0.0000E+00  0.0000E+00  0.0000E+00  0.0000E+00  0.0000E+00
       0.0000E+00  0.0000E+00  0.0000E+00  0.0000E+00  0.0000E+00  0.0000E+00  0.0000E+00  0.0000E+00  0.0000E+00  0.0000E+00
       0.0000E+00  0.0000E+00  0.0000E+00  0.0000E+00  0.0000E+00  0.0000E+00  0.0000E+00  0.0000E+00  0.0000E+00  0.0000E+00
1

   Bdrx n.   6  "ofluence  " , generalized particle n.    1, from region n.     5 to region n.     4
      detector area:  1.0000E+02 cm**2
      this is a one way only estimator
      this is a fluence like estimator
      linear energy binning from   0.0000E+00 to  3.0000E+02 GeV,     1 bins ( 3.0000E+02 GeV wide)
      linear angular binning from  0.0000E+00 to  6.2832E+00 sr ,     1 bins ( 6.2832E+00 sr wide )
      Data follow in a matrix A(ie,ia), format (1(5x,1p,10(1x,e11.4)))

       5.2644E-06
