
 *****  Protons in Lexan (0.15GeV, 2.0cm)                                                 *****

           DATE: 11/21/18,  TIME:  0:25:40

          Total number of particles followed       10000000, for a total weight of  1.0000E+07

1

   Res. nuclei n.   1  "Ian       " ,  all         products, region n.     5
      detector volume:  1.0000E+00 cm**3
      Max. Z:  10, Max. N-Z:  11 Min. N-Z: -4
      Data follow in a matrix A(z,n-z-k), k: -5 format (1(5x,1p,10(1x,e11.4)))

       0.0000E+00  0.0000E+00  0.0000E+00  0.0000E+00  0.0000E+00  0.0000E+00  0.0000E+00  0.0000E+00  0.0000E+00  0.0000E+00
       0.0000E+00  0.0000E+00  0.0000E+00  0.0000E+00  0.0000E+00  1.5100E-05  0.0000E+00  6.0000E-07  0.0000E+00  0.0000E+00
       0.0000E+00  0.0000E+00  0.0000E+00  0.0000E+00  1.1700E-04  1.9110E-04  2.4200E-05  3.8000E-05  0.0000E+00  0.0000E+00
       2.4712E-02  3.1630E-03  0.0000E+00  1.4924E-03  0.0000E+00  4.3007E-03  5.2500E-05  1.0049E-03  0.0000E+00  0.0000E+00
       5.8107E-03  2.5341E-02  2.0506E-03  0.0000E+00  1.3720E-03  7.6520E-03  4.8600E-04  9.0592E-04  0.0000E+00  2.0000E-07
       1.5854E-03  0.0000E+00  1.0524E-03  2.8785E-04  2.5158E-03  2.9915E-04  6.3354E-04  1.2094E-06  0.0000E+00  0.0000E+00
       0.0000E+00  5.8400E-05  8.6800E-05  1.6620E-04  2.6676E-05  6.1800E-05  1.7236E-06  1.4000E-06  0.0000E+00  0.0000E+00
       0.0000E+00  0.0000E+00  4.3000E-06  1.1000E-06  1.4000E-06  2.0000E-07  6.0000E-07  0.0000E+00  0.0000E+00  0.0000E+00
       0.0000E+00  1.0000E-07  0.0000E+00  1.0000E-07  0.0000E+00  0.0000E+00  0.0000E+00  0.0000E+00  0.0000E+00  0.0000E+00
       0.0000E+00  0.0000E+00  0.0000E+00  0.0000E+00  0.0000E+00  0.0000E+00  0.0000E+00  0.0000E+00  0.0000E+00  0.0000E+00
       0.0000E+00  0.0000E+00  0.0000E+00  0.0000E+00  0.0000E+00  0.0000E+00  0.0000E+00  0.0000E+00  0.0000E+00  0.0000E+00
       0.0000E+00  0.0000E+00  0.0000E+00  0.0000E+00  0.0000E+00  0.0000E+00  0.0000E+00  0.0000E+00  0.0000E+00  0.0000E+00
       0.0000E+00  0.0000E+00  0.0000E+00  0.0000E+00  0.0000E+00  0.0000E+00  0.0000E+00  0.0000E+00  0.0000E+00  0.0000E+00
       0.0000E+00  0.0000E+00  0.0000E+00  0.0000E+00  0.0000E+00  0.0000E+00  0.0000E+00  0.0000E+00  0.0000E+00  0.0000E+00
       0.0000E+00  0.0000E+00  0.0000E+00  0.0000E+00  0.0000E+00  0.0000E+00  0.0000E+00  0.0000E+00  0.0000E+00  0.0000E+00
       0.0000E+00  0.0000E+00  0.0000E+00  0.0000E+00  0.0000E+00  0.0000E+00  0.0000E+00  0.0000E+00  0.0000E+00  0.0000E+00
