
 *****  Protons in Lexan (0.20GeV, 2cm)                                                   *****

           DATE: 12/19/18,  TIME: 17:50:40

          Total number of particles followed       16666666, for a total weight of  1.6667E+07

1

   Bdrx n.   2  "ofluence  " , generalized particle n.    1, from region n.     5 to region n.     4
      detector area:  1.0000E+02 cm**2
      this is a one way only estimator
      this is a fluence like estimator
      linear energy binning from   1.2000E-01 to  2.5000E-01 GeV,   650 bins ( 2.0000E-04 GeV wide)
      linear angular binning from  0.0000E+00 to  6.2832E+00 sr ,     1 bins ( 6.2832E+00 sr wide )
      Data follow in a matrix A(ie,ia), format (1(5x,1p,10(1x,e11.4)))

       4.5408E-04  4.3474E-04  4.1094E-04  4.5392E-04  4.3766E-04  4.3376E-04  4.2965E-04  4.2058E-04  4.1783E-04  4.0325E-04
       4.1405E-04  3.9678E-04  4.4346E-04  4.0064E-04  4.2793E-04  4.2310E-04  4.0716E-04  4.1327E-04  4.3809E-04  4.4571E-04
       4.1946E-04  4.2263E-04  4.3578E-04  4.1985E-04  4.3002E-04  4.2624E-04  4.1902E-04  3.9877E-04  3.9765E-04  4.0024E-04
       4.5133E-04  4.3476E-04  4.3994E-04  4.0678E-04  4.1701E-04  4.0850E-04  4.2577E-04  3.9524E-04  4.1840E-04  4.0770E-04
       3.9694E-04  4.1758E-04  4.2414E-04  4.2150E-04  4.1900E-04  4.2694E-04  4.4063E-04  4.1835E-04  4.0612E-04  4.1381E-04
       4.3301E-04  4.5024E-04  4.4677E-04  4.2876E-04  4.1570E-04  4.2981E-04  4.2093E-04  4.3616E-04  4.1794E-04  3.9249E-04
       4.1777E-04  4.1226E-04  4.0957E-04  3.9342E-04  3.9385E-04  4.2099E-04  4.2449E-04  3.9265E-04  4.0562E-04  3.8940E-04
       4.1342E-04  4.1473E-04  3.9610E-04  4.1134E-04  4.0259E-04  4.1067E-04  3.9546E-04  3.9712E-04  4.1140E-04  4.1125E-04
       3.8785E-04  4.1696E-04  4.1687E-04  4.0176E-04  4.3842E-04  4.1645E-04  4.1716E-04  4.1587E-04  4.1490E-04  3.7160E-04
       3.7173E-04  4.1000E-04  3.9089E-04  4.1674E-04  3.9807E-04  4.0235E-04  3.8695E-04  4.1980E-04  4.1476E-04  4.1013E-04
       3.9798E-04  4.1975E-04  3.9127E-04  4.0682E-04  4.1206E-04  4.0462E-04  3.8407E-04  4.1529E-04  4.1657E-04  3.9721E-04
       4.0031E-04  4.2475E-04  4.0199E-04  4.0332E-04  3.9944E-04  4.1034E-04  3.8354E-04  3.9984E-04  4.0119E-04  3.8811E-04
       4.2612E-04  3.8406E-04  4.0533E-04  3.8451E-04  3.7702E-04  3.9615E-04  4.2043E-04  3.7682E-04  3.8283E-04  3.7623E-04
       3.8717E-04  3.8901E-04  3.7622E-04  3.9682E-04  3.9556E-04  3.9561E-04  3.8847E-04  4.0592E-04  3.9019E-04  3.7884E-04
       3.7960E-04  3.8357E-04  3.8583E-04  3.9630E-04  3.7086E-04  3.8785E-04  3.8211E-04  3.7281E-04  3.5252E-04  4.0516E-04
       3.8884E-04  3.7435E-04  3.8567E-04  3.4979E-04  3.5773E-04  3.5892E-04  3.6398E-04  3.4401E-04  3.8446E-04  3.5261E-04
       3.6118E-04  3.6480E-04  3.7976E-04  3.5448E-04  3.4751E-04  3.7427E-04  3.3665E-04  3.4546E-04  3.4269E-04  3.4658E-04
       3.3950E-04  3.4499E-04  3.6033E-04  3.5804E-04  3.4719E-04  3.3521E-04  3.1726E-04  3.4145E-04  3.3288E-04  3.4695E-04
       3.3632E-04  3.5937E-04  3.3663E-04  3.4247E-04  3.1996E-04  2.8785E-04  3.1745E-04  3.2317E-04  3.2217E-04  3.1574E-04
       3.3356E-04  3.0184E-04  3.2914E-04  3.2238E-04  3.1126E-04  3.0250E-04  3.0396E-04  2.9104E-04  3.1206E-04  3.1323E-04
       2.9025E-04  3.1009E-04  3.1340E-04  3.1768E-04  3.0230E-04  2.8480E-04  2.9660E-04  2.8727E-04  2.8803E-04  3.0486E-04
       2.9545E-04  2.9215E-04  3.0160E-04  2.8175E-04  2.7083E-04  2.7903E-04  2.9246E-04  2.6480E-04  3.0365E-04  2.9933E-04
       2.5968E-04  2.7846E-04  2.5951E-04  2.6865E-04  2.5892E-04  2.5579E-04  2.5367E-04  2.3555E-04  2.7091E-04  2.6132E-04
       2.8460E-04  2.4164E-04  2.4285E-04  2.3605E-04  2.6159E-04  2.5853E-04  2.3767E-04  2.6240E-04  2.3803E-04  2.2950E-04
       2.1912E-04  2.3660E-04  2.1727E-04  2.4515E-04  2.1644E-04  2.2996E-04  2.4036E-04  2.2425E-04  2.3664E-04  2.2638E-04
       2.0314E-04  2.2286E-04  2.1598E-04  2.0223E-04  2.2076E-04  1.9043E-04  1.8362E-04  1.7015E-04  1.8340E-04  1.7277E-04
       1.8326E-04  1.6503E-04  1.6594E-04  1.5732E-04  1.6204E-04  1.3135E-04  1.2743E-04  1.4221E-04  1.2465E-04  1.3131E-04
       1.3430E-04  1.1968E-04  1.1296E-04  1.1132E-04  1.0318E-04  1.2806E-04  1.3618E-04  1.1371E-04  1.2281E-04  1.2630E-04
       1.0881E-04  1.2265E-04  1.2899E-04  1.3395E-04  1.3416E-04  1.4347E-04  1.6251E-04  1.5832E-04  1.7109E-04  1.8240E-04
       1.8389E-04  1.9501E-04  2.0506E-04  2.2229E-04  2.4102E-04  2.4969E-04  2.7215E-04  3.0492E-04  4.0306E-04  5.3610E-04
       7.9517E-04  1.3228E-03  2.1873E-03  3.5285E-03  5.8250E-03  9.6666E-03  1.5642E-02  2.4433E-02  3.7754E-02  5.6702E-02
       8.1371E-02  1.1538E-01  1.5717E-01  2.0867E-01  2.6667E-01  3.3054E-01  3.9771E-01  4.6013E-01  5.1455E-01  5.5649E-01
       5.7927E-01  5.8318E-01  5.6480E-01  5.2591E-01  4.7276E-01  4.0787E-01  3.3838E-01  2.7019E-01  2.0758E-01  1.5272E-01
       1.0801E-01  7.3168E-02  4.7530E-02  2.9896E-02  1.7843E-02  1.0103E-02  5.6097E-03  2.9269E-03  1.4885E-03  7.0675E-04
       3.1947E-04  1.4374E-04  6.0167E-05  1.9101E-05  7.1627E-06  1.4326E-06  4.7751E-07  0.0000E+00  0.0000E+00  0.0000E+00
       0.0000E+00  0.0000E+00  0.0000E+00  0.0000E+00  0.0000E+00  0.0000E+00  0.0000E+00  0.0000E+00  0.0000E+00  0.0000E+00
       0.0000E+00  0.0000E+00  0.0000E+00  0.0000E+00  0.0000E+00  0.0000E+00  0.0000E+00  0.0000E+00  0.0000E+00  0.0000E+00
       0.0000E+00  0.0000E+00  0.0000E+00  0.0000E+00  0.0000E+00  0.0000E+00  0.0000E+00  0.0000E+00  0.0000E+00  0.0000E+00
       0.0000E+00  0.0000E+00  0.0000E+00  0.0000E+00  0.0000E+00  0.0000E+00  0.0000E+00  0.0000E+00  0.0000E+00  0.0000E+00
       0.0000E+00  0.0000E+00  0.0000E+00  0.0000E+00  0.0000E+00  0.0000E+00  0.0000E+00  0.0000E+00  0.0000E+00  0.0000E+00
       0.0000E+00  0.0000E+00  0.0000E+00  0.0000E+00  0.0000E+00  0.0000E+00  0.0000E+00  0.0000E+00  0.0000E+00  0.0000E+00
       0.0000E+00  0.0000E+00  0.0000E+00  0.0000E+00  0.0000E+00  0.0000E+00  0.0000E+00  0.0000E+00  0.0000E+00  0.0000E+00
       0.0000E+00  0.0000E+00  0.0000E+00  0.0000E+00  0.0000E+00  0.0000E+00  0.0000E+00  0.0000E+00  0.0000E+00  0.0000E+00
       0.0000E+00  0.0000E+00  0.0000E+00  0.0000E+00  0.0000E+00  0.0000E+00  0.0000E+00  0.0000E+00  0.0000E+00  0.0000E+00
       0.0000E+00  0.0000E+00  0.0000E+00  0.0000E+00  0.0000E+00  0.0000E+00  0.0000E+00  0.0000E+00  0.0000E+00  0.0000E+00
       0.0000E+00  0.0000E+00  0.0000E+00  0.0000E+00  0.0000E+00  0.0000E+00  0.0000E+00  0.0000E+00  0.0000E+00  0.0000E+00
       0.0000E+00  0.0000E+00  0.0000E+00  0.0000E+00  0.0000E+00  0.0000E+00  0.0000E+00  0.0000E+00  0.0000E+00  0.0000E+00
       0.0000E+00  0.0000E+00  0.0000E+00  0.0000E+00  0.0000E+00  0.0000E+00  0.0000E+00  0.0000E+00  0.0000E+00  0.0000E+00
       0.0000E+00  0.0000E+00  0.0000E+00  0.0000E+00  0.0000E+00  0.0000E+00  0.0000E+00  0.0000E+00  0.0000E+00  0.0000E+00
       0.0000E+00  0.0000E+00  0.0000E+00  0.0000E+00  0.0000E+00  0.0000E+00  0.0000E+00  0.0000E+00  0.0000E+00  0.0000E+00
       0.0000E+00  0.0000E+00  0.0000E+00  0.0000E+00  0.0000E+00  0.0000E+00  0.0000E+00  0.0000E+00  0.0000E+00  0.0000E+00
       0.0000E+00  0.0000E+00  0.0000E+00  0.0000E+00  0.0000E+00  0.0000E+00  0.0000E+00  0.0000E+00  0.0000E+00  0.0000E+00
       0.0000E+00  0.0000E+00  0.0000E+00  0.0000E+00  0.0000E+00  0.0000E+00  0.0000E+00  0.0000E+00  0.0000E+00  0.0000E+00
       0.0000E+00  0.0000E+00  0.0000E+00  0.0000E+00  0.0000E+00  0.0000E+00  0.0000E+00  0.0000E+00  0.0000E+00  0.0000E+00
       0.0000E+00  0.0000E+00  0.0000E+00  0.0000E+00  0.0000E+00  0.0000E+00  0.0000E+00  0.0000E+00  0.0000E+00  0.0000E+00
       0.0000E+00  0.0000E+00  0.0000E+00  0.0000E+00  0.0000E+00  0.0000E+00  0.0000E+00  0.0000E+00  0.0000E+00  0.0000E+00
       0.0000E+00  0.0000E+00  0.0000E+00  0.0000E+00  0.0000E+00  0.0000E+00  0.0000E+00  0.0000E+00  0.0000E+00  0.0000E+00
       0.0000E+00  0.0000E+00  0.0000E+00  0.0000E+00  0.0000E+00  0.0000E+00  0.0000E+00  0.0000E+00  0.0000E+00  0.0000E+00
       0.0000E+00  0.0000E+00  0.0000E+00  0.0000E+00  0.0000E+00  0.0000E+00  0.0000E+00  0.0000E+00  0.0000E+00  0.0000E+00
       0.0000E+00  0.0000E+00  0.0000E+00  0.0000E+00  0.0000E+00  0.0000E+00  0.0000E+00  0.0000E+00  0.0000E+00  0.0000E+00
       0.0000E+00  0.0000E+00  0.0000E+00  0.0000E+00  0.0000E+00  0.0000E+00  0.0000E+00  0.0000E+00  0.0000E+00  0.0000E+00
       0.0000E+00  0.0000E+00  0.0000E+00  0.0000E+00  0.0000E+00  0.0000E+00  0.0000E+00  0.0000E+00  0.0000E+00  0.0000E+00
       0.0000E+00  0.0000E+00  0.0000E+00  0.0000E+00  0.0000E+00  0.0000E+00  0.0000E+00  0.0000E+00  0.0000E+00  0.0000E+00
       0.0000E+00  0.0000E+00  0.0000E+00  0.0000E+00  0.0000E+00  0.0000E+00  0.0000E+00  0.0000E+00  0.0000E+00  0.0000E+00
       0.0000E+00  0.0000E+00  0.0000E+00  0.0000E+00  0.0000E+00  0.0000E+00  0.0000E+00  0.0000E+00  0.0000E+00  0.0000E+00
1

   Bdrx n.   6  "ofluence  " , generalized particle n.    1, from region n.     5 to region n.     4
      detector area:  1.0000E+02 cm**2
      this is a one way only estimator
      this is a fluence like estimator
      linear energy binning from   0.0000E+00 to  3.0000E+02 GeV,     1 bins ( 3.0000E+02 GeV wide)
      linear angular binning from  0.0000E+00 to  6.2832E+00 sr ,     1 bins ( 6.2832E+00 sr wide )
      Data follow in a matrix A(ie,ia), format (1(5x,1p,10(1x,e11.4)))

       5.3245E-06
