
 *****  Protons in Lexan (0.20GeV, 2cm)                                                   *****

           DATE: 12/19/18,  TIME: 17:50:40

          Total number of particles followed       16666666, for a total weight of  1.6667E+07

1

   Bdrx n.   4  "ocurrent  " , generalized particle n.    1, from region n.     5 to region n.     4
      detector area:  1.0000E+02 cm**2
      this is a one way only estimator
      this is a current like estimator
      linear energy binning from   1.2000E-01 to  2.5000E-01 GeV,   650 bins ( 2.0000E-04 GeV wide)
      linear angular binning from  0.0000E+00 to  6.2832E+00 sr ,     1 bins ( 6.2832E+00 sr wide )
      Data follow in a matrix A(ie,ia), format (1(5x,1p,10(1x,e11.4)))

       3.7338E-04  3.5858E-04  3.3995E-04  3.7338E-04  3.5619E-04  3.5858E-04  3.5714E-04  3.4712E-04  3.4139E-04  3.3136E-04
       3.4568E-04  3.2802E-04  3.6669E-04  3.3232E-04  3.5094E-04  3.5094E-04  3.3518E-04  3.4616E-04  3.6287E-04  3.6860E-04
       3.4664E-04  3.5046E-04  3.5762E-04  3.4998E-04  3.5523E-04  3.5476E-04  3.5189E-04  3.3041E-04  3.3470E-04  3.3566E-04
       3.7051E-04  3.6049E-04  3.6717E-04  3.3852E-04  3.4759E-04  3.4282E-04  3.6192E-04  3.3661E-04  3.5332E-04  3.4186E-04
       3.3327E-04  3.4998E-04  3.5810E-04  3.5237E-04  3.5094E-04  3.6001E-04  3.7385E-04  3.5428E-04  3.4330E-04  3.5237E-04
       3.6287E-04  3.7720E-04  3.7576E-04  3.5810E-04  3.4807E-04  3.6765E-04  3.5714E-04  3.6908E-04  3.4950E-04  3.3518E-04
       3.5428E-04  3.5141E-04  3.5189E-04  3.3566E-04  3.3327E-04  3.6192E-04  3.6240E-04  3.3470E-04  3.4425E-04  3.3279E-04
       3.5141E-04  3.5380E-04  3.3948E-04  3.5237E-04  3.4425E-04  3.5380E-04  3.4091E-04  3.3948E-04  3.4950E-04  3.5094E-04
       3.3232E-04  3.5762E-04  3.5905E-04  3.4807E-04  3.7242E-04  3.5619E-04  3.5619E-04  3.6001E-04  3.5953E-04  3.1799E-04
       3.2181E-04  3.5332E-04  3.4091E-04  3.5953E-04  3.4425E-04  3.4712E-04  3.3661E-04  3.6144E-04  3.5953E-04  3.5571E-04
       3.4330E-04  3.6860E-04  3.4234E-04  3.5237E-04  3.5905E-04  3.5237E-04  3.3518E-04  3.6526E-04  3.6049E-04  3.4664E-04
       3.5237E-04  3.7433E-04  3.5380E-04  3.5189E-04  3.5141E-04  3.6192E-04  3.3900E-04  3.5046E-04  3.5428E-04  3.4616E-04
       3.7624E-04  3.3995E-04  3.5619E-04  3.4091E-04  3.3041E-04  3.4807E-04  3.7290E-04  3.3327E-04  3.3614E-04  3.3327E-04
       3.4330E-04  3.4521E-04  3.3614E-04  3.4950E-04  3.4903E-04  3.5237E-04  3.4377E-04  3.5858E-04  3.4712E-04  3.3614E-04
       3.3566E-04  3.4425E-04  3.4330E-04  3.5332E-04  3.3041E-04  3.4568E-04  3.4234E-04  3.3279E-04  3.1369E-04  3.6240E-04
       3.4664E-04  3.3948E-04  3.4473E-04  3.1417E-04  3.2181E-04  3.2181E-04  3.2706E-04  3.0892E-04  3.4377E-04  3.1608E-04
       3.2229E-04  3.2850E-04  3.4330E-04  3.2038E-04  3.1560E-04  3.3900E-04  3.0462E-04  3.1131E-04  3.1131E-04  3.1083E-04
       3.0653E-04  3.1369E-04  3.2945E-04  3.2420E-04  3.1369E-04  3.0653E-04  2.8600E-04  3.1035E-04  3.0271E-04  3.1465E-04
       3.0415E-04  3.2754E-04  3.0749E-04  3.1178E-04  2.9221E-04  2.6356E-04  2.9030E-04  2.9603E-04  2.9269E-04  2.8648E-04
       3.0605E-04  2.7597E-04  3.0033E-04  2.9460E-04  2.8648E-04  2.7741E-04  2.7788E-04  2.6595E-04  2.8648E-04  2.8743E-04
       2.6452E-04  2.8409E-04  2.8791E-04  2.9269E-04  2.7884E-04  2.6308E-04  2.7263E-04  2.6356E-04  2.6595E-04  2.8361E-04
       2.7311E-04  2.7072E-04  2.7836E-04  2.6117E-04  2.4971E-04  2.5879E-04  2.7072E-04  2.4685E-04  2.7693E-04  2.7120E-04
       2.4207E-04  2.5831E-04  2.4207E-04  2.5210E-04  2.4303E-04  2.4016E-04  2.3730E-04  2.2059E-04  2.5258E-04  2.4494E-04
       2.6547E-04  2.2536E-04  2.2727E-04  2.2298E-04  2.4589E-04  2.4064E-04  2.2107E-04  2.4542E-04  2.2536E-04  2.1581E-04
       2.0722E-04  2.2250E-04  2.0531E-04  2.3157E-04  2.0340E-04  2.1772E-04  2.2727E-04  2.1152E-04  2.2345E-04  2.1390E-04
       1.9242E-04  2.0913E-04  2.0435E-04  1.9242E-04  2.0913E-04  1.8144E-04  1.7380E-04  1.5947E-04  1.7284E-04  1.6234E-04
       1.7380E-04  1.5613E-04  1.5279E-04  1.4706E-04  1.5422E-04  1.2128E-04  1.2032E-04  1.3178E-04  1.1602E-04  1.2223E-04
       1.2510E-04  1.1029E-04  1.0456E-04  1.0218E-04  9.5970E-05  1.1793E-04  1.2319E-04  1.0504E-04  1.1364E-04  1.1555E-04
       1.0027E-04  1.1316E-04  1.1555E-04  1.2510E-04  1.2223E-04  1.3321E-04  1.5088E-04  1.4849E-04  1.6138E-04  1.7189E-04
       1.7475E-04  1.8526E-04  1.9385E-04  2.1152E-04  2.2871E-04  2.3587E-04  2.6022E-04  2.9412E-04  3.8913E-04  5.1614E-04
       7.7684E-04  1.3030E-03  2.1620E-03  3.5022E-03  5.7945E-03  9.6324E-03  1.5603E-02  2.4387E-02  3.7696E-02  5.6632E-02
       8.1291E-02  1.1529E-01  1.5707E-01  2.0855E-01  2.6654E-01  3.3039E-01  3.9756E-01  4.5996E-01  5.1438E-01  5.5632E-01
       5.7911E-01  5.8303E-01  5.6466E-01  5.2579E-01  4.7265E-01  4.0779E-01  3.3831E-01  2.7014E-01  2.0754E-01  1.5270E-01
       1.0799E-01  7.3156E-02  4.7522E-02  2.9891E-02  1.7840E-02  1.0102E-02  5.6088E-03  2.9264E-03  1.4883E-03  7.0665E-04
       3.1942E-04  1.4372E-04  6.0161E-05  1.9099E-05  7.1620E-06  1.4324E-06  4.7746E-07  0.0000E+00  0.0000E+00  0.0000E+00
       0.0000E+00  0.0000E+00  0.0000E+00  0.0000E+00  0.0000E+00  0.0000E+00  0.0000E+00  0.0000E+00  0.0000E+00  0.0000E+00
       0.0000E+00  0.0000E+00  0.0000E+00  0.0000E+00  0.0000E+00  0.0000E+00  0.0000E+00  0.0000E+00  0.0000E+00  0.0000E+00
       0.0000E+00  0.0000E+00  0.0000E+00  0.0000E+00  0.0000E+00  0.0000E+00  0.0000E+00  0.0000E+00  0.0000E+00  0.0000E+00
       0.0000E+00  0.0000E+00  0.0000E+00  0.0000E+00  0.0000E+00  0.0000E+00  0.0000E+00  0.0000E+00  0.0000E+00  0.0000E+00
       0.0000E+00  0.0000E+00  0.0000E+00  0.0000E+00  0.0000E+00  0.0000E+00  0.0000E+00  0.0000E+00  0.0000E+00  0.0000E+00
       0.0000E+00  0.0000E+00  0.0000E+00  0.0000E+00  0.0000E+00  0.0000E+00  0.0000E+00  0.0000E+00  0.0000E+00  0.0000E+00
       0.0000E+00  0.0000E+00  0.0000E+00  0.0000E+00  0.0000E+00  0.0000E+00  0.0000E+00  0.0000E+00  0.0000E+00  0.0000E+00
       0.0000E+00  0.0000E+00  0.0000E+00  0.0000E+00  0.0000E+00  0.0000E+00  0.0000E+00  0.0000E+00  0.0000E+00  0.0000E+00
       0.0000E+00  0.0000E+00  0.0000E+00  0.0000E+00  0.0000E+00  0.0000E+00  0.0000E+00  0.0000E+00  0.0000E+00  0.0000E+00
       0.0000E+00  0.0000E+00  0.0000E+00  0.0000E+00  0.0000E+00  0.0000E+00  0.0000E+00  0.0000E+00  0.0000E+00  0.0000E+00
       0.0000E+00  0.0000E+00  0.0000E+00  0.0000E+00  0.0000E+00  0.0000E+00  0.0000E+00  0.0000E+00  0.0000E+00  0.0000E+00
       0.0000E+00  0.0000E+00  0.0000E+00  0.0000E+00  0.0000E+00  0.0000E+00  0.0000E+00  0.0000E+00  0.0000E+00  0.0000E+00
       0.0000E+00  0.0000E+00  0.0000E+00  0.0000E+00  0.0000E+00  0.0000E+00  0.0000E+00  0.0000E+00  0.0000E+00  0.0000E+00
       0.0000E+00  0.0000E+00  0.0000E+00  0.0000E+00  0.0000E+00  0.0000E+00  0.0000E+00  0.0000E+00  0.0000E+00  0.0000E+00
       0.0000E+00  0.0000E+00  0.0000E+00  0.0000E+00  0.0000E+00  0.0000E+00  0.0000E+00  0.0000E+00  0.0000E+00  0.0000E+00
       0.0000E+00  0.0000E+00  0.0000E+00  0.0000E+00  0.0000E+00  0.0000E+00  0.0000E+00  0.0000E+00  0.0000E+00  0.0000E+00
       0.0000E+00  0.0000E+00  0.0000E+00  0.0000E+00  0.0000E+00  0.0000E+00  0.0000E+00  0.0000E+00  0.0000E+00  0.0000E+00
       0.0000E+00  0.0000E+00  0.0000E+00  0.0000E+00  0.0000E+00  0.0000E+00  0.0000E+00  0.0000E+00  0.0000E+00  0.0000E+00
       0.0000E+00  0.0000E+00  0.0000E+00  0.0000E+00  0.0000E+00  0.0000E+00  0.0000E+00  0.0000E+00  0.0000E+00  0.0000E+00
       0.0000E+00  0.0000E+00  0.0000E+00  0.0000E+00  0.0000E+00  0.0000E+00  0.0000E+00  0.0000E+00  0.0000E+00  0.0000E+00
       0.0000E+00  0.0000E+00  0.0000E+00  0.0000E+00  0.0000E+00  0.0000E+00  0.0000E+00  0.0000E+00  0.0000E+00  0.0000E+00
       0.0000E+00  0.0000E+00  0.0000E+00  0.0000E+00  0.0000E+00  0.0000E+00  0.0000E+00  0.0000E+00  0.0000E+00  0.0000E+00
       0.0000E+00  0.0000E+00  0.0000E+00  0.0000E+00  0.0000E+00  0.0000E+00  0.0000E+00  0.0000E+00  0.0000E+00  0.0000E+00
       0.0000E+00  0.0000E+00  0.0000E+00  0.0000E+00  0.0000E+00  0.0000E+00  0.0000E+00  0.0000E+00  0.0000E+00  0.0000E+00
       0.0000E+00  0.0000E+00  0.0000E+00  0.0000E+00  0.0000E+00  0.0000E+00  0.0000E+00  0.0000E+00  0.0000E+00  0.0000E+00
       0.0000E+00  0.0000E+00  0.0000E+00  0.0000E+00  0.0000E+00  0.0000E+00  0.0000E+00  0.0000E+00  0.0000E+00  0.0000E+00
       0.0000E+00  0.0000E+00  0.0000E+00  0.0000E+00  0.0000E+00  0.0000E+00  0.0000E+00  0.0000E+00  0.0000E+00  0.0000E+00
       0.0000E+00  0.0000E+00  0.0000E+00  0.0000E+00  0.0000E+00  0.0000E+00  0.0000E+00  0.0000E+00  0.0000E+00  0.0000E+00
       0.0000E+00  0.0000E+00  0.0000E+00  0.0000E+00  0.0000E+00  0.0000E+00  0.0000E+00  0.0000E+00  0.0000E+00  0.0000E+00
       0.0000E+00  0.0000E+00  0.0000E+00  0.0000E+00  0.0000E+00  0.0000E+00  0.0000E+00  0.0000E+00  0.0000E+00  0.0000E+00
