
 *****  Protons in Lexan (0.20GeV, 2cm)                                                   *****

           DATE: 12/19/18,  TIME: 17:50:40

          Total number of particles followed       16666666, for a total weight of  1.6667E+07

1

   Res. nuclei n.   1  "Ian       " ,  all         products, region n.     5
      detector volume:  1.0000E+00 cm**3
      Max. Z:  10, Max. N-Z:  11 Min. N-Z: -4
      Data follow in a matrix A(z,n-z-k), k: -5 format (1(5x,1p,10(1x,e11.4)))

       0.0000E+00  0.0000E+00  0.0000E+00  0.0000E+00  0.0000E+00  0.0000E+00  0.0000E+00  0.0000E+00  0.0000E+00  0.0000E+00
       0.0000E+00  0.0000E+00  0.0000E+00  0.0000E+00  0.0000E+00  1.9560E-05  0.0000E+00  9.0000E-07  0.0000E+00  0.0000E+00
       0.0000E+00  0.0000E+00  0.0000E+00  0.0000E+00  1.6368E-04  3.1698E-04  3.5400E-05  6.6780E-05  0.0000E+00  0.0000E+00
       3.9601E-02  4.4492E-03  0.0000E+00  2.0959E-03  0.0000E+00  6.2677E-03  8.4900E-05  1.5253E-03  0.0000E+00  0.0000E+00
       9.4822E-03  3.5141E-02  2.8407E-03  0.0000E+00  2.1366E-03  8.3819E-03  7.0356E-04  9.7599E-04  6.0000E-08  6.0000E-08
       2.3404E-03  0.0000E+00  1.5692E-03  4.4268E-04  3.9601E-03  4.0224E-04  9.8496E-04  9.8499E-07  0.0000E+00  0.0000E+00
       0.0000E+00  9.6720E-05  1.2966E-04  2.7060E-04  4.5177E-05  1.0092E-04  2.6341E-06  1.5000E-06  0.0000E+00  0.0000E+00
       0.0000E+00  0.0000E+00  1.0080E-05  1.9200E-06  2.8200E-06  3.6000E-07  1.2000E-06  0.0000E+00  0.0000E+00  0.0000E+00
       0.0000E+00  6.0000E-08  0.0000E+00  1.2000E-07  0.0000E+00  0.0000E+00  0.0000E+00  0.0000E+00  0.0000E+00  0.0000E+00
       0.0000E+00  0.0000E+00  0.0000E+00  0.0000E+00  0.0000E+00  0.0000E+00  0.0000E+00  0.0000E+00  0.0000E+00  0.0000E+00
       0.0000E+00  0.0000E+00  0.0000E+00  0.0000E+00  0.0000E+00  0.0000E+00  0.0000E+00  0.0000E+00  0.0000E+00  0.0000E+00
       0.0000E+00  0.0000E+00  0.0000E+00  0.0000E+00  0.0000E+00  0.0000E+00  0.0000E+00  0.0000E+00  0.0000E+00  0.0000E+00
       0.0000E+00  0.0000E+00  0.0000E+00  0.0000E+00  0.0000E+00  0.0000E+00  0.0000E+00  0.0000E+00  0.0000E+00  0.0000E+00
       0.0000E+00  0.0000E+00  0.0000E+00  0.0000E+00  0.0000E+00  0.0000E+00  0.0000E+00  0.0000E+00  0.0000E+00  0.0000E+00
       0.0000E+00  0.0000E+00  0.0000E+00  0.0000E+00  0.0000E+00  0.0000E+00  0.0000E+00  0.0000E+00  0.0000E+00  0.0000E+00
       0.0000E+00  0.0000E+00  0.0000E+00  0.0000E+00  0.0000E+00  0.0000E+00  0.0000E+00  0.0000E+00  0.0000E+00  0.0000E+00
