
 *****  Protons in Lexan (0.20GeV, 0cm)                                                   *****

           DATE: 12/18/18,  TIME: 13: 9:42

          Total number of particles followed       50000000, for a total weight of  5.0000E+07

1

   Res. nuclei n.   1  "Ian       " ,  all         products, region n.     5
      detector volume:  1.0000E+00 cm**3
      Max. Z:  10, Max. N-Z:  11 Min. N-Z: -4
      Data follow in a matrix A(z,n-z-k), k: -5 format (1(5x,1p,10(1x,e11.4)))

       0.0000E+00  0.0000E+00  0.0000E+00  0.0000E+00  0.0000E+00  0.0000E+00  0.0000E+00  0.0000E+00  0.0000E+00  0.0000E+00
       0.0000E+00  0.0000E+00  0.0000E+00  0.0000E+00  0.0000E+00  7.0800E-06  0.0000E+00  3.8000E-07  0.0000E+00  0.0000E+00
       0.0000E+00  0.0000E+00  0.0000E+00  0.0000E+00  5.2640E-05  1.0698E-04  1.1340E-05  2.3320E-05  0.0000E+00  0.0000E+00
       9.1136E-03  1.4466E-03  0.0000E+00  6.8904E-04  0.0000E+00  2.0666E-03  2.8780E-05  4.9966E-04  4.0000E-08  0.0000E+00
       2.3577E-03  1.1251E-02  9.3816E-04  0.0000E+00  7.1214E-04  2.4948E-03  2.3560E-04  2.8940E-04  8.0000E-08  4.0000E-08
       7.4916E-04  0.0000E+00  5.0670E-04  1.4056E-04  1.2927E-03  1.2992E-04  3.2294E-04  5.4263E-07  0.0000E+00  0.0000E+00
       0.0000E+00  3.1180E-05  4.1420E-05  9.2300E-05  1.4385E-05  3.0820E-05  4.0446E-07  3.6000E-07  0.0000E+00  0.0000E+00
       0.0000E+00  0.0000E+00  3.0600E-06  4.6000E-07  1.1200E-06  4.0000E-08  4.6000E-07  0.0000E+00  0.0000E+00  0.0000E+00
       0.0000E+00  1.0000E-07  0.0000E+00  0.0000E+00  0.0000E+00  0.0000E+00  0.0000E+00  0.0000E+00  0.0000E+00  0.0000E+00
       0.0000E+00  0.0000E+00  0.0000E+00  0.0000E+00  0.0000E+00  0.0000E+00  0.0000E+00  0.0000E+00  0.0000E+00  0.0000E+00
       0.0000E+00  0.0000E+00  0.0000E+00  0.0000E+00  0.0000E+00  0.0000E+00  0.0000E+00  0.0000E+00  0.0000E+00  0.0000E+00
       0.0000E+00  0.0000E+00  0.0000E+00  0.0000E+00  0.0000E+00  0.0000E+00  0.0000E+00  0.0000E+00  0.0000E+00  0.0000E+00
       0.0000E+00  0.0000E+00  0.0000E+00  0.0000E+00  0.0000E+00  0.0000E+00  0.0000E+00  0.0000E+00  0.0000E+00  0.0000E+00
       0.0000E+00  0.0000E+00  0.0000E+00  0.0000E+00  0.0000E+00  0.0000E+00  0.0000E+00  0.0000E+00  0.0000E+00  0.0000E+00
       0.0000E+00  0.0000E+00  0.0000E+00  0.0000E+00  0.0000E+00  0.0000E+00  0.0000E+00  0.0000E+00  0.0000E+00  0.0000E+00
       0.0000E+00  0.0000E+00  0.0000E+00  0.0000E+00  0.0000E+00  0.0000E+00  0.0000E+00  0.0000E+00  0.0000E+00  0.0000E+00
