
 *****  Protons in Lexan (0.20GeV, 0cm)                                                   *****

           DATE: 12/18/18,  TIME: 13: 9:42

          Total number of particles followed       50000000, for a total weight of  5.0000E+07

1

   Bdrx n.   4  "ocurrent  " , generalized particle n.    1, from region n.     5 to region n.     4
      detector area:  1.0000E+02 cm**2
      this is a one way only estimator
      this is a current like estimator
      linear energy binning from   1.2000E-01 to  2.5000E-01 GeV,   650 bins ( 2.0000E-04 GeV wide)
      linear angular binning from  0.0000E+00 to  6.2832E+00 sr ,     1 bins ( 6.2832E+00 sr wide )
      Data follow in a matrix A(ie,ia), format (1(5x,1p,10(1x,e11.4)))

       1.2159E-04  1.2414E-04  1.3289E-04  1.2541E-04  1.2144E-04  1.3783E-04  1.2430E-04  1.1841E-04  1.2876E-04  1.3098E-04
       1.3003E-04  1.2844E-04  1.3083E-04  1.2541E-04  1.2144E-04  1.2939E-04  1.3242E-04  1.2796E-04  1.2876E-04  1.2907E-04
       1.2764E-04  1.2319E-04  1.2207E-04  1.1873E-04  1.2287E-04  1.3003E-04  1.2860E-04  1.2350E-04  1.3051E-04  1.2382E-04
       1.2398E-04  1.2191E-04  1.2382E-04  1.1841E-04  1.2382E-04  1.1777E-04  1.2096E-04  1.2510E-04  1.1841E-04  1.2112E-04
       1.3146E-04  1.2637E-04  1.2096E-04  1.2923E-04  1.3083E-04  1.2303E-04  1.2446E-04  1.2255E-04  1.2478E-04  1.2350E-04
       1.2478E-04  1.2239E-04  1.2382E-04  1.3003E-04  1.1809E-04  1.2541E-04  1.2239E-04  1.3465E-04  1.1921E-04  1.2255E-04
       1.2319E-04  1.2494E-04  1.2462E-04  1.2096E-04  1.2000E-04  1.3146E-04  1.1873E-04  1.2112E-04  1.2462E-04  1.2716E-04
       1.2271E-04  1.2335E-04  1.2525E-04  1.3146E-04  1.2478E-04  1.3321E-04  1.2701E-04  1.2414E-04  1.2144E-04  1.2605E-04
       1.2430E-04  1.2191E-04  1.3019E-04  1.1984E-04  1.2748E-04  1.2366E-04  1.2732E-04  1.2828E-04  1.2494E-04  1.2525E-04
       1.2366E-04  1.2510E-04  1.2112E-04  1.2080E-04  1.2812E-04  1.2525E-04  1.2573E-04  1.2350E-04  1.2494E-04  1.1762E-04
       1.2812E-04  1.2462E-04  1.1746E-04  1.1173E-04  1.2971E-04  1.2350E-04  1.1921E-04  1.2860E-04  1.1714E-04  1.1841E-04
       1.2525E-04  1.2335E-04  1.2335E-04  1.1873E-04  1.1825E-04  1.1841E-04  1.1762E-04  1.1523E-04  1.2732E-04  1.2653E-04
       1.2701E-04  1.1762E-04  1.2175E-04  1.2780E-04  1.2557E-04  1.2796E-04  1.3162E-04  1.1968E-04  1.2541E-04  1.2637E-04
       1.1873E-04  1.3098E-04  1.2876E-04  1.1395E-04  1.2159E-04  1.2669E-04  1.1857E-04  1.2287E-04  1.2032E-04  1.3210E-04
       1.1984E-04  1.2653E-04  1.2446E-04  1.2303E-04  1.2382E-04  1.3337E-04  1.3210E-04  1.1682E-04  1.2382E-04  1.3194E-04
       1.2096E-04  1.2398E-04  1.2271E-04  1.1968E-04  1.2335E-04  1.2653E-04  1.2064E-04  1.3274E-04  1.2605E-04  1.2844E-04
       1.2876E-04  1.2653E-04  1.2653E-04  1.2510E-04  1.2860E-04  1.2159E-04  1.1348E-04  1.2446E-04  1.2303E-04  1.2510E-04
       1.2478E-04  1.2064E-04  1.2510E-04  1.1523E-04  1.3098E-04  1.2048E-04  1.2096E-04  1.2478E-04  1.3274E-04  1.2144E-04
       1.1937E-04  1.2828E-04  1.2048E-04  1.2223E-04  1.2207E-04  1.1698E-04  1.1443E-04  1.2350E-04  1.2287E-04  1.1539E-04
       1.1077E-04  1.2462E-04  1.2382E-04  1.2271E-04  1.2541E-04  1.2128E-04  1.1841E-04  1.2064E-04  1.1841E-04  1.1809E-04
       1.1618E-04  1.2414E-04  1.1905E-04  1.0775E-04  1.2414E-04  1.1809E-04  1.0600E-04  1.1793E-04  1.1014E-04  1.1316E-04
       1.2287E-04  1.1220E-04  1.1730E-04  1.1348E-04  1.0982E-04  1.0950E-04  1.1793E-04  1.0456E-04  1.1491E-04  1.0854E-04
       1.0950E-04  1.1157E-04  1.1109E-04  1.0281E-04  1.0950E-04  1.0584E-04  1.0632E-04  1.0584E-04  1.1332E-04  1.0838E-04
       1.1443E-04  1.0106E-04  1.0361E-04  1.1857E-04  1.0743E-04  1.0154E-04  1.1077E-04  1.0950E-04  1.0727E-04  9.8039E-05
       1.0600E-04  1.0425E-04  1.0075E-04  1.0727E-04  1.0170E-04  1.0520E-04  1.0759E-04  1.0807E-04  1.0441E-04  1.0393E-04
       9.8994E-05  1.0456E-04  9.9154E-05  1.0265E-04  1.0027E-04  9.6130E-05  1.0043E-04  9.4379E-05  9.9949E-05  9.9154E-05
       9.4220E-05  1.0297E-04  9.1355E-05  9.9949E-05  1.0027E-04  9.6289E-05  9.5970E-05  9.7880E-05  9.4220E-05  9.5175E-05
       9.1514E-05  8.7217E-05  8.9763E-05  1.0106E-04  9.0877E-05  9.9472E-05  9.1992E-05  9.3424E-05  8.8808E-05  8.9763E-05
       9.0082E-05  8.8649E-05  9.0559E-05  8.6899E-05  8.8968E-05  8.3079E-05  9.3424E-05  8.1328E-05  8.6421E-05  8.6899E-05
       7.8304E-05  8.0373E-05  7.9100E-05  7.8782E-05  7.2415E-05  8.1965E-05  7.2893E-05  8.2283E-05  7.2893E-05  6.9869E-05
       7.1938E-05  7.2415E-05  7.1779E-05  7.0824E-05  6.6845E-05  6.8118E-05  6.8914E-05  6.5094E-05  6.4935E-05  6.9869E-05
       6.6368E-05  6.2230E-05  6.0001E-05  5.9524E-05  5.5068E-05  5.2044E-05  5.2203E-05  4.9020E-05  4.9815E-05  4.5359E-05
       4.8065E-05  4.1062E-05  4.0425E-05  3.8834E-05  3.8993E-05  3.1354E-05  3.3104E-05  3.2786E-05  3.2149E-05  3.5492E-05
       3.5173E-05  2.8807E-05  3.3104E-05  3.9630E-05  3.9789E-05  4.0107E-05  4.2017E-05  4.0585E-05  4.5837E-05  4.1380E-05
       5.1407E-05  5.1885E-05  5.7137E-05  5.4590E-05  6.3662E-05  6.2230E-05  6.6049E-05  6.5731E-05  6.8437E-05  7.6713E-05
       6.9710E-05  7.8782E-05  8.1646E-05  9.2628E-05  1.3926E-04  2.3666E-04  4.5343E-04  9.3185E-04  1.8366E-03  3.7093E-03
       7.1184E-03  1.3358E-02  2.3909E-02  4.1258E-02  6.7919E-02  1.0631E-01  1.5995E-01  2.2901E-01  3.1155E-01  4.0528E-01
       5.0133E-01  5.8989E-01  6.6011E-01  7.0144E-01  7.0886E-01  6.8022E-01  6.1916E-01  5.3498E-01  4.3751E-01  3.4059E-01
       2.5074E-01  1.7491E-01  1.1562E-01  7.2348E-02  4.3127E-02  2.4153E-02  1.2765E-02  6.4103E-03  3.0574E-03  1.3578E-03
       5.8426E-04  2.4255E-04  8.6421E-05  3.5014E-05  1.1777E-05  3.0239E-06  9.5493E-07  4.7746E-07  1.5915E-07  0.0000E+00
       0.0000E+00  0.0000E+00  0.0000E+00  0.0000E+00  0.0000E+00  0.0000E+00  0.0000E+00  0.0000E+00  0.0000E+00  0.0000E+00
       0.0000E+00  0.0000E+00  0.0000E+00  0.0000E+00  0.0000E+00  0.0000E+00  0.0000E+00  0.0000E+00  0.0000E+00  0.0000E+00
       0.0000E+00  0.0000E+00  0.0000E+00  0.0000E+00  0.0000E+00  0.0000E+00  0.0000E+00  0.0000E+00  0.0000E+00  0.0000E+00
       0.0000E+00  0.0000E+00  0.0000E+00  0.0000E+00  0.0000E+00  0.0000E+00  0.0000E+00  0.0000E+00  0.0000E+00  0.0000E+00
       0.0000E+00  0.0000E+00  0.0000E+00  0.0000E+00  0.0000E+00  0.0000E+00  0.0000E+00  0.0000E+00  0.0000E+00  0.0000E+00
       0.0000E+00  0.0000E+00  0.0000E+00  0.0000E+00  0.0000E+00  0.0000E+00  0.0000E+00  0.0000E+00  0.0000E+00  0.0000E+00
       0.0000E+00  0.0000E+00  0.0000E+00  0.0000E+00  0.0000E+00  0.0000E+00  0.0000E+00  0.0000E+00  0.0000E+00  0.0000E+00
       0.0000E+00  0.0000E+00  0.0000E+00  0.0000E+00  0.0000E+00  0.0000E+00  0.0000E+00  0.0000E+00  0.0000E+00  0.0000E+00
       0.0000E+00  0.0000E+00  0.0000E+00  0.0000E+00  0.0000E+00  0.0000E+00  0.0000E+00  0.0000E+00  0.0000E+00  0.0000E+00
       0.0000E+00  0.0000E+00  0.0000E+00  0.0000E+00  0.0000E+00  0.0000E+00  0.0000E+00  0.0000E+00  0.0000E+00  0.0000E+00
       0.0000E+00  0.0000E+00  0.0000E+00  0.0000E+00  0.0000E+00  0.0000E+00  0.0000E+00  0.0000E+00  0.0000E+00  0.0000E+00
       0.0000E+00  0.0000E+00  0.0000E+00  0.0000E+00  0.0000E+00  0.0000E+00  0.0000E+00  0.0000E+00  0.0000E+00  0.0000E+00
       0.0000E+00  0.0000E+00  0.0000E+00  0.0000E+00  0.0000E+00  0.0000E+00  0.0000E+00  0.0000E+00  0.0000E+00  0.0000E+00
       0.0000E+00  0.0000E+00  0.0000E+00  0.0000E+00  0.0000E+00  0.0000E+00  0.0000E+00  0.0000E+00  0.0000E+00  0.0000E+00
       0.0000E+00  0.0000E+00  0.0000E+00  0.0000E+00  0.0000E+00  0.0000E+00  0.0000E+00  0.0000E+00  0.0000E+00  0.0000E+00
       0.0000E+00  0.0000E+00  0.0000E+00  0.0000E+00  0.0000E+00  0.0000E+00  0.0000E+00  0.0000E+00  0.0000E+00  0.0000E+00
       0.0000E+00  0.0000E+00  0.0000E+00  0.0000E+00  0.0000E+00  0.0000E+00  0.0000E+00  0.0000E+00  0.0000E+00  0.0000E+00
       0.0000E+00  0.0000E+00  0.0000E+00  0.0000E+00  0.0000E+00  0.0000E+00  0.0000E+00  0.0000E+00  0.0000E+00  0.0000E+00
       0.0000E+00  0.0000E+00  0.0000E+00  0.0000E+00  0.0000E+00  0.0000E+00  0.0000E+00  0.0000E+00  0.0000E+00  0.0000E+00
       0.0000E+00  0.0000E+00  0.0000E+00  0.0000E+00  0.0000E+00  0.0000E+00  0.0000E+00  0.0000E+00  0.0000E+00  0.0000E+00
       0.0000E+00  0.0000E+00  0.0000E+00  0.0000E+00  0.0000E+00  0.0000E+00  0.0000E+00  0.0000E+00  0.0000E+00  0.0000E+00
       0.0000E+00  0.0000E+00  0.0000E+00  0.0000E+00  0.0000E+00  0.0000E+00  0.0000E+00  0.0000E+00  0.0000E+00  0.0000E+00
       0.0000E+00  0.0000E+00  0.0000E+00  0.0000E+00  0.0000E+00  0.0000E+00  0.0000E+00  0.0000E+00  0.0000E+00  0.0000E+00
       0.0000E+00  0.0000E+00  0.0000E+00  0.0000E+00  0.0000E+00  0.0000E+00  0.0000E+00  0.0000E+00  0.0000E+00  0.0000E+00
       0.0000E+00  0.0000E+00  0.0000E+00  0.0000E+00  0.0000E+00  0.0000E+00  0.0000E+00  0.0000E+00  0.0000E+00  0.0000E+00
