
 *****  Protons in Lexan (0.20GeV, 0cm)                                                   *****

           DATE: 12/18/18,  TIME: 13: 9:42

          Total number of particles followed       50000000, for a total weight of  5.0000E+07

1

   Bdrx n.   2  "ofluence  " , generalized particle n.    1, from region n.     5 to region n.     4
      detector area:  1.0000E+02 cm**2
      this is a one way only estimator
      this is a fluence like estimator
      linear energy binning from   1.2000E-01 to  2.5000E-01 GeV,   650 bins ( 2.0000E-04 GeV wide)
      linear angular binning from  0.0000E+00 to  6.2832E+00 sr ,     1 bins ( 6.2832E+00 sr wide )
      Data follow in a matrix A(ie,ia), format (1(5x,1p,10(1x,e11.4)))

       1.5618E-04  1.5784E-04  1.7023E-04  1.6150E-04  1.5468E-04  1.7950E-04  1.6078E-04  1.5033E-04  1.6451E-04  1.6566E-04
       1.6487E-04  1.6413E-04  1.6505E-04  1.5811E-04  1.5237E-04  1.6536E-04  1.6822E-04  1.6314E-04  1.6616E-04  1.6487E-04
       1.6328E-04  1.5459E-04  1.5269E-04  1.4985E-04  1.5561E-04  1.6138E-04  1.6399E-04  1.5585E-04  1.6360E-04  1.5648E-04
       1.5633E-04  1.5254E-04  1.5648E-04  1.4992E-04  1.5562E-04  1.4795E-04  1.5265E-04  1.5587E-04  1.4845E-04  1.4972E-04
       1.6462E-04  1.5692E-04  1.4983E-04  1.6052E-04  1.6566E-04  1.5158E-04  1.5408E-04  1.5398E-04  1.5569E-04  1.5431E-04
       1.5194E-04  1.5248E-04  1.5405E-04  1.6075E-04  1.4474E-04  1.5499E-04  1.5198E-04  1.6636E-04  1.4823E-04  1.5159E-04
       1.5291E-04  1.5291E-04  1.5431E-04  1.4625E-04  1.4769E-04  1.6065E-04  1.4544E-04  1.4923E-04  1.5471E-04  1.5626E-04
       1.4929E-04  1.4974E-04  1.5116E-04  1.6018E-04  1.5251E-04  1.6194E-04  1.5487E-04  1.4999E-04  1.4771E-04  1.5292E-04
       1.5016E-04  1.4940E-04  1.5740E-04  1.4502E-04  1.5354E-04  1.4753E-04  1.5348E-04  1.5527E-04  1.5134E-04  1.5215E-04
       1.4969E-04  1.5067E-04  1.4450E-04  1.4760E-04  1.5725E-04  1.4920E-04  1.5257E-04  1.4705E-04  1.4939E-04  1.4076E-04
       1.5266E-04  1.4974E-04  1.4146E-04  1.3360E-04  1.5274E-04  1.4914E-04  1.4353E-04  1.5469E-04  1.4062E-04  1.4083E-04
       1.4700E-04  1.4863E-04  1.4713E-04  1.4097E-04  1.4039E-04  1.4207E-04  1.3874E-04  1.3655E-04  1.4909E-04  1.4915E-04
       1.4995E-04  1.3911E-04  1.4317E-04  1.5278E-04  1.4801E-04  1.4941E-04  1.5567E-04  1.4230E-04  1.4834E-04  1.4866E-04
       1.3923E-04  1.5206E-04  1.5129E-04  1.3301E-04  1.4399E-04  1.4948E-04  1.3903E-04  1.4467E-04  1.4077E-04  1.5279E-04
       1.4077E-04  1.4856E-04  1.4416E-04  1.4363E-04  1.4657E-04  1.5564E-04  1.5632E-04  1.3728E-04  1.4427E-04  1.5330E-04
       1.4009E-04  1.4361E-04  1.4291E-04  1.3905E-04  1.4254E-04  1.4675E-04  1.3853E-04  1.5347E-04  1.4665E-04  1.4699E-04
       1.4793E-04  1.4509E-04  1.4591E-04  1.4305E-04  1.4819E-04  1.3900E-04  1.3074E-04  1.4382E-04  1.4151E-04  1.4418E-04
       1.4455E-04  1.3681E-04  1.4259E-04  1.3291E-04  1.4984E-04  1.3719E-04  1.3748E-04  1.4275E-04  1.5133E-04  1.3914E-04
       1.3530E-04  1.4582E-04  1.3847E-04  1.3873E-04  1.3895E-04  1.3218E-04  1.2980E-04  1.4114E-04  1.3886E-04  1.2999E-04
       1.2485E-04  1.4137E-04  1.4067E-04  1.3768E-04  1.4061E-04  1.3611E-04  1.3344E-04  1.3591E-04  1.3391E-04  1.3284E-04
       1.3025E-04  1.3939E-04  1.3350E-04  1.2160E-04  1.4087E-04  1.3303E-04  1.1850E-04  1.3248E-04  1.2283E-04  1.2650E-04
       1.3679E-04  1.2546E-04  1.3080E-04  1.2681E-04  1.2227E-04  1.2113E-04  1.3098E-04  1.1663E-04  1.2850E-04  1.2109E-04
       1.2169E-04  1.2271E-04  1.2259E-04  1.1364E-04  1.2209E-04  1.1728E-04  1.1819E-04  1.1674E-04  1.2544E-04  1.1936E-04
       1.2619E-04  1.1221E-04  1.1438E-04  1.3030E-04  1.1826E-04  1.1168E-04  1.2150E-04  1.2177E-04  1.1861E-04  1.0786E-04
       1.1653E-04  1.1453E-04  1.1087E-04  1.1766E-04  1.1211E-04  1.1597E-04  1.1779E-04  1.1875E-04  1.1369E-04  1.1421E-04
       1.0843E-04  1.1495E-04  1.0842E-04  1.1251E-04  1.1011E-04  1.0557E-04  1.0947E-04  1.0254E-04  1.0808E-04  1.0841E-04
       1.0183E-04  1.1177E-04  9.8090E-05  1.0900E-04  1.0872E-04  1.0475E-04  1.0434E-04  1.0562E-04  1.0151E-04  1.0327E-04
       9.9070E-05  9.4374E-05  9.7382E-05  1.0899E-04  9.7205E-05  1.0733E-04  9.9346E-05  1.0024E-04  9.5975E-05  9.6320E-05
       9.6413E-05  9.6188E-05  9.6948E-05  9.3054E-05  9.6120E-05  8.8507E-05  9.9755E-05  8.6353E-05  9.2404E-05  9.2252E-05
       8.3230E-05  8.4983E-05  8.4540E-05  8.5430E-05  7.7911E-05  8.7015E-05  7.7600E-05  8.7393E-05  7.7138E-05  7.4558E-05
       8.5239E-05  7.6620E-05  7.5872E-05  7.5116E-05  7.1220E-05  7.1836E-05  7.2890E-05  6.8923E-05  6.8246E-05  7.4390E-05
       6.9951E-05  6.5368E-05  6.3083E-05  6.3418E-05  5.8975E-05  5.5093E-05  5.5166E-05  5.2526E-05  5.3189E-05  4.8246E-05
       5.1184E-05  4.3566E-05  4.3644E-05  4.1621E-05  4.2704E-05  3.4386E-05  3.5869E-05  3.5781E-05  3.4904E-05  3.9675E-05
       3.8435E-05  3.3538E-05  3.8502E-05  4.3542E-05  4.3585E-05  4.3355E-05  4.6300E-05  4.4029E-05  5.0175E-05  4.4320E-05
       5.5081E-05  5.6602E-05  6.0131E-05  5.9361E-05  6.6924E-05  6.6136E-05  6.9896E-05  6.8786E-05  7.4031E-05  8.0237E-05
       7.4023E-05  8.2615E-05  8.6227E-05  9.6375E-05  1.4403E-04  2.4136E-04  4.5889E-04  9.3826E-04  1.8463E-03  3.7198E-03
       7.1291E-03  1.3373E-02  2.3927E-02  4.1280E-02  6.7946E-02  1.0634E-01  1.5999E-01  2.2906E-01  3.1160E-01  4.0534E-01
       5.0139E-01  5.8995E-01  6.6017E-01  7.0150E-01  7.0892E-01  6.8027E-01  6.1921E-01  5.3501E-01  4.3754E-01  3.4061E-01
       2.5075E-01  1.7492E-01  1.1563E-01  7.2353E-02  4.3129E-02  2.4155E-02  1.2766E-02  6.4106E-03  3.0575E-03  1.3578E-03
       5.8428E-04  2.4256E-04  8.6427E-05  3.5016E-05  1.1778E-05  3.0241E-06  9.5495E-07  4.7747E-07  1.5916E-07  0.0000E+00
       0.0000E+00  0.0000E+00  0.0000E+00  0.0000E+00  0.0000E+00  0.0000E+00  0.0000E+00  0.0000E+00  0.0000E+00  0.0000E+00
       0.0000E+00  0.0000E+00  0.0000E+00  0.0000E+00  0.0000E+00  0.0000E+00  0.0000E+00  0.0000E+00  0.0000E+00  0.0000E+00
       0.0000E+00  0.0000E+00  0.0000E+00  0.0000E+00  0.0000E+00  0.0000E+00  0.0000E+00  0.0000E+00  0.0000E+00  0.0000E+00
       0.0000E+00  0.0000E+00  0.0000E+00  0.0000E+00  0.0000E+00  0.0000E+00  0.0000E+00  0.0000E+00  0.0000E+00  0.0000E+00
       0.0000E+00  0.0000E+00  0.0000E+00  0.0000E+00  0.0000E+00  0.0000E+00  0.0000E+00  0.0000E+00  0.0000E+00  0.0000E+00
       0.0000E+00  0.0000E+00  0.0000E+00  0.0000E+00  0.0000E+00  0.0000E+00  0.0000E+00  0.0000E+00  0.0000E+00  0.0000E+00
       0.0000E+00  0.0000E+00  0.0000E+00  0.0000E+00  0.0000E+00  0.0000E+00  0.0000E+00  0.0000E+00  0.0000E+00  0.0000E+00
       0.0000E+00  0.0000E+00  0.0000E+00  0.0000E+00  0.0000E+00  0.0000E+00  0.0000E+00  0.0000E+00  0.0000E+00  0.0000E+00
       0.0000E+00  0.0000E+00  0.0000E+00  0.0000E+00  0.0000E+00  0.0000E+00  0.0000E+00  0.0000E+00  0.0000E+00  0.0000E+00
       0.0000E+00  0.0000E+00  0.0000E+00  0.0000E+00  0.0000E+00  0.0000E+00  0.0000E+00  0.0000E+00  0.0000E+00  0.0000E+00
       0.0000E+00  0.0000E+00  0.0000E+00  0.0000E+00  0.0000E+00  0.0000E+00  0.0000E+00  0.0000E+00  0.0000E+00  0.0000E+00
       0.0000E+00  0.0000E+00  0.0000E+00  0.0000E+00  0.0000E+00  0.0000E+00  0.0000E+00  0.0000E+00  0.0000E+00  0.0000E+00
       0.0000E+00  0.0000E+00  0.0000E+00  0.0000E+00  0.0000E+00  0.0000E+00  0.0000E+00  0.0000E+00  0.0000E+00  0.0000E+00
       0.0000E+00  0.0000E+00  0.0000E+00  0.0000E+00  0.0000E+00  0.0000E+00  0.0000E+00  0.0000E+00  0.0000E+00  0.0000E+00
       0.0000E+00  0.0000E+00  0.0000E+00  0.0000E+00  0.0000E+00  0.0000E+00  0.0000E+00  0.0000E+00  0.0000E+00  0.0000E+00
       0.0000E+00  0.0000E+00  0.0000E+00  0.0000E+00  0.0000E+00  0.0000E+00  0.0000E+00  0.0000E+00  0.0000E+00  0.0000E+00
       0.0000E+00  0.0000E+00  0.0000E+00  0.0000E+00  0.0000E+00  0.0000E+00  0.0000E+00  0.0000E+00  0.0000E+00  0.0000E+00
       0.0000E+00  0.0000E+00  0.0000E+00  0.0000E+00  0.0000E+00  0.0000E+00  0.0000E+00  0.0000E+00  0.0000E+00  0.0000E+00
       0.0000E+00  0.0000E+00  0.0000E+00  0.0000E+00  0.0000E+00  0.0000E+00  0.0000E+00  0.0000E+00  0.0000E+00  0.0000E+00
       0.0000E+00  0.0000E+00  0.0000E+00  0.0000E+00  0.0000E+00  0.0000E+00  0.0000E+00  0.0000E+00  0.0000E+00  0.0000E+00
       0.0000E+00  0.0000E+00  0.0000E+00  0.0000E+00  0.0000E+00  0.0000E+00  0.0000E+00  0.0000E+00  0.0000E+00  0.0000E+00
       0.0000E+00  0.0000E+00  0.0000E+00  0.0000E+00  0.0000E+00  0.0000E+00  0.0000E+00  0.0000E+00  0.0000E+00  0.0000E+00
       0.0000E+00  0.0000E+00  0.0000E+00  0.0000E+00  0.0000E+00  0.0000E+00  0.0000E+00  0.0000E+00  0.0000E+00  0.0000E+00
       0.0000E+00  0.0000E+00  0.0000E+00  0.0000E+00  0.0000E+00  0.0000E+00  0.0000E+00  0.0000E+00  0.0000E+00  0.0000E+00
       0.0000E+00  0.0000E+00  0.0000E+00  0.0000E+00  0.0000E+00  0.0000E+00  0.0000E+00  0.0000E+00  0.0000E+00  0.0000E+00
1

   Bdrx n.   6  "ofluence  " , generalized particle n.    1, from region n.     5 to region n.     4
      detector area:  1.0000E+02 cm**2
      this is a one way only estimator
      this is a fluence like estimator
      linear energy binning from   0.0000E+00 to  3.0000E+02 GeV,     1 bins ( 3.0000E+02 GeV wide)
      linear angular binning from  0.0000E+00 to  6.2832E+00 sr ,     1 bins ( 6.2832E+00 sr wide )
      Data follow in a matrix A(ie,ia), format (1(5x,1p,10(1x,e11.4)))

       5.3380E-06
