
 *****  Protons in Lexan (0.17GeV, 0cm)                                                   *****

           DATE: 12/21/18,  TIME:  2: 9:24

          Total number of particles followed       50000000, for a total weight of  5.0000E+07

1

   Bdrx n.   4  "ocurrent  " , generalized particle n.    1, from region n.     5 to region n.     4
      detector area:  1.0000E+02 cm**2
      this is a one way only estimator
      this is a current like estimator
      linear energy binning from   9.0000E-02 to  2.2000E-01 GeV,   650 bins ( 2.0000E-04 GeV wide)
      linear angular binning from  0.0000E+00 to  6.2832E+00 sr ,     1 bins ( 6.2832E+00 sr wide )
      Data follow in a matrix A(ie,ia), format (1(5x,1p,10(1x,e11.4)))

       1.4658E-04  1.3846E-04  1.4053E-04  1.3894E-04  1.4404E-04  1.4133E-04  1.4181E-04  1.4642E-04  1.4069E-04  1.3974E-04
       1.4451E-04  1.4754E-04  1.4499E-04  1.4356E-04  1.3608E-04  1.3751E-04  1.4308E-04  1.4037E-04  1.3926E-04  1.4197E-04
       1.5247E-04  1.4053E-04  1.4976E-04  1.4037E-04  1.3990E-04  1.4515E-04  1.4340E-04  1.3671E-04  1.3560E-04  1.4372E-04
       1.3496E-04  1.3655E-04  1.4738E-04  1.3831E-04  1.4579E-04  1.4563E-04  1.4754E-04  1.3910E-04  1.4085E-04  1.4133E-04
       1.4324E-04  1.4515E-04  1.4690E-04  1.4069E-04  1.4833E-04  1.3942E-04  1.3655E-04  1.4133E-04  1.4515E-04  1.3385E-04
       1.4244E-04  1.4213E-04  1.4642E-04  1.4785E-04  1.4404E-04  1.3321E-04  1.3210E-04  1.4881E-04  1.4292E-04  1.4388E-04
       1.3958E-04  1.4626E-04  1.4531E-04  1.4435E-04  1.4372E-04  1.3560E-04  1.4292E-04  1.4722E-04  1.4770E-04  1.4451E-04
       1.3894E-04  1.4722E-04  1.4945E-04  1.5072E-04  1.4340E-04  1.4467E-04  1.4260E-04  1.5263E-04  1.3926E-04  1.4579E-04
       1.3274E-04  1.4101E-04  1.3990E-04  1.4579E-04  1.4006E-04  1.4069E-04  1.3433E-04  1.4595E-04  1.4149E-04  1.4626E-04
       1.3831E-04  1.3560E-04  1.4865E-04  1.4053E-04  1.3624E-04  1.4419E-04  1.4626E-04  1.5008E-04  1.4897E-04  1.4197E-04
       1.3735E-04  1.3831E-04  1.4515E-04  1.5072E-04  1.5056E-04  1.4324E-04  1.4929E-04  1.4324E-04  1.4165E-04  1.4770E-04
       1.4531E-04  1.4897E-04  1.4642E-04  1.4579E-04  1.3894E-04  1.4404E-04  1.4451E-04  1.4292E-04  1.4228E-04  1.4340E-04
       1.3894E-04  1.3799E-04  1.4197E-04  1.4053E-04  1.3719E-04  1.4308E-04  1.4197E-04  1.4849E-04  1.4101E-04  1.5454E-04
       1.4801E-04  1.4754E-04  1.5024E-04  1.4324E-04  1.4197E-04  1.4610E-04  1.4356E-04  1.5661E-04  1.3958E-04  1.5024E-04
       1.4579E-04  1.4945E-04  1.4181E-04  1.4340E-04  1.4595E-04  1.3862E-04  1.4563E-04  1.4276E-04  1.5549E-04  1.4499E-04
       1.4547E-04  1.4531E-04  1.4372E-04  1.4006E-04  1.4849E-04  1.4626E-04  1.5024E-04  1.4022E-04  1.4929E-04  1.4260E-04
       1.4213E-04  1.4213E-04  1.3687E-04  1.3926E-04  1.4945E-04  1.4435E-04  1.4388E-04  1.5374E-04  1.4372E-04  1.4308E-04
       1.4913E-04  1.5343E-04  1.4340E-04  1.4531E-04  1.5088E-04  1.4833E-04  1.4372E-04  1.3671E-04  1.3640E-04  1.3592E-04
       1.4913E-04  1.4372E-04  1.4722E-04  1.4451E-04  1.4276E-04  1.4101E-04  1.4324E-04  1.4626E-04  1.4690E-04  1.4833E-04
       1.3258E-04  1.2955E-04  1.4579E-04  1.4340E-04  1.4595E-04  1.4499E-04  1.4244E-04  1.4451E-04  1.3958E-04  1.4037E-04
       1.3512E-04  1.3687E-04  1.3289E-04  1.4260E-04  1.3735E-04  1.3385E-04  1.3703E-04  1.3958E-04  1.2701E-04  1.2541E-04
       1.2780E-04  1.3242E-04  1.3083E-04  1.3671E-04  1.3003E-04  1.2669E-04  1.3289E-04  1.3274E-04  1.2510E-04  1.2589E-04
       1.3067E-04  1.2494E-04  1.3114E-04  1.2637E-04  1.3114E-04  1.3242E-04  1.2080E-04  1.2907E-04  1.3146E-04  1.2207E-04
       1.3528E-04  1.2525E-04  1.2032E-04  1.2510E-04  1.2032E-04  1.2366E-04  1.2589E-04  1.2255E-04  1.1539E-04  1.1937E-04
       1.2637E-04  1.1029E-04  1.1968E-04  1.1777E-04  1.2032E-04  1.2032E-04  1.1634E-04  1.2112E-04  1.2319E-04  1.1395E-04
       1.1905E-04  1.1411E-04  1.1539E-04  1.1061E-04  1.1618E-04  1.1682E-04  1.1029E-04  1.1173E-04  1.1650E-04  1.1109E-04
       1.1905E-04  1.0886E-04  1.0552E-04  1.1348E-04  1.1061E-04  1.0918E-04  1.0234E-04  1.0202E-04  1.0361E-04  1.0520E-04
       1.1268E-04  1.0329E-04  1.0632E-04  1.0600E-04  1.0425E-04  1.0170E-04  1.0600E-04  1.0663E-04  9.5652E-05  1.0886E-04
       9.8517E-05  1.0138E-04  1.0250E-04  1.0345E-04  1.0281E-04  1.0122E-04  9.8358E-05  9.3265E-05  1.0011E-04  9.9790E-05
       9.2151E-05  9.2310E-05  8.8808E-05  9.1673E-05  8.7376E-05  9.0400E-05  8.7058E-05  8.7535E-05  8.2442E-05  9.0877E-05
       9.0082E-05  8.2920E-05  8.3238E-05  8.4830E-05  7.8463E-05  7.6872E-05  7.7190E-05  7.9577E-05  7.4485E-05  7.2893E-05
       6.5731E-05  6.5731E-05  6.6686E-05  6.5254E-05  6.0638E-05  5.6977E-05  4.6314E-05  5.2362E-05  5.1089E-05  4.7746E-05
       4.4086E-05  4.0903E-05  3.6765E-05  3.6924E-05  3.8356E-05  4.0107E-05  3.8834E-05  3.5173E-05  4.1380E-05  4.1539E-05
       4.0107E-05  4.4245E-05  4.2494E-05  3.8675E-05  4.7906E-05  4.6951E-05  5.2999E-05  5.3954E-05  6.1911E-05  6.5572E-05
       6.7641E-05  7.4644E-05  7.5758E-05  7.7508E-05  8.8013E-05  8.6262E-05  9.6766E-05  9.5970E-05  8.9286E-05  8.9286E-05
       8.4193E-05  9.2787E-05  1.0536E-04  1.4022E-04  2.5847E-04  5.3476E-04  1.1246E-03  2.4819E-03  5.2865E-03  1.0905E-02
       2.1645E-02  4.0434E-02  7.1379E-02  1.1981E-01  1.8934E-01  2.8115E-01  3.9330E-01  5.1642E-01  6.3601E-01  7.3536E-01
       7.9555E-01  8.0554E-01  7.6357E-01  6.7538E-01  5.5791E-01  4.2982E-01  3.0937E-01  2.0694E-01  1.2912E-01  7.5250E-02
       4.0522E-02  2.0435E-02  9.5931E-03  4.1546E-03  1.6893E-03  6.2245E-04  2.1947E-04  6.6686E-05  2.0372E-05  5.5704E-06
       2.5465E-06  4.7746E-07  3.1831E-07  0.0000E+00  0.0000E+00  0.0000E+00  0.0000E+00  0.0000E+00  0.0000E+00  0.0000E+00
       0.0000E+00  0.0000E+00  0.0000E+00  0.0000E+00  0.0000E+00  0.0000E+00  0.0000E+00  0.0000E+00  0.0000E+00  0.0000E+00
       0.0000E+00  0.0000E+00  0.0000E+00  0.0000E+00  0.0000E+00  0.0000E+00  0.0000E+00  0.0000E+00  0.0000E+00  0.0000E+00
       0.0000E+00  0.0000E+00  0.0000E+00  0.0000E+00  0.0000E+00  0.0000E+00  0.0000E+00  0.0000E+00  0.0000E+00  0.0000E+00
       0.0000E+00  0.0000E+00  0.0000E+00  0.0000E+00  0.0000E+00  0.0000E+00  0.0000E+00  0.0000E+00  0.0000E+00  0.0000E+00
       0.0000E+00  0.0000E+00  0.0000E+00  0.0000E+00  0.0000E+00  0.0000E+00  0.0000E+00  0.0000E+00  0.0000E+00  0.0000E+00
       0.0000E+00  0.0000E+00  0.0000E+00  0.0000E+00  0.0000E+00  0.0000E+00  0.0000E+00  0.0000E+00  0.0000E+00  0.0000E+00
       0.0000E+00  0.0000E+00  0.0000E+00  0.0000E+00  0.0000E+00  0.0000E+00  0.0000E+00  0.0000E+00  0.0000E+00  0.0000E+00
       0.0000E+00  0.0000E+00  0.0000E+00  0.0000E+00  0.0000E+00  0.0000E+00  0.0000E+00  0.0000E+00  0.0000E+00  0.0000E+00
       0.0000E+00  0.0000E+00  0.0000E+00  0.0000E+00  0.0000E+00  0.0000E+00  0.0000E+00  0.0000E+00  0.0000E+00  0.0000E+00
       0.0000E+00  0.0000E+00  0.0000E+00  0.0000E+00  0.0000E+00  0.0000E+00  0.0000E+00  0.0000E+00  0.0000E+00  0.0000E+00
       0.0000E+00  0.0000E+00  0.0000E+00  0.0000E+00  0.0000E+00  0.0000E+00  0.0000E+00  0.0000E+00  0.0000E+00  0.0000E+00
       0.0000E+00  0.0000E+00  0.0000E+00  0.0000E+00  0.0000E+00  0.0000E+00  0.0000E+00  0.0000E+00  0.0000E+00  0.0000E+00
       0.0000E+00  0.0000E+00  0.0000E+00  0.0000E+00  0.0000E+00  0.0000E+00  0.0000E+00  0.0000E+00  0.0000E+00  0.0000E+00
       0.0000E+00  0.0000E+00  0.0000E+00  0.0000E+00  0.0000E+00  0.0000E+00  0.0000E+00  0.0000E+00  0.0000E+00  0.0000E+00
       0.0000E+00  0.0000E+00  0.0000E+00  0.0000E+00  0.0000E+00  0.0000E+00  0.0000E+00  0.0000E+00  0.0000E+00  0.0000E+00
       0.0000E+00  0.0000E+00  0.0000E+00  0.0000E+00  0.0000E+00  0.0000E+00  0.0000E+00  0.0000E+00  0.0000E+00  0.0000E+00
       0.0000E+00  0.0000E+00  0.0000E+00  0.0000E+00  0.0000E+00  0.0000E+00  0.0000E+00  0.0000E+00  0.0000E+00  0.0000E+00
       0.0000E+00  0.0000E+00  0.0000E+00  0.0000E+00  0.0000E+00  0.0000E+00  0.0000E+00  0.0000E+00  0.0000E+00  0.0000E+00
       0.0000E+00  0.0000E+00  0.0000E+00  0.0000E+00  0.0000E+00  0.0000E+00  0.0000E+00  0.0000E+00  0.0000E+00  0.0000E+00
       0.0000E+00  0.0000E+00  0.0000E+00  0.0000E+00  0.0000E+00  0.0000E+00  0.0000E+00  0.0000E+00  0.0000E+00  0.0000E+00
       0.0000E+00  0.0000E+00  0.0000E+00  0.0000E+00  0.0000E+00  0.0000E+00  0.0000E+00  0.0000E+00  0.0000E+00  0.0000E+00
       0.0000E+00  0.0000E+00  0.0000E+00  0.0000E+00  0.0000E+00  0.0000E+00  0.0000E+00  0.0000E+00  0.0000E+00  0.0000E+00
       0.0000E+00  0.0000E+00  0.0000E+00  0.0000E+00  0.0000E+00  0.0000E+00  0.0000E+00  0.0000E+00  0.0000E+00  0.0000E+00
       0.0000E+00  0.0000E+00  0.0000E+00  0.0000E+00  0.0000E+00  0.0000E+00  0.0000E+00  0.0000E+00  0.0000E+00  0.0000E+00
       0.0000E+00  0.0000E+00  0.0000E+00  0.0000E+00  0.0000E+00  0.0000E+00  0.0000E+00  0.0000E+00  0.0000E+00  0.0000E+00
