
 *****  Protons in Lexan (0.17GeV, 0cm)                                                   *****

           DATE: 12/21/18,  TIME:  2: 9:24

          Total number of particles followed       50000000, for a total weight of  5.0000E+07

1

   Res. nuclei n.   1  "Ian       " ,  all         products, region n.     5
      detector volume:  1.0000E+00 cm**3
      Max. Z:  10, Max. N-Z:  11 Min. N-Z: -4
      Data follow in a matrix A(z,n-z-k), k: -5 format (1(5x,1p,10(1x,e11.4)))

       0.0000E+00  0.0000E+00  0.0000E+00  0.0000E+00  0.0000E+00  0.0000E+00  0.0000E+00  0.0000E+00  0.0000E+00  0.0000E+00
       0.0000E+00  0.0000E+00  0.0000E+00  0.0000E+00  0.0000E+00  7.3600E-06  0.0000E+00  2.2000E-07  0.0000E+00  0.0000E+00
       0.0000E+00  0.0000E+00  0.0000E+00  0.0000E+00  5.3480E-05  1.0086E-04  1.2740E-05  2.1820E-05  0.0000E+00  0.0000E+00
       9.4398E-03  1.5044E-03  0.0000E+00  7.1252E-04  0.0000E+00  2.0959E-03  2.9180E-05  5.0364E-04  0.0000E+00  6.0000E-08
       2.4133E-03  1.1733E-02  9.6432E-04  0.0000E+00  6.9486E-04  2.9582E-03  2.3012E-04  3.5030E-04  2.0000E-08  6.0000E-08
       7.5048E-04  0.0000E+00  5.0978E-04  1.3824E-04  1.2273E-03  1.3528E-04  3.0556E-04  6.0000E-07  2.0000E-08  0.0000E+00
       0.0000E+00  3.0080E-05  4.1400E-05  8.7740E-05  1.2080E-05  3.0880E-05  4.6000E-07  5.6000E-07  0.0000E+00  0.0000E+00
       0.0000E+00  0.0000E+00  2.9600E-06  4.8000E-07  9.0000E-07  2.0000E-08  4.6000E-07  0.0000E+00  0.0000E+00  0.0000E+00
       0.0000E+00  4.0000E-08  0.0000E+00  0.0000E+00  0.0000E+00  0.0000E+00  0.0000E+00  0.0000E+00  0.0000E+00  0.0000E+00
       0.0000E+00  0.0000E+00  0.0000E+00  0.0000E+00  0.0000E+00  0.0000E+00  0.0000E+00  0.0000E+00  0.0000E+00  0.0000E+00
       0.0000E+00  0.0000E+00  0.0000E+00  0.0000E+00  0.0000E+00  0.0000E+00  0.0000E+00  0.0000E+00  0.0000E+00  0.0000E+00
       0.0000E+00  0.0000E+00  0.0000E+00  0.0000E+00  0.0000E+00  0.0000E+00  0.0000E+00  0.0000E+00  0.0000E+00  0.0000E+00
       0.0000E+00  0.0000E+00  0.0000E+00  0.0000E+00  0.0000E+00  0.0000E+00  0.0000E+00  0.0000E+00  0.0000E+00  0.0000E+00
       0.0000E+00  0.0000E+00  0.0000E+00  0.0000E+00  0.0000E+00  0.0000E+00  0.0000E+00  0.0000E+00  0.0000E+00  0.0000E+00
       0.0000E+00  0.0000E+00  0.0000E+00  0.0000E+00  0.0000E+00  0.0000E+00  0.0000E+00  0.0000E+00  0.0000E+00  0.0000E+00
       0.0000E+00  0.0000E+00  0.0000E+00  0.0000E+00  0.0000E+00  0.0000E+00  0.0000E+00  0.0000E+00  0.0000E+00  0.0000E+00
