
 *****  Protons in Lexan (0.17GeV, 0cm)                                                   *****

           DATE: 12/21/18,  TIME:  2: 9:24

          Total number of particles followed       50000000, for a total weight of  5.0000E+07

1

   Bdrx n.   2  "ofluence  " , generalized particle n.    1, from region n.     5 to region n.     4
      detector area:  1.0000E+02 cm**2
      this is a one way only estimator
      this is a fluence like estimator
      linear energy binning from   9.0000E-02 to  2.2000E-01 GeV,   650 bins ( 2.0000E-04 GeV wide)
      linear angular binning from  0.0000E+00 to  6.2832E+00 sr ,     1 bins ( 6.2832E+00 sr wide )
      Data follow in a matrix A(ie,ia), format (1(5x,1p,10(1x,e11.4)))

       1.9713E-04  1.9080E-04  1.8889E-04  1.8701E-04  1.9256E-04  1.9286E-04  1.8906E-04  1.9668E-04  1.8807E-04  1.9077E-04
       1.9824E-04  1.9890E-04  1.9298E-04  1.9039E-04  1.7954E-04  1.8349E-04  1.9155E-04  1.8986E-04  1.8769E-04  1.9086E-04
       2.0145E-04  1.8426E-04  2.0006E-04  1.8689E-04  1.8855E-04  1.9294E-04  1.8973E-04  1.8161E-04  1.7549E-04  1.9333E-04
       1.8186E-04  1.7983E-04  1.9599E-04  1.8385E-04  1.9017E-04  1.9162E-04  1.9424E-04  1.8292E-04  1.8556E-04  1.8513E-04
       1.8518E-04  1.8840E-04  1.9270E-04  1.8081E-04  1.9208E-04  1.8250E-04  1.7691E-04  1.8173E-04  1.8761E-04  1.7342E-04
       1.8580E-04  1.8432E-04  1.8888E-04  1.9352E-04  1.8471E-04  1.7503E-04  1.6974E-04  1.8802E-04  1.8658E-04  1.8080E-04
       1.7961E-04  1.8516E-04  1.8699E-04  1.8556E-04  1.8740E-04  1.7116E-04  1.8137E-04  1.8630E-04  1.8949E-04  1.8150E-04
       1.7903E-04  1.9272E-04  1.8819E-04  1.9032E-04  1.8243E-04  1.8216E-04  1.8506E-04  1.9204E-04  1.7798E-04  1.8296E-04
       1.6634E-04  1.7862E-04  1.7737E-04  1.8327E-04  1.7703E-04  1.7437E-04  1.7026E-04  1.8184E-04  1.7680E-04  1.8313E-04
       1.6983E-04  1.6907E-04  1.8580E-04  1.7655E-04  1.6668E-04  1.7615E-04  1.7915E-04  1.8935E-04  1.8547E-04  1.7629E-04
       1.6768E-04  1.7313E-04  1.8019E-04  1.8787E-04  1.9209E-04  1.7821E-04  1.8383E-04  1.7604E-04  1.7401E-04  1.8301E-04
       1.7658E-04  1.8158E-04  1.7943E-04  1.8250E-04  1.6992E-04  1.7389E-04  1.7961E-04  1.7397E-04  1.7075E-04  1.7382E-04
       1.7092E-04  1.6914E-04  1.7184E-04  1.7011E-04  1.6616E-04  1.7410E-04  1.7090E-04  1.8078E-04  1.7067E-04  1.8293E-04
       1.7899E-04  1.7931E-04  1.8076E-04  1.7243E-04  1.7097E-04  1.7737E-04  1.7122E-04  1.8771E-04  1.6720E-04  1.8206E-04
       1.7492E-04  1.8045E-04  1.7181E-04  1.7205E-04  1.7397E-04  1.6342E-04  1.7349E-04  1.7159E-04  1.8538E-04  1.7083E-04
       1.7401E-04  1.7283E-04  1.7105E-04  1.6662E-04  1.7534E-04  1.7278E-04  1.7658E-04  1.6588E-04  1.7413E-04  1.6809E-04
       1.6606E-04  1.6743E-04  1.5913E-04  1.6326E-04  1.7617E-04  1.6940E-04  1.6724E-04  1.7913E-04  1.6938E-04  1.6813E-04
       1.7341E-04  1.7897E-04  1.6757E-04  1.6911E-04  1.7571E-04  1.7501E-04  1.6659E-04  1.6024E-04  1.5763E-04  1.5799E-04
       1.7294E-04  1.6737E-04  1.6914E-04  1.6683E-04  1.6482E-04  1.6311E-04  1.6426E-04  1.6883E-04  1.6983E-04  1.6976E-04
       1.5463E-04  1.4821E-04  1.6892E-04  1.6358E-04  1.6795E-04  1.6627E-04  1.6244E-04  1.6503E-04  1.5936E-04  1.6164E-04
       1.5465E-04  1.5574E-04  1.5154E-04  1.6185E-04  1.5667E-04  1.5372E-04  1.5568E-04  1.5865E-04  1.4387E-04  1.4319E-04
       1.4580E-04  1.4976E-04  1.4805E-04  1.5449E-04  1.4809E-04  1.4338E-04  1.4950E-04  1.4940E-04  1.4156E-04  1.4161E-04
       1.4783E-04  1.4200E-04  1.4632E-04  1.4356E-04  1.4997E-04  1.4826E-04  1.3626E-04  1.4631E-04  1.4739E-04  1.3555E-04
       1.5241E-04  1.3973E-04  1.3463E-04  1.4036E-04  1.3418E-04  1.3837E-04  1.4069E-04  1.3765E-04  1.2716E-04  1.3352E-04
       1.3980E-04  1.2387E-04  1.3314E-04  1.3168E-04  1.3367E-04  1.3364E-04  1.3075E-04  1.3484E-04  1.3740E-04  1.2664E-04
       1.3353E-04  1.2735E-04  1.2739E-04  1.2396E-04  1.2840E-04  1.2818E-04  1.2271E-04  1.2344E-04  1.2945E-04  1.2230E-04
       1.3026E-04  1.1924E-04  1.1598E-04  1.2587E-04  1.2100E-04  1.2048E-04  1.1213E-04  1.1122E-04  1.1271E-04  1.1483E-04
       1.2373E-04  1.1288E-04  1.1648E-04  1.1563E-04  1.1305E-04  1.1090E-04  1.1466E-04  1.1589E-04  1.0343E-04  1.1766E-04
       1.0680E-04  1.1164E-04  1.1073E-04  1.1148E-04  1.1039E-04  1.0940E-04  1.0554E-04  1.0359E-04  1.0828E-04  1.0716E-04
       9.8995E-05  1.0144E-04  9.5051E-05  9.8457E-05  9.3740E-05  9.6511E-05  9.3136E-05  9.3203E-05  8.7726E-05  9.7622E-05
       9.6667E-05  8.8713E-05  8.8804E-05  8.9664E-05  8.3341E-05  8.1508E-05  8.3181E-05  8.5081E-05  8.0445E-05  7.7897E-05
       6.9710E-05  7.0421E-05  7.0586E-05  6.9961E-05  6.4631E-05  6.0720E-05  5.0585E-05  5.6746E-05  5.6641E-05  5.1701E-05
       4.9434E-05  4.6968E-05  4.0922E-05  4.0265E-05  4.3110E-05  4.4677E-05  4.3447E-05  3.9057E-05  4.5799E-05  4.6103E-05
       4.4568E-05  4.9121E-05  4.6490E-05  4.2717E-05  5.2924E-05  5.2253E-05  5.7921E-05  5.9631E-05  6.7311E-05  7.0276E-05
       7.3224E-05  8.0561E-05  8.0614E-05  8.1928E-05  9.3977E-05  9.1196E-05  1.0177E-04  1.0247E-04  9.4526E-05  9.5169E-05
       8.9121E-05  9.8815E-05  1.1151E-04  1.4726E-04  2.6758E-04  5.4591E-04  1.1375E-03  2.4975E-03  5.3053E-03  1.0928E-02
       2.1674E-02  4.0472E-02  7.1422E-02  1.1986E-01  1.8940E-01  2.8123E-01  3.9339E-01  5.1651E-01  6.3611E-01  7.3546E-01
       7.9565E-01  8.0563E-01  7.6365E-01  6.7545E-01  5.5796E-01  4.2985E-01  3.0939E-01  2.0696E-01  1.2913E-01  7.5255E-02
       4.0525E-02  2.0436E-02  9.5937E-03  4.1549E-03  1.6894E-03  6.2249E-04  2.1949E-04  6.6689E-05  2.0373E-05  5.5708E-06
       2.5466E-06  4.7748E-07  3.1833E-07  0.0000E+00  0.0000E+00  0.0000E+00  0.0000E+00  0.0000E+00  0.0000E+00  0.0000E+00
       0.0000E+00  0.0000E+00  0.0000E+00  0.0000E+00  0.0000E+00  0.0000E+00  0.0000E+00  0.0000E+00  0.0000E+00  0.0000E+00
       0.0000E+00  0.0000E+00  0.0000E+00  0.0000E+00  0.0000E+00  0.0000E+00  0.0000E+00  0.0000E+00  0.0000E+00  0.0000E+00
       0.0000E+00  0.0000E+00  0.0000E+00  0.0000E+00  0.0000E+00  0.0000E+00  0.0000E+00  0.0000E+00  0.0000E+00  0.0000E+00
       0.0000E+00  0.0000E+00  0.0000E+00  0.0000E+00  0.0000E+00  0.0000E+00  0.0000E+00  0.0000E+00  0.0000E+00  0.0000E+00
       0.0000E+00  0.0000E+00  0.0000E+00  0.0000E+00  0.0000E+00  0.0000E+00  0.0000E+00  0.0000E+00  0.0000E+00  0.0000E+00
       0.0000E+00  0.0000E+00  0.0000E+00  0.0000E+00  0.0000E+00  0.0000E+00  0.0000E+00  0.0000E+00  0.0000E+00  0.0000E+00
       0.0000E+00  0.0000E+00  0.0000E+00  0.0000E+00  0.0000E+00  0.0000E+00  0.0000E+00  0.0000E+00  0.0000E+00  0.0000E+00
       0.0000E+00  0.0000E+00  0.0000E+00  0.0000E+00  0.0000E+00  0.0000E+00  0.0000E+00  0.0000E+00  0.0000E+00  0.0000E+00
       0.0000E+00  0.0000E+00  0.0000E+00  0.0000E+00  0.0000E+00  0.0000E+00  0.0000E+00  0.0000E+00  0.0000E+00  0.0000E+00
       0.0000E+00  0.0000E+00  0.0000E+00  0.0000E+00  0.0000E+00  0.0000E+00  0.0000E+00  0.0000E+00  0.0000E+00  0.0000E+00
       0.0000E+00  0.0000E+00  0.0000E+00  0.0000E+00  0.0000E+00  0.0000E+00  0.0000E+00  0.0000E+00  0.0000E+00  0.0000E+00
       0.0000E+00  0.0000E+00  0.0000E+00  0.0000E+00  0.0000E+00  0.0000E+00  0.0000E+00  0.0000E+00  0.0000E+00  0.0000E+00
       0.0000E+00  0.0000E+00  0.0000E+00  0.0000E+00  0.0000E+00  0.0000E+00  0.0000E+00  0.0000E+00  0.0000E+00  0.0000E+00
       0.0000E+00  0.0000E+00  0.0000E+00  0.0000E+00  0.0000E+00  0.0000E+00  0.0000E+00  0.0000E+00  0.0000E+00  0.0000E+00
       0.0000E+00  0.0000E+00  0.0000E+00  0.0000E+00  0.0000E+00  0.0000E+00  0.0000E+00  0.0000E+00  0.0000E+00  0.0000E+00
       0.0000E+00  0.0000E+00  0.0000E+00  0.0000E+00  0.0000E+00  0.0000E+00  0.0000E+00  0.0000E+00  0.0000E+00  0.0000E+00
       0.0000E+00  0.0000E+00  0.0000E+00  0.0000E+00  0.0000E+00  0.0000E+00  0.0000E+00  0.0000E+00  0.0000E+00  0.0000E+00
       0.0000E+00  0.0000E+00  0.0000E+00  0.0000E+00  0.0000E+00  0.0000E+00  0.0000E+00  0.0000E+00  0.0000E+00  0.0000E+00
       0.0000E+00  0.0000E+00  0.0000E+00  0.0000E+00  0.0000E+00  0.0000E+00  0.0000E+00  0.0000E+00  0.0000E+00  0.0000E+00
       0.0000E+00  0.0000E+00  0.0000E+00  0.0000E+00  0.0000E+00  0.0000E+00  0.0000E+00  0.0000E+00  0.0000E+00  0.0000E+00
       0.0000E+00  0.0000E+00  0.0000E+00  0.0000E+00  0.0000E+00  0.0000E+00  0.0000E+00  0.0000E+00  0.0000E+00  0.0000E+00
       0.0000E+00  0.0000E+00  0.0000E+00  0.0000E+00  0.0000E+00  0.0000E+00  0.0000E+00  0.0000E+00  0.0000E+00  0.0000E+00
       0.0000E+00  0.0000E+00  0.0000E+00  0.0000E+00  0.0000E+00  0.0000E+00  0.0000E+00  0.0000E+00  0.0000E+00  0.0000E+00
       0.0000E+00  0.0000E+00  0.0000E+00  0.0000E+00  0.0000E+00  0.0000E+00  0.0000E+00  0.0000E+00  0.0000E+00  0.0000E+00
       0.0000E+00  0.0000E+00  0.0000E+00  0.0000E+00  0.0000E+00  0.0000E+00  0.0000E+00  0.0000E+00  0.0000E+00  0.0000E+00
1

   Bdrx n.   6  "ofluence  " , generalized particle n.    1, from region n.     5 to region n.     4
      detector area:  1.0000E+02 cm**2
      this is a one way only estimator
      this is a fluence like estimator
      linear energy binning from   0.0000E+00 to  3.0000E+02 GeV,     1 bins ( 3.0000E+02 GeV wide)
      linear angular binning from  0.0000E+00 to  6.2832E+00 sr ,     1 bins ( 6.2832E+00 sr wide )
      Data follow in a matrix A(ie,ia), format (1(5x,1p,10(1x,e11.4)))

       5.3287E-06
