
 *****  Protons in Lexan (0.10GeV, 2cm)                                                   *****

           DATE: 12/19/18,  TIME:  0:20: 6

          Total number of particles followed       16666666, for a total weight of  1.6667E+07

1

   Res. nuclei n.   1  "Ian       " ,  all         products, region n.     5
      detector volume:  1.0000E+00 cm**3
      Max. Z:  10, Max. N-Z:  11 Min. N-Z: -4
      Data follow in a matrix A(z,n-z-k), k: -5 format (1(5x,1p,10(1x,e11.4)))

       0.0000E+00  0.0000E+00  0.0000E+00  0.0000E+00  0.0000E+00  0.0000E+00  0.0000E+00  0.0000E+00  0.0000E+00  0.0000E+00
       0.0000E+00  0.0000E+00  0.0000E+00  0.0000E+00  0.0000E+00  1.5120E-05  0.0000E+00  1.0200E-06  0.0000E+00  0.0000E+00
       0.0000E+00  0.0000E+00  0.0000E+00  0.0000E+00  1.7712E-04  2.2248E-04  5.1900E-05  3.1080E-05  0.0000E+00  0.0000E+00
       5.2501E-02  4.9057E-03  0.0000E+00  2.7007E-03  0.0000E+00  6.9380E-03  7.5960E-05  1.5543E-03  0.0000E+00  0.0000E+00
       1.2435E-02  4.9628E-02  3.6380E-03  0.0000E+00  2.1201E-03  2.3962E-02  8.7728E-04  2.7115E-03  2.4000E-07  3.0000E-07
       2.1909E-03  0.0000E+00  1.7702E-03  4.7281E-04  4.2255E-03  6.1255E-04  1.0803E-03  2.4862E-06  6.0000E-08  0.0000E+00
       0.0000E+00  6.3780E-05  1.0554E-04  2.0244E-04  3.4047E-05  9.4620E-05  3.0087E-06  3.3000E-06  0.0000E+00  0.0000E+00
       0.0000E+00  0.0000E+00  1.6800E-06  6.0000E-07  1.0200E-06  6.0000E-08  6.0000E-07  0.0000E+00  0.0000E+00  0.0000E+00
       0.0000E+00  6.0000E-08  0.0000E+00  0.0000E+00  0.0000E+00  0.0000E+00  0.0000E+00  0.0000E+00  0.0000E+00  0.0000E+00
       0.0000E+00  0.0000E+00  0.0000E+00  0.0000E+00  0.0000E+00  0.0000E+00  0.0000E+00  0.0000E+00  0.0000E+00  0.0000E+00
       0.0000E+00  0.0000E+00  0.0000E+00  0.0000E+00  0.0000E+00  0.0000E+00  0.0000E+00  0.0000E+00  0.0000E+00  0.0000E+00
       0.0000E+00  0.0000E+00  0.0000E+00  0.0000E+00  0.0000E+00  0.0000E+00  0.0000E+00  0.0000E+00  0.0000E+00  0.0000E+00
       0.0000E+00  0.0000E+00  0.0000E+00  0.0000E+00  0.0000E+00  0.0000E+00  0.0000E+00  0.0000E+00  0.0000E+00  0.0000E+00
       0.0000E+00  0.0000E+00  0.0000E+00  0.0000E+00  0.0000E+00  0.0000E+00  0.0000E+00  0.0000E+00  0.0000E+00  0.0000E+00
       0.0000E+00  0.0000E+00  0.0000E+00  0.0000E+00  0.0000E+00  0.0000E+00  0.0000E+00  0.0000E+00  0.0000E+00  0.0000E+00
       0.0000E+00  0.0000E+00  0.0000E+00  0.0000E+00  0.0000E+00  0.0000E+00  0.0000E+00  0.0000E+00  0.0000E+00  0.0000E+00
