
 *****  Protons in Lexan (0.10GeV, 2cm)                                                   *****

           DATE: 12/19/18,  TIME:  0:20: 6

          Total number of particles followed       16666666, for a total weight of  1.6667E+07

1

   Bdrx n.   2  "ofluence  " , generalized particle n.    1, from region n.     5 to region n.     4
      detector area:  1.0000E+02 cm**2
      this is a one way only estimator
      this is a fluence like estimator
      linear energy binning from   2.0000E-02 to  1.5000E-01 GeV,   650 bins ( 2.0000E-04 GeV wide)
      linear angular binning from  0.0000E+00 to  6.2832E+00 sr ,     1 bins ( 6.2832E+00 sr wide )
      Data follow in a matrix A(ie,ia), format (1(5x,1p,10(1x,e11.4)))

       5.4659E-04  5.9512E-04  5.9638E-04  5.6647E-04  5.8850E-04  6.2514E-04  6.1014E-04  5.4788E-04  5.9141E-04  5.9546E-04
       6.0184E-04  6.6374E-04  6.0603E-04  5.6954E-04  5.9807E-04  5.9212E-04  6.0820E-04  5.9216E-04  6.1474E-04  6.0799E-04
       6.3349E-04  6.3587E-04  6.3657E-04  6.3283E-04  5.9141E-04  6.8906E-04  6.6309E-04  6.1660E-04  6.2324E-04  6.4352E-04
       6.2884E-04  6.2433E-04  6.4838E-04  6.6410E-04  6.4749E-04  6.8439E-04  6.4701E-04  6.3967E-04  6.5547E-04  6.5394E-04
       6.2766E-04  6.7391E-04  6.8860E-04  6.8420E-04  7.1145E-04  6.2668E-04  6.5884E-04  6.2647E-04  6.8922E-04  6.6531E-04
       6.7310E-04  6.7450E-04  7.1922E-04  6.6242E-04  7.1601E-04  6.8895E-04  6.5961E-04  7.1391E-04  6.9603E-04  7.0156E-04
       6.8151E-04  7.0524E-04  6.7550E-04  6.9938E-04  6.8864E-04  6.6543E-04  6.8113E-04  7.0729E-04  7.1227E-04  7.2690E-04
       7.2480E-04  7.0128E-04  7.1057E-04  7.4610E-04  7.0856E-04  6.6431E-04  7.1869E-04  7.1427E-04  6.9192E-04  7.1121E-04
       7.5513E-04  6.8165E-04  7.2715E-04  7.1704E-04  7.2417E-04  7.6076E-04  6.8060E-04  6.9888E-04  7.4688E-04  7.0095E-04
       7.1929E-04  6.9801E-04  6.8809E-04  7.0481E-04  7.0260E-04  7.5012E-04  6.9782E-04  6.9612E-04  6.8560E-04  7.2506E-04
       7.2080E-04  6.9491E-04  7.3024E-04  7.0028E-04  7.1215E-04  7.0276E-04  7.2916E-04  7.4143E-04  6.9387E-04  7.0022E-04
       7.0530E-04  7.1363E-04  7.5038E-04  6.7908E-04  7.2347E-04  6.7058E-04  6.8170E-04  7.2188E-04  6.9691E-04  7.2099E-04
       7.5977E-04  7.0014E-04  7.4232E-04  7.1337E-04  7.1095E-04  6.8921E-04  6.4996E-04  6.8173E-04  7.0585E-04  6.8722E-04
       7.0911E-04  6.9974E-04  7.0806E-04  7.1317E-04  6.9812E-04  7.0033E-04  6.8575E-04  6.6122E-04  6.9197E-04  7.1164E-04
       6.8885E-04  6.6373E-04  6.4943E-04  6.9855E-04  6.5293E-04  6.7883E-04  6.9084E-04  6.3371E-04  6.6309E-04  6.8537E-04
       6.4819E-04  6.6572E-04  6.3980E-04  6.2621E-04  6.6738E-04  6.3697E-04  6.5090E-04  6.7159E-04  6.5309E-04  6.3396E-04
       6.4105E-04  6.3888E-04  5.8271E-04  6.2682E-04  6.0719E-04  6.3485E-04  6.7494E-04  6.3401E-04  5.9814E-04  6.0969E-04
       5.9811E-04  6.4331E-04  5.9627E-04  5.8463E-04  6.1002E-04  5.7971E-04  6.0661E-04  6.0015E-04  5.5726E-04  5.7170E-04
       5.5705E-04  5.3262E-04  5.9211E-04  5.3224E-04  5.1526E-04  5.1638E-04  5.2216E-04  5.1869E-04  5.4099E-04  5.2151E-04
       4.7204E-04  4.7740E-04  4.9137E-04  4.4634E-04  4.9667E-04  4.2683E-04  4.2237E-04  4.0647E-04  4.0681E-04  3.7893E-04
       4.0505E-04  4.0798E-04  3.6987E-04  3.7856E-04  3.7818E-04  3.7425E-04  3.7066E-04  3.4543E-04  3.9345E-04  3.7229E-04
       3.8637E-04  3.6553E-04  3.9909E-04  3.8898E-04  4.0352E-04  4.0710E-04  4.3982E-04  4.5785E-04  4.8161E-04  4.9772E-04
       5.0981E-04  5.2642E-04  5.5493E-04  5.8893E-04  6.7548E-04  6.4546E-04  7.0623E-04  7.5391E-04  8.1890E-04  8.7274E-04
       9.3292E-04  9.8252E-04  1.0706E-03  1.1766E-03  1.2213E-03  1.3230E-03  1.4313E-03  1.5671E-03  1.8032E-03  2.0145E-03
       2.2915E-03  2.8347E-03  3.4634E-03  4.3324E-03  5.8226E-03  8.1910E-03  1.2193E-02  1.8606E-02  2.8971E-02  4.5961E-02
       7.1983E-02  1.0980E-01  1.6171E-01  2.3028E-01  3.1459E-01  4.0945E-01  5.0637E-01  5.9785E-01  6.6805E-01  7.0908E-01
       7.0951E-01  6.7027E-01  5.9687E-01  5.0121E-01  3.9529E-01  2.9147E-01  2.0298E-01  1.3158E-01  7.9852E-02  4.5310E-02
       2.3802E-02  1.1583E-02  5.4441E-03  2.2164E-03  9.1821E-04  3.1487E-04  1.0033E-04  3.3444E-05  8.1207E-06  2.3881E-06
       4.7757E-07  0.0000E+00  0.0000E+00  0.0000E+00  0.0000E+00  0.0000E+00  0.0000E+00  0.0000E+00  0.0000E+00  0.0000E+00
       0.0000E+00  0.0000E+00  0.0000E+00  0.0000E+00  0.0000E+00  0.0000E+00  0.0000E+00  0.0000E+00  0.0000E+00  0.0000E+00
       0.0000E+00  0.0000E+00  0.0000E+00  0.0000E+00  0.0000E+00  0.0000E+00  0.0000E+00  0.0000E+00  0.0000E+00  0.0000E+00
       0.0000E+00  0.0000E+00  0.0000E+00  0.0000E+00  0.0000E+00  0.0000E+00  0.0000E+00  0.0000E+00  0.0000E+00  0.0000E+00
       0.0000E+00  0.0000E+00  0.0000E+00  0.0000E+00  0.0000E+00  0.0000E+00  0.0000E+00  0.0000E+00  0.0000E+00  0.0000E+00
       0.0000E+00  0.0000E+00  0.0000E+00  0.0000E+00  0.0000E+00  0.0000E+00  0.0000E+00  0.0000E+00  0.0000E+00  0.0000E+00
       0.0000E+00  0.0000E+00  0.0000E+00  0.0000E+00  0.0000E+00  0.0000E+00  0.0000E+00  0.0000E+00  0.0000E+00  0.0000E+00
       0.0000E+00  0.0000E+00  0.0000E+00  0.0000E+00  0.0000E+00  0.0000E+00  0.0000E+00  0.0000E+00  0.0000E+00  0.0000E+00
       0.0000E+00  0.0000E+00  0.0000E+00  0.0000E+00  0.0000E+00  0.0000E+00  0.0000E+00  0.0000E+00  0.0000E+00  0.0000E+00
       0.0000E+00  0.0000E+00  0.0000E+00  0.0000E+00  0.0000E+00  0.0000E+00  0.0000E+00  0.0000E+00  0.0000E+00  0.0000E+00
       0.0000E+00  0.0000E+00  0.0000E+00  0.0000E+00  0.0000E+00  0.0000E+00  0.0000E+00  0.0000E+00  0.0000E+00  0.0000E+00
       0.0000E+00  0.0000E+00  0.0000E+00  0.0000E+00  0.0000E+00  0.0000E+00  0.0000E+00  0.0000E+00  0.0000E+00  0.0000E+00
       0.0000E+00  0.0000E+00  0.0000E+00  0.0000E+00  0.0000E+00  0.0000E+00  0.0000E+00  0.0000E+00  0.0000E+00  0.0000E+00
       0.0000E+00  0.0000E+00  0.0000E+00  0.0000E+00  0.0000E+00  0.0000E+00  0.0000E+00  0.0000E+00  0.0000E+00  0.0000E+00
       0.0000E+00  0.0000E+00  0.0000E+00  0.0000E+00  0.0000E+00  0.0000E+00  0.0000E+00  0.0000E+00  0.0000E+00  0.0000E+00
       0.0000E+00  0.0000E+00  0.0000E+00  0.0000E+00  0.0000E+00  0.0000E+00  0.0000E+00  0.0000E+00  0.0000E+00  0.0000E+00
       0.0000E+00  0.0000E+00  0.0000E+00  0.0000E+00  0.0000E+00  0.0000E+00  0.0000E+00  0.0000E+00  0.0000E+00  0.0000E+00
       0.0000E+00  0.0000E+00  0.0000E+00  0.0000E+00  0.0000E+00  0.0000E+00  0.0000E+00  0.0000E+00  0.0000E+00  0.0000E+00
       0.0000E+00  0.0000E+00  0.0000E+00  0.0000E+00  0.0000E+00  0.0000E+00  0.0000E+00  0.0000E+00  0.0000E+00  0.0000E+00
       0.0000E+00  0.0000E+00  0.0000E+00  0.0000E+00  0.0000E+00  0.0000E+00  0.0000E+00  0.0000E+00  0.0000E+00  0.0000E+00
       0.0000E+00  0.0000E+00  0.0000E+00  0.0000E+00  0.0000E+00  0.0000E+00  0.0000E+00  0.0000E+00  0.0000E+00  0.0000E+00
       0.0000E+00  0.0000E+00  0.0000E+00  0.0000E+00  0.0000E+00  0.0000E+00  0.0000E+00  0.0000E+00  0.0000E+00  0.0000E+00
       0.0000E+00  0.0000E+00  0.0000E+00  0.0000E+00  0.0000E+00  0.0000E+00  0.0000E+00  0.0000E+00  0.0000E+00  0.0000E+00
       0.0000E+00  0.0000E+00  0.0000E+00  0.0000E+00  0.0000E+00  0.0000E+00  0.0000E+00  0.0000E+00  0.0000E+00  0.0000E+00
       0.0000E+00  0.0000E+00  0.0000E+00  0.0000E+00  0.0000E+00  0.0000E+00  0.0000E+00  0.0000E+00  0.0000E+00  0.0000E+00
       0.0000E+00  0.0000E+00  0.0000E+00  0.0000E+00  0.0000E+00  0.0000E+00  0.0000E+00  0.0000E+00  0.0000E+00  0.0000E+00
       0.0000E+00  0.0000E+00  0.0000E+00  0.0000E+00  0.0000E+00  0.0000E+00  0.0000E+00  0.0000E+00  0.0000E+00  0.0000E+00
       0.0000E+00  0.0000E+00  0.0000E+00  0.0000E+00  0.0000E+00  0.0000E+00  0.0000E+00  0.0000E+00  0.0000E+00  0.0000E+00
       0.0000E+00  0.0000E+00  0.0000E+00  0.0000E+00  0.0000E+00  0.0000E+00  0.0000E+00  0.0000E+00  0.0000E+00  0.0000E+00
       0.0000E+00  0.0000E+00  0.0000E+00  0.0000E+00  0.0000E+00  0.0000E+00  0.0000E+00  0.0000E+00  0.0000E+00  0.0000E+00
       0.0000E+00  0.0000E+00  0.0000E+00  0.0000E+00  0.0000E+00  0.0000E+00  0.0000E+00  0.0000E+00  0.0000E+00  0.0000E+00
       0.0000E+00  0.0000E+00  0.0000E+00  0.0000E+00  0.0000E+00  0.0000E+00  0.0000E+00  0.0000E+00  0.0000E+00  0.0000E+00
       0.0000E+00  0.0000E+00  0.0000E+00  0.0000E+00  0.0000E+00  0.0000E+00  0.0000E+00  0.0000E+00  0.0000E+00  0.0000E+00
       0.0000E+00  0.0000E+00  0.0000E+00  0.0000E+00  0.0000E+00  0.0000E+00  0.0000E+00  0.0000E+00  0.0000E+00  0.0000E+00
       0.0000E+00  0.0000E+00  0.0000E+00  0.0000E+00  0.0000E+00  0.0000E+00  0.0000E+00  0.0000E+00  0.0000E+00  0.0000E+00
       0.0000E+00  0.0000E+00  0.0000E+00  0.0000E+00  0.0000E+00  0.0000E+00  0.0000E+00  0.0000E+00  0.0000E+00  0.0000E+00
       0.0000E+00  0.0000E+00  0.0000E+00  0.0000E+00  0.0000E+00  0.0000E+00  0.0000E+00  0.0000E+00  0.0000E+00  0.0000E+00
1

   Bdrx n.   6  "ofluence  " , generalized particle n.    1, from region n.     5 to region n.     4
      detector area:  1.0000E+02 cm**2
      this is a one way only estimator
      this is a fluence like estimator
      linear energy binning from   0.0000E+00 to  3.0000E+02 GeV,     1 bins ( 3.0000E+02 GeV wide)
      linear angular binning from  0.0000E+00 to  6.2832E+00 sr ,     1 bins ( 6.2832E+00 sr wide )
      Data follow in a matrix A(ie,ia), format (1(5x,1p,10(1x,e11.4)))

       5.1832E-06
