
 *****  Protons in Lexan (0.15GeV, 2cm)                                                   *****

           DATE: 12/19/18,  TIME: 11:41:50

          Total number of particles followed       16666666, for a total weight of  1.6667E+07

1

   Res. nuclei n.   1  "Ian       " ,  all         products, region n.     5
      detector volume:  1.0000E+00 cm**3
      Max. Z:  10, Max. N-Z:  11 Min. N-Z: -4
      Data follow in a matrix A(z,n-z-k), k: -5 format (1(5x,1p,10(1x,e11.4)))

       0.0000E+00  0.0000E+00  0.0000E+00  0.0000E+00  0.0000E+00  0.0000E+00  0.0000E+00  0.0000E+00  0.0000E+00  0.0000E+00
       0.0000E+00  0.0000E+00  0.0000E+00  0.0000E+00  0.0000E+00  2.1720E-05  0.0000E+00  1.2600E-06  0.0000E+00  0.0000E+00
       0.0000E+00  0.0000E+00  0.0000E+00  0.0000E+00  1.7070E-04  2.7588E-04  4.1640E-05  5.4420E-05  0.0000E+00  0.0000E+00
       4.3019E-02  4.8659E-03  0.0000E+00  2.2753E-03  0.0000E+00  6.4102E-03  8.9940E-05  1.5216E-03  6.0000E-08  0.0000E+00
       1.0214E-02  3.8646E-02  3.1192E-03  0.0000E+00  2.0579E-03  1.1791E-02  7.3266E-04  1.3805E-03  3.0000E-07  5.4000E-07
       2.3710E-03  0.0000E+00  1.5719E-03  4.4458E-04  3.7384E-03  4.4792E-04  9.4361E-04  1.4041E-06  1.2000E-07  0.0000E+00
       0.0000E+00  9.0180E-05  1.3116E-04  2.4114E-04  4.0287E-05  8.9040E-05  2.6212E-06  2.4600E-06  0.0000E+00  0.0000E+00
       0.0000E+00  0.0000E+00  6.0000E-06  1.0800E-06  2.1000E-06  6.0000E-08  1.1400E-06  0.0000E+00  0.0000E+00  0.0000E+00
       0.0000E+00  2.4000E-07  0.0000E+00  0.0000E+00  0.0000E+00  0.0000E+00  0.0000E+00  0.0000E+00  0.0000E+00  0.0000E+00
       0.0000E+00  0.0000E+00  0.0000E+00  0.0000E+00  0.0000E+00  0.0000E+00  0.0000E+00  0.0000E+00  0.0000E+00  0.0000E+00
       0.0000E+00  0.0000E+00  0.0000E+00  0.0000E+00  0.0000E+00  0.0000E+00  0.0000E+00  0.0000E+00  0.0000E+00  0.0000E+00
       0.0000E+00  0.0000E+00  0.0000E+00  0.0000E+00  0.0000E+00  0.0000E+00  0.0000E+00  0.0000E+00  0.0000E+00  0.0000E+00
       0.0000E+00  0.0000E+00  0.0000E+00  0.0000E+00  0.0000E+00  0.0000E+00  0.0000E+00  0.0000E+00  0.0000E+00  0.0000E+00
       0.0000E+00  0.0000E+00  0.0000E+00  0.0000E+00  0.0000E+00  0.0000E+00  0.0000E+00  0.0000E+00  0.0000E+00  0.0000E+00
       0.0000E+00  0.0000E+00  0.0000E+00  0.0000E+00  0.0000E+00  0.0000E+00  0.0000E+00  0.0000E+00  0.0000E+00  0.0000E+00
       0.0000E+00  0.0000E+00  0.0000E+00  0.0000E+00  0.0000E+00  0.0000E+00  0.0000E+00  0.0000E+00  0.0000E+00  0.0000E+00
