
 *****  Protons in Lexan (0.15GeV, 2cm)                                                   *****

           DATE: 12/19/18,  TIME: 11:41:50

          Total number of particles followed       16666666, for a total weight of  1.6667E+07

1

   Bdrx n.   4  "ocurrent  " , generalized particle n.    1, from region n.     5 to region n.     4
      detector area:  1.0000E+02 cm**2
      this is a one way only estimator
      this is a current like estimator
      linear energy binning from   7.0000E-02 to  2.0000E-01 GeV,   650 bins ( 2.0000E-04 GeV wide)
      linear angular binning from  0.0000E+00 to  6.2832E+00 sr ,     1 bins ( 6.2832E+00 sr wide )
      Data follow in a matrix A(ie,ia), format (1(5x,1p,10(1x,e11.4)))

       4.2733E-04  4.2399E-04  4.2494E-04  4.0966E-04  4.3115E-04  4.3163E-04  4.1539E-04  4.3927E-04  4.2781E-04  3.7815E-04
       4.4452E-04  4.2685E-04  4.4165E-04  4.1253E-04  4.2017E-04  4.4165E-04  4.3640E-04  4.1921E-04  4.1921E-04  4.2829E-04
       4.4356E-04  4.4643E-04  4.5741E-04  4.0107E-04  4.3831E-04  4.1539E-04  4.0680E-04  4.4165E-04  4.3020E-04  4.4738E-04
       4.1778E-04  4.2112E-04  4.3354E-04  4.1301E-04  4.2065E-04  4.3879E-04  4.5216E-04  4.2590E-04  4.3784E-04  4.3449E-04
       4.3449E-04  4.4022E-04  4.4070E-04  4.4404E-04  4.5646E-04  4.3879E-04  4.2351E-04  4.5120E-04  4.5359E-04  4.4786E-04
       4.3545E-04  4.4165E-04  4.6505E-04  4.2876E-04  4.6410E-04  4.5311E-04  4.5264E-04  4.4500E-04  4.6648E-04  4.5264E-04
       4.3067E-04  4.4882E-04  4.5502E-04  4.4213E-04  4.4547E-04  4.3449E-04  4.3975E-04  4.4452E-04  4.2065E-04  4.4165E-04
       4.4404E-04  4.7126E-04  4.3163E-04  4.3688E-04  4.3736E-04  4.3402E-04  4.4643E-04  4.6075E-04  4.6314E-04  4.3211E-04
       4.4691E-04  4.3020E-04  4.5550E-04  4.4452E-04  4.9227E-04  4.6457E-04  4.5693E-04  4.5264E-04  4.5693E-04  4.5502E-04
       4.3402E-04  4.4595E-04  4.5598E-04  4.5980E-04  4.5168E-04  4.5168E-04  4.2638E-04  4.5980E-04  4.5693E-04  4.6601E-04
       4.7221E-04  4.3879E-04  4.1826E-04  4.5407E-04  4.2256E-04  4.4356E-04  4.5932E-04  4.3640E-04  4.5073E-04  4.4165E-04
       4.3927E-04  4.4165E-04  4.8272E-04  4.4356E-04  4.6075E-04  4.6075E-04  4.4356E-04  4.4595E-04  4.4882E-04  4.5168E-04
       4.3354E-04  4.3736E-04  4.4786E-04  4.4165E-04  4.1874E-04  4.5073E-04  4.3354E-04  4.4165E-04  4.2685E-04  4.3020E-04
       4.3879E-04  4.0059E-04  3.9916E-04  4.2924E-04  4.6553E-04  4.4882E-04  4.3115E-04  4.1969E-04  4.0394E-04  4.6314E-04
       4.0680E-04  4.4404E-04  4.2781E-04  4.3258E-04  4.1253E-04  3.8866E-04  4.1301E-04  3.9821E-04  4.3402E-04  3.9295E-04
       4.0632E-04  4.2112E-04  3.9773E-04  4.0012E-04  4.1301E-04  3.9964E-04  3.9104E-04  3.8675E-04  4.1110E-04  3.9534E-04
       3.7720E-04  3.8770E-04  3.8149E-04  3.8388E-04  3.8102E-04  3.8579E-04  4.0585E-04  3.8293E-04  3.9821E-04  3.7385E-04
       3.7147E-04  4.0728E-04  3.8770E-04  3.7433E-04  3.7958E-04  3.7242E-04  3.6908E-04  3.7958E-04  3.7099E-04  3.8770E-04
       3.7720E-04  3.6669E-04  3.6717E-04  3.5523E-04  3.4425E-04  3.4473E-04  3.6574E-04  3.9152E-04  3.4807E-04  3.6001E-04
       3.7195E-04  3.6383E-04  3.2897E-04  3.3709E-04  3.5285E-04  3.5428E-04  3.3518E-04  3.4712E-04  3.3661E-04  3.3948E-04
       3.3900E-04  3.3805E-04  3.5046E-04  3.4759E-04  3.4091E-04  3.3757E-04  3.5332E-04  3.3661E-04  3.3088E-04  3.1847E-04
       3.1226E-04  3.1942E-04  3.2277E-04  3.2181E-04  3.1608E-04  3.0987E-04  3.2706E-04  3.0080E-04  3.1083E-04  3.2468E-04
       2.9364E-04  3.0653E-04  3.0224E-04  2.8934E-04  2.7741E-04  2.5879E-04  2.8409E-04  2.9698E-04  2.7693E-04  2.7215E-04
       2.5544E-04  2.4876E-04  2.8027E-04  2.6213E-04  2.7884E-04  2.7359E-04  2.5497E-04  2.3014E-04  2.3825E-04  2.4064E-04
       2.3873E-04  2.2011E-04  2.1199E-04  1.9051E-04  1.9337E-04  1.7332E-04  1.7332E-04  1.6520E-04  1.5900E-04  1.3226E-04
       1.5613E-04  1.4181E-04  1.5136E-04  1.4754E-04  1.4849E-04  1.3465E-04  1.4515E-04  1.3894E-04  1.3417E-04  1.6902E-04
       1.4133E-04  1.6711E-04  1.6138E-04  1.7618E-04  1.6186E-04  1.8191E-04  1.8764E-04  2.2250E-04  2.2536E-04  2.3014E-04
       2.4351E-04  2.7741E-04  2.7550E-04  2.9842E-04  3.5141E-04  3.6335E-04  3.4616E-04  3.7672E-04  3.7911E-04  3.9248E-04
       4.3258E-04  5.1280E-04  6.5890E-04  8.8474E-04  1.3808E-03  2.1419E-03  3.6703E-03  6.1316E-03  1.0521E-02  1.7979E-02
       2.9998E-02  4.7667E-02  7.4894E-02  1.1259E-01  1.6328E-01  2.2650E-01  3.0258E-01  3.8704E-01  4.7361E-01  5.5370E-01
       6.1849E-01  6.6026E-01  6.7183E-01  6.4953E-01  5.9720E-01  5.2266E-01  4.3345E-01  3.4079E-01  2.5341E-01  1.7878E-01
       1.1875E-01  7.5386E-02  4.4761E-02  2.5257E-02  1.3359E-02  6.7599E-03  3.0601E-03  1.3808E-03  5.7582E-04  2.1104E-04
       7.4007E-05  2.8648E-05  6.2070E-06  2.3873E-06  0.0000E+00  0.0000E+00  4.7746E-07  0.0000E+00  0.0000E+00  0.0000E+00
       0.0000E+00  0.0000E+00  0.0000E+00  0.0000E+00  0.0000E+00  0.0000E+00  0.0000E+00  0.0000E+00  0.0000E+00  0.0000E+00
       0.0000E+00  0.0000E+00  0.0000E+00  0.0000E+00  0.0000E+00  0.0000E+00  0.0000E+00  0.0000E+00  0.0000E+00  0.0000E+00
       0.0000E+00  0.0000E+00  0.0000E+00  0.0000E+00  0.0000E+00  0.0000E+00  0.0000E+00  0.0000E+00  0.0000E+00  0.0000E+00
       0.0000E+00  0.0000E+00  0.0000E+00  0.0000E+00  0.0000E+00  0.0000E+00  0.0000E+00  0.0000E+00  0.0000E+00  0.0000E+00
       0.0000E+00  0.0000E+00  0.0000E+00  0.0000E+00  0.0000E+00  0.0000E+00  0.0000E+00  0.0000E+00  0.0000E+00  0.0000E+00
       0.0000E+00  0.0000E+00  0.0000E+00  0.0000E+00  0.0000E+00  0.0000E+00  0.0000E+00  0.0000E+00  0.0000E+00  0.0000E+00
       0.0000E+00  0.0000E+00  0.0000E+00  0.0000E+00  0.0000E+00  0.0000E+00  0.0000E+00  0.0000E+00  0.0000E+00  0.0000E+00
       0.0000E+00  0.0000E+00  0.0000E+00  0.0000E+00  0.0000E+00  0.0000E+00  0.0000E+00  0.0000E+00  0.0000E+00  0.0000E+00
       0.0000E+00  0.0000E+00  0.0000E+00  0.0000E+00  0.0000E+00  0.0000E+00  0.0000E+00  0.0000E+00  0.0000E+00  0.0000E+00
       0.0000E+00  0.0000E+00  0.0000E+00  0.0000E+00  0.0000E+00  0.0000E+00  0.0000E+00  0.0000E+00  0.0000E+00  0.0000E+00
       0.0000E+00  0.0000E+00  0.0000E+00  0.0000E+00  0.0000E+00  0.0000E+00  0.0000E+00  0.0000E+00  0.0000E+00  0.0000E+00
       0.0000E+00  0.0000E+00  0.0000E+00  0.0000E+00  0.0000E+00  0.0000E+00  0.0000E+00  0.0000E+00  0.0000E+00  0.0000E+00
       0.0000E+00  0.0000E+00  0.0000E+00  0.0000E+00  0.0000E+00  0.0000E+00  0.0000E+00  0.0000E+00  0.0000E+00  0.0000E+00
       0.0000E+00  0.0000E+00  0.0000E+00  0.0000E+00  0.0000E+00  0.0000E+00  0.0000E+00  0.0000E+00  0.0000E+00  0.0000E+00
       0.0000E+00  0.0000E+00  0.0000E+00  0.0000E+00  0.0000E+00  0.0000E+00  0.0000E+00  0.0000E+00  0.0000E+00  0.0000E+00
       0.0000E+00  0.0000E+00  0.0000E+00  0.0000E+00  0.0000E+00  0.0000E+00  0.0000E+00  0.0000E+00  0.0000E+00  0.0000E+00
       0.0000E+00  0.0000E+00  0.0000E+00  0.0000E+00  0.0000E+00  0.0000E+00  0.0000E+00  0.0000E+00  0.0000E+00  0.0000E+00
       0.0000E+00  0.0000E+00  0.0000E+00  0.0000E+00  0.0000E+00  0.0000E+00  0.0000E+00  0.0000E+00  0.0000E+00  0.0000E+00
       0.0000E+00  0.0000E+00  0.0000E+00  0.0000E+00  0.0000E+00  0.0000E+00  0.0000E+00  0.0000E+00  0.0000E+00  0.0000E+00
       0.0000E+00  0.0000E+00  0.0000E+00  0.0000E+00  0.0000E+00  0.0000E+00  0.0000E+00  0.0000E+00  0.0000E+00  0.0000E+00
       0.0000E+00  0.0000E+00  0.0000E+00  0.0000E+00  0.0000E+00  0.0000E+00  0.0000E+00  0.0000E+00  0.0000E+00  0.0000E+00
       0.0000E+00  0.0000E+00  0.0000E+00  0.0000E+00  0.0000E+00  0.0000E+00  0.0000E+00  0.0000E+00  0.0000E+00  0.0000E+00
       0.0000E+00  0.0000E+00  0.0000E+00  0.0000E+00  0.0000E+00  0.0000E+00  0.0000E+00  0.0000E+00  0.0000E+00  0.0000E+00
       0.0000E+00  0.0000E+00  0.0000E+00  0.0000E+00  0.0000E+00  0.0000E+00  0.0000E+00  0.0000E+00  0.0000E+00  0.0000E+00
       0.0000E+00  0.0000E+00  0.0000E+00  0.0000E+00  0.0000E+00  0.0000E+00  0.0000E+00  0.0000E+00  0.0000E+00  0.0000E+00
       0.0000E+00  0.0000E+00  0.0000E+00  0.0000E+00  0.0000E+00  0.0000E+00  0.0000E+00  0.0000E+00  0.0000E+00  0.0000E+00
       0.0000E+00  0.0000E+00  0.0000E+00  0.0000E+00  0.0000E+00  0.0000E+00  0.0000E+00  0.0000E+00  0.0000E+00  0.0000E+00
       0.0000E+00  0.0000E+00  0.0000E+00  0.0000E+00  0.0000E+00  0.0000E+00  0.0000E+00  0.0000E+00  0.0000E+00  0.0000E+00
       0.0000E+00  0.0000E+00  0.0000E+00  0.0000E+00  0.0000E+00  0.0000E+00  0.0000E+00  0.0000E+00  0.0000E+00  0.0000E+00
       0.0000E+00  0.0000E+00  0.0000E+00  0.0000E+00  0.0000E+00  0.0000E+00  0.0000E+00  0.0000E+00  0.0000E+00  0.0000E+00
       0.0000E+00  0.0000E+00  0.0000E+00  0.0000E+00  0.0000E+00  0.0000E+00  0.0000E+00  0.0000E+00  0.0000E+00  0.0000E+00
       0.0000E+00  0.0000E+00  0.0000E+00  0.0000E+00  0.0000E+00  0.0000E+00  0.0000E+00  0.0000E+00  0.0000E+00  0.0000E+00
