
 *****  Protons in Lexan (0.15GeV, 2cm)                                                   *****

           DATE: 12/19/18,  TIME: 11:41:50

          Total number of particles followed       16666666, for a total weight of  1.6667E+07

1

   Bdrx n.   2  "ofluence  " , generalized particle n.    1, from region n.     5 to region n.     4
      detector area:  1.0000E+02 cm**2
      this is a one way only estimator
      this is a fluence like estimator
      linear energy binning from   7.0000E-02 to  2.0000E-01 GeV,   650 bins ( 2.0000E-04 GeV wide)
      linear angular binning from  0.0000E+00 to  6.2832E+00 sr ,     1 bins ( 6.2832E+00 sr wide )
      Data follow in a matrix A(ie,ia), format (1(5x,1p,10(1x,e11.4)))

       5.4234E-04  5.4538E-04  5.4059E-04  5.3994E-04  5.4993E-04  5.5218E-04  5.2841E-04  5.5093E-04  5.3342E-04  4.8434E-04
       5.5661E-04  5.4028E-04  5.7354E-04  5.1923E-04  5.3815E-04  5.5877E-04  5.5550E-04  5.2495E-04  5.2407E-04  5.4174E-04
       5.5609E-04  5.5999E-04  5.7628E-04  4.9628E-04  5.3833E-04  5.2524E-04  5.0825E-04  5.5562E-04  5.3431E-04  5.5857E-04
       5.2126E-04  5.2006E-04  5.4285E-04  5.1261E-04  5.1830E-04  5.3168E-04  5.6187E-04  5.3570E-04  5.4193E-04  5.3409E-04
       5.3699E-04  5.4909E-04  5.4430E-04  5.5231E-04  5.5482E-04  5.3781E-04  5.2004E-04  5.5013E-04  5.5580E-04  5.4243E-04
       5.3562E-04  5.4119E-04  5.6871E-04  5.2353E-04  5.6392E-04  5.3943E-04  5.5532E-04  5.4240E-04  5.6188E-04  5.5064E-04
       5.1987E-04  5.4052E-04  5.5077E-04  5.3655E-04  5.3918E-04  5.2396E-04  5.2957E-04  5.3458E-04  5.0539E-04  5.2557E-04
       5.3309E-04  5.7433E-04  5.2248E-04  5.2173E-04  5.2523E-04  5.2240E-04  5.3131E-04  5.4869E-04  5.5220E-04  5.1548E-04
       5.3544E-04  5.1422E-04  5.4376E-04  5.2969E-04  5.8463E-04  5.4635E-04  5.4369E-04  5.2971E-04  5.3683E-04  5.3222E-04
       5.1112E-04  5.2817E-04  5.4113E-04  5.3842E-04  5.3494E-04  5.3125E-04  5.0569E-04  5.3833E-04  5.3500E-04  5.4777E-04
       5.5655E-04  5.1532E-04  4.8809E-04  5.3029E-04  4.9217E-04  5.1764E-04  5.3642E-04  5.0420E-04  5.2187E-04  5.1663E-04
       5.0715E-04  5.1300E-04  5.5994E-04  5.1944E-04  5.3647E-04  5.3492E-04  5.1169E-04  5.1464E-04  5.1933E-04  5.1787E-04
       4.9916E-04  5.0530E-04  5.2149E-04  5.1308E-04  4.8701E-04  5.2233E-04  5.0375E-04  5.1267E-04  4.9019E-04  4.9335E-04
       5.0713E-04  4.6375E-04  4.5808E-04  4.8793E-04  5.3214E-04  5.1791E-04  4.9366E-04  4.8299E-04  4.5951E-04  5.2603E-04
       4.6245E-04  5.0714E-04  4.8919E-04  4.9482E-04  4.6691E-04  4.4474E-04  4.6736E-04  4.5021E-04  4.9172E-04  4.4469E-04
       4.5659E-04  4.7490E-04  4.4961E-04  4.5413E-04  4.6600E-04  4.5504E-04  4.4270E-04  4.2851E-04  4.6716E-04  4.4745E-04
       4.2628E-04  4.3953E-04  4.3048E-04  4.3029E-04  4.2951E-04  4.3312E-04  4.5594E-04  4.3063E-04  4.4324E-04  4.1650E-04
       4.1790E-04  4.6034E-04  4.3525E-04  4.1681E-04  4.2780E-04  4.1534E-04  4.1596E-04  4.2372E-04  4.1298E-04  4.3212E-04
       4.1857E-04  4.0444E-04  4.0966E-04  3.9346E-04  3.7965E-04  3.8710E-04  4.0322E-04  4.3255E-04  3.8580E-04  3.9808E-04
       4.0989E-04  4.0958E-04  3.5974E-04  3.7072E-04  3.9334E-04  3.9066E-04  3.6999E-04  3.8161E-04  3.7082E-04  3.7286E-04
       3.7765E-04  3.7450E-04  3.8877E-04  3.8164E-04  3.7532E-04  3.6797E-04  3.8826E-04  3.6739E-04  3.5918E-04  3.4835E-04
       3.3984E-04  3.5270E-04  3.5324E-04  3.5043E-04  3.4732E-04  3.4048E-04  3.5363E-04  3.2257E-04  3.3786E-04  3.5363E-04
       3.1997E-04  3.3044E-04  3.2390E-04  3.1308E-04  3.0251E-04  2.8163E-04  3.0883E-04  3.2298E-04  2.9906E-04  2.9626E-04
       2.7672E-04  2.6898E-04  3.0197E-04  2.8405E-04  3.0284E-04  2.9511E-04  2.7537E-04  2.4908E-04  2.5738E-04  2.5919E-04
       2.5504E-04  2.3901E-04  2.2999E-04  2.0807E-04  2.1033E-04  1.8819E-04  1.9050E-04  1.8370E-04  1.7481E-04  1.4668E-04
       1.7146E-04  1.5753E-04  1.7040E-04  1.6455E-04  1.6711E-04  1.4990E-04  1.6342E-04  1.5638E-04  1.4998E-04  1.9017E-04
       1.5761E-04  1.9180E-04  1.8071E-04  1.9717E-04  1.8448E-04  1.9928E-04  2.0409E-04  2.4436E-04  2.4655E-04  2.5035E-04
       2.6342E-04  3.0140E-04  2.9494E-04  3.2212E-04  3.7818E-04  3.9194E-04  3.6932E-04  4.0300E-04  4.0856E-04  4.2126E-04
       4.6160E-04  5.5203E-04  6.9755E-04  9.2852E-04  1.4340E-03  2.2004E-03  3.7402E-03  6.2106E-03  1.0616E-02  1.8091E-02
       3.0131E-02  4.7823E-02  7.5075E-02  1.1280E-01  1.6351E-01  2.2676E-01  3.0286E-01  3.8736E-01  4.7394E-01  5.5404E-01
       6.1885E-01  6.6060E-01  6.7214E-01  6.4981E-01  5.9743E-01  5.2285E-01  4.3360E-01  3.4090E-01  2.5349E-01  1.7883E-01
       1.1879E-01  7.5409E-02  4.4774E-02  2.5264E-02  1.3362E-02  6.7617E-03  3.0608E-03  1.3812E-03  5.7597E-04  2.1110E-04
       7.4027E-05  2.8655E-05  6.2078E-06  2.3876E-06  0.0000E+00  0.0000E+00  4.7755E-07  0.0000E+00  0.0000E+00  0.0000E+00
       0.0000E+00  0.0000E+00  0.0000E+00  0.0000E+00  0.0000E+00  0.0000E+00  0.0000E+00  0.0000E+00  0.0000E+00  0.0000E+00
       0.0000E+00  0.0000E+00  0.0000E+00  0.0000E+00  0.0000E+00  0.0000E+00  0.0000E+00  0.0000E+00  0.0000E+00  0.0000E+00
       0.0000E+00  0.0000E+00  0.0000E+00  0.0000E+00  0.0000E+00  0.0000E+00  0.0000E+00  0.0000E+00  0.0000E+00  0.0000E+00
       0.0000E+00  0.0000E+00  0.0000E+00  0.0000E+00  0.0000E+00  0.0000E+00  0.0000E+00  0.0000E+00  0.0000E+00  0.0000E+00
       0.0000E+00  0.0000E+00  0.0000E+00  0.0000E+00  0.0000E+00  0.0000E+00  0.0000E+00  0.0000E+00  0.0000E+00  0.0000E+00
       0.0000E+00  0.0000E+00  0.0000E+00  0.0000E+00  0.0000E+00  0.0000E+00  0.0000E+00  0.0000E+00  0.0000E+00  0.0000E+00
       0.0000E+00  0.0000E+00  0.0000E+00  0.0000E+00  0.0000E+00  0.0000E+00  0.0000E+00  0.0000E+00  0.0000E+00  0.0000E+00
       0.0000E+00  0.0000E+00  0.0000E+00  0.0000E+00  0.0000E+00  0.0000E+00  0.0000E+00  0.0000E+00  0.0000E+00  0.0000E+00
       0.0000E+00  0.0000E+00  0.0000E+00  0.0000E+00  0.0000E+00  0.0000E+00  0.0000E+00  0.0000E+00  0.0000E+00  0.0000E+00
       0.0000E+00  0.0000E+00  0.0000E+00  0.0000E+00  0.0000E+00  0.0000E+00  0.0000E+00  0.0000E+00  0.0000E+00  0.0000E+00
       0.0000E+00  0.0000E+00  0.0000E+00  0.0000E+00  0.0000E+00  0.0000E+00  0.0000E+00  0.0000E+00  0.0000E+00  0.0000E+00
       0.0000E+00  0.0000E+00  0.0000E+00  0.0000E+00  0.0000E+00  0.0000E+00  0.0000E+00  0.0000E+00  0.0000E+00  0.0000E+00
       0.0000E+00  0.0000E+00  0.0000E+00  0.0000E+00  0.0000E+00  0.0000E+00  0.0000E+00  0.0000E+00  0.0000E+00  0.0000E+00
       0.0000E+00  0.0000E+00  0.0000E+00  0.0000E+00  0.0000E+00  0.0000E+00  0.0000E+00  0.0000E+00  0.0000E+00  0.0000E+00
       0.0000E+00  0.0000E+00  0.0000E+00  0.0000E+00  0.0000E+00  0.0000E+00  0.0000E+00  0.0000E+00  0.0000E+00  0.0000E+00
       0.0000E+00  0.0000E+00  0.0000E+00  0.0000E+00  0.0000E+00  0.0000E+00  0.0000E+00  0.0000E+00  0.0000E+00  0.0000E+00
       0.0000E+00  0.0000E+00  0.0000E+00  0.0000E+00  0.0000E+00  0.0000E+00  0.0000E+00  0.0000E+00  0.0000E+00  0.0000E+00
       0.0000E+00  0.0000E+00  0.0000E+00  0.0000E+00  0.0000E+00  0.0000E+00  0.0000E+00  0.0000E+00  0.0000E+00  0.0000E+00
       0.0000E+00  0.0000E+00  0.0000E+00  0.0000E+00  0.0000E+00  0.0000E+00  0.0000E+00  0.0000E+00  0.0000E+00  0.0000E+00
       0.0000E+00  0.0000E+00  0.0000E+00  0.0000E+00  0.0000E+00  0.0000E+00  0.0000E+00  0.0000E+00  0.0000E+00  0.0000E+00
       0.0000E+00  0.0000E+00  0.0000E+00  0.0000E+00  0.0000E+00  0.0000E+00  0.0000E+00  0.0000E+00  0.0000E+00  0.0000E+00
       0.0000E+00  0.0000E+00  0.0000E+00  0.0000E+00  0.0000E+00  0.0000E+00  0.0000E+00  0.0000E+00  0.0000E+00  0.0000E+00
       0.0000E+00  0.0000E+00  0.0000E+00  0.0000E+00  0.0000E+00  0.0000E+00  0.0000E+00  0.0000E+00  0.0000E+00  0.0000E+00
       0.0000E+00  0.0000E+00  0.0000E+00  0.0000E+00  0.0000E+00  0.0000E+00  0.0000E+00  0.0000E+00  0.0000E+00  0.0000E+00
       0.0000E+00  0.0000E+00  0.0000E+00  0.0000E+00  0.0000E+00  0.0000E+00  0.0000E+00  0.0000E+00  0.0000E+00  0.0000E+00
       0.0000E+00  0.0000E+00  0.0000E+00  0.0000E+00  0.0000E+00  0.0000E+00  0.0000E+00  0.0000E+00  0.0000E+00  0.0000E+00
       0.0000E+00  0.0000E+00  0.0000E+00  0.0000E+00  0.0000E+00  0.0000E+00  0.0000E+00  0.0000E+00  0.0000E+00  0.0000E+00
       0.0000E+00  0.0000E+00  0.0000E+00  0.0000E+00  0.0000E+00  0.0000E+00  0.0000E+00  0.0000E+00  0.0000E+00  0.0000E+00
       0.0000E+00  0.0000E+00  0.0000E+00  0.0000E+00  0.0000E+00  0.0000E+00  0.0000E+00  0.0000E+00  0.0000E+00  0.0000E+00
       0.0000E+00  0.0000E+00  0.0000E+00  0.0000E+00  0.0000E+00  0.0000E+00  0.0000E+00  0.0000E+00  0.0000E+00  0.0000E+00
       0.0000E+00  0.0000E+00  0.0000E+00  0.0000E+00  0.0000E+00  0.0000E+00  0.0000E+00  0.0000E+00  0.0000E+00  0.0000E+00
       0.0000E+00  0.0000E+00  0.0000E+00  0.0000E+00  0.0000E+00  0.0000E+00  0.0000E+00  0.0000E+00  0.0000E+00  0.0000E+00
1

   Bdrx n.   6  "ofluence  " , generalized particle n.    1, from region n.     5 to region n.     4
      detector area:  1.0000E+02 cm**2
      this is a one way only estimator
      this is a fluence like estimator
      linear energy binning from   0.0000E+00 to  3.0000E+02 GeV,     1 bins ( 3.0000E+02 GeV wide)
      linear angular binning from  0.0000E+00 to  6.2832E+00 sr ,     1 bins ( 6.2832E+00 sr wide )
      Data follow in a matrix A(ie,ia), format (1(5x,1p,10(1x,e11.4)))

       5.2712E-06
