
 *****  Protons in Lexan (0.25GeV, 1cm)                                                   *****

           DATE: 12/19/18,  TIME:  8:59:11

          Total number of particles followed       25000000, for a total weight of  2.5000E+07

1

   Bdrx n.   2  "ofluence  " , generalized particle n.    1, from region n.     5 to region n.     4
      detector area:  1.0000E+02 cm**2
      this is a one way only estimator
      this is a fluence like estimator
      linear energy binning from   1.7000E-01 to  3.0000E-01 GeV,   650 bins ( 2.0000E-04 GeV wide)
      linear angular binning from  0.0000E+00 to  6.2832E+00 sr ,     1 bins ( 6.2832E+00 sr wide )
      Data follow in a matrix A(ie,ia), format (1(5x,1p,10(1x,e11.4)))

       2.5036E-04  2.3962E-04  2.3785E-04  2.3315E-04  2.3936E-04  2.4897E-04  2.2326E-04  2.2830E-04  2.2310E-04  2.5171E-04
       2.4539E-04  2.5100E-04  2.3115E-04  2.4450E-04  2.3439E-04  2.4064E-04  2.1984E-04  2.3947E-04  2.5372E-04  2.3180E-04
       2.4125E-04  2.1704E-04  2.3009E-04  2.3870E-04  2.2796E-04  2.4793E-04  2.4518E-04  2.2863E-04  2.3789E-04  2.3238E-04
       2.2960E-04  2.3631E-04  2.1869E-04  2.3341E-04  2.5387E-04  2.3672E-04  2.2832E-04  2.3161E-04  2.4795E-04  2.4396E-04
       2.2423E-04  2.3258E-04  2.4564E-04  2.3516E-04  2.1751E-04  2.1594E-04  2.3138E-04  2.3225E-04  2.2591E-04  2.2348E-04
       2.2847E-04  2.4684E-04  2.3578E-04  2.3844E-04  2.2637E-04  2.5850E-04  2.3673E-04  2.3653E-04  2.2858E-04  2.1511E-04
       2.4755E-04  2.2881E-04  2.1599E-04  2.3988E-04  2.2816E-04  2.3472E-04  2.3095E-04  2.4850E-04  2.3796E-04  2.3070E-04
       2.3687E-04  2.2550E-04  2.3845E-04  2.2364E-04  2.1368E-04  2.2804E-04  2.2969E-04  2.3984E-04  2.4415E-04  2.2155E-04
       2.4462E-04  2.3258E-04  2.2414E-04  2.2777E-04  2.4142E-04  2.3897E-04  2.3769E-04  2.4585E-04  2.3923E-04  2.3852E-04
       2.2735E-04  2.2316E-04  2.2581E-04  2.1237E-04  2.4271E-04  2.3132E-04  2.2662E-04  2.3556E-04  2.2600E-04  2.2358E-04
       2.3486E-04  2.1998E-04  2.2046E-04  2.3785E-04  2.3193E-04  2.1199E-04  2.3361E-04  2.2216E-04  2.2552E-04  2.2780E-04
       2.3097E-04  2.3708E-04  2.2066E-04  2.2106E-04  2.2641E-04  2.1953E-04  2.3986E-04  2.2407E-04  2.3779E-04  2.1975E-04
       2.2819E-04  2.3216E-04  2.2606E-04  2.3329E-04  2.3734E-04  2.2333E-04  2.0893E-04  2.1783E-04  2.2389E-04  2.1539E-04
       2.1841E-04  2.3059E-04  2.1781E-04  2.0585E-04  2.3601E-04  2.1678E-04  2.1914E-04  2.3757E-04  2.2512E-04  2.2047E-04
       2.1177E-04  2.2729E-04  2.2284E-04  2.1758E-04  2.4304E-04  2.2275E-04  2.4006E-04  2.2898E-04  2.1538E-04  2.3167E-04
       2.0727E-04  2.3273E-04  2.2446E-04  2.2523E-04  2.2018E-04  2.1696E-04  2.1056E-04  2.0649E-04  2.1682E-04  2.3101E-04
       2.1999E-04  2.0504E-04  2.1021E-04  2.0922E-04  1.9970E-04  2.1398E-04  2.1685E-04  2.0100E-04  2.1905E-04  2.3016E-04
       2.1747E-04  2.2055E-04  2.1241E-04  2.2664E-04  2.2955E-04  2.1105E-04  2.1777E-04  2.0703E-04  2.1079E-04  2.2521E-04
       2.0929E-04  2.1293E-04  2.1623E-04  2.0987E-04  2.2452E-04  2.1608E-04  1.9991E-04  2.0905E-04  1.9693E-04  2.0505E-04
       1.8822E-04  2.0009E-04  1.9443E-04  2.2748E-04  1.8117E-04  1.8809E-04  1.8554E-04  1.8521E-04  2.0120E-04  1.8981E-04
       2.0195E-04  1.9803E-04  1.9052E-04  1.9288E-04  1.9074E-04  1.8310E-04  1.8571E-04  1.8839E-04  1.7677E-04  1.8955E-04
       1.7137E-04  1.9783E-04  1.8419E-04  1.8833E-04  1.8288E-04  1.9553E-04  1.8409E-04  2.0098E-04  1.7810E-04  2.0189E-04
       1.8150E-04  1.8479E-04  1.9093E-04  1.7559E-04  1.7712E-04  1.7093E-04  1.7748E-04  1.6933E-04  1.8580E-04  1.6562E-04
       1.6949E-04  1.8633E-04  1.6580E-04  1.6523E-04  1.6134E-04  1.6773E-04  1.7194E-04  1.6154E-04  1.6653E-04  1.6414E-04
       1.6953E-04  1.6432E-04  1.6989E-04  1.6172E-04  1.6799E-04  1.6623E-04  1.5713E-04  1.5830E-04  1.7421E-04  1.6267E-04
       1.6701E-04  1.5945E-04  1.6686E-04  1.5022E-04  1.5448E-04  1.4746E-04  1.6475E-04  1.5364E-04  1.4437E-04  1.5476E-04
       1.4837E-04  1.4336E-04  1.4591E-04  1.3593E-04  1.4002E-04  1.4280E-04  1.3220E-04  1.3556E-04  1.3477E-04  1.3700E-04
       1.3310E-04  1.3562E-04  1.2776E-04  1.2268E-04  1.3467E-04  1.3351E-04  1.2442E-04  1.2034E-04  1.2764E-04  1.1892E-04
       1.2024E-04  1.2220E-04  1.1814E-04  1.1446E-04  1.1251E-04  1.2236E-04  1.1121E-04  1.0963E-04  1.0728E-04  9.7740E-05
       1.1323E-04  1.0001E-04  9.4504E-05  9.4834E-05  9.7978E-05  9.8718E-05  8.8108E-05  7.6574E-05  8.4220E-05  8.4560E-05
       7.9754E-05  6.3438E-05  6.7274E-05  7.4488E-05  6.6152E-05  5.8497E-05  5.9214E-05  6.1374E-05  6.4236E-05  6.1595E-05
       6.3057E-05  6.3389E-05  6.8174E-05  5.8719E-05  7.0796E-05  7.6964E-05  7.6766E-05  6.9047E-05  8.3679E-05  9.0118E-05
       8.9542E-05  9.4630E-05  9.3066E-05  9.8909E-05  9.8661E-05  1.0483E-04  1.0741E-04  1.1347E-04  1.4623E-04  1.8118E-04
       2.1266E-04  3.1239E-04  5.2600E-04  8.4828E-04  1.4098E-03  2.3998E-03  3.9049E-03  6.3937E-03  1.0288E-02  1.6076E-02
       2.4765E-02  3.7152E-02  5.3823E-02  7.6389E-02  1.0564E-01  1.4138E-01  1.8506E-01  2.3409E-01  2.8928E-01  3.5109E-01
       4.0180E-01  4.5368E-01  4.9543E-01  5.2666E-01  5.4190E-01  5.4179E-01  5.2373E-01  4.9046E-01  4.4636E-01  3.9242E-01
       3.3459E-01  2.7574E-01  2.1979E-01  1.6992E-01  1.2735E-01  9.1762E-02  6.4425E-02  4.3723E-02  2.8498E-02  1.8022E-02
       1.1060E-02  6.5822E-03  3.7672E-03  2.0561E-03  1.0954E-03  5.8192E-04  2.8204E-04  1.2224E-04  6.6533E-05  3.3107E-05
       1.1778E-05  4.4565E-06  2.2284E-06  9.5496E-07  3.1833E-07  0.0000E+00  0.0000E+00  0.0000E+00  0.0000E+00  0.0000E+00
       0.0000E+00  0.0000E+00  0.0000E+00  0.0000E+00  0.0000E+00  0.0000E+00  0.0000E+00  0.0000E+00  0.0000E+00  0.0000E+00
       0.0000E+00  0.0000E+00  0.0000E+00  0.0000E+00  0.0000E+00  0.0000E+00  0.0000E+00  0.0000E+00  0.0000E+00  0.0000E+00
       0.0000E+00  0.0000E+00  0.0000E+00  0.0000E+00  0.0000E+00  0.0000E+00  0.0000E+00  0.0000E+00  0.0000E+00  0.0000E+00
       0.0000E+00  0.0000E+00  0.0000E+00  0.0000E+00  0.0000E+00  0.0000E+00  0.0000E+00  0.0000E+00  0.0000E+00  0.0000E+00
       0.0000E+00  0.0000E+00  0.0000E+00  0.0000E+00  0.0000E+00  0.0000E+00  0.0000E+00  0.0000E+00  0.0000E+00  0.0000E+00
       0.0000E+00  0.0000E+00  0.0000E+00  0.0000E+00  0.0000E+00  0.0000E+00  0.0000E+00  0.0000E+00  0.0000E+00  0.0000E+00
       0.0000E+00  0.0000E+00  0.0000E+00  0.0000E+00  0.0000E+00  0.0000E+00  0.0000E+00  0.0000E+00  0.0000E+00  0.0000E+00
       0.0000E+00  0.0000E+00  0.0000E+00  0.0000E+00  0.0000E+00  0.0000E+00  0.0000E+00  0.0000E+00  0.0000E+00  0.0000E+00
       0.0000E+00  0.0000E+00  0.0000E+00  0.0000E+00  0.0000E+00  0.0000E+00  0.0000E+00  0.0000E+00  0.0000E+00  0.0000E+00
       0.0000E+00  0.0000E+00  0.0000E+00  0.0000E+00  0.0000E+00  0.0000E+00  0.0000E+00  0.0000E+00  0.0000E+00  0.0000E+00
       0.0000E+00  0.0000E+00  0.0000E+00  0.0000E+00  0.0000E+00  0.0000E+00  0.0000E+00  0.0000E+00  0.0000E+00  0.0000E+00
       0.0000E+00  0.0000E+00  0.0000E+00  0.0000E+00  0.0000E+00  0.0000E+00  0.0000E+00  0.0000E+00  0.0000E+00  0.0000E+00
       0.0000E+00  0.0000E+00  0.0000E+00  0.0000E+00  0.0000E+00  0.0000E+00  0.0000E+00  0.0000E+00  0.0000E+00  0.0000E+00
       0.0000E+00  0.0000E+00  0.0000E+00  0.0000E+00  0.0000E+00  0.0000E+00  0.0000E+00  0.0000E+00  0.0000E+00  0.0000E+00
       0.0000E+00  0.0000E+00  0.0000E+00  0.0000E+00  0.0000E+00  0.0000E+00  0.0000E+00  0.0000E+00  0.0000E+00  0.0000E+00
       0.0000E+00  0.0000E+00  0.0000E+00  0.0000E+00  0.0000E+00  0.0000E+00  0.0000E+00  0.0000E+00  0.0000E+00  0.0000E+00
       0.0000E+00  0.0000E+00  0.0000E+00  0.0000E+00  0.0000E+00  0.0000E+00  0.0000E+00  0.0000E+00  0.0000E+00  0.0000E+00
       0.0000E+00  0.0000E+00  0.0000E+00  0.0000E+00  0.0000E+00  0.0000E+00  0.0000E+00  0.0000E+00  0.0000E+00  0.0000E+00
       0.0000E+00  0.0000E+00  0.0000E+00  0.0000E+00  0.0000E+00  0.0000E+00  0.0000E+00  0.0000E+00  0.0000E+00  0.0000E+00
       0.0000E+00  0.0000E+00  0.0000E+00  0.0000E+00  0.0000E+00  0.0000E+00  0.0000E+00  0.0000E+00  0.0000E+00  0.0000E+00
       0.0000E+00  0.0000E+00  0.0000E+00  0.0000E+00  0.0000E+00  0.0000E+00  0.0000E+00  0.0000E+00  0.0000E+00  0.0000E+00
       0.0000E+00  0.0000E+00  0.0000E+00  0.0000E+00  0.0000E+00  0.0000E+00  0.0000E+00  0.0000E+00  0.0000E+00  0.0000E+00
       0.0000E+00  0.0000E+00  0.0000E+00  0.0000E+00  0.0000E+00  0.0000E+00  0.0000E+00  0.0000E+00  0.0000E+00  0.0000E+00
       0.0000E+00  0.0000E+00  0.0000E+00  0.0000E+00  0.0000E+00  0.0000E+00  0.0000E+00  0.0000E+00  0.0000E+00  0.0000E+00
       0.0000E+00  0.0000E+00  0.0000E+00  0.0000E+00  0.0000E+00  0.0000E+00  0.0000E+00  0.0000E+00  0.0000E+00  0.0000E+00
       0.0000E+00  0.0000E+00  0.0000E+00  0.0000E+00  0.0000E+00  0.0000E+00  0.0000E+00  0.0000E+00  0.0000E+00  0.0000E+00
1

   Bdrx n.   6  "ofluence  " , generalized particle n.    1, from region n.     5 to region n.     4
      detector area:  1.0000E+02 cm**2
      this is a one way only estimator
      this is a fluence like estimator
      linear energy binning from   0.0000E+00 to  3.0000E+02 GeV,     1 bins ( 3.0000E+02 GeV wide)
      linear angular binning from  0.0000E+00 to  6.2832E+00 sr ,     1 bins ( 6.2832E+00 sr wide )
      Data follow in a matrix A(ie,ia), format (1(5x,1p,10(1x,e11.4)))

       5.3675E-06
