
 *****  Protons in Lexan (0.25GeV, 1cm)                                                   *****

           DATE: 12/19/18,  TIME:  8:59:11

          Total number of particles followed       25000000, for a total weight of  2.5000E+07

1

   Bdrx n.   4  "ocurrent  " , generalized particle n.    1, from region n.     5 to region n.     4
      detector area:  1.0000E+02 cm**2
      this is a one way only estimator
      this is a current like estimator
      linear energy binning from   1.7000E-01 to  3.0000E-01 GeV,   650 bins ( 2.0000E-04 GeV wide)
      linear angular binning from  0.0000E+00 to  6.2832E+00 sr ,     1 bins ( 6.2832E+00 sr wide )
      Data follow in a matrix A(ie,ia), format (1(5x,1p,10(1x,e11.4)))

       2.1040E-04  2.0149E-04  1.9990E-04  1.9576E-04  1.9926E-04  2.0945E-04  1.8589E-04  1.9194E-04  1.8812E-04  2.1168E-04
       2.0722E-04  2.1136E-04  1.9449E-04  2.0595E-04  1.9863E-04  2.0467E-04  1.8589E-04  2.0054E-04  2.1199E-04  1.9672E-04
       2.0340E-04  1.8239E-04  1.9512E-04  2.0213E-04  1.9353E-04  2.0977E-04  2.0690E-04  1.9321E-04  2.0308E-04  1.9512E-04
       1.9321E-04  2.0054E-04  1.8748E-04  1.9831E-04  2.1645E-04  2.0149E-04  1.9385E-04  1.9926E-04  2.0977E-04  2.0690E-04
       1.9130E-04  2.0022E-04  2.0849E-04  2.0213E-04  1.8876E-04  1.8366E-04  1.9703E-04  2.0054E-04  1.9512E-04  1.9130E-04
       1.9449E-04  2.1263E-04  2.0276E-04  2.0563E-04  1.9576E-04  2.2123E-04  2.0372E-04  2.0531E-04  1.9703E-04  1.8685E-04
       2.1199E-04  1.9735E-04  1.8748E-04  2.0754E-04  1.9799E-04  2.0276E-04  1.9990E-04  2.1581E-04  2.0563E-04  1.9990E-04
       2.0404E-04  1.9544E-04  2.0595E-04  1.9449E-04  1.8589E-04  1.9831E-04  1.9926E-04  2.0817E-04  2.1199E-04  1.9194E-04
       2.1518E-04  2.0085E-04  1.9481E-04  1.9958E-04  2.1199E-04  2.0817E-04  2.0722E-04  2.1518E-04  2.0722E-04  2.0754E-04
       1.9831E-04  1.9385E-04  1.9863E-04  1.8717E-04  2.1295E-04  2.0340E-04  1.9863E-04  2.0913E-04  1.9863E-04  1.9385E-04
       2.0499E-04  1.9290E-04  1.9385E-04  2.0849E-04  2.0308E-04  1.8653E-04  2.0658E-04  1.9608E-04  1.9799E-04  2.0117E-04
       2.0563E-04  1.9417E-04  1.9512E-04  1.9481E-04  1.9958E-04  1.9449E-04  2.1263E-04  1.9640E-04  2.0977E-04  1.9417E-04
       2.0276E-04  2.0626E-04  1.9958E-04  2.0849E-04  2.1040E-04  1.9767E-04  1.8685E-04  1.9321E-04  2.0022E-04  1.9162E-04
       1.9576E-04  2.0499E-04  1.9321E-04  1.8335E-04  2.1008E-04  1.9321E-04  1.9449E-04  2.1072E-04  2.0117E-04  1.9608E-04
       1.9035E-04  2.0308E-04  2.0022E-04  1.9353E-04  2.1836E-04  1.9863E-04  2.1454E-04  2.0531E-04  1.9353E-04  2.0754E-04
       1.8589E-04  2.1072E-04  2.0276E-04  2.0340E-04  1.9703E-04  1.9544E-04  1.8876E-04  1.8557E-04  1.9576E-04  2.0754E-04
       1.9958E-04  1.8526E-04  1.8876E-04  1.8971E-04  1.8016E-04  1.9417E-04  1.9640E-04  1.8175E-04  1.9863E-04  2.0881E-04
       1.9640E-04  2.0117E-04  1.9321E-04  2.0595E-04  2.0849E-04  1.9067E-04  1.9990E-04  1.8876E-04  1.9290E-04  2.0435E-04
       1.9067E-04  1.9353E-04  1.9576E-04  1.9162E-04  2.0404E-04  1.9703E-04  1.8239E-04  1.9067E-04  1.8080E-04  1.8685E-04
       1.7189E-04  1.8366E-04  1.7857E-04  2.0786E-04  1.6648E-04  1.7284E-04  1.6934E-04  1.6966E-04  1.8366E-04  1.7475E-04
       1.8621E-04  1.8175E-04  1.7252E-04  1.7762E-04  1.7666E-04  1.6839E-04  1.7030E-04  1.7348E-04  1.6457E-04  1.7475E-04
       1.5756E-04  1.8239E-04  1.6998E-04  1.7284E-04  1.6966E-04  1.8112E-04  1.6998E-04  1.8653E-04  1.6520E-04  1.8653E-04
       1.6807E-04  1.7252E-04  1.7698E-04  1.6329E-04  1.6425E-04  1.5820E-04  1.6457E-04  1.5693E-04  1.7284E-04  1.5470E-04
       1.5788E-04  1.7316E-04  1.5470E-04  1.5374E-04  1.4961E-04  1.5597E-04  1.6138E-04  1.5088E-04  1.5597E-04  1.5374E-04
       1.5820E-04  1.5311E-04  1.5852E-04  1.5088E-04  1.5756E-04  1.5502E-04  1.4610E-04  1.4801E-04  1.6361E-04  1.5215E-04
       1.5693E-04  1.4929E-04  1.5661E-04  1.4133E-04  1.4579E-04  1.3910E-04  1.5502E-04  1.4483E-04  1.3496E-04  1.4674E-04
       1.4006E-04  1.3560E-04  1.3878E-04  1.2860E-04  1.3274E-04  1.3560E-04  1.2478E-04  1.2701E-04  1.2828E-04  1.3019E-04
       1.2541E-04  1.2923E-04  1.2096E-04  1.1714E-04  1.2796E-04  1.2764E-04  1.1809E-04  1.1364E-04  1.2159E-04  1.1300E-04
       1.1491E-04  1.1618E-04  1.1332E-04  1.0950E-04  1.0727E-04  1.1523E-04  1.0663E-04  1.0504E-04  1.0281E-04  9.2946E-05
       1.0759E-04  9.4856E-05  9.0400E-05  9.0718E-05  9.2628E-05  9.4220E-05  8.3079E-05  7.3211E-05  7.9896E-05  8.0532E-05
       7.5758E-05  5.9842E-05  6.3980E-05  6.9392E-05  6.2389E-05  5.5068E-05  5.6023E-05  5.7296E-05  5.9842E-05  5.7614E-05
       5.9206E-05  5.9206E-05  6.3980E-05  5.5068E-05  6.6527E-05  7.2893E-05  7.1938E-05  6.5572E-05  7.8941E-05  8.2761E-05
       8.4989E-05  9.0082E-05  8.8808E-05  9.2946E-05  9.2946E-05  1.0027E-04  1.0281E-04  1.0950E-04  1.4069E-04  1.7666E-04
       2.0754E-04  3.0717E-04  5.2044E-04  8.4257E-04  1.4015E-03  2.3921E-03  3.8958E-03  6.3815E-03  1.0275E-02  1.6061E-02
       2.4747E-02  3.7132E-02  5.3797E-02  7.6359E-02  1.0561E-01  1.4134E-01  1.8501E-01  2.3404E-01  2.8922E-01  3.4537E-01
       4.0174E-01  4.5362E-01  4.9536E-01  5.2660E-01  5.4184E-01  5.4172E-01  5.2367E-01  4.9041E-01  4.4632E-01  3.9238E-01
       3.3456E-01  2.7571E-01  2.1977E-01  1.6991E-01  1.2734E-01  9.1754E-02  6.4420E-02  4.3720E-02  2.8496E-02  1.8021E-02
       1.1059E-02  6.5817E-03  3.7669E-03  2.0560E-03  1.0953E-03  5.8187E-04  2.8202E-04  1.2223E-04  6.6527E-05  3.3104E-05
       1.1777E-05  4.4563E-06  2.2282E-06  9.5493E-07  3.1831E-07  0.0000E+00  0.0000E+00  0.0000E+00  0.0000E+00  0.0000E+00
       0.0000E+00  0.0000E+00  0.0000E+00  0.0000E+00  0.0000E+00  0.0000E+00  0.0000E+00  0.0000E+00  0.0000E+00  0.0000E+00
       0.0000E+00  0.0000E+00  0.0000E+00  0.0000E+00  0.0000E+00  0.0000E+00  0.0000E+00  0.0000E+00  0.0000E+00  0.0000E+00
       0.0000E+00  0.0000E+00  0.0000E+00  0.0000E+00  0.0000E+00  0.0000E+00  0.0000E+00  0.0000E+00  0.0000E+00  0.0000E+00
       0.0000E+00  0.0000E+00  0.0000E+00  0.0000E+00  0.0000E+00  0.0000E+00  0.0000E+00  0.0000E+00  0.0000E+00  0.0000E+00
       0.0000E+00  0.0000E+00  0.0000E+00  0.0000E+00  0.0000E+00  0.0000E+00  0.0000E+00  0.0000E+00  0.0000E+00  0.0000E+00
       0.0000E+00  0.0000E+00  0.0000E+00  0.0000E+00  0.0000E+00  0.0000E+00  0.0000E+00  0.0000E+00  0.0000E+00  0.0000E+00
       0.0000E+00  0.0000E+00  0.0000E+00  0.0000E+00  0.0000E+00  0.0000E+00  0.0000E+00  0.0000E+00  0.0000E+00  0.0000E+00
       0.0000E+00  0.0000E+00  0.0000E+00  0.0000E+00  0.0000E+00  0.0000E+00  0.0000E+00  0.0000E+00  0.0000E+00  0.0000E+00
       0.0000E+00  0.0000E+00  0.0000E+00  0.0000E+00  0.0000E+00  0.0000E+00  0.0000E+00  0.0000E+00  0.0000E+00  0.0000E+00
       0.0000E+00  0.0000E+00  0.0000E+00  0.0000E+00  0.0000E+00  0.0000E+00  0.0000E+00  0.0000E+00  0.0000E+00  0.0000E+00
       0.0000E+00  0.0000E+00  0.0000E+00  0.0000E+00  0.0000E+00  0.0000E+00  0.0000E+00  0.0000E+00  0.0000E+00  0.0000E+00
       0.0000E+00  0.0000E+00  0.0000E+00  0.0000E+00  0.0000E+00  0.0000E+00  0.0000E+00  0.0000E+00  0.0000E+00  0.0000E+00
       0.0000E+00  0.0000E+00  0.0000E+00  0.0000E+00  0.0000E+00  0.0000E+00  0.0000E+00  0.0000E+00  0.0000E+00  0.0000E+00
       0.0000E+00  0.0000E+00  0.0000E+00  0.0000E+00  0.0000E+00  0.0000E+00  0.0000E+00  0.0000E+00  0.0000E+00  0.0000E+00
       0.0000E+00  0.0000E+00  0.0000E+00  0.0000E+00  0.0000E+00  0.0000E+00  0.0000E+00  0.0000E+00  0.0000E+00  0.0000E+00
       0.0000E+00  0.0000E+00  0.0000E+00  0.0000E+00  0.0000E+00  0.0000E+00  0.0000E+00  0.0000E+00  0.0000E+00  0.0000E+00
       0.0000E+00  0.0000E+00  0.0000E+00  0.0000E+00  0.0000E+00  0.0000E+00  0.0000E+00  0.0000E+00  0.0000E+00  0.0000E+00
       0.0000E+00  0.0000E+00  0.0000E+00  0.0000E+00  0.0000E+00  0.0000E+00  0.0000E+00  0.0000E+00  0.0000E+00  0.0000E+00
       0.0000E+00  0.0000E+00  0.0000E+00  0.0000E+00  0.0000E+00  0.0000E+00  0.0000E+00  0.0000E+00  0.0000E+00  0.0000E+00
       0.0000E+00  0.0000E+00  0.0000E+00  0.0000E+00  0.0000E+00  0.0000E+00  0.0000E+00  0.0000E+00  0.0000E+00  0.0000E+00
       0.0000E+00  0.0000E+00  0.0000E+00  0.0000E+00  0.0000E+00  0.0000E+00  0.0000E+00  0.0000E+00  0.0000E+00  0.0000E+00
       0.0000E+00  0.0000E+00  0.0000E+00  0.0000E+00  0.0000E+00  0.0000E+00  0.0000E+00  0.0000E+00  0.0000E+00  0.0000E+00
       0.0000E+00  0.0000E+00  0.0000E+00  0.0000E+00  0.0000E+00  0.0000E+00  0.0000E+00  0.0000E+00  0.0000E+00  0.0000E+00
       0.0000E+00  0.0000E+00  0.0000E+00  0.0000E+00  0.0000E+00  0.0000E+00  0.0000E+00  0.0000E+00  0.0000E+00  0.0000E+00
       0.0000E+00  0.0000E+00  0.0000E+00  0.0000E+00  0.0000E+00  0.0000E+00  0.0000E+00  0.0000E+00  0.0000E+00  0.0000E+00
       0.0000E+00  0.0000E+00  0.0000E+00  0.0000E+00  0.0000E+00  0.0000E+00  0.0000E+00  0.0000E+00  0.0000E+00  0.0000E+00
