
 *****  Protons in Lexan (0.25GeV, 1cm)                                                   *****

           DATE: 12/19/18,  TIME:  8:59:11

          Total number of particles followed       25000000, for a total weight of  2.5000E+07

1

   Res. nuclei n.   1  "Ian       " ,  all         products, region n.     5
      detector volume:  1.0000E+00 cm**3
      Max. Z:  10, Max. N-Z:  11 Min. N-Z: -4
      Data follow in a matrix A(z,n-z-k), k: -5 format (1(5x,1p,10(1x,e11.4)))

       0.0000E+00  0.0000E+00  0.0000E+00  0.0000E+00  0.0000E+00  0.0000E+00  0.0000E+00  0.0000E+00  0.0000E+00  0.0000E+00
       0.0000E+00  0.0000E+00  0.0000E+00  0.0000E+00  0.0000E+00  1.3040E-05  0.0000E+00  6.8000E-07  0.0000E+00  0.0000E+00
       0.0000E+00  0.0000E+00  0.0000E+00  0.0000E+00  1.0004E-04  2.2188E-04  2.0840E-05  5.0960E-05  0.0000E+00  0.0000E+00
       2.1729E-02  2.8180E-03  0.0000E+00  1.3568E-03  0.0000E+00  4.1084E-03  5.6040E-05  9.9960E-04  0.0000E+00  0.0000E+00
       5.2678E-03  2.2344E-02  1.8264E-03  0.0000E+00  1.4769E-03  4.5621E-03  4.8475E-04  5.3127E-04  4.0000E-08  2.0000E-07
       1.5654E-03  0.0000E+00  1.0940E-03  3.1055E-04  2.8489E-03  2.5610E-04  7.1534E-04  1.0312E-06  8.0000E-08  0.0000E+00
       0.0000E+00  6.7760E-05  9.1120E-05  2.1076E-04  3.2984E-05  7.3320E-05  1.4126E-06  6.4000E-07  0.0000E+00  0.0000E+00
       0.0000E+00  0.0000E+00  7.7200E-06  1.0400E-06  2.2400E-06  1.6000E-07  8.0000E-07  0.0000E+00  0.0000E+00  0.0000E+00
       0.0000E+00  2.0000E-07  0.0000E+00  0.0000E+00  0.0000E+00  4.0000E-08  0.0000E+00  0.0000E+00  0.0000E+00  0.0000E+00
       0.0000E+00  0.0000E+00  0.0000E+00  0.0000E+00  0.0000E+00  0.0000E+00  0.0000E+00  0.0000E+00  0.0000E+00  0.0000E+00
       0.0000E+00  0.0000E+00  0.0000E+00  0.0000E+00  0.0000E+00  0.0000E+00  0.0000E+00  0.0000E+00  0.0000E+00  0.0000E+00
       0.0000E+00  0.0000E+00  0.0000E+00  0.0000E+00  0.0000E+00  0.0000E+00  0.0000E+00  0.0000E+00  0.0000E+00  0.0000E+00
       0.0000E+00  0.0000E+00  0.0000E+00  0.0000E+00  0.0000E+00  0.0000E+00  0.0000E+00  0.0000E+00  0.0000E+00  0.0000E+00
       0.0000E+00  0.0000E+00  0.0000E+00  0.0000E+00  0.0000E+00  0.0000E+00  0.0000E+00  0.0000E+00  0.0000E+00  0.0000E+00
       0.0000E+00  0.0000E+00  0.0000E+00  0.0000E+00  0.0000E+00  0.0000E+00  0.0000E+00  0.0000E+00  0.0000E+00  0.0000E+00
       0.0000E+00  0.0000E+00  0.0000E+00  0.0000E+00  0.0000E+00  0.0000E+00  0.0000E+00  0.0000E+00  0.0000E+00  0.0000E+00
