
 *****  Protons in Lexan (0.23GeV, 3cm)                                                   *****

           DATE: 12/18/18,  TIME:  3:15:16

          Total number of particles followed       10000000, for a total weight of  1.0000E+07

1

   Bdrx n.   2  "ofluence  " , generalized particle n.    1, from region n.     5 to region n.     4
      detector area:  1.0000E+02 cm**2
      this is a one way only estimator
      this is a fluence like estimator
      linear energy binning from   1.5000E-01 to  2.8000E-01 GeV,   650 bins ( 2.0000E-04 GeV wide)
      linear angular binning from  0.0000E+00 to  6.2832E+00 sr ,     1 bins ( 6.2832E+00 sr wide )
      Data follow in a matrix A(ie,ia), format (1(5x,1p,10(1x,e11.4)))

       5.5066E-04  5.6374E-04  5.7953E-04  5.7423E-04  5.4227E-04  5.6500E-04  5.8577E-04  5.5899E-04  5.9363E-04  5.4164E-04
       5.8895E-04  5.7263E-04  5.8755E-04  5.8406E-04  5.9562E-04  5.2691E-04  5.6610E-04  5.6235E-04  5.5516E-04  5.2839E-04
       5.7571E-04  5.5655E-04  5.7582E-04  5.5994E-04  5.5366E-04  5.5576E-04  5.5237E-04  5.7578E-04  5.6127E-04  6.0663E-04
       5.9278E-04  5.6831E-04  5.6659E-04  5.3357E-04  6.1294E-04  6.2129E-04  5.5999E-04  5.7935E-04  5.4269E-04  5.6625E-04
       5.4868E-04  5.5577E-04  5.9357E-04  5.8721E-04  5.7025E-04  5.7230E-04  5.8148E-04  5.5283E-04  6.0367E-04  5.9030E-04
       5.4837E-04  5.5137E-04  6.0164E-04  5.7793E-04  5.9666E-04  5.6020E-04  5.7928E-04  5.6008E-04  5.7824E-04  5.7031E-04
       5.5093E-04  5.5612E-04  5.6041E-04  5.6492E-04  5.6460E-04  6.0895E-04  5.6937E-04  5.5929E-04  5.4021E-04  6.2601E-04
       5.6849E-04  5.8775E-04  5.5358E-04  5.6081E-04  5.4522E-04  5.3744E-04  5.2581E-04  5.6263E-04  5.6041E-04  5.5157E-04
       5.2386E-04  5.7924E-04  5.4405E-04  5.1074E-04  5.5876E-04  5.1008E-04  5.2260E-04  5.6100E-04  5.1448E-04  5.5568E-04
       5.4777E-04  5.3083E-04  5.3613E-04  5.3855E-04  5.2120E-04  5.1983E-04  5.1369E-04  5.2760E-04  5.1626E-04  5.1988E-04
       5.1881E-04  5.1937E-04  5.0961E-04  5.0354E-04  5.0137E-04  4.8339E-04  4.7474E-04  5.1906E-04  4.9731E-04  5.0086E-04
       5.1347E-04  5.0731E-04  4.8339E-04  4.8848E-04  5.0534E-04  4.9957E-04  4.8634E-04  4.8337E-04  4.8234E-04  4.8802E-04
       4.8597E-04  4.8672E-04  5.0733E-04  4.4179E-04  4.9402E-04  4.9704E-04  4.5381E-04  4.7967E-04  4.5562E-04  4.8401E-04
       4.8029E-04  5.0653E-04  4.8033E-04  4.3948E-04  4.8938E-04  4.6476E-04  4.3402E-04  4.7993E-04  4.3735E-04  4.4819E-04
       4.6700E-04  4.9549E-04  4.4981E-04  4.6122E-04  4.2295E-04  4.8463E-04  4.7123E-04  4.4776E-04  4.1735E-04  4.2352E-04
       4.5081E-04  4.4001E-04  4.3027E-04  4.1700E-04  3.9756E-04  4.2007E-04  4.3263E-04  4.0994E-04  3.7202E-04  4.6540E-04
       4.1244E-04  4.2912E-04  4.0092E-04  4.3420E-04  4.3765E-04  3.8120E-04  4.1389E-04  4.0915E-04  4.0111E-04  3.9368E-04
       4.0338E-04  3.9265E-04  3.6578E-04  4.0065E-04  4.1143E-04  3.7792E-04  4.0779E-04  3.5475E-04  3.8818E-04  3.7838E-04
       3.4636E-04  3.8732E-04  3.8365E-04  3.3127E-04  3.6277E-04  3.6198E-04  3.9312E-04  3.3923E-04  3.4677E-04  3.7437E-04
       3.1294E-04  3.3304E-04  3.5094E-04  3.0868E-04  3.2322E-04  3.6506E-04  3.4230E-04  3.2999E-04  3.2036E-04  3.3934E-04
       3.0211E-04  2.8934E-04  2.7686E-04  2.9157E-04  3.0737E-04  2.7199E-04  3.1529E-04  3.0654E-04  2.8389E-04  2.7444E-04
       2.6289E-04  2.6797E-04  2.8115E-04  2.5444E-04  2.3657E-04  2.4412E-04  2.5683E-04  2.2424E-04  1.9959E-04  1.9418E-04
       1.9990E-04  2.1945E-04  2.0941E-04  2.0023E-04  1.9043E-04  1.8446E-04  1.6851E-04  1.7702E-04  1.7265E-04  1.5241E-04
       1.6732E-04  1.6437E-04  1.4782E-04  1.5326E-04  1.7426E-04  1.9104E-04  1.5593E-04  2.0476E-04  1.9064E-04  1.8364E-04
       1.9737E-04  2.1729E-04  1.9534E-04  2.5165E-04  2.3268E-04  2.3880E-04  2.6843E-04  3.0911E-04  3.2332E-04  3.2404E-04
       3.6836E-04  5.0747E-04  6.2454E-04  8.5272E-04  1.1185E-03  1.6551E-03  2.4143E-03  3.6017E-03  5.3171E-03  8.0800E-03
       1.1820E-02  1.7174E-02  2.4323E-02  3.3899E-02  4.7177E-02  6.3528E-02  8.4357E-02  1.0995E-01  1.3898E-01  1.7306E-01
       2.1208E-01  2.5202E-01  2.9599E-01  3.3760E-01  3.7838E-01  4.1192E-01  4.3918E-01  4.5652E-01  4.6406E-01  4.5998E-01
       4.4402E-01  4.1977E-01  3.8654E-01  3.4696E-01  3.0130E-01  2.5573E-01  2.1257E-01  1.7129E-01  1.3416E-01  1.0158E-01
       7.6123E-02  5.4624E-02  3.8470E-02  2.5986E-02  1.7138E-02  1.1190E-02  6.8770E-03  4.1516E-03  2.4610E-03  1.3913E-03
       7.6249E-04  3.9640E-04  2.3002E-04  1.0984E-04  5.0943E-05  2.3876E-05  7.1628E-06  8.7548E-06  0.0000E+00  7.9587E-07
       7.9592E-07  0.0000E+00  0.0000E+00  0.0000E+00  0.0000E+00  0.0000E+00  0.0000E+00  0.0000E+00  0.0000E+00  0.0000E+00
       0.0000E+00  0.0000E+00  0.0000E+00  0.0000E+00  0.0000E+00  0.0000E+00  0.0000E+00  0.0000E+00  0.0000E+00  0.0000E+00
       0.0000E+00  0.0000E+00  0.0000E+00  0.0000E+00  0.0000E+00  0.0000E+00  0.0000E+00  0.0000E+00  0.0000E+00  0.0000E+00
       0.0000E+00  0.0000E+00  0.0000E+00  0.0000E+00  0.0000E+00  0.0000E+00  0.0000E+00  0.0000E+00  0.0000E+00  0.0000E+00
       0.0000E+00  0.0000E+00  0.0000E+00  0.0000E+00  0.0000E+00  0.0000E+00  0.0000E+00  0.0000E+00  0.0000E+00  0.0000E+00
       0.0000E+00  0.0000E+00  0.0000E+00  0.0000E+00  0.0000E+00  0.0000E+00  0.0000E+00  0.0000E+00  0.0000E+00  0.0000E+00
       0.0000E+00  0.0000E+00  0.0000E+00  0.0000E+00  0.0000E+00  0.0000E+00  0.0000E+00  0.0000E+00  0.0000E+00  0.0000E+00
       0.0000E+00  0.0000E+00  0.0000E+00  0.0000E+00  0.0000E+00  0.0000E+00  0.0000E+00  0.0000E+00  0.0000E+00  0.0000E+00
       0.0000E+00  0.0000E+00  0.0000E+00  0.0000E+00  0.0000E+00  0.0000E+00  0.0000E+00  0.0000E+00  0.0000E+00  0.0000E+00
       0.0000E+00  0.0000E+00  0.0000E+00  0.0000E+00  0.0000E+00  0.0000E+00  0.0000E+00  0.0000E+00  0.0000E+00  0.0000E+00
       0.0000E+00  0.0000E+00  0.0000E+00  0.0000E+00  0.0000E+00  0.0000E+00  0.0000E+00  0.0000E+00  0.0000E+00  0.0000E+00
       0.0000E+00  0.0000E+00  0.0000E+00  0.0000E+00  0.0000E+00  0.0000E+00  0.0000E+00  0.0000E+00  0.0000E+00  0.0000E+00
       0.0000E+00  0.0000E+00  0.0000E+00  0.0000E+00  0.0000E+00  0.0000E+00  0.0000E+00  0.0000E+00  0.0000E+00  0.0000E+00
       0.0000E+00  0.0000E+00  0.0000E+00  0.0000E+00  0.0000E+00  0.0000E+00  0.0000E+00  0.0000E+00  0.0000E+00  0.0000E+00
       0.0000E+00  0.0000E+00  0.0000E+00  0.0000E+00  0.0000E+00  0.0000E+00  0.0000E+00  0.0000E+00  0.0000E+00  0.0000E+00
       0.0000E+00  0.0000E+00  0.0000E+00  0.0000E+00  0.0000E+00  0.0000E+00  0.0000E+00  0.0000E+00  0.0000E+00  0.0000E+00
       0.0000E+00  0.0000E+00  0.0000E+00  0.0000E+00  0.0000E+00  0.0000E+00  0.0000E+00  0.0000E+00  0.0000E+00  0.0000E+00
       0.0000E+00  0.0000E+00  0.0000E+00  0.0000E+00  0.0000E+00  0.0000E+00  0.0000E+00  0.0000E+00  0.0000E+00  0.0000E+00
       0.0000E+00  0.0000E+00  0.0000E+00  0.0000E+00  0.0000E+00  0.0000E+00  0.0000E+00  0.0000E+00  0.0000E+00  0.0000E+00
       0.0000E+00  0.0000E+00  0.0000E+00  0.0000E+00  0.0000E+00  0.0000E+00  0.0000E+00  0.0000E+00  0.0000E+00  0.0000E+00
       0.0000E+00  0.0000E+00  0.0000E+00  0.0000E+00  0.0000E+00  0.0000E+00  0.0000E+00  0.0000E+00  0.0000E+00  0.0000E+00
       0.0000E+00  0.0000E+00  0.0000E+00  0.0000E+00  0.0000E+00  0.0000E+00  0.0000E+00  0.0000E+00  0.0000E+00  0.0000E+00
       0.0000E+00  0.0000E+00  0.0000E+00  0.0000E+00  0.0000E+00  0.0000E+00  0.0000E+00  0.0000E+00  0.0000E+00  0.0000E+00
       0.0000E+00  0.0000E+00  0.0000E+00  0.0000E+00  0.0000E+00  0.0000E+00  0.0000E+00  0.0000E+00  0.0000E+00  0.0000E+00
       0.0000E+00  0.0000E+00  0.0000E+00  0.0000E+00  0.0000E+00  0.0000E+00  0.0000E+00  0.0000E+00  0.0000E+00  0.0000E+00
       0.0000E+00  0.0000E+00  0.0000E+00  0.0000E+00  0.0000E+00  0.0000E+00  0.0000E+00  0.0000E+00  0.0000E+00  0.0000E+00
       0.0000E+00  0.0000E+00  0.0000E+00  0.0000E+00  0.0000E+00  0.0000E+00  0.0000E+00  0.0000E+00  0.0000E+00  0.0000E+00
       0.0000E+00  0.0000E+00  0.0000E+00  0.0000E+00  0.0000E+00  0.0000E+00  0.0000E+00  0.0000E+00  0.0000E+00  0.0000E+00
       0.0000E+00  0.0000E+00  0.0000E+00  0.0000E+00  0.0000E+00  0.0000E+00  0.0000E+00  0.0000E+00  0.0000E+00  0.0000E+00
       0.0000E+00  0.0000E+00  0.0000E+00  0.0000E+00  0.0000E+00  0.0000E+00  0.0000E+00  0.0000E+00  0.0000E+00  0.0000E+00
       0.0000E+00  0.0000E+00  0.0000E+00  0.0000E+00  0.0000E+00  0.0000E+00  0.0000E+00  0.0000E+00  0.0000E+00  0.0000E+00
       0.0000E+00  0.0000E+00  0.0000E+00  0.0000E+00  0.0000E+00  0.0000E+00  0.0000E+00  0.0000E+00  0.0000E+00  0.0000E+00
       0.0000E+00  0.0000E+00  0.0000E+00  0.0000E+00  0.0000E+00  0.0000E+00  0.0000E+00  0.0000E+00  0.0000E+00  0.0000E+00
       0.0000E+00  0.0000E+00  0.0000E+00  0.0000E+00  0.0000E+00  0.0000E+00  0.0000E+00  0.0000E+00  0.0000E+00  0.0000E+00
1

   Bdrx n.   6  "ofluence  " , generalized particle n.    1, from region n.     5 to region n.     4
      detector area:  1.0000E+02 cm**2
      this is a one way only estimator
      this is a fluence like estimator
      linear energy binning from   0.0000E+00 to  3.0000E+02 GeV,     1 bins ( 3.0000E+02 GeV wide)
      linear angular binning from  0.0000E+00 to  6.2832E+00 sr ,     1 bins ( 6.2832E+00 sr wide )
      Data follow in a matrix A(ie,ia), format (1(5x,1p,10(1x,e11.4)))

       5.3059E-06
