
 *****  Protons in Lexan (0.23GeV, 3cm)                                                   *****

           DATE: 12/18/18,  TIME:  3:15:16

          Total number of particles followed       10000000, for a total weight of  1.0000E+07

1

   Bdrx n.   4  "ocurrent  " , generalized particle n.    1, from region n.     5 to region n.     4
      detector area:  1.0000E+02 cm**2
      this is a one way only estimator
      this is a current like estimator
      linear energy binning from   1.5000E-01 to  2.8000E-01 GeV,   650 bins ( 2.0000E-04 GeV wide)
      linear angular binning from  0.0000E+00 to  6.2832E+00 sr ,     1 bins ( 6.2832E+00 sr wide )
      Data follow in a matrix A(ie,ia), format (1(5x,1p,10(1x,e11.4)))

       4.7906E-04  4.9099E-04  5.0134E-04  4.9815E-04  4.6792E-04  4.9338E-04  5.0850E-04  4.8861E-04  5.1646E-04  4.6792E-04
       5.1009E-04  4.9258E-04  5.1168E-04  5.0611E-04  5.2044E-04  4.5518E-04  4.8861E-04  4.9577E-04  4.8701E-04  4.5837E-04
       5.0452E-04  4.8383E-04  5.0134E-04  4.8940E-04  4.8542E-04  4.8224E-04  4.8304E-04  4.9736E-04  4.9418E-04  5.3078E-04
       5.2282E-04  4.9975E-04  4.9418E-04  4.6871E-04  5.3715E-04  5.4670E-04  4.9179E-04  5.0930E-04  4.7587E-04  4.9975E-04
       4.8065E-04  4.8622E-04  5.2362E-04  5.1805E-04  5.0134E-04  5.0213E-04  5.0930E-04  4.9179E-04  5.2919E-04  5.1885E-04
       4.8383E-04  4.8224E-04  5.2839E-04  5.1089E-04  5.2839E-04  4.9895E-04  5.1725E-04  4.9577E-04  5.1407E-04  5.0850E-04
       4.9099E-04  4.9577E-04  4.9338E-04  5.0293E-04  5.0134E-04  5.4192E-04  5.0850E-04  4.9895E-04  4.8542E-04  5.5704E-04
       5.0611E-04  5.2282E-04  4.9418E-04  5.0293E-04  4.8781E-04  4.8065E-04  4.7110E-04  5.0691E-04  5.0293E-04  4.9577E-04
       4.7269E-04  5.1885E-04  4.8781E-04  4.5996E-04  4.9975E-04  4.6075E-04  4.7189E-04  5.0452E-04  4.6155E-04  5.0293E-04
       4.9258E-04  4.7826E-04  4.8542E-04  4.8940E-04  4.7269E-04  4.7030E-04  4.6553E-04  4.7587E-04  4.6712E-04  4.7189E-04
       4.6871E-04  4.7110E-04  4.6314E-04  4.5757E-04  4.5677E-04  4.3768E-04  4.2972E-04  4.7508E-04  4.5120E-04  4.5439E-04
       4.6792E-04  4.5916E-04  4.4245E-04  4.4484E-04  4.6155E-04  4.5677E-04  4.4484E-04  4.4325E-04  4.4245E-04  4.4563E-04
       4.4643E-04  4.4484E-04  4.6155E-04  4.0664E-04  4.5280E-04  4.5757E-04  4.1778E-04  4.4245E-04  4.1937E-04  4.4165E-04
       4.4404E-04  4.6712E-04  4.4165E-04  4.0187E-04  4.4961E-04  4.2813E-04  4.0187E-04  4.4086E-04  4.0107E-04  4.1221E-04
       4.2813E-04  4.5757E-04  4.1380E-04  4.2415E-04  3.8993E-04  4.4802E-04  4.3449E-04  4.1301E-04  3.8754E-04  3.9391E-04
       4.1858E-04  4.0823E-04  3.9709E-04  3.8595E-04  3.6685E-04  3.9073E-04  4.0266E-04  3.8197E-04  3.4775E-04  4.3290E-04
       3.8436E-04  3.9948E-04  3.7401E-04  4.0346E-04  4.0585E-04  3.5651E-04  3.8515E-04  3.8356E-04  3.7481E-04  3.6526E-04
       3.7958E-04  3.6526E-04  3.4139E-04  3.7561E-04  3.8754E-04  3.5571E-04  3.8197E-04  3.3263E-04  3.6446E-04  3.5651E-04
       3.2547E-04  3.6526E-04  3.6287E-04  3.1354E-04  3.4139E-04  3.3980E-04  3.7004E-04  3.2070E-04  3.2627E-04  3.5253E-04
       2.9682E-04  3.1751E-04  3.3263E-04  2.9285E-04  3.0796E-04  3.4377E-04  3.2229E-04  3.1274E-04  3.0558E-04  3.2388E-04
       2.8648E-04  2.7454E-04  2.6340E-04  2.7773E-04  2.9285E-04  2.5863E-04  3.0080E-04  2.9125E-04  2.6818E-04  2.6022E-04
       2.5067E-04  2.5544E-04  2.6738E-04  2.4112E-04  2.2441E-04  2.3237E-04  2.4271E-04  2.1327E-04  1.9099E-04  1.8144E-04
       1.8939E-04  2.0770E-04  1.9815E-04  1.8860E-04  1.7905E-04  1.7427E-04  1.5677E-04  1.6552E-04  1.6075E-04  1.4244E-04
       1.5438E-04  1.5199E-04  1.3767E-04  1.4324E-04  1.6234E-04  1.7825E-04  1.4563E-04  1.8939E-04  1.7905E-04  1.7268E-04
       1.8542E-04  2.0451E-04  1.8542E-04  2.3794E-04  2.1963E-04  2.2839E-04  2.5544E-04  2.9762E-04  3.0956E-04  3.1274E-04
       3.5492E-04  4.8861E-04  6.0877E-04  8.3716E-04  1.1014E-03  1.6337E-03  2.3937E-03  3.5778E-03  5.2863E-03  8.0485E-03
       1.1783E-02  1.7128E-02  2.4272E-02  3.3842E-02  4.7111E-02  6.3452E-02  8.4269E-02  1.0985E-01  1.3887E-01  1.7294E-01
       2.1195E-01  2.5188E-01  2.9583E-01  3.3744E-01  3.7821E-01  4.1175E-01  4.3900E-01  4.5635E-01  4.6389E-01  4.5982E-01
       4.4388E-01  4.1964E-01  3.8643E-01  3.4686E-01  3.0122E-01  2.5566E-01  2.1252E-01  1.7125E-01  1.3413E-01  1.0156E-01
       7.6106E-02  5.4611E-02  3.8461E-02  2.5980E-02  1.7134E-02  1.1187E-02  6.8755E-03  4.1508E-03  2.4605E-03  1.3910E-03
       7.6235E-04  3.9630E-04  2.2998E-04  1.0982E-04  5.0930E-05  2.3873E-05  7.1620E-06  8.7535E-06  0.0000E+00  7.9577E-07
       7.9577E-07  0.0000E+00  0.0000E+00  0.0000E+00  0.0000E+00  0.0000E+00  0.0000E+00  0.0000E+00  0.0000E+00  0.0000E+00
       0.0000E+00  0.0000E+00  0.0000E+00  0.0000E+00  0.0000E+00  0.0000E+00  0.0000E+00  0.0000E+00  0.0000E+00  0.0000E+00
       0.0000E+00  0.0000E+00  0.0000E+00  0.0000E+00  0.0000E+00  0.0000E+00  0.0000E+00  0.0000E+00  0.0000E+00  0.0000E+00
       0.0000E+00  0.0000E+00  0.0000E+00  0.0000E+00  0.0000E+00  0.0000E+00  0.0000E+00  0.0000E+00  0.0000E+00  0.0000E+00
       0.0000E+00  0.0000E+00  0.0000E+00  0.0000E+00  0.0000E+00  0.0000E+00  0.0000E+00  0.0000E+00  0.0000E+00  0.0000E+00
       0.0000E+00  0.0000E+00  0.0000E+00  0.0000E+00  0.0000E+00  0.0000E+00  0.0000E+00  0.0000E+00  0.0000E+00  0.0000E+00
       0.0000E+00  0.0000E+00  0.0000E+00  0.0000E+00  0.0000E+00  0.0000E+00  0.0000E+00  0.0000E+00  0.0000E+00  0.0000E+00
       0.0000E+00  0.0000E+00  0.0000E+00  0.0000E+00  0.0000E+00  0.0000E+00  0.0000E+00  0.0000E+00  0.0000E+00  0.0000E+00
       0.0000E+00  0.0000E+00  0.0000E+00  0.0000E+00  0.0000E+00  0.0000E+00  0.0000E+00  0.0000E+00  0.0000E+00  0.0000E+00
       0.0000E+00  0.0000E+00  0.0000E+00  0.0000E+00  0.0000E+00  0.0000E+00  0.0000E+00  0.0000E+00  0.0000E+00  0.0000E+00
       0.0000E+00  0.0000E+00  0.0000E+00  0.0000E+00  0.0000E+00  0.0000E+00  0.0000E+00  0.0000E+00  0.0000E+00  0.0000E+00
       0.0000E+00  0.0000E+00  0.0000E+00  0.0000E+00  0.0000E+00  0.0000E+00  0.0000E+00  0.0000E+00  0.0000E+00  0.0000E+00
       0.0000E+00  0.0000E+00  0.0000E+00  0.0000E+00  0.0000E+00  0.0000E+00  0.0000E+00  0.0000E+00  0.0000E+00  0.0000E+00
       0.0000E+00  0.0000E+00  0.0000E+00  0.0000E+00  0.0000E+00  0.0000E+00  0.0000E+00  0.0000E+00  0.0000E+00  0.0000E+00
       0.0000E+00  0.0000E+00  0.0000E+00  0.0000E+00  0.0000E+00  0.0000E+00  0.0000E+00  0.0000E+00  0.0000E+00  0.0000E+00
       0.0000E+00  0.0000E+00  0.0000E+00  0.0000E+00  0.0000E+00  0.0000E+00  0.0000E+00  0.0000E+00  0.0000E+00  0.0000E+00
       0.0000E+00  0.0000E+00  0.0000E+00  0.0000E+00  0.0000E+00  0.0000E+00  0.0000E+00  0.0000E+00  0.0000E+00  0.0000E+00
       0.0000E+00  0.0000E+00  0.0000E+00  0.0000E+00  0.0000E+00  0.0000E+00  0.0000E+00  0.0000E+00  0.0000E+00  0.0000E+00
       0.0000E+00  0.0000E+00  0.0000E+00  0.0000E+00  0.0000E+00  0.0000E+00  0.0000E+00  0.0000E+00  0.0000E+00  0.0000E+00
       0.0000E+00  0.0000E+00  0.0000E+00  0.0000E+00  0.0000E+00  0.0000E+00  0.0000E+00  0.0000E+00  0.0000E+00  0.0000E+00
       0.0000E+00  0.0000E+00  0.0000E+00  0.0000E+00  0.0000E+00  0.0000E+00  0.0000E+00  0.0000E+00  0.0000E+00  0.0000E+00
       0.0000E+00  0.0000E+00  0.0000E+00  0.0000E+00  0.0000E+00  0.0000E+00  0.0000E+00  0.0000E+00  0.0000E+00  0.0000E+00
       0.0000E+00  0.0000E+00  0.0000E+00  0.0000E+00  0.0000E+00  0.0000E+00  0.0000E+00  0.0000E+00  0.0000E+00  0.0000E+00
       0.0000E+00  0.0000E+00  0.0000E+00  0.0000E+00  0.0000E+00  0.0000E+00  0.0000E+00  0.0000E+00  0.0000E+00  0.0000E+00
       0.0000E+00  0.0000E+00  0.0000E+00  0.0000E+00  0.0000E+00  0.0000E+00  0.0000E+00  0.0000E+00  0.0000E+00  0.0000E+00
       0.0000E+00  0.0000E+00  0.0000E+00  0.0000E+00  0.0000E+00  0.0000E+00  0.0000E+00  0.0000E+00  0.0000E+00  0.0000E+00
       0.0000E+00  0.0000E+00  0.0000E+00  0.0000E+00  0.0000E+00  0.0000E+00  0.0000E+00  0.0000E+00  0.0000E+00  0.0000E+00
       0.0000E+00  0.0000E+00  0.0000E+00  0.0000E+00  0.0000E+00  0.0000E+00  0.0000E+00  0.0000E+00  0.0000E+00  0.0000E+00
       0.0000E+00  0.0000E+00  0.0000E+00  0.0000E+00  0.0000E+00  0.0000E+00  0.0000E+00  0.0000E+00  0.0000E+00  0.0000E+00
       0.0000E+00  0.0000E+00  0.0000E+00  0.0000E+00  0.0000E+00  0.0000E+00  0.0000E+00  0.0000E+00  0.0000E+00  0.0000E+00
       0.0000E+00  0.0000E+00  0.0000E+00  0.0000E+00  0.0000E+00  0.0000E+00  0.0000E+00  0.0000E+00  0.0000E+00  0.0000E+00
       0.0000E+00  0.0000E+00  0.0000E+00  0.0000E+00  0.0000E+00  0.0000E+00  0.0000E+00  0.0000E+00  0.0000E+00  0.0000E+00
       0.0000E+00  0.0000E+00  0.0000E+00  0.0000E+00  0.0000E+00  0.0000E+00  0.0000E+00  0.0000E+00  0.0000E+00  0.0000E+00
       0.0000E+00  0.0000E+00  0.0000E+00  0.0000E+00  0.0000E+00  0.0000E+00  0.0000E+00  0.0000E+00  0.0000E+00  0.0000E+00
