
 *****  Protons in Lexan (0.13GeV, 2cm)                                                   *****

           DATE: 12/19/18,  TIME:  8:48: 1

          Total number of particles followed       16666666, for a total weight of  1.6667E+07

1

   Bdrx n.   2  "ofluence  " , generalized particle n.    1, from region n.     5 to region n.     4
      detector area:  1.0000E+02 cm**2
      this is a one way only estimator
      this is a fluence like estimator
      linear energy binning from   5.0000E-02 to  1.8000E-01 GeV,   650 bins ( 2.0000E-04 GeV wide)
      linear angular binning from  0.0000E+00 to  6.2832E+00 sr ,     1 bins ( 6.2832E+00 sr wide )
      Data follow in a matrix A(ie,ia), format (1(5x,1p,10(1x,e11.4)))

       5.9472E-04  5.8401E-04  5.7410E-04  5.7904E-04  5.8774E-04  6.0435E-04  5.9866E-04  5.8365E-04  5.5622E-04  6.0425E-04
       5.8038E-04  6.0815E-04  6.0410E-04  5.7281E-04  5.5539E-04  6.1084E-04  5.8709E-04  5.6728E-04  5.7886E-04  5.7716E-04
       5.6697E-04  6.1170E-04  5.7539E-04  6.1173E-04  5.8494E-04  6.1748E-04  6.0436E-04  5.9891E-04  6.1041E-04  5.9562E-04
       5.7715E-04  5.9112E-04  5.9493E-04  5.8384E-04  6.0345E-04  5.8912E-04  5.8866E-04  6.8388E-04  6.3050E-04  6.1325E-04
       6.1302E-04  5.5885E-04  6.1235E-04  6.3371E-04  6.1052E-04  6.1854E-04  6.0439E-04  6.2860E-04  6.0009E-04  5.7756E-04
       6.1942E-04  6.0356E-04  6.0296E-04  6.0855E-04  6.0539E-04  5.8227E-04  6.0393E-04  6.1384E-04  5.9457E-04  6.0484E-04
       6.2759E-04  6.3795E-04  6.2395E-04  6.1522E-04  6.0378E-04  6.1729E-04  6.0766E-04  6.2108E-04  5.8874E-04  6.0850E-04
       5.7958E-04  5.9786E-04  5.9846E-04  6.0001E-04  5.8132E-04  6.2065E-04  6.4126E-04  6.1003E-04  6.0529E-04  5.9322E-04
       5.9465E-04  6.2615E-04  5.4898E-04  6.1742E-04  6.3091E-04  5.9969E-04  6.1015E-04  6.2827E-04  5.6420E-04  6.1404E-04
       6.0738E-04  5.7247E-04  5.9641E-04  6.0986E-04  6.0401E-04  6.1421E-04  5.8593E-04  5.8776E-04  6.1355E-04  6.0882E-04
       6.0232E-04  6.0967E-04  5.7777E-04  5.9262E-04  5.8221E-04  6.1869E-04  5.9977E-04  5.7721E-04  6.2222E-04  5.7871E-04
       5.9403E-04  5.9939E-04  5.4172E-04  5.8317E-04  5.4870E-04  5.9416E-04  5.6569E-04  5.6711E-04  5.9542E-04  5.5340E-04
       5.7488E-04  5.8680E-04  5.6237E-04  5.5146E-04  5.9611E-04  5.6534E-04  5.5957E-04  5.4728E-04  5.8375E-04  5.7374E-04
       5.4322E-04  5.3779E-04  5.6221E-04  5.5313E-04  5.5937E-04  5.4098E-04  5.5844E-04  5.5304E-04  5.4380E-04  5.3551E-04
       5.3286E-04  5.3809E-04  5.5747E-04  5.3374E-04  5.3173E-04  5.3076E-04  5.2134E-04  5.5101E-04  5.2660E-04  5.0119E-04
       5.1904E-04  5.2674E-04  4.9919E-04  5.2404E-04  5.1348E-04  5.0947E-04  5.2027E-04  5.0917E-04  5.2781E-04  4.9181E-04
       4.9607E-04  5.0543E-04  5.0854E-04  5.1489E-04  5.2477E-04  4.9447E-04  5.0921E-04  4.8100E-04  4.5325E-04  4.8489E-04
       4.9502E-04  4.8451E-04  4.8724E-04  4.8851E-04  4.8855E-04  4.7868E-04  4.4720E-04  5.0558E-04  4.8160E-04  5.0000E-04
       4.5912E-04  4.8130E-04  4.7405E-04  5.0366E-04  4.5643E-04  4.4173E-04  4.8508E-04  4.4252E-04  4.4724E-04  4.4094E-04
       4.4801E-04  4.5821E-04  4.3302E-04  4.3514E-04  4.4936E-04  4.5448E-04  4.1332E-04  4.4010E-04  4.2241E-04  4.2230E-04
       4.2701E-04  3.9238E-04  4.3768E-04  4.3125E-04  4.0444E-04  4.3023E-04  4.0103E-04  3.9466E-04  3.8498E-04  3.8958E-04
       3.8238E-04  3.6986E-04  3.9389E-04  3.8402E-04  3.4768E-04  3.8154E-04  3.5314E-04  3.4479E-04  3.7087E-04  3.7130E-04
       3.4627E-04  3.4854E-04  3.3485E-04  3.0914E-04  3.1964E-04  3.0435E-04  2.9809E-04  3.0856E-04  2.9148E-04  2.7762E-04
       2.7644E-04  2.5092E-04  2.7351E-04  2.3986E-04  2.3785E-04  2.1553E-04  2.1513E-04  2.2356E-04  2.0889E-04  2.0628E-04
       2.1836E-04  1.9130E-04  2.1270E-04  1.8841E-04  1.9265E-04  2.0501E-04  1.9242E-04  2.3115E-04  2.3552E-04  2.4858E-04
       2.5312E-04  2.3964E-04  2.5212E-04  2.7041E-04  2.9637E-04  3.0302E-04  3.1208E-04  3.3731E-04  3.5771E-04  4.0402E-04
       4.0346E-04  4.0841E-04  4.5817E-04  4.6154E-04  5.1573E-04  5.6385E-04  5.5985E-04  6.1633E-04  6.7097E-04  7.5574E-04
       9.0999E-04  1.1324E-03  1.5905E-03  2.2748E-03  3.5430E-03  5.7102E-03  9.6510E-03  1.6164E-02  2.7109E-02  4.4412E-02
       7.0576E-02  1.0818E-01  1.6058E-01  2.2684E-01  3.0902E-01  4.0098E-01  4.9515E-01  5.8240E-01  6.5313E-01  6.9408E-01
       6.9953E-01  6.6853E-01  6.0406E-01  5.1524E-01  4.1662E-01  3.1509E-01  2.2622E-01  1.5224E-01  9.5666E-02  5.6734E-02
       3.1436E-02  1.6381E-02  8.0257E-03  3.5703E-03  1.4964E-03  5.8559E-04  2.3117E-04  7.8806E-05  2.5789E-05  9.5521E-06
       1.4327E-06  4.7748E-07  0.0000E+00  0.0000E+00  0.0000E+00  0.0000E+00  0.0000E+00  0.0000E+00  0.0000E+00  0.0000E+00
       0.0000E+00  0.0000E+00  0.0000E+00  0.0000E+00  0.0000E+00  0.0000E+00  0.0000E+00  0.0000E+00  0.0000E+00  0.0000E+00
       0.0000E+00  0.0000E+00  0.0000E+00  0.0000E+00  0.0000E+00  0.0000E+00  0.0000E+00  0.0000E+00  0.0000E+00  0.0000E+00
       0.0000E+00  0.0000E+00  0.0000E+00  0.0000E+00  0.0000E+00  0.0000E+00  0.0000E+00  0.0000E+00  0.0000E+00  0.0000E+00
       0.0000E+00  0.0000E+00  0.0000E+00  0.0000E+00  0.0000E+00  0.0000E+00  0.0000E+00  0.0000E+00  0.0000E+00  0.0000E+00
       0.0000E+00  0.0000E+00  0.0000E+00  0.0000E+00  0.0000E+00  0.0000E+00  0.0000E+00  0.0000E+00  0.0000E+00  0.0000E+00
       0.0000E+00  0.0000E+00  0.0000E+00  0.0000E+00  0.0000E+00  0.0000E+00  0.0000E+00  0.0000E+00  0.0000E+00  0.0000E+00
       0.0000E+00  0.0000E+00  0.0000E+00  0.0000E+00  0.0000E+00  0.0000E+00  0.0000E+00  0.0000E+00  0.0000E+00  0.0000E+00
       0.0000E+00  0.0000E+00  0.0000E+00  0.0000E+00  0.0000E+00  0.0000E+00  0.0000E+00  0.0000E+00  0.0000E+00  0.0000E+00
       0.0000E+00  0.0000E+00  0.0000E+00  0.0000E+00  0.0000E+00  0.0000E+00  0.0000E+00  0.0000E+00  0.0000E+00  0.0000E+00
       0.0000E+00  0.0000E+00  0.0000E+00  0.0000E+00  0.0000E+00  0.0000E+00  0.0000E+00  0.0000E+00  0.0000E+00  0.0000E+00
       0.0000E+00  0.0000E+00  0.0000E+00  0.0000E+00  0.0000E+00  0.0000E+00  0.0000E+00  0.0000E+00  0.0000E+00  0.0000E+00
       0.0000E+00  0.0000E+00  0.0000E+00  0.0000E+00  0.0000E+00  0.0000E+00  0.0000E+00  0.0000E+00  0.0000E+00  0.0000E+00
       0.0000E+00  0.0000E+00  0.0000E+00  0.0000E+00  0.0000E+00  0.0000E+00  0.0000E+00  0.0000E+00  0.0000E+00  0.0000E+00
       0.0000E+00  0.0000E+00  0.0000E+00  0.0000E+00  0.0000E+00  0.0000E+00  0.0000E+00  0.0000E+00  0.0000E+00  0.0000E+00
       0.0000E+00  0.0000E+00  0.0000E+00  0.0000E+00  0.0000E+00  0.0000E+00  0.0000E+00  0.0000E+00  0.0000E+00  0.0000E+00
       0.0000E+00  0.0000E+00  0.0000E+00  0.0000E+00  0.0000E+00  0.0000E+00  0.0000E+00  0.0000E+00  0.0000E+00  0.0000E+00
       0.0000E+00  0.0000E+00  0.0000E+00  0.0000E+00  0.0000E+00  0.0000E+00  0.0000E+00  0.0000E+00  0.0000E+00  0.0000E+00
       0.0000E+00  0.0000E+00  0.0000E+00  0.0000E+00  0.0000E+00  0.0000E+00  0.0000E+00  0.0000E+00  0.0000E+00  0.0000E+00
       0.0000E+00  0.0000E+00  0.0000E+00  0.0000E+00  0.0000E+00  0.0000E+00  0.0000E+00  0.0000E+00  0.0000E+00  0.0000E+00
       0.0000E+00  0.0000E+00  0.0000E+00  0.0000E+00  0.0000E+00  0.0000E+00  0.0000E+00  0.0000E+00  0.0000E+00  0.0000E+00
       0.0000E+00  0.0000E+00  0.0000E+00  0.0000E+00  0.0000E+00  0.0000E+00  0.0000E+00  0.0000E+00  0.0000E+00  0.0000E+00
       0.0000E+00  0.0000E+00  0.0000E+00  0.0000E+00  0.0000E+00  0.0000E+00  0.0000E+00  0.0000E+00  0.0000E+00  0.0000E+00
       0.0000E+00  0.0000E+00  0.0000E+00  0.0000E+00  0.0000E+00  0.0000E+00  0.0000E+00  0.0000E+00  0.0000E+00  0.0000E+00
       0.0000E+00  0.0000E+00  0.0000E+00  0.0000E+00  0.0000E+00  0.0000E+00  0.0000E+00  0.0000E+00  0.0000E+00  0.0000E+00
       0.0000E+00  0.0000E+00  0.0000E+00  0.0000E+00  0.0000E+00  0.0000E+00  0.0000E+00  0.0000E+00  0.0000E+00  0.0000E+00
       0.0000E+00  0.0000E+00  0.0000E+00  0.0000E+00  0.0000E+00  0.0000E+00  0.0000E+00  0.0000E+00  0.0000E+00  0.0000E+00
       0.0000E+00  0.0000E+00  0.0000E+00  0.0000E+00  0.0000E+00  0.0000E+00  0.0000E+00  0.0000E+00  0.0000E+00  0.0000E+00
       0.0000E+00  0.0000E+00  0.0000E+00  0.0000E+00  0.0000E+00  0.0000E+00  0.0000E+00  0.0000E+00  0.0000E+00  0.0000E+00
       0.0000E+00  0.0000E+00  0.0000E+00  0.0000E+00  0.0000E+00  0.0000E+00  0.0000E+00  0.0000E+00  0.0000E+00  0.0000E+00
       0.0000E+00  0.0000E+00  0.0000E+00  0.0000E+00  0.0000E+00  0.0000E+00  0.0000E+00  0.0000E+00  0.0000E+00  0.0000E+00
       0.0000E+00  0.0000E+00  0.0000E+00  0.0000E+00  0.0000E+00  0.0000E+00  0.0000E+00  0.0000E+00  0.0000E+00  0.0000E+00
       0.0000E+00  0.0000E+00  0.0000E+00  0.0000E+00  0.0000E+00  0.0000E+00  0.0000E+00  0.0000E+00  0.0000E+00  0.0000E+00
       0.0000E+00  0.0000E+00  0.0000E+00  0.0000E+00  0.0000E+00  0.0000E+00  0.0000E+00  0.0000E+00  0.0000E+00  0.0000E+00
1

   Bdrx n.   6  "ofluence  " , generalized particle n.    1, from region n.     5 to region n.     4
      detector area:  1.0000E+02 cm**2
      this is a one way only estimator
      this is a fluence like estimator
      linear energy binning from   0.0000E+00 to  3.0000E+02 GeV,     1 bins ( 3.0000E+02 GeV wide)
      linear angular binning from  0.0000E+00 to  6.2832E+00 sr ,     1 bins ( 6.2832E+00 sr wide )
      Data follow in a matrix A(ie,ia), format (1(5x,1p,10(1x,e11.4)))

       5.2437E-06
