
 *****  Protons in Lexan (0.13GeV, 2cm)                                                   *****

           DATE: 12/19/18,  TIME:  8:48: 1

          Total number of particles followed       16666666, for a total weight of  1.6667E+07

1

   Bdrx n.   4  "ocurrent  " , generalized particle n.    1, from region n.     5 to region n.     4
      detector area:  1.0000E+02 cm**2
      this is a one way only estimator
      this is a current like estimator
      linear energy binning from   5.0000E-02 to  1.8000E-01 GeV,   650 bins ( 2.0000E-04 GeV wide)
      linear angular binning from  0.0000E+00 to  6.2832E+00 sr ,     1 bins ( 6.2832E+00 sr wide )
      Data follow in a matrix A(ie,ia), format (1(5x,1p,10(1x,e11.4)))

       4.4977E-04  4.4929E-04  4.3927E-04  4.5073E-04  4.5025E-04  4.6839E-04  4.6028E-04  4.5598E-04  4.3831E-04  4.7651E-04
       4.5550E-04  4.6266E-04  4.6266E-04  4.5550E-04  4.2685E-04  4.5884E-04  4.6314E-04  4.4165E-04  4.6219E-04  4.5646E-04
       4.4070E-04  4.7555E-04  4.5168E-04  4.6553E-04  4.6028E-04  4.8654E-04  4.7221E-04  4.6983E-04  4.8749E-04  4.6792E-04
       4.5407E-04  4.5932E-04  4.7269E-04  4.5646E-04  4.8701E-04  4.6744E-04  4.6648E-04  5.3428E-04  5.0182E-04  4.8558E-04
       4.9036E-04  4.4882E-04  4.8415E-04  4.8128E-04  4.8463E-04  4.9370E-04  4.8701E-04  4.9370E-04  4.9227E-04  4.6744E-04
       4.9847E-04  4.8367E-04  4.9227E-04  4.9465E-04  4.8224E-04  4.7030E-04  4.9036E-04  4.9847E-04  4.8367E-04  4.9274E-04
       5.0898E-04  5.2139E-04  5.1375E-04  4.9800E-04  4.9370E-04  5.0325E-04  5.0086E-04  5.0707E-04  4.8845E-04  4.9561E-04
       4.8033E-04  4.9513E-04  4.8845E-04  4.9847E-04  4.8415E-04  5.1662E-04  5.2951E-04  4.9465E-04  5.0373E-04  4.9227E-04
       4.9083E-04  5.2091E-04  4.5741E-04  5.0802E-04  5.3190E-04  5.0086E-04  5.0802E-04  5.1853E-04  4.7746E-04  5.1709E-04
       5.0659E-04  4.8224E-04  4.9752E-04  5.1518E-04  5.1184E-04  5.1900E-04  4.9227E-04  4.9227E-04  5.2139E-04  5.1423E-04
       5.0277E-04  5.1471E-04  4.9083E-04  4.9227E-04  4.9513E-04  5.2521E-04  5.0945E-04  4.9227E-04  5.3190E-04  4.9227E-04
       5.0802E-04  5.1280E-04  4.6314E-04  4.9418E-04  4.7174E-04  5.0850E-04  4.8415E-04  4.9036E-04  5.1423E-04  4.7937E-04
       4.9561E-04  5.0373E-04  4.8654E-04  4.8081E-04  5.1327E-04  4.8940E-04  4.8749E-04  4.6983E-04  5.0325E-04  4.9609E-04
       4.7221E-04  4.6696E-04  4.8749E-04  4.8128E-04  4.8319E-04  4.6839E-04  4.8845E-04  4.8272E-04  4.7317E-04  4.6744E-04
       4.6696E-04  4.6648E-04  4.8463E-04  4.7126E-04  4.6792E-04  4.6505E-04  4.4929E-04  4.7842E-04  4.6075E-04  4.3975E-04
       4.5407E-04  4.5789E-04  4.3211E-04  4.5789E-04  4.5455E-04  4.4882E-04  4.6171E-04  4.4977E-04  4.6314E-04  4.3306E-04
       4.4022E-04  4.4452E-04  4.4882E-04  4.5407E-04  4.6266E-04  4.4070E-04  4.5264E-04  4.2303E-04  4.0537E-04  4.3306E-04
       4.4452E-04  4.3449E-04  4.3640E-04  4.3115E-04  4.3402E-04  4.2447E-04  4.0155E-04  4.4929E-04  4.2829E-04  4.4404E-04
       4.1014E-04  4.2972E-04  4.2638E-04  4.5025E-04  4.1205E-04  3.9343E-04  4.3449E-04  3.9677E-04  3.9964E-04  3.9486E-04
       4.0632E-04  4.1396E-04  3.9439E-04  3.9439E-04  4.0728E-04  4.0871E-04  3.7720E-04  4.0012E-04  3.8531E-04  3.8006E-04
       3.8722E-04  3.5858E-04  3.9295E-04  3.9343E-04  3.6908E-04  3.9248E-04  3.6526E-04  3.6001E-04  3.4998E-04  3.5619E-04
       3.4807E-04  3.3900E-04  3.5619E-04  3.4998E-04  3.1560E-04  3.4282E-04  3.2515E-04  3.1369E-04  3.3566E-04  3.4139E-04
       3.1465E-04  3.2038E-04  3.0558E-04  2.7884E-04  2.8409E-04  2.7645E-04  2.6738E-04  2.8361E-04  2.6452E-04  2.5115E-04
       2.5115E-04  2.2393E-04  2.4446E-04  2.0865E-04  2.1199E-04  1.9337E-04  1.8764E-04  1.9624E-04  1.8335E-04  1.7905E-04
       1.8812E-04  1.6568E-04  1.8335E-04  1.6138E-04  1.6759E-04  1.7666E-04  1.6807E-04  1.9672E-04  2.0579E-04  2.1438E-04
       2.1629E-04  2.0865E-04  2.2202E-04  2.4016E-04  2.6499E-04  2.7120E-04  2.8027E-04  3.0510E-04  3.2372E-04  3.6717E-04
       3.6813E-04  3.7529E-04  4.1778E-04  4.2781E-04  4.7603E-04  5.1709E-04  5.1614E-04  5.6771E-04  6.1545E-04  6.9996E-04
       8.4320E-04  1.0581E-03  1.5054E-03  2.1734E-03  3.4234E-03  5.5811E-03  9.4930E-03  1.5977E-02  2.6900E-02  4.4172E-02
       7.0299E-02  1.0786E-01  1.6022E-01  2.2644E-01  3.0858E-01  4.0051E-01  4.9466E-01  5.8191E-01  6.5264E-01  6.9361E-01
       6.9909E-01  6.6815E-01  6.0374E-01  5.1499E-01  4.1642E-01  3.1495E-01  2.2612E-01  1.5217E-01  9.5628E-02  5.6711E-02
       3.1424E-02  1.6375E-02  8.0228E-03  3.5690E-03  1.4959E-03  5.8537E-04  2.3109E-04  7.8782E-05  2.5783E-05  9.5493E-06
       1.4324E-06  4.7746E-07  0.0000E+00  0.0000E+00  0.0000E+00  0.0000E+00  0.0000E+00  0.0000E+00  0.0000E+00  0.0000E+00
       0.0000E+00  0.0000E+00  0.0000E+00  0.0000E+00  0.0000E+00  0.0000E+00  0.0000E+00  0.0000E+00  0.0000E+00  0.0000E+00
       0.0000E+00  0.0000E+00  0.0000E+00  0.0000E+00  0.0000E+00  0.0000E+00  0.0000E+00  0.0000E+00  0.0000E+00  0.0000E+00
       0.0000E+00  0.0000E+00  0.0000E+00  0.0000E+00  0.0000E+00  0.0000E+00  0.0000E+00  0.0000E+00  0.0000E+00  0.0000E+00
       0.0000E+00  0.0000E+00  0.0000E+00  0.0000E+00  0.0000E+00  0.0000E+00  0.0000E+00  0.0000E+00  0.0000E+00  0.0000E+00
       0.0000E+00  0.0000E+00  0.0000E+00  0.0000E+00  0.0000E+00  0.0000E+00  0.0000E+00  0.0000E+00  0.0000E+00  0.0000E+00
       0.0000E+00  0.0000E+00  0.0000E+00  0.0000E+00  0.0000E+00  0.0000E+00  0.0000E+00  0.0000E+00  0.0000E+00  0.0000E+00
       0.0000E+00  0.0000E+00  0.0000E+00  0.0000E+00  0.0000E+00  0.0000E+00  0.0000E+00  0.0000E+00  0.0000E+00  0.0000E+00
       0.0000E+00  0.0000E+00  0.0000E+00  0.0000E+00  0.0000E+00  0.0000E+00  0.0000E+00  0.0000E+00  0.0000E+00  0.0000E+00
       0.0000E+00  0.0000E+00  0.0000E+00  0.0000E+00  0.0000E+00  0.0000E+00  0.0000E+00  0.0000E+00  0.0000E+00  0.0000E+00
       0.0000E+00  0.0000E+00  0.0000E+00  0.0000E+00  0.0000E+00  0.0000E+00  0.0000E+00  0.0000E+00  0.0000E+00  0.0000E+00
       0.0000E+00  0.0000E+00  0.0000E+00  0.0000E+00  0.0000E+00  0.0000E+00  0.0000E+00  0.0000E+00  0.0000E+00  0.0000E+00
       0.0000E+00  0.0000E+00  0.0000E+00  0.0000E+00  0.0000E+00  0.0000E+00  0.0000E+00  0.0000E+00  0.0000E+00  0.0000E+00
       0.0000E+00  0.0000E+00  0.0000E+00  0.0000E+00  0.0000E+00  0.0000E+00  0.0000E+00  0.0000E+00  0.0000E+00  0.0000E+00
       0.0000E+00  0.0000E+00  0.0000E+00  0.0000E+00  0.0000E+00  0.0000E+00  0.0000E+00  0.0000E+00  0.0000E+00  0.0000E+00
       0.0000E+00  0.0000E+00  0.0000E+00  0.0000E+00  0.0000E+00  0.0000E+00  0.0000E+00  0.0000E+00  0.0000E+00  0.0000E+00
       0.0000E+00  0.0000E+00  0.0000E+00  0.0000E+00  0.0000E+00  0.0000E+00  0.0000E+00  0.0000E+00  0.0000E+00  0.0000E+00
       0.0000E+00  0.0000E+00  0.0000E+00  0.0000E+00  0.0000E+00  0.0000E+00  0.0000E+00  0.0000E+00  0.0000E+00  0.0000E+00
       0.0000E+00  0.0000E+00  0.0000E+00  0.0000E+00  0.0000E+00  0.0000E+00  0.0000E+00  0.0000E+00  0.0000E+00  0.0000E+00
       0.0000E+00  0.0000E+00  0.0000E+00  0.0000E+00  0.0000E+00  0.0000E+00  0.0000E+00  0.0000E+00  0.0000E+00  0.0000E+00
       0.0000E+00  0.0000E+00  0.0000E+00  0.0000E+00  0.0000E+00  0.0000E+00  0.0000E+00  0.0000E+00  0.0000E+00  0.0000E+00
       0.0000E+00  0.0000E+00  0.0000E+00  0.0000E+00  0.0000E+00  0.0000E+00  0.0000E+00  0.0000E+00  0.0000E+00  0.0000E+00
       0.0000E+00  0.0000E+00  0.0000E+00  0.0000E+00  0.0000E+00  0.0000E+00  0.0000E+00  0.0000E+00  0.0000E+00  0.0000E+00
       0.0000E+00  0.0000E+00  0.0000E+00  0.0000E+00  0.0000E+00  0.0000E+00  0.0000E+00  0.0000E+00  0.0000E+00  0.0000E+00
       0.0000E+00  0.0000E+00  0.0000E+00  0.0000E+00  0.0000E+00  0.0000E+00  0.0000E+00  0.0000E+00  0.0000E+00  0.0000E+00
       0.0000E+00  0.0000E+00  0.0000E+00  0.0000E+00  0.0000E+00  0.0000E+00  0.0000E+00  0.0000E+00  0.0000E+00  0.0000E+00
       0.0000E+00  0.0000E+00  0.0000E+00  0.0000E+00  0.0000E+00  0.0000E+00  0.0000E+00  0.0000E+00  0.0000E+00  0.0000E+00
       0.0000E+00  0.0000E+00  0.0000E+00  0.0000E+00  0.0000E+00  0.0000E+00  0.0000E+00  0.0000E+00  0.0000E+00  0.0000E+00
       0.0000E+00  0.0000E+00  0.0000E+00  0.0000E+00  0.0000E+00  0.0000E+00  0.0000E+00  0.0000E+00  0.0000E+00  0.0000E+00
       0.0000E+00  0.0000E+00  0.0000E+00  0.0000E+00  0.0000E+00  0.0000E+00  0.0000E+00  0.0000E+00  0.0000E+00  0.0000E+00
       0.0000E+00  0.0000E+00  0.0000E+00  0.0000E+00  0.0000E+00  0.0000E+00  0.0000E+00  0.0000E+00  0.0000E+00  0.0000E+00
       0.0000E+00  0.0000E+00  0.0000E+00  0.0000E+00  0.0000E+00  0.0000E+00  0.0000E+00  0.0000E+00  0.0000E+00  0.0000E+00
       0.0000E+00  0.0000E+00  0.0000E+00  0.0000E+00  0.0000E+00  0.0000E+00  0.0000E+00  0.0000E+00  0.0000E+00  0.0000E+00
       0.0000E+00  0.0000E+00  0.0000E+00  0.0000E+00  0.0000E+00  0.0000E+00  0.0000E+00  0.0000E+00  0.0000E+00  0.0000E+00
