
 *****  Protons in Lexan (0.13GeV, 2cm)                                                   *****

           DATE: 12/19/18,  TIME:  8:48: 1

          Total number of particles followed       16666666, for a total weight of  1.6667E+07

1

   Res. nuclei n.   1  "Ian       " ,  all         products, region n.     5
      detector volume:  1.0000E+00 cm**3
      Max. Z:  10, Max. N-Z:  11 Min. N-Z: -4
      Data follow in a matrix A(z,n-z-k), k: -5 format (1(5x,1p,10(1x,e11.4)))

       0.0000E+00  0.0000E+00  0.0000E+00  0.0000E+00  0.0000E+00  0.0000E+00  0.0000E+00  0.0000E+00  0.0000E+00  0.0000E+00
       0.0000E+00  0.0000E+00  0.0000E+00  0.0000E+00  0.0000E+00  2.0700E-05  0.0000E+00  1.0200E-06  0.0000E+00  0.0000E+00
       0.0000E+00  0.0000E+00  0.0000E+00  0.0000E+00  1.7532E-04  2.5830E-04  3.9720E-05  4.7100E-05  0.0000E+00  0.0000E+00
       4.5204E-02  4.9360E-03  0.0000E+00  2.4134E-03  0.0000E+00  6.4818E-03  8.2260E-05  1.5283E-03  0.0000E+00  0.0000E+00
       1.0472E-02  4.1583E-02  3.3268E-03  0.0000E+00  2.0416E-03  1.4747E-02  7.5570E-04  1.7359E-03  6.0000E-08  3.6000E-07
       2.3581E-03  0.0000E+00  1.6417E-03  4.4951E-04  3.7662E-03  4.8582E-04  9.3833E-04  1.8842E-06  6.0000E-08  0.0000E+00
       0.0000E+00  8.2200E-05  1.2414E-04  2.3766E-04  4.0583E-05  8.8500E-05  2.3214E-06  2.5200E-06  0.0000E+00  0.0000E+00
       0.0000E+00  0.0000E+00  3.9600E-06  7.8000E-07  2.0400E-06  6.0000E-08  9.6000E-07  0.0000E+00  0.0000E+00  0.0000E+00
       0.0000E+00  0.0000E+00  0.0000E+00  0.0000E+00  0.0000E+00  6.0000E-08  0.0000E+00  0.0000E+00  0.0000E+00  0.0000E+00
       0.0000E+00  0.0000E+00  0.0000E+00  0.0000E+00  0.0000E+00  0.0000E+00  0.0000E+00  0.0000E+00  0.0000E+00  0.0000E+00
       0.0000E+00  0.0000E+00  0.0000E+00  0.0000E+00  0.0000E+00  0.0000E+00  0.0000E+00  0.0000E+00  0.0000E+00  0.0000E+00
       0.0000E+00  0.0000E+00  0.0000E+00  0.0000E+00  0.0000E+00  0.0000E+00  0.0000E+00  0.0000E+00  0.0000E+00  0.0000E+00
       0.0000E+00  0.0000E+00  0.0000E+00  0.0000E+00  0.0000E+00  0.0000E+00  0.0000E+00  0.0000E+00  0.0000E+00  0.0000E+00
       0.0000E+00  0.0000E+00  0.0000E+00  0.0000E+00  0.0000E+00  0.0000E+00  0.0000E+00  0.0000E+00  0.0000E+00  0.0000E+00
       0.0000E+00  0.0000E+00  0.0000E+00  0.0000E+00  0.0000E+00  0.0000E+00  0.0000E+00  0.0000E+00  0.0000E+00  0.0000E+00
       0.0000E+00  0.0000E+00  0.0000E+00  0.0000E+00  0.0000E+00  0.0000E+00  0.0000E+00  0.0000E+00  0.0000E+00  0.0000E+00
