
 *****  Protons in Lexan (0.11GeV, 1.0cm)                                                 *****

           DATE: 12/17/18,  TIME:  2:54:19

          Total number of particles followed       17000000, for a total weight of  1.7000E+07

1

   Res. nuclei n.   1  "Ian       " ,  all         products, region n.     5
      detector volume:  1.0000E+00 cm**3
      Max. Z:  10, Max. N-Z:  11 Min. N-Z: -4
      Data follow in a matrix A(z,n-z-k), k: -5 format (1(5x,1p,10(1x,e11.4)))

       0.0000E+00  0.0000E+00  0.0000E+00  0.0000E+00  0.0000E+00  0.0000E+00  0.0000E+00  0.0000E+00  0.0000E+00  0.0000E+00
       0.0000E+00  0.0000E+00  0.0000E+00  0.0000E+00  0.0000E+00  1.2882E-05  0.0000E+00  5.6471E-06  0.0000E+00  0.0000E+00
       0.0000E+00  0.0000E+00  0.0000E+00  0.0000E+00  1.5612E-04  2.9053E-04  9.1000E-05  2.7729E-04  0.0000E+00  0.0000E+00
       1.9968E+00  4.6385E-03  0.0000E+00  1.5201E-03  0.0000E+00  5.2664E-03  9.9024E-04  1.7335E-02  1.4706E-06  5.8824E-08
       8.8172E-01  9.2524E-02  3.9222E-03  0.0000E+00  2.5021E-03  2.9657E-02  9.0271E-03  4.3180E-02  6.5882E-06  3.5882E-06
       1.9436E-03  0.0000E+00  1.0849E-03  6.9107E-04  4.4101E-03  4.2696E-03  1.4837E-02  4.8528E-05  1.7647E-07  0.0000E+00
       0.0000E+00  4.5647E-05  8.0824E-05  2.9982E-04  9.6647E-05  1.0263E-03  8.4671E-05  6.5000E-05  0.0000E+00  0.0000E+00
       0.0000E+00  0.0000E+00  2.5882E-06  1.5294E-06  1.1235E-05  2.2353E-06  8.0000E-06  0.0000E+00  0.0000E+00  0.0000E+00
       0.0000E+00  5.8824E-08  0.0000E+00  0.0000E+00  0.0000E+00  2.3529E-07  0.0000E+00  0.0000E+00  0.0000E+00  0.0000E+00
       0.0000E+00  0.0000E+00  0.0000E+00  0.0000E+00  0.0000E+00  0.0000E+00  0.0000E+00  0.0000E+00  0.0000E+00  0.0000E+00
       0.0000E+00  0.0000E+00  0.0000E+00  0.0000E+00  0.0000E+00  0.0000E+00  0.0000E+00  0.0000E+00  0.0000E+00  0.0000E+00
       0.0000E+00  0.0000E+00  0.0000E+00  0.0000E+00  0.0000E+00  0.0000E+00  0.0000E+00  0.0000E+00  0.0000E+00  0.0000E+00
       0.0000E+00  0.0000E+00  0.0000E+00  0.0000E+00  0.0000E+00  0.0000E+00  0.0000E+00  0.0000E+00  0.0000E+00  0.0000E+00
       0.0000E+00  0.0000E+00  0.0000E+00  0.0000E+00  0.0000E+00  0.0000E+00  0.0000E+00  0.0000E+00  0.0000E+00  0.0000E+00
       0.0000E+00  0.0000E+00  0.0000E+00  0.0000E+00  0.0000E+00  0.0000E+00  0.0000E+00  0.0000E+00  0.0000E+00  0.0000E+00
       0.0000E+00  0.0000E+00  0.0000E+00  0.0000E+00  0.0000E+00  0.0000E+00  0.0000E+00  0.0000E+00  0.0000E+00  0.0000E+00
