
 *****  Protons in Lexan (0.13GeV, 1.0cm)                                                 *****

           DATE: 12/17/18,  TIME: 16:16:16

          Total number of particles followed       15000000, for a total weight of  1.5000E+07

1

   Res. nuclei n.   1  "Ian       " ,  all         products, region n.     5
      detector volume:  1.0000E+00 cm**3
      Max. Z:  10, Max. N-Z:  11 Min. N-Z: -4
      Data follow in a matrix A(z,n-z-k), k: -5 format (1(5x,1p,10(1x,e11.4)))

       0.0000E+00  0.0000E+00  0.0000E+00  0.0000E+00  0.0000E+00  0.0000E+00  0.0000E+00  0.0000E+00  0.0000E+00  0.0000E+00
       0.0000E+00  0.0000E+00  0.0000E+00  0.0000E+00  0.0000E+00  1.9733E-05  0.0000E+00  8.5333E-06  0.0000E+00  0.0000E+00
       0.0000E+00  0.0000E+00  0.0000E+00  0.0000E+00  2.2660E-04  4.4480E-04  1.1400E-04  4.6433E-04  0.0000E+00  0.0000E+00
       2.5051E+00  6.7360E-03  0.0000E+00  2.1421E-03  0.0000E+00  7.0336E-03  1.3064E-03  2.3317E-02  1.6667E-06  1.3333E-07
       1.3434E+00  1.1594E-01  5.6299E-03  0.0000E+00  3.5375E-03  3.3832E-02  1.2009E-02  5.0199E-02  8.9333E-06  4.4000E-06
       3.0177E-03  0.0000E+00  1.6179E-03  1.0187E-03  5.8749E-03  5.8556E-03  1.8847E-02  5.5938E-05  3.3333E-07  0.0000E+00
       0.0000E+00  8.4200E-05  1.4487E-04  4.8320E-04  1.5560E-04  1.4015E-03  1.2205E-04  7.3867E-05  0.0000E+00  0.0000E+00
       0.0000E+00  0.0000E+00  7.6000E-06  4.0000E-06  1.7067E-05  3.4000E-06  1.2133E-05  0.0000E+00  0.0000E+00  0.0000E+00
       0.0000E+00  0.0000E+00  0.0000E+00  1.3333E-07  0.0000E+00  1.3333E-07  1.3333E-07  0.0000E+00  0.0000E+00  0.0000E+00
       0.0000E+00  0.0000E+00  0.0000E+00  0.0000E+00  0.0000E+00  0.0000E+00  0.0000E+00  0.0000E+00  0.0000E+00  0.0000E+00
       0.0000E+00  0.0000E+00  0.0000E+00  0.0000E+00  0.0000E+00  0.0000E+00  0.0000E+00  0.0000E+00  0.0000E+00  0.0000E+00
       0.0000E+00  0.0000E+00  0.0000E+00  0.0000E+00  0.0000E+00  0.0000E+00  0.0000E+00  0.0000E+00  0.0000E+00  0.0000E+00
       0.0000E+00  0.0000E+00  0.0000E+00  0.0000E+00  0.0000E+00  0.0000E+00  0.0000E+00  0.0000E+00  0.0000E+00  0.0000E+00
       0.0000E+00  0.0000E+00  0.0000E+00  0.0000E+00  0.0000E+00  0.0000E+00  0.0000E+00  0.0000E+00  0.0000E+00  0.0000E+00
       0.0000E+00  0.0000E+00  0.0000E+00  0.0000E+00  0.0000E+00  0.0000E+00  0.0000E+00  0.0000E+00  0.0000E+00  0.0000E+00
       0.0000E+00  0.0000E+00  0.0000E+00  0.0000E+00  0.0000E+00  0.0000E+00  0.0000E+00  0.0000E+00  0.0000E+00  0.0000E+00
