
 *****  Protons in Lexan (0.09GeV, 1cm)                                                   *****

           DATE: 12/19/18,  TIME: 14:54:46

          Total number of particles followed       25000000, for a total weight of  2.5000E+07

1

   Bdrx n.   2  "ofluence  " , generalized particle n.    1, from region n.     5 to region n.     4
      detector area:  1.0000E+02 cm**2
      this is a one way only estimator
      this is a fluence like estimator
      linear energy binning from   1.0000E-02 to  1.4000E-01 GeV,   650 bins ( 2.0000E-04 GeV wide)
      linear angular binning from  0.0000E+00 to  6.2832E+00 sr ,     1 bins ( 6.2832E+00 sr wide )
      Data follow in a matrix A(ie,ia), format (1(5x,1p,10(1x,e11.4)))

       3.1664E-04  3.2157E-04  3.3414E-04  3.5402E-04  3.3664E-04  3.4798E-04  3.7916E-04  3.6990E-04  3.5034E-04  3.7138E-04
       3.6260E-04  3.9411E-04  4.1648E-04  3.7542E-04  4.0015E-04  4.1046E-04  4.0512E-04  3.9808E-04  4.1423E-04  3.8475E-04
       4.0457E-04  4.0103E-04  3.9910E-04  4.1058E-04  3.9690E-04  4.0192E-04  4.4538E-04  4.1717E-04  4.3380E-04  4.4589E-04
       4.3364E-04  4.2610E-04  4.2713E-04  4.2543E-04  4.5320E-04  4.3502E-04  4.3294E-04  4.3428E-04  4.7274E-04  4.1547E-04
       4.6171E-04  4.3532E-04  4.6313E-04  4.6079E-04  4.6718E-04  4.6043E-04  5.2029E-04  4.8441E-04  4.6892E-04  4.8863E-04
       4.5613E-04  4.8046E-04  4.7418E-04  4.8628E-04  4.9280E-04  4.9971E-04  4.9950E-04  4.9100E-04  5.0385E-04  4.8189E-04
       5.1116E-04  4.9488E-04  5.2007E-04  5.0960E-04  4.8917E-04  5.3492E-04  5.0018E-04  5.2484E-04  5.4550E-04  5.4205E-04
       5.3269E-04  5.4243E-04  5.0033E-04  5.4111E-04  5.1274E-04  5.3656E-04  5.0843E-04  5.3120E-04  5.5868E-04  5.3022E-04
       5.5538E-04  5.6507E-04  5.4174E-04  5.5270E-04  5.4071E-04  5.3003E-04  5.5069E-04  5.5296E-04  5.6418E-04  5.4107E-04
       5.3631E-04  5.3948E-04  5.6173E-04  5.5474E-04  5.4270E-04  5.7759E-04  5.6955E-04  5.7651E-04  5.8906E-04  5.7020E-04
       6.0352E-04  5.8654E-04  5.6495E-04  6.1228E-04  5.6731E-04  5.9078E-04  5.7035E-04  5.6400E-04  5.8807E-04  5.6920E-04
       5.8595E-04  5.8160E-04  5.5971E-04  5.9070E-04  5.7460E-04  5.7002E-04  5.9105E-04  5.9667E-04  5.9119E-04  5.9827E-04
       5.7810E-04  5.9437E-04  5.5812E-04  5.6958E-04  5.8338E-04  6.0111E-04  5.8821E-04  5.8730E-04  5.7034E-04  5.8232E-04
       5.8554E-04  5.9413E-04  5.7778E-04  5.7420E-04  5.8805E-04  5.7218E-04  5.9396E-04  6.0408E-04  5.9658E-04  5.9626E-04
       5.6929E-04  5.7773E-04  5.7243E-04  6.0084E-04  5.7968E-04  6.2122E-04  5.8336E-04  5.7756E-04  6.2767E-04  5.6112E-04
       5.8863E-04  5.7205E-04  5.6470E-04  5.7371E-04  5.9916E-04  5.8971E-04  5.9208E-04  5.8733E-04  5.5332E-04  5.6355E-04
       5.7704E-04  5.8382E-04  5.5834E-04  6.0587E-04  5.6174E-04  5.9513E-04  5.6160E-04  5.8654E-04  5.6973E-04  5.7096E-04
       5.7538E-04  5.8229E-04  5.6822E-04  5.6168E-04  5.6732E-04  5.9216E-04  5.8417E-04  5.8175E-04  5.6815E-04  5.9098E-04
       5.5219E-04  5.6116E-04  5.7467E-04  6.0421E-04  5.5380E-04  5.3115E-04  5.7404E-04  5.6226E-04  5.7454E-04  5.3109E-04
       5.5122E-04  5.5365E-04  5.1783E-04  5.4349E-04  5.6646E-04  5.3711E-04  5.2700E-04  5.5432E-04  5.4227E-04  5.2944E-04
       5.3693E-04  5.4962E-04  5.2402E-04  5.4341E-04  5.2798E-04  5.4127E-04  5.1377E-04  5.1392E-04  5.3245E-04  5.1946E-04
       5.3075E-04  5.2311E-04  5.1584E-04  4.9984E-04  5.1565E-04  5.0132E-04  4.8603E-04  4.9376E-04  4.9435E-04  4.8931E-04
       4.9321E-04  4.6010E-04  4.9941E-04  4.7548E-04  4.8691E-04  4.8012E-04  4.5218E-04  4.7274E-04  4.6163E-04  4.2148E-04
       4.4386E-04  4.2474E-04  4.0081E-04  4.0478E-04  3.8692E-04  3.9491E-04  3.9236E-04  3.9622E-04  3.8180E-04  3.7063E-04
       3.7663E-04  3.2643E-04  3.5297E-04  3.3738E-04  3.2575E-04  2.9550E-04  2.9488E-04  3.0053E-04  3.1025E-04  2.8490E-04
       2.6785E-04  2.6487E-04  2.7338E-04  2.8015E-04  2.9561E-04  2.9682E-04  2.9999E-04  3.2843E-04  3.0590E-04  3.2926E-04
       3.3375E-04  3.4868E-04  3.3884E-04  3.7441E-04  4.0149E-04  4.2822E-04  4.3962E-04  4.5251E-04  4.9333E-04  5.1223E-04
       5.5393E-04  6.0663E-04  6.6497E-04  7.0003E-04  7.2196E-04  7.3666E-04  7.7462E-04  8.0436E-04  8.4405E-04  9.5665E-04
       1.0069E-03  1.1144E-03  1.2808E-03  1.4814E-03  1.8136E-03  2.1873E-03  2.7014E-03  3.5159E-03  4.9125E-03  7.5301E-03
       1.2137E-02  2.1100E-02  3.8143E-02  6.8551E-02  1.1863E-01  1.9601E-01  3.0443E-01  4.4080E-01  5.9347E-01  7.4102E-01
       8.5067E-01  8.9885E-01  8.7100E-01  7.7076E-01  6.2308E-01  4.5683E-01  3.0477E-01  1.8369E-01  9.9555E-02  4.8677E-02
       2.1464E-02  8.3480E-03  2.9592E-03  9.1401E-04  2.4838E-04  6.7506E-05  1.4964E-05  2.2286E-06  1.5918E-06  0.0000E+00
       0.0000E+00  0.0000E+00  0.0000E+00  0.0000E+00  0.0000E+00  0.0000E+00  0.0000E+00  0.0000E+00  0.0000E+00  0.0000E+00
       0.0000E+00  0.0000E+00  0.0000E+00  0.0000E+00  0.0000E+00  0.0000E+00  0.0000E+00  0.0000E+00  0.0000E+00  0.0000E+00
       0.0000E+00  0.0000E+00  0.0000E+00  0.0000E+00  0.0000E+00  0.0000E+00  0.0000E+00  0.0000E+00  0.0000E+00  0.0000E+00
       0.0000E+00  0.0000E+00  0.0000E+00  0.0000E+00  0.0000E+00  0.0000E+00  0.0000E+00  0.0000E+00  0.0000E+00  0.0000E+00
       0.0000E+00  0.0000E+00  0.0000E+00  0.0000E+00  0.0000E+00  0.0000E+00  0.0000E+00  0.0000E+00  0.0000E+00  0.0000E+00
       0.0000E+00  0.0000E+00  0.0000E+00  0.0000E+00  0.0000E+00  0.0000E+00  0.0000E+00  0.0000E+00  0.0000E+00  0.0000E+00
       0.0000E+00  0.0000E+00  0.0000E+00  0.0000E+00  0.0000E+00  0.0000E+00  0.0000E+00  0.0000E+00  0.0000E+00  0.0000E+00
       0.0000E+00  0.0000E+00  0.0000E+00  0.0000E+00  0.0000E+00  0.0000E+00  0.0000E+00  0.0000E+00  0.0000E+00  0.0000E+00
       0.0000E+00  0.0000E+00  0.0000E+00  0.0000E+00  0.0000E+00  0.0000E+00  0.0000E+00  0.0000E+00  0.0000E+00  0.0000E+00
       0.0000E+00  0.0000E+00  0.0000E+00  0.0000E+00  0.0000E+00  0.0000E+00  0.0000E+00  0.0000E+00  0.0000E+00  0.0000E+00
       0.0000E+00  0.0000E+00  0.0000E+00  0.0000E+00  0.0000E+00  0.0000E+00  0.0000E+00  0.0000E+00  0.0000E+00  0.0000E+00
       0.0000E+00  0.0000E+00  0.0000E+00  0.0000E+00  0.0000E+00  0.0000E+00  0.0000E+00  0.0000E+00  0.0000E+00  0.0000E+00
       0.0000E+00  0.0000E+00  0.0000E+00  0.0000E+00  0.0000E+00  0.0000E+00  0.0000E+00  0.0000E+00  0.0000E+00  0.0000E+00
       0.0000E+00  0.0000E+00  0.0000E+00  0.0000E+00  0.0000E+00  0.0000E+00  0.0000E+00  0.0000E+00  0.0000E+00  0.0000E+00
       0.0000E+00  0.0000E+00  0.0000E+00  0.0000E+00  0.0000E+00  0.0000E+00  0.0000E+00  0.0000E+00  0.0000E+00  0.0000E+00
       0.0000E+00  0.0000E+00  0.0000E+00  0.0000E+00  0.0000E+00  0.0000E+00  0.0000E+00  0.0000E+00  0.0000E+00  0.0000E+00
       0.0000E+00  0.0000E+00  0.0000E+00  0.0000E+00  0.0000E+00  0.0000E+00  0.0000E+00  0.0000E+00  0.0000E+00  0.0000E+00
       0.0000E+00  0.0000E+00  0.0000E+00  0.0000E+00  0.0000E+00  0.0000E+00  0.0000E+00  0.0000E+00  0.0000E+00  0.0000E+00
       0.0000E+00  0.0000E+00  0.0000E+00  0.0000E+00  0.0000E+00  0.0000E+00  0.0000E+00  0.0000E+00  0.0000E+00  0.0000E+00
       0.0000E+00  0.0000E+00  0.0000E+00  0.0000E+00  0.0000E+00  0.0000E+00  0.0000E+00  0.0000E+00  0.0000E+00  0.0000E+00
       0.0000E+00  0.0000E+00  0.0000E+00  0.0000E+00  0.0000E+00  0.0000E+00  0.0000E+00  0.0000E+00  0.0000E+00  0.0000E+00
       0.0000E+00  0.0000E+00  0.0000E+00  0.0000E+00  0.0000E+00  0.0000E+00  0.0000E+00  0.0000E+00  0.0000E+00  0.0000E+00
       0.0000E+00  0.0000E+00  0.0000E+00  0.0000E+00  0.0000E+00  0.0000E+00  0.0000E+00  0.0000E+00  0.0000E+00  0.0000E+00
       0.0000E+00  0.0000E+00  0.0000E+00  0.0000E+00  0.0000E+00  0.0000E+00  0.0000E+00  0.0000E+00  0.0000E+00  0.0000E+00
       0.0000E+00  0.0000E+00  0.0000E+00  0.0000E+00  0.0000E+00  0.0000E+00  0.0000E+00  0.0000E+00  0.0000E+00  0.0000E+00
       0.0000E+00  0.0000E+00  0.0000E+00  0.0000E+00  0.0000E+00  0.0000E+00  0.0000E+00  0.0000E+00  0.0000E+00  0.0000E+00
       0.0000E+00  0.0000E+00  0.0000E+00  0.0000E+00  0.0000E+00  0.0000E+00  0.0000E+00  0.0000E+00  0.0000E+00  0.0000E+00
       0.0000E+00  0.0000E+00  0.0000E+00  0.0000E+00  0.0000E+00  0.0000E+00  0.0000E+00  0.0000E+00  0.0000E+00  0.0000E+00
       0.0000E+00  0.0000E+00  0.0000E+00  0.0000E+00  0.0000E+00  0.0000E+00  0.0000E+00  0.0000E+00  0.0000E+00  0.0000E+00
       0.0000E+00  0.0000E+00  0.0000E+00  0.0000E+00  0.0000E+00  0.0000E+00  0.0000E+00  0.0000E+00  0.0000E+00  0.0000E+00
       0.0000E+00  0.0000E+00  0.0000E+00  0.0000E+00  0.0000E+00  0.0000E+00  0.0000E+00  0.0000E+00  0.0000E+00  0.0000E+00
       0.0000E+00  0.0000E+00  0.0000E+00  0.0000E+00  0.0000E+00  0.0000E+00  0.0000E+00  0.0000E+00  0.0000E+00  0.0000E+00
       0.0000E+00  0.0000E+00  0.0000E+00  0.0000E+00  0.0000E+00  0.0000E+00  0.0000E+00  0.0000E+00  0.0000E+00  0.0000E+00
1

   Bdrx n.   6  "ofluence  " , generalized particle n.    1, from region n.     5 to region n.     4
      detector area:  1.0000E+02 cm**2
      this is a one way only estimator
      this is a fluence like estimator
      linear energy binning from   0.0000E+00 to  3.0000E+02 GeV,     1 bins ( 3.0000E+02 GeV wide)
      linear angular binning from  0.0000E+00 to  6.2832E+00 sr ,     1 bins ( 6.2832E+00 sr wide )
      Data follow in a matrix A(ie,ia), format (1(5x,1p,10(1x,e11.4)))

       5.2372E-06
