
 *****  Protons in Lexan (0.09GeV, 1cm)                                                   *****

           DATE: 12/19/18,  TIME: 14:54:46

          Total number of particles followed       25000000, for a total weight of  2.5000E+07

1

   Res. nuclei n.   1  "Ian       " ,  all         products, region n.     5
      detector volume:  1.0000E+00 cm**3
      Max. Z:  10, Max. N-Z:  11 Min. N-Z: -4
      Data follow in a matrix A(z,n-z-k), k: -5 format (1(5x,1p,10(1x,e11.4)))

       0.0000E+00  0.0000E+00  0.0000E+00  0.0000E+00  0.0000E+00  0.0000E+00  0.0000E+00  0.0000E+00  0.0000E+00  0.0000E+00
       0.0000E+00  0.0000E+00  0.0000E+00  0.0000E+00  0.0000E+00  8.6000E-06  0.0000E+00  3.6000E-07  0.0000E+00  0.0000E+00
       0.0000E+00  0.0000E+00  0.0000E+00  0.0000E+00  1.2504E-04  1.4012E-04  3.3720E-05  1.8960E-05  0.0000E+00  0.0000E+00
       3.1379E-02  3.2555E-03  0.0000E+00  1.8520E-03  0.0000E+00  4.7033E-03  4.7720E-05  1.0370E-03  4.0000E-08  0.0000E+00
       7.1408E-03  3.4504E-02  2.4814E-03  0.0000E+00  1.4221E-03  1.7473E-02  6.0264E-04  1.9646E-03  4.0000E-08  3.2000E-07
       1.4399E-03  0.0000E+00  1.2042E-03  3.0811E-04  2.8872E-03  4.1405E-04  7.4505E-04  1.7725E-06  0.0000E+00  0.0000E+00
       0.0000E+00  4.0280E-05  7.0840E-05  1.2888E-04  1.9832E-05  6.3600E-05  1.0677E-06  2.8400E-06  0.0000E+00  0.0000E+00
       0.0000E+00  0.0000E+00  6.4000E-07  0.0000E+00  1.0000E-06  4.0000E-08  6.0000E-07  0.0000E+00  0.0000E+00  0.0000E+00
       0.0000E+00  0.0000E+00  0.0000E+00  0.0000E+00  0.0000E+00  4.0000E-08  0.0000E+00  0.0000E+00  0.0000E+00  0.0000E+00
       0.0000E+00  0.0000E+00  0.0000E+00  0.0000E+00  0.0000E+00  0.0000E+00  0.0000E+00  0.0000E+00  0.0000E+00  0.0000E+00
       0.0000E+00  0.0000E+00  0.0000E+00  0.0000E+00  0.0000E+00  0.0000E+00  0.0000E+00  0.0000E+00  0.0000E+00  0.0000E+00
       0.0000E+00  0.0000E+00  0.0000E+00  0.0000E+00  0.0000E+00  0.0000E+00  0.0000E+00  0.0000E+00  0.0000E+00  0.0000E+00
       0.0000E+00  0.0000E+00  0.0000E+00  0.0000E+00  0.0000E+00  0.0000E+00  0.0000E+00  0.0000E+00  0.0000E+00  0.0000E+00
       0.0000E+00  0.0000E+00  0.0000E+00  0.0000E+00  0.0000E+00  0.0000E+00  0.0000E+00  0.0000E+00  0.0000E+00  0.0000E+00
       0.0000E+00  0.0000E+00  0.0000E+00  0.0000E+00  0.0000E+00  0.0000E+00  0.0000E+00  0.0000E+00  0.0000E+00  0.0000E+00
       0.0000E+00  0.0000E+00  0.0000E+00  0.0000E+00  0.0000E+00  0.0000E+00  0.0000E+00  0.0000E+00  0.0000E+00  0.0000E+00
