
 *****  Protons in Lexan (0.09GeV, 1cm)                                                   *****

           DATE: 12/19/18,  TIME: 14:54:46

          Total number of particles followed       25000000, for a total weight of  2.5000E+07

1

   Bdrx n.   4  "ocurrent  " , generalized particle n.    1, from region n.     5 to region n.     4
      detector area:  1.0000E+02 cm**2
      this is a one way only estimator
      this is a current like estimator
      linear energy binning from   1.0000E-02 to  1.4000E-01 GeV,   650 bins ( 2.0000E-04 GeV wide)
      linear angular binning from  0.0000E+00 to  6.2832E+00 sr ,     1 bins ( 6.2832E+00 sr wide )
      Data follow in a matrix A(ie,ia), format (1(5x,1p,10(1x,e11.4)))

       2.1550E-04  2.1486E-04  2.2632E-04  2.3523E-04  2.3746E-04  2.3268E-04  2.6101E-04  2.4987E-04  2.4796E-04  2.5624E-04
       2.4669E-04  2.7438E-04  2.8807E-04  2.5815E-04  2.6611E-04  2.8552E-04  2.8170E-04  2.7247E-04  2.8361E-04  2.6643E-04
       2.9316E-04  2.7438E-04  2.7661E-04  2.8361E-04  2.8298E-04  2.8743E-04  3.0303E-04  2.9921E-04  2.9157E-04  3.1163E-04
       3.0048E-04  3.0367E-04  2.9953E-04  2.9762E-04  3.1958E-04  3.0940E-04  3.1003E-04  3.1226E-04  3.2722E-04  2.9730E-04
       3.2659E-04  3.1385E-04  3.3868E-04  3.2531E-04  3.2690E-04  3.2531E-04  3.5969E-04  3.5110E-04  3.3900E-04  3.5269E-04
       3.3645E-04  3.4728E-04  3.4728E-04  3.4982E-04  3.6733E-04  3.6319E-04  3.7147E-04  3.6224E-04  3.7433E-04  3.5619E-04
       3.8070E-04  3.6765E-04  3.7624E-04  3.8070E-04  3.6892E-04  3.9916E-04  3.6733E-04  3.8770E-04  4.0075E-04  3.9980E-04
       4.0203E-04  4.0139E-04  3.7720E-04  3.9598E-04  3.8834E-04  4.0043E-04  3.8675E-04  4.0744E-04  4.1412E-04  3.9375E-04
       4.1794E-04  4.2399E-04  4.1253E-04  4.2208E-04  4.0457E-04  4.0553E-04  4.2685E-04  4.1157E-04  4.3736E-04  4.1444E-04
       4.1062E-04  4.2081E-04  4.3895E-04  4.2590E-04  4.2749E-04  4.4086E-04  4.4372E-04  4.5232E-04  4.5646E-04  4.4118E-04
       4.6346E-04  4.5837E-04  4.4436E-04  4.6537E-04  4.4436E-04  4.6505E-04  4.4436E-04  4.4500E-04  4.5741E-04  4.4882E-04
       4.6632E-04  4.5773E-04  4.4054E-04  4.6219E-04  4.5455E-04  4.5709E-04  4.7205E-04  4.7237E-04  4.7142E-04  4.7205E-04
       4.6250E-04  4.6473E-04  4.3990E-04  4.5232E-04  4.6346E-04  4.7906E-04  4.7365E-04  4.7014E-04  4.6091E-04  4.7174E-04
       4.8033E-04  4.7492E-04  4.6569E-04  4.6569E-04  4.8097E-04  4.6187E-04  4.8606E-04  4.8606E-04  4.8097E-04  4.8383E-04
       4.6855E-04  4.6696E-04  4.7046E-04  4.8924E-04  4.7046E-04  4.9943E-04  4.7810E-04  4.7460E-04  5.1089E-04  4.5614E-04
       4.8224E-04  4.7237E-04  4.6696E-04  4.7683E-04  5.0006E-04  4.8797E-04  4.9561E-04  4.8479E-04  4.5868E-04  4.6983E-04
       4.7906E-04  4.8097E-04  4.6760E-04  5.0261E-04  4.7205E-04  4.9402E-04  4.7174E-04  4.8128E-04  4.7205E-04  4.7365E-04
       4.8224E-04  4.8829E-04  4.7746E-04  4.7046E-04  4.7524E-04  4.9434E-04  4.8924E-04  4.8956E-04  4.7842E-04  4.9020E-04
       4.6569E-04  4.7428E-04  4.8447E-04  5.0229E-04  4.7269E-04  4.5518E-04  4.8224E-04  4.7937E-04  4.8065E-04  4.5582E-04
       4.6887E-04  4.6951E-04  4.4468E-04  4.6059E-04  4.7237E-04  4.4977E-04  4.5295E-04  4.7524E-04  4.6473E-04  4.5582E-04
       4.5232E-04  4.7396E-04  4.5455E-04  4.7174E-04  4.5773E-04  4.6823E-04  4.4341E-04  4.4754E-04  4.5805E-04  4.4723E-04
       4.5232E-04  4.5009E-04  4.4563E-04  4.2431E-04  4.4882E-04  4.2940E-04  4.1858E-04  4.2749E-04  4.2749E-04  4.2303E-04
       4.1348E-04  4.0330E-04  4.3035E-04  4.1317E-04  4.1699E-04  4.1730E-04  3.9439E-04  4.0775E-04  4.0171E-04  3.6828E-04
       3.7911E-04  3.6224E-04  3.4982E-04  3.5428E-04  3.3295E-04  3.3964E-04  3.3709E-04  3.3900E-04  3.2818E-04  3.1226E-04
       3.1767E-04  2.7693E-04  2.9094E-04  2.7788E-04  2.6770E-04  2.4414E-04  2.3619E-04  2.4510E-04  2.4287E-04  2.2600E-04
       2.1709E-04  2.0658E-04  2.1963E-04  2.1900E-04  2.3714E-04  2.3682E-04  2.3969E-04  2.6356E-04  2.4605E-04  2.6324E-04
       2.6993E-04  2.8521E-04  2.7725E-04  3.1067E-04  3.3263E-04  3.5492E-04  3.6606E-04  3.8293E-04  4.1921E-04  4.3704E-04
       4.8001E-04  5.2871E-04  5.8251E-04  6.1211E-04  6.3407E-04  6.4808E-04  6.8182E-04  7.0346E-04  7.4007E-04  8.4225E-04
       8.8395E-04  9.8230E-04  1.1316E-03  1.3156E-03  1.6288E-03  1.9751E-03  2.4666E-03  3.2487E-03  4.6024E-03  7.1722E-03
       1.1729E-02  2.0640E-02  3.7617E-02  6.7952E-02  1.1795E-01  1.9525E-01  3.0360E-01  4.3992E-01  5.9255E-01  7.4010E-01
       8.4978E-01  8.9803E-01  8.7031E-01  7.7020E-01  6.2266E-01  4.5655E-01  3.0459E-01  1.8358E-01  9.9501E-02  4.8652E-02
       2.1454E-02  8.3439E-03  2.9577E-03  9.1355E-04  2.4828E-04  6.7482E-05  1.4961E-05  2.2282E-06  1.5915E-06  0.0000E+00
       0.0000E+00  0.0000E+00  0.0000E+00  0.0000E+00  0.0000E+00  0.0000E+00  0.0000E+00  0.0000E+00  0.0000E+00  0.0000E+00
       0.0000E+00  0.0000E+00  0.0000E+00  0.0000E+00  0.0000E+00  0.0000E+00  0.0000E+00  0.0000E+00  0.0000E+00  0.0000E+00
       0.0000E+00  0.0000E+00  0.0000E+00  0.0000E+00  0.0000E+00  0.0000E+00  0.0000E+00  0.0000E+00  0.0000E+00  0.0000E+00
       0.0000E+00  0.0000E+00  0.0000E+00  0.0000E+00  0.0000E+00  0.0000E+00  0.0000E+00  0.0000E+00  0.0000E+00  0.0000E+00
       0.0000E+00  0.0000E+00  0.0000E+00  0.0000E+00  0.0000E+00  0.0000E+00  0.0000E+00  0.0000E+00  0.0000E+00  0.0000E+00
       0.0000E+00  0.0000E+00  0.0000E+00  0.0000E+00  0.0000E+00  0.0000E+00  0.0000E+00  0.0000E+00  0.0000E+00  0.0000E+00
       0.0000E+00  0.0000E+00  0.0000E+00  0.0000E+00  0.0000E+00  0.0000E+00  0.0000E+00  0.0000E+00  0.0000E+00  0.0000E+00
       0.0000E+00  0.0000E+00  0.0000E+00  0.0000E+00  0.0000E+00  0.0000E+00  0.0000E+00  0.0000E+00  0.0000E+00  0.0000E+00
       0.0000E+00  0.0000E+00  0.0000E+00  0.0000E+00  0.0000E+00  0.0000E+00  0.0000E+00  0.0000E+00  0.0000E+00  0.0000E+00
       0.0000E+00  0.0000E+00  0.0000E+00  0.0000E+00  0.0000E+00  0.0000E+00  0.0000E+00  0.0000E+00  0.0000E+00  0.0000E+00
       0.0000E+00  0.0000E+00  0.0000E+00  0.0000E+00  0.0000E+00  0.0000E+00  0.0000E+00  0.0000E+00  0.0000E+00  0.0000E+00
       0.0000E+00  0.0000E+00  0.0000E+00  0.0000E+00  0.0000E+00  0.0000E+00  0.0000E+00  0.0000E+00  0.0000E+00  0.0000E+00
       0.0000E+00  0.0000E+00  0.0000E+00  0.0000E+00  0.0000E+00  0.0000E+00  0.0000E+00  0.0000E+00  0.0000E+00  0.0000E+00
       0.0000E+00  0.0000E+00  0.0000E+00  0.0000E+00  0.0000E+00  0.0000E+00  0.0000E+00  0.0000E+00  0.0000E+00  0.0000E+00
       0.0000E+00  0.0000E+00  0.0000E+00  0.0000E+00  0.0000E+00  0.0000E+00  0.0000E+00  0.0000E+00  0.0000E+00  0.0000E+00
       0.0000E+00  0.0000E+00  0.0000E+00  0.0000E+00  0.0000E+00  0.0000E+00  0.0000E+00  0.0000E+00  0.0000E+00  0.0000E+00
       0.0000E+00  0.0000E+00  0.0000E+00  0.0000E+00  0.0000E+00  0.0000E+00  0.0000E+00  0.0000E+00  0.0000E+00  0.0000E+00
       0.0000E+00  0.0000E+00  0.0000E+00  0.0000E+00  0.0000E+00  0.0000E+00  0.0000E+00  0.0000E+00  0.0000E+00  0.0000E+00
       0.0000E+00  0.0000E+00  0.0000E+00  0.0000E+00  0.0000E+00  0.0000E+00  0.0000E+00  0.0000E+00  0.0000E+00  0.0000E+00
       0.0000E+00  0.0000E+00  0.0000E+00  0.0000E+00  0.0000E+00  0.0000E+00  0.0000E+00  0.0000E+00  0.0000E+00  0.0000E+00
       0.0000E+00  0.0000E+00  0.0000E+00  0.0000E+00  0.0000E+00  0.0000E+00  0.0000E+00  0.0000E+00  0.0000E+00  0.0000E+00
       0.0000E+00  0.0000E+00  0.0000E+00  0.0000E+00  0.0000E+00  0.0000E+00  0.0000E+00  0.0000E+00  0.0000E+00  0.0000E+00
       0.0000E+00  0.0000E+00  0.0000E+00  0.0000E+00  0.0000E+00  0.0000E+00  0.0000E+00  0.0000E+00  0.0000E+00  0.0000E+00
       0.0000E+00  0.0000E+00  0.0000E+00  0.0000E+00  0.0000E+00  0.0000E+00  0.0000E+00  0.0000E+00  0.0000E+00  0.0000E+00
       0.0000E+00  0.0000E+00  0.0000E+00  0.0000E+00  0.0000E+00  0.0000E+00  0.0000E+00  0.0000E+00  0.0000E+00  0.0000E+00
       0.0000E+00  0.0000E+00  0.0000E+00  0.0000E+00  0.0000E+00  0.0000E+00  0.0000E+00  0.0000E+00  0.0000E+00  0.0000E+00
       0.0000E+00  0.0000E+00  0.0000E+00  0.0000E+00  0.0000E+00  0.0000E+00  0.0000E+00  0.0000E+00  0.0000E+00  0.0000E+00
       0.0000E+00  0.0000E+00  0.0000E+00  0.0000E+00  0.0000E+00  0.0000E+00  0.0000E+00  0.0000E+00  0.0000E+00  0.0000E+00
       0.0000E+00  0.0000E+00  0.0000E+00  0.0000E+00  0.0000E+00  0.0000E+00  0.0000E+00  0.0000E+00  0.0000E+00  0.0000E+00
       0.0000E+00  0.0000E+00  0.0000E+00  0.0000E+00  0.0000E+00  0.0000E+00  0.0000E+00  0.0000E+00  0.0000E+00  0.0000E+00
       0.0000E+00  0.0000E+00  0.0000E+00  0.0000E+00  0.0000E+00  0.0000E+00  0.0000E+00  0.0000E+00  0.0000E+00  0.0000E+00
       0.0000E+00  0.0000E+00  0.0000E+00  0.0000E+00  0.0000E+00  0.0000E+00  0.0000E+00  0.0000E+00  0.0000E+00  0.0000E+00
       0.0000E+00  0.0000E+00  0.0000E+00  0.0000E+00  0.0000E+00  0.0000E+00  0.0000E+00  0.0000E+00  0.0000E+00  0.0000E+00
