
 *****  Protons in Lexan (0.18GeV, 0cm)                                                   *****

           DATE: 12/19/18,  TIME:  3:35: 9

          Total number of particles followed       50000000, for a total weight of  5.0000E+07

1

   Bdrx n.   4  "ocurrent  " , generalized particle n.    1, from region n.     5 to region n.     4
      detector area:  1.0000E+02 cm**2
      this is a one way only estimator
      this is a current like estimator
      linear energy binning from   1.0000E-01 to  2.3000E-01 GeV,   650 bins ( 2.0000E-04 GeV wide)
      linear angular binning from  0.0000E+00 to  6.2832E+00 sr ,     1 bins ( 6.2832E+00 sr wide )
      Data follow in a matrix A(ie,ia), format (1(5x,1p,10(1x,e11.4)))

       1.4483E-04  1.3576E-04  1.2907E-04  1.3942E-04  1.3417E-04  1.3910E-04  1.3433E-04  1.3990E-04  1.3401E-04  1.3369E-04
       1.4308E-04  1.4085E-04  1.3528E-04  1.2971E-04  1.3655E-04  1.3767E-04  1.4626E-04  1.3496E-04  1.3289E-04  1.3751E-04
       1.3305E-04  1.3512E-04  1.3783E-04  1.2987E-04  1.3687E-04  1.3496E-04  1.4022E-04  1.3655E-04  1.3560E-04  1.4388E-04
       1.3560E-04  1.3671E-04  1.4117E-04  1.3576E-04  1.3226E-04  1.3226E-04  1.2907E-04  1.3401E-04  1.3910E-04  1.2844E-04
       1.3767E-04  1.3098E-04  1.3926E-04  1.3130E-04  1.3114E-04  1.3767E-04  1.3878E-04  1.3003E-04  1.4117E-04  1.3337E-04
       1.3655E-04  1.2987E-04  1.3560E-04  1.3210E-04  1.4658E-04  1.3735E-04  1.3974E-04  1.2892E-04  1.3114E-04  1.3480E-04
       1.3098E-04  1.4340E-04  1.4085E-04  1.3067E-04  1.3655E-04  1.3401E-04  1.4419E-04  1.4037E-04  1.2780E-04  1.4292E-04
       1.4308E-04  1.4037E-04  1.3831E-04  1.3640E-04  1.4117E-04  1.2732E-04  1.3958E-04  1.4388E-04  1.2955E-04  1.4213E-04
       1.3480E-04  1.3958E-04  1.3146E-04  1.4085E-04  1.4388E-04  1.3305E-04  1.3289E-04  1.3719E-04  1.3210E-04  1.3449E-04
       1.3894E-04  1.3671E-04  1.3926E-04  1.4197E-04  1.3496E-04  1.2828E-04  1.3289E-04  1.3687E-04  1.3178E-04  1.3735E-04
       1.2812E-04  1.3305E-04  1.3067E-04  1.3210E-04  1.3369E-04  1.3210E-04  1.3687E-04  1.3528E-04  1.4276E-04  1.3767E-04
       1.3640E-04  1.3958E-04  1.3767E-04  1.3417E-04  1.3194E-04  1.3703E-04  1.3592E-04  1.3417E-04  1.3258E-04  1.3369E-04
       1.3751E-04  1.3465E-04  1.4308E-04  1.3687E-04  1.3624E-04  1.4483E-04  1.3735E-04  1.3958E-04  1.3480E-04  1.4372E-04
       1.4053E-04  1.3512E-04  1.4197E-04  1.3146E-04  1.3560E-04  1.2892E-04  1.4101E-04  1.3496E-04  1.3671E-04  1.3640E-04
       1.3767E-04  1.3019E-04  1.3942E-04  1.3242E-04  1.3958E-04  1.3687E-04  1.3846E-04  1.3019E-04  1.4149E-04  1.3799E-04
       1.4674E-04  1.3449E-04  1.3910E-04  1.4276E-04  1.3878E-04  1.3592E-04  1.3926E-04  1.4292E-04  1.3003E-04  1.4037E-04
       1.3671E-04  1.4133E-04  1.3449E-04  1.4085E-04  1.3401E-04  1.3815E-04  1.3560E-04  1.4069E-04  1.4165E-04  1.3496E-04
       1.3528E-04  1.3846E-04  1.3003E-04  1.3369E-04  1.3337E-04  1.2589E-04  1.3369E-04  1.4213E-04  1.3560E-04  1.2987E-04
       1.3767E-04  1.4069E-04  1.3083E-04  1.3735E-04  1.3051E-04  1.3242E-04  1.3480E-04  1.3258E-04  1.3130E-04  1.3640E-04
       1.3417E-04  1.3098E-04  1.3210E-04  1.3449E-04  1.3210E-04  1.3226E-04  1.2939E-04  1.2876E-04  1.3178E-04  1.2971E-04
       1.3242E-04  1.3640E-04  1.2366E-04  1.2828E-04  1.2669E-04  1.2287E-04  1.2796E-04  1.2239E-04  1.3114E-04  1.2255E-04
       1.2159E-04  1.3385E-04  1.2446E-04  1.2701E-04  1.2764E-04  1.2589E-04  1.2287E-04  1.3289E-04  1.2605E-04  1.2398E-04
       1.2303E-04  1.2191E-04  1.2510E-04  1.2462E-04  1.1857E-04  1.2589E-04  1.2319E-04  1.1491E-04  1.1984E-04  1.1348E-04
       1.1921E-04  1.2128E-04  1.1364E-04  1.1602E-04  1.1459E-04  1.1841E-04  1.0966E-04  1.1968E-04  1.1634E-04  1.0966E-04
       1.1618E-04  1.1507E-04  1.1252E-04  1.0759E-04  1.1348E-04  1.1332E-04  1.0456E-04  1.0345E-04  1.1650E-04  1.1475E-04
       1.1077E-04  1.1252E-04  1.1014E-04  1.1029E-04  1.0982E-04  1.1380E-04  1.1077E-04  1.0886E-04  1.0870E-04  1.0663E-04
       1.0202E-04  1.0170E-04  1.0679E-04  1.1125E-04  1.0886E-04  1.1045E-04  1.1077E-04  1.0345E-04  9.9313E-05  1.0393E-04
       1.0059E-04  1.0281E-04  1.0106E-04  9.8676E-05  9.8358E-05  1.0568E-04  9.5016E-05  1.0329E-04  9.8039E-05  1.0106E-04
       9.0241E-05  9.0082E-05  9.5652E-05  9.5016E-05  9.3424E-05  9.1673E-05  8.9923E-05  9.7880E-05  8.7535E-05  8.7535E-05
       9.0877E-05  9.3583E-05  8.8331E-05  9.2787E-05  9.5652E-05  8.5785E-05  7.9577E-05  8.5148E-05  8.0214E-05  8.1487E-05
       7.7349E-05  7.9896E-05  7.8941E-05  8.0055E-05  7.9100E-05  7.5280E-05  7.6394E-05  6.7482E-05  6.2866E-05  7.4803E-05
       6.3980E-05  6.7163E-05  6.5890E-05  5.6500E-05  5.8410E-05  6.1752E-05  5.5227E-05  4.7428E-05  4.7746E-05  4.1539E-05
       4.3608E-05  4.1221E-05  4.2494E-05  3.3423E-05  4.0744E-05  3.7561E-05  3.5810E-05  3.8197E-05  3.4059E-05  4.1858E-05
       3.9311E-05  4.3449E-05  4.1539E-05  3.7242E-05  4.1062E-05  4.2176E-05  4.8383E-05  4.6951E-05  5.0293E-05  5.7773E-05
       6.0797E-05  6.1434E-05  6.7482E-05  7.0824E-05  7.5121E-05  8.3079E-05  8.5148E-05  8.3875E-05  8.2601E-05  8.4670E-05
       7.9259E-05  8.2442E-05  8.4352E-05  1.2048E-04  1.8780E-04  3.6240E-04  7.5185E-04  1.6099E-03  3.3271E-03  6.9110E-03
       1.3611E-02  2.5747E-02  4.6089E-02  7.8960E-02  1.2699E-01  1.9509E-01  2.8225E-01  3.8657E-01  4.9976E-01  6.0945E-01
       6.9933E-01  7.5812E-01  7.7291E-01  7.4029E-01  6.6634E-01  5.6450E-01  4.4797E-01  3.3420E-01  2.3322E-01  1.5304E-01
       9.4012E-02  5.4224E-02  2.9286E-02  1.4762E-02  6.9643E-03  3.0685E-03  1.2732E-03  4.9625E-04  1.7650E-04  5.3954E-05
       1.6552E-05  7.9577E-06  1.2732E-06  1.5915E-07  0.0000E+00  0.0000E+00  0.0000E+00  0.0000E+00  0.0000E+00  0.0000E+00
       0.0000E+00  0.0000E+00  0.0000E+00  0.0000E+00  0.0000E+00  0.0000E+00  0.0000E+00  0.0000E+00  0.0000E+00  0.0000E+00
       0.0000E+00  0.0000E+00  0.0000E+00  0.0000E+00  0.0000E+00  0.0000E+00  0.0000E+00  0.0000E+00  0.0000E+00  0.0000E+00
       0.0000E+00  0.0000E+00  0.0000E+00  0.0000E+00  0.0000E+00  0.0000E+00  0.0000E+00  0.0000E+00  0.0000E+00  0.0000E+00
       0.0000E+00  0.0000E+00  0.0000E+00  0.0000E+00  0.0000E+00  0.0000E+00  0.0000E+00  0.0000E+00  0.0000E+00  0.0000E+00
       0.0000E+00  0.0000E+00  0.0000E+00  0.0000E+00  0.0000E+00  0.0000E+00  0.0000E+00  0.0000E+00  0.0000E+00  0.0000E+00
       0.0000E+00  0.0000E+00  0.0000E+00  0.0000E+00  0.0000E+00  0.0000E+00  0.0000E+00  0.0000E+00  0.0000E+00  0.0000E+00
       0.0000E+00  0.0000E+00  0.0000E+00  0.0000E+00  0.0000E+00  0.0000E+00  0.0000E+00  0.0000E+00  0.0000E+00  0.0000E+00
       0.0000E+00  0.0000E+00  0.0000E+00  0.0000E+00  0.0000E+00  0.0000E+00  0.0000E+00  0.0000E+00  0.0000E+00  0.0000E+00
       0.0000E+00  0.0000E+00  0.0000E+00  0.0000E+00  0.0000E+00  0.0000E+00  0.0000E+00  0.0000E+00  0.0000E+00  0.0000E+00
       0.0000E+00  0.0000E+00  0.0000E+00  0.0000E+00  0.0000E+00  0.0000E+00  0.0000E+00  0.0000E+00  0.0000E+00  0.0000E+00
       0.0000E+00  0.0000E+00  0.0000E+00  0.0000E+00  0.0000E+00  0.0000E+00  0.0000E+00  0.0000E+00  0.0000E+00  0.0000E+00
       0.0000E+00  0.0000E+00  0.0000E+00  0.0000E+00  0.0000E+00  0.0000E+00  0.0000E+00  0.0000E+00  0.0000E+00  0.0000E+00
       0.0000E+00  0.0000E+00  0.0000E+00  0.0000E+00  0.0000E+00  0.0000E+00  0.0000E+00  0.0000E+00  0.0000E+00  0.0000E+00
       0.0000E+00  0.0000E+00  0.0000E+00  0.0000E+00  0.0000E+00  0.0000E+00  0.0000E+00  0.0000E+00  0.0000E+00  0.0000E+00
       0.0000E+00  0.0000E+00  0.0000E+00  0.0000E+00  0.0000E+00  0.0000E+00  0.0000E+00  0.0000E+00  0.0000E+00  0.0000E+00
       0.0000E+00  0.0000E+00  0.0000E+00  0.0000E+00  0.0000E+00  0.0000E+00  0.0000E+00  0.0000E+00  0.0000E+00  0.0000E+00
       0.0000E+00  0.0000E+00  0.0000E+00  0.0000E+00  0.0000E+00  0.0000E+00  0.0000E+00  0.0000E+00  0.0000E+00  0.0000E+00
       0.0000E+00  0.0000E+00  0.0000E+00  0.0000E+00  0.0000E+00  0.0000E+00  0.0000E+00  0.0000E+00  0.0000E+00  0.0000E+00
       0.0000E+00  0.0000E+00  0.0000E+00  0.0000E+00  0.0000E+00  0.0000E+00  0.0000E+00  0.0000E+00  0.0000E+00  0.0000E+00
       0.0000E+00  0.0000E+00  0.0000E+00  0.0000E+00  0.0000E+00  0.0000E+00  0.0000E+00  0.0000E+00  0.0000E+00  0.0000E+00
       0.0000E+00  0.0000E+00  0.0000E+00  0.0000E+00  0.0000E+00  0.0000E+00  0.0000E+00  0.0000E+00  0.0000E+00  0.0000E+00
       0.0000E+00  0.0000E+00  0.0000E+00  0.0000E+00  0.0000E+00  0.0000E+00  0.0000E+00  0.0000E+00  0.0000E+00  0.0000E+00
       0.0000E+00  0.0000E+00  0.0000E+00  0.0000E+00  0.0000E+00  0.0000E+00  0.0000E+00  0.0000E+00  0.0000E+00  0.0000E+00
       0.0000E+00  0.0000E+00  0.0000E+00  0.0000E+00  0.0000E+00  0.0000E+00  0.0000E+00  0.0000E+00  0.0000E+00  0.0000E+00
       0.0000E+00  0.0000E+00  0.0000E+00  0.0000E+00  0.0000E+00  0.0000E+00  0.0000E+00  0.0000E+00  0.0000E+00  0.0000E+00
