
 *****  Protons in Lexan (0.18GeV, 0cm)                                                   *****

           DATE: 12/19/18,  TIME:  3:35: 9

          Total number of particles followed       50000000, for a total weight of  5.0000E+07

1

   Res. nuclei n.   1  "Ian       " ,  all         products, region n.     5
      detector volume:  1.0000E+00 cm**3
      Max. Z:  10, Max. N-Z:  11 Min. N-Z: -4
      Data follow in a matrix A(z,n-z-k), k: -5 format (1(5x,1p,10(1x,e11.4)))

       0.0000E+00  0.0000E+00  0.0000E+00  0.0000E+00  0.0000E+00  0.0000E+00  0.0000E+00  0.0000E+00  0.0000E+00  0.0000E+00
       0.0000E+00  0.0000E+00  0.0000E+00  0.0000E+00  0.0000E+00  7.4600E-06  0.0000E+00  4.8000E-07  0.0000E+00  0.0000E+00
       0.0000E+00  0.0000E+00  0.0000E+00  0.0000E+00  5.5540E-05  1.0288E-04  1.1880E-05  2.2400E-05  0.0000E+00  0.0000E+00
       9.3021E-03  1.4820E-03  0.0000E+00  7.0338E-04  0.0000E+00  2.0809E-03  2.9720E-05  5.0277E-04  2.0000E-08  0.0000E+00
       2.4115E-03  1.1527E-02  9.6196E-04  0.0000E+00  6.9428E-04  2.7318E-03  2.3405E-04  3.2150E-04  4.0000E-08  1.6000E-07
       7.5222E-04  0.0000E+00  5.0602E-04  1.3944E-04  1.2460E-03  1.3210E-04  3.1207E-04  5.6982E-07  2.0000E-08  0.0000E+00
       0.0000E+00  3.0820E-05  4.1760E-05  8.7620E-05  1.1712E-05  3.0720E-05  4.5530E-07  7.2000E-07  0.0000E+00  0.0000E+00
       0.0000E+00  0.0000E+00  3.1400E-06  3.8000E-07  7.4000E-07  4.0000E-08  2.0000E-07  0.0000E+00  0.0000E+00  0.0000E+00
       0.0000E+00  6.0000E-08  0.0000E+00  2.0000E-08  0.0000E+00  2.0000E-08  0.0000E+00  0.0000E+00  0.0000E+00  0.0000E+00
       0.0000E+00  0.0000E+00  0.0000E+00  0.0000E+00  0.0000E+00  0.0000E+00  0.0000E+00  0.0000E+00  0.0000E+00  0.0000E+00
       0.0000E+00  0.0000E+00  0.0000E+00  0.0000E+00  0.0000E+00  0.0000E+00  0.0000E+00  0.0000E+00  0.0000E+00  0.0000E+00
       0.0000E+00  0.0000E+00  0.0000E+00  0.0000E+00  0.0000E+00  0.0000E+00  0.0000E+00  0.0000E+00  0.0000E+00  0.0000E+00
       0.0000E+00  0.0000E+00  0.0000E+00  0.0000E+00  0.0000E+00  0.0000E+00  0.0000E+00  0.0000E+00  0.0000E+00  0.0000E+00
       0.0000E+00  0.0000E+00  0.0000E+00  0.0000E+00  0.0000E+00  0.0000E+00  0.0000E+00  0.0000E+00  0.0000E+00  0.0000E+00
       0.0000E+00  0.0000E+00  0.0000E+00  0.0000E+00  0.0000E+00  0.0000E+00  0.0000E+00  0.0000E+00  0.0000E+00  0.0000E+00
       0.0000E+00  0.0000E+00  0.0000E+00  0.0000E+00  0.0000E+00  0.0000E+00  0.0000E+00  0.0000E+00  0.0000E+00  0.0000E+00
