
 *****  Protons in Lexan (0.18GeV, 0cm)                                                   *****

           DATE: 12/19/18,  TIME:  3:35: 9

          Total number of particles followed       50000000, for a total weight of  5.0000E+07

1

   Bdrx n.   2  "ofluence  " , generalized particle n.    1, from region n.     5 to region n.     4
      detector area:  1.0000E+02 cm**2
      this is a one way only estimator
      this is a fluence like estimator
      linear energy binning from   1.0000E-01 to  2.3000E-01 GeV,   650 bins ( 2.0000E-04 GeV wide)
      linear angular binning from  0.0000E+00 to  6.2832E+00 sr ,     1 bins ( 6.2832E+00 sr wide )
      Data follow in a matrix A(ie,ia), format (1(5x,1p,10(1x,e11.4)))

       1.9563E-04  1.8033E-04  1.7083E-04  1.8569E-04  1.7547E-04  1.8971E-04  1.7834E-04  1.8750E-04  1.7788E-04  1.7982E-04
       1.8925E-04  1.8447E-04  1.7901E-04  1.7208E-04  1.8716E-04  1.8342E-04  1.9247E-04  1.7383E-04  1.7542E-04  1.7968E-04
       1.7199E-04  1.7588E-04  1.7925E-04  1.6799E-04  1.8013E-04  1.7449E-04  1.8196E-04  1.7949E-04  1.7431E-04  1.8816E-04
       1.7666E-04  1.7626E-04  1.8322E-04  1.7527E-04  1.7302E-04  1.7055E-04  1.6827E-04  1.7349E-04  1.8145E-04  1.6551E-04
       1.7437E-04  1.6630E-04  1.8164E-04  1.6448E-04  1.6940E-04  1.7721E-04  1.7774E-04  1.6528E-04  1.8077E-04  1.7210E-04
       1.7448E-04  1.6995E-04  1.7289E-04  1.6737E-04  1.8766E-04  1.7308E-04  1.7898E-04  1.6483E-04  1.6503E-04  1.7054E-04
       1.6581E-04  1.8029E-04  1.7711E-04  1.6783E-04  1.7172E-04  1.6804E-04  1.8257E-04  1.7644E-04  1.6076E-04  1.8005E-04
       1.7987E-04  1.7418E-04  1.7215E-04  1.6891E-04  1.7538E-04  1.5854E-04  1.7402E-04  1.7972E-04  1.6373E-04  1.7660E-04
       1.6800E-04  1.7651E-04  1.6245E-04  1.7606E-04  1.7923E-04  1.6579E-04  1.6369E-04  1.6945E-04  1.6262E-04  1.6641E-04
       1.6947E-04  1.6636E-04  1.6866E-04  1.7594E-04  1.6449E-04  1.5879E-04  1.6359E-04  1.6890E-04  1.6036E-04  1.6735E-04
       1.5838E-04  1.6221E-04  1.5868E-04  1.6137E-04  1.6511E-04  1.5989E-04  1.6762E-04  1.6389E-04  1.7598E-04  1.6688E-04
       1.6663E-04  1.6889E-04  1.6750E-04  1.5975E-04  1.5884E-04  1.6541E-04  1.6532E-04  1.6374E-04  1.5949E-04  1.6299E-04
       1.6234E-04  1.6397E-04  1.7202E-04  1.6409E-04  1.6201E-04  1.7464E-04  1.6421E-04  1.6831E-04  1.6190E-04  1.7376E-04
       1.7002E-04  1.6213E-04  1.7139E-04  1.5628E-04  1.6008E-04  1.5367E-04  1.6751E-04  1.5992E-04  1.6309E-04  1.6177E-04
       1.6279E-04  1.5510E-04  1.6543E-04  1.5666E-04  1.6391E-04  1.6138E-04  1.6323E-04  1.5196E-04  1.6830E-04  1.6419E-04
       1.7172E-04  1.5903E-04  1.6282E-04  1.6810E-04  1.6190E-04  1.5858E-04  1.6331E-04  1.6689E-04  1.5232E-04  1.6366E-04
       1.6085E-04  1.6492E-04  1.5738E-04  1.6335E-04  1.5512E-04  1.6073E-04  1.5686E-04  1.6281E-04  1.6394E-04  1.5732E-04
       1.5923E-04  1.5939E-04  1.5019E-04  1.5395E-04  1.5597E-04  1.4592E-04  1.5397E-04  1.6492E-04  1.5567E-04  1.5018E-04
       1.6096E-04  1.6361E-04  1.5052E-04  1.5797E-04  1.4937E-04  1.5383E-04  1.5531E-04  1.5185E-04  1.5122E-04  1.5638E-04
       1.5441E-04  1.4937E-04  1.5017E-04  1.5379E-04  1.5127E-04  1.5121E-04  1.4766E-04  1.4601E-04  1.5070E-04  1.4674E-04
       1.5121E-04  1.5635E-04  1.4109E-04  1.4512E-04  1.4349E-04  1.3866E-04  1.4397E-04  1.3728E-04  1.4936E-04  1.3929E-04
       1.3722E-04  1.5087E-04  1.4050E-04  1.4345E-04  1.4442E-04  1.4189E-04  1.3783E-04  1.4996E-04  1.4212E-04  1.3983E-04
       1.3752E-04  1.3697E-04  1.4022E-04  1.4035E-04  1.3331E-04  1.4108E-04  1.3730E-04  1.2926E-04  1.3453E-04  1.2638E-04
       1.3306E-04  1.3526E-04  1.2711E-04  1.2914E-04  1.2754E-04  1.3357E-04  1.2269E-04  1.3278E-04  1.3043E-04  1.2410E-04
       1.2866E-04  1.2741E-04  1.2441E-04  1.1862E-04  1.2684E-04  1.2551E-04  1.1597E-04  1.1419E-04  1.2843E-04  1.2728E-04
       1.2219E-04  1.2488E-04  1.2150E-04  1.2130E-04  1.2022E-04  1.2545E-04  1.2345E-04  1.2012E-04  1.1921E-04  1.1742E-04
       1.1195E-04  1.1087E-04  1.1695E-04  1.2084E-04  1.1879E-04  1.2033E-04  1.2062E-04  1.1199E-04  1.0781E-04  1.1298E-04
       1.0896E-04  1.1172E-04  1.1046E-04  1.0742E-04  1.0661E-04  1.1379E-04  1.0276E-04  1.1133E-04  1.0554E-04  1.0897E-04
       9.7101E-05  9.6618E-05  1.0315E-04  1.0160E-04  1.0025E-04  9.8116E-05  9.7001E-05  1.0572E-04  9.3582E-05  9.5091E-05
       9.7152E-05  1.0150E-04  9.4202E-05  9.9067E-05  1.0288E-04  9.1358E-05  8.4614E-05  9.0984E-05  8.5430E-05  8.9266E-05
       8.1987E-05  8.5237E-05  8.4123E-05  8.4834E-05  8.4108E-05  7.9989E-05  8.1109E-05  7.2420E-05  6.7027E-05  7.9256E-05
       6.7993E-05  7.2416E-05  6.9913E-05  6.0424E-05  6.2389E-05  6.5896E-05  5.8919E-05  5.1508E-05  5.4616E-05  4.5640E-05
       4.6950E-05  4.5954E-05  4.6514E-05  3.7613E-05  4.5935E-05  4.2052E-05  3.9458E-05  4.2999E-05  3.8155E-05  4.6452E-05
       4.2823E-05  4.7547E-05  4.6507E-05  4.2360E-05  4.4664E-05  4.6533E-05  5.2620E-05  5.0711E-05  5.4049E-05  6.1701E-05
       6.4964E-05  6.6125E-05  7.1812E-05  7.5379E-05  8.0119E-05  8.7296E-05  8.9688E-05  8.7531E-05  8.6405E-05  8.9342E-05
       8.3453E-05  8.7426E-05  8.8432E-05  1.2688E-04  1.9500E-04  3.6962E-04  7.6324E-04  1.6204E-03  3.3409E-03  6.9288E-03
       1.3632E-02  2.5773E-02  4.6119E-02  7.8998E-02  1.2704E-01  1.9515E-01  2.8231E-01  3.8664E-01  4.9984E-01  6.0953E-01
       6.9942E-01  7.5821E-01  7.7299E-01  7.4036E-01  6.6640E-01  5.6455E-01  4.4800E-01  3.3422E-01  2.3323E-01  1.5305E-01
       9.4019E-02  5.4228E-02  2.9288E-02  1.4763E-02  6.9648E-03  3.0687E-03  1.2733E-03  4.9627E-04  1.7651E-04  5.3957E-05
       1.6553E-05  7.9581E-06  1.2733E-06  1.5916E-07  0.0000E+00  0.0000E+00  0.0000E+00  0.0000E+00  0.0000E+00  0.0000E+00
       0.0000E+00  0.0000E+00  0.0000E+00  0.0000E+00  0.0000E+00  0.0000E+00  0.0000E+00  0.0000E+00  0.0000E+00  0.0000E+00
       0.0000E+00  0.0000E+00  0.0000E+00  0.0000E+00  0.0000E+00  0.0000E+00  0.0000E+00  0.0000E+00  0.0000E+00  0.0000E+00
       0.0000E+00  0.0000E+00  0.0000E+00  0.0000E+00  0.0000E+00  0.0000E+00  0.0000E+00  0.0000E+00  0.0000E+00  0.0000E+00
       0.0000E+00  0.0000E+00  0.0000E+00  0.0000E+00  0.0000E+00  0.0000E+00  0.0000E+00  0.0000E+00  0.0000E+00  0.0000E+00
       0.0000E+00  0.0000E+00  0.0000E+00  0.0000E+00  0.0000E+00  0.0000E+00  0.0000E+00  0.0000E+00  0.0000E+00  0.0000E+00
       0.0000E+00  0.0000E+00  0.0000E+00  0.0000E+00  0.0000E+00  0.0000E+00  0.0000E+00  0.0000E+00  0.0000E+00  0.0000E+00
       0.0000E+00  0.0000E+00  0.0000E+00  0.0000E+00  0.0000E+00  0.0000E+00  0.0000E+00  0.0000E+00  0.0000E+00  0.0000E+00
       0.0000E+00  0.0000E+00  0.0000E+00  0.0000E+00  0.0000E+00  0.0000E+00  0.0000E+00  0.0000E+00  0.0000E+00  0.0000E+00
       0.0000E+00  0.0000E+00  0.0000E+00  0.0000E+00  0.0000E+00  0.0000E+00  0.0000E+00  0.0000E+00  0.0000E+00  0.0000E+00
       0.0000E+00  0.0000E+00  0.0000E+00  0.0000E+00  0.0000E+00  0.0000E+00  0.0000E+00  0.0000E+00  0.0000E+00  0.0000E+00
       0.0000E+00  0.0000E+00  0.0000E+00  0.0000E+00  0.0000E+00  0.0000E+00  0.0000E+00  0.0000E+00  0.0000E+00  0.0000E+00
       0.0000E+00  0.0000E+00  0.0000E+00  0.0000E+00  0.0000E+00  0.0000E+00  0.0000E+00  0.0000E+00  0.0000E+00  0.0000E+00
       0.0000E+00  0.0000E+00  0.0000E+00  0.0000E+00  0.0000E+00  0.0000E+00  0.0000E+00  0.0000E+00  0.0000E+00  0.0000E+00
       0.0000E+00  0.0000E+00  0.0000E+00  0.0000E+00  0.0000E+00  0.0000E+00  0.0000E+00  0.0000E+00  0.0000E+00  0.0000E+00
       0.0000E+00  0.0000E+00  0.0000E+00  0.0000E+00  0.0000E+00  0.0000E+00  0.0000E+00  0.0000E+00  0.0000E+00  0.0000E+00
       0.0000E+00  0.0000E+00  0.0000E+00  0.0000E+00  0.0000E+00  0.0000E+00  0.0000E+00  0.0000E+00  0.0000E+00  0.0000E+00
       0.0000E+00  0.0000E+00  0.0000E+00  0.0000E+00  0.0000E+00  0.0000E+00  0.0000E+00  0.0000E+00  0.0000E+00  0.0000E+00
       0.0000E+00  0.0000E+00  0.0000E+00  0.0000E+00  0.0000E+00  0.0000E+00  0.0000E+00  0.0000E+00  0.0000E+00  0.0000E+00
       0.0000E+00  0.0000E+00  0.0000E+00  0.0000E+00  0.0000E+00  0.0000E+00  0.0000E+00  0.0000E+00  0.0000E+00  0.0000E+00
       0.0000E+00  0.0000E+00  0.0000E+00  0.0000E+00  0.0000E+00  0.0000E+00  0.0000E+00  0.0000E+00  0.0000E+00  0.0000E+00
       0.0000E+00  0.0000E+00  0.0000E+00  0.0000E+00  0.0000E+00  0.0000E+00  0.0000E+00  0.0000E+00  0.0000E+00  0.0000E+00
       0.0000E+00  0.0000E+00  0.0000E+00  0.0000E+00  0.0000E+00  0.0000E+00  0.0000E+00  0.0000E+00  0.0000E+00  0.0000E+00
       0.0000E+00  0.0000E+00  0.0000E+00  0.0000E+00  0.0000E+00  0.0000E+00  0.0000E+00  0.0000E+00  0.0000E+00  0.0000E+00
       0.0000E+00  0.0000E+00  0.0000E+00  0.0000E+00  0.0000E+00  0.0000E+00  0.0000E+00  0.0000E+00  0.0000E+00  0.0000E+00
       0.0000E+00  0.0000E+00  0.0000E+00  0.0000E+00  0.0000E+00  0.0000E+00  0.0000E+00  0.0000E+00  0.0000E+00  0.0000E+00
1

   Bdrx n.   6  "ofluence  " , generalized particle n.    1, from region n.     5 to region n.     4
      detector area:  1.0000E+02 cm**2
      this is a one way only estimator
      this is a fluence like estimator
      linear energy binning from   0.0000E+00 to  3.0000E+02 GeV,     1 bins ( 3.0000E+02 GeV wide)
      linear angular binning from  0.0000E+00 to  6.2832E+00 sr ,     1 bins ( 6.2832E+00 sr wide )
      Data follow in a matrix A(ie,ia), format (1(5x,1p,10(1x,e11.4)))

       5.3319E-06
