
 *****  Protons in Lexan (0.10GeV, 3cm)                                                   *****

           DATE: 12/18/18,  TIME: 15:49:52

          Total number of particles followed       10000000, for a total weight of  1.0000E+07

1

   Bdrx n.   4  "ocurrent  " , generalized particle n.    1, from region n.     5 to region n.     4
      detector area:  1.0000E+02 cm**2
      this is a one way only estimator
      this is a current like estimator
      linear energy binning from   2.0000E-02 to  1.5000E-01 GeV,   650 bins ( 2.0000E-04 GeV wide)
      linear angular binning from  0.0000E+00 to  6.2832E+00 sr ,     1 bins ( 6.2832E+00 sr wide )
      Data follow in a matrix A(ie,ia), format (1(5x,1p,10(1x,e11.4)))

       7.4405E-04  7.3768E-04  7.1063E-04  7.3609E-04  7.6315E-04  7.2654E-04  7.2495E-04  7.3530E-04  7.3450E-04  7.8065E-04
       7.4803E-04  7.5519E-04  7.3211E-04  7.2495E-04  7.5996E-04  7.3609E-04  7.5917E-04  7.1938E-04  7.3848E-04  7.3530E-04
       7.2973E-04  7.4325E-04  7.0585E-04  7.8384E-04  7.9577E-04  7.5996E-04  7.4325E-04  7.0983E-04  7.0744E-04  7.8543E-04
       7.8225E-04  7.8145E-04  7.5917E-04  6.7163E-04  7.4803E-04  7.2495E-04  7.3370E-04  7.3768E-04  7.6315E-04  7.4644E-04
       7.7508E-04  8.0930E-04  7.3927E-04  7.4087E-04  7.1142E-04  7.0824E-04  7.2177E-04  7.1779E-04  7.1301E-04  7.4007E-04
       7.2654E-04  7.1540E-04  7.3450E-04  7.4882E-04  7.4803E-04  7.2813E-04  7.6235E-04  7.4246E-04  6.9949E-04  7.4246E-04
       7.4325E-04  7.5917E-04  7.2256E-04  7.1779E-04  7.5121E-04  7.4644E-04  7.3530E-04  7.6554E-04  7.5996E-04  8.0135E-04
       8.0692E-04  8.1328E-04  8.2681E-04  7.5519E-04  8.0692E-04  8.4591E-04  8.8013E-04  9.1116E-04  9.0400E-04  8.6819E-04
       9.2946E-04  1.0281E-03  1.0289E-03  1.0528E-03  1.0687E-03  1.1364E-03  1.2151E-03  1.2438E-03  1.2804E-03  1.3568E-03
       1.4595E-03  1.5056E-03  1.6624E-03  1.7061E-03  1.7913E-03  1.9401E-03  2.0077E-03  2.1573E-03  2.3507E-03  2.4987E-03
       2.6714E-03  2.7924E-03  2.9929E-03  3.2826E-03  3.5722E-03  3.8317E-03  4.1340E-03  4.5845E-03  5.1272E-03  5.5537E-03
       6.3009E-03  7.3553E-03  8.3031E-03  9.7602E-03  1.1592E-02  1.4230E-02  1.7721E-02  2.1768E-02  2.7703E-02  3.5277E-02
       4.4854E-02  5.7544E-02  7.3349E-02  9.2665E-02  1.1572E-01  1.4252E-01  1.7311E-01  2.0715E-01  2.4299E-01  2.8031E-01
       3.1749E-01  3.5202E-01  3.8281E-01  4.0811E-01  4.2467E-01  4.3156E-01  4.2954E-01  4.1794E-01  3.9435E-01  3.6562E-01
       3.2937E-01  2.8940E-01  2.4700E-01  2.0631E-01  1.6749E-01  1.3118E-01  1.0098E-01  7.5292E-02  5.4522E-02  3.8264E-02
       2.6054E-02  1.7374E-02  1.1119E-02  6.8604E-03  4.1269E-03  2.4430E-03  1.3353E-03  7.6474E-04  4.3131E-04  1.8780E-04
       9.6289E-05  4.3768E-05  2.7852E-05  6.3662E-06  2.3873E-06  7.9577E-07  0.0000E+00  0.0000E+00  0.0000E+00  0.0000E+00
       7.9577E-07  7.9577E-07  0.0000E+00  0.0000E+00  0.0000E+00  0.0000E+00  0.0000E+00  0.0000E+00  7.9577E-07  0.0000E+00
       0.0000E+00  0.0000E+00  0.0000E+00  0.0000E+00  0.0000E+00  0.0000E+00  0.0000E+00  7.9577E-07  0.0000E+00  0.0000E+00
       0.0000E+00  0.0000E+00  0.0000E+00  0.0000E+00  0.0000E+00  0.0000E+00  7.9577E-07  0.0000E+00  0.0000E+00  0.0000E+00
       0.0000E+00  0.0000E+00  7.9577E-07  0.0000E+00  0.0000E+00  0.0000E+00  0.0000E+00  0.0000E+00  0.0000E+00  0.0000E+00
       0.0000E+00  0.0000E+00  7.9577E-07  0.0000E+00  0.0000E+00  0.0000E+00  0.0000E+00  0.0000E+00  0.0000E+00  0.0000E+00
       0.0000E+00  0.0000E+00  0.0000E+00  0.0000E+00  0.0000E+00  0.0000E+00  0.0000E+00  0.0000E+00  0.0000E+00  0.0000E+00
       0.0000E+00  0.0000E+00  0.0000E+00  0.0000E+00  0.0000E+00  0.0000E+00  0.0000E+00  0.0000E+00  0.0000E+00  0.0000E+00
       0.0000E+00  0.0000E+00  0.0000E+00  0.0000E+00  0.0000E+00  0.0000E+00  0.0000E+00  0.0000E+00  0.0000E+00  0.0000E+00
       0.0000E+00  0.0000E+00  0.0000E+00  0.0000E+00  0.0000E+00  0.0000E+00  0.0000E+00  0.0000E+00  0.0000E+00  0.0000E+00
       0.0000E+00  0.0000E+00  0.0000E+00  0.0000E+00  0.0000E+00  0.0000E+00  0.0000E+00  0.0000E+00  0.0000E+00  0.0000E+00
       0.0000E+00  0.0000E+00  0.0000E+00  0.0000E+00  0.0000E+00  0.0000E+00  0.0000E+00  0.0000E+00  0.0000E+00  0.0000E+00
       0.0000E+00  0.0000E+00  0.0000E+00  0.0000E+00  0.0000E+00  0.0000E+00  0.0000E+00  0.0000E+00  0.0000E+00  0.0000E+00
       0.0000E+00  0.0000E+00  0.0000E+00  0.0000E+00  0.0000E+00  0.0000E+00  0.0000E+00  0.0000E+00  0.0000E+00  0.0000E+00
       0.0000E+00  0.0000E+00  0.0000E+00  0.0000E+00  0.0000E+00  0.0000E+00  0.0000E+00  0.0000E+00  0.0000E+00  0.0000E+00
       0.0000E+00  0.0000E+00  0.0000E+00  0.0000E+00  0.0000E+00  0.0000E+00  0.0000E+00  0.0000E+00  0.0000E+00  0.0000E+00
       0.0000E+00  0.0000E+00  0.0000E+00  0.0000E+00  0.0000E+00  0.0000E+00  0.0000E+00  0.0000E+00  0.0000E+00  0.0000E+00
       0.0000E+00  0.0000E+00  0.0000E+00  0.0000E+00  0.0000E+00  0.0000E+00  0.0000E+00  0.0000E+00  0.0000E+00  0.0000E+00
       0.0000E+00  0.0000E+00  0.0000E+00  0.0000E+00  0.0000E+00  0.0000E+00  0.0000E+00  0.0000E+00  0.0000E+00  0.0000E+00
       0.0000E+00  0.0000E+00  0.0000E+00  0.0000E+00  0.0000E+00  0.0000E+00  0.0000E+00  0.0000E+00  0.0000E+00  0.0000E+00
       0.0000E+00  0.0000E+00  0.0000E+00  0.0000E+00  0.0000E+00  0.0000E+00  0.0000E+00  0.0000E+00  0.0000E+00  0.0000E+00
       0.0000E+00  0.0000E+00  0.0000E+00  0.0000E+00  0.0000E+00  0.0000E+00  0.0000E+00  0.0000E+00  0.0000E+00  0.0000E+00
       0.0000E+00  0.0000E+00  0.0000E+00  0.0000E+00  0.0000E+00  0.0000E+00  0.0000E+00  0.0000E+00  0.0000E+00  0.0000E+00
       0.0000E+00  0.0000E+00  0.0000E+00  0.0000E+00  0.0000E+00  0.0000E+00  0.0000E+00  0.0000E+00  0.0000E+00  0.0000E+00
       0.0000E+00  0.0000E+00  0.0000E+00  0.0000E+00  0.0000E+00  0.0000E+00  0.0000E+00  0.0000E+00  0.0000E+00  0.0000E+00
       0.0000E+00  0.0000E+00  0.0000E+00  0.0000E+00  0.0000E+00  0.0000E+00  0.0000E+00  0.0000E+00  0.0000E+00  0.0000E+00
       0.0000E+00  0.0000E+00  0.0000E+00  0.0000E+00  0.0000E+00  0.0000E+00  0.0000E+00  0.0000E+00  0.0000E+00  0.0000E+00
       0.0000E+00  0.0000E+00  0.0000E+00  0.0000E+00  0.0000E+00  0.0000E+00  0.0000E+00  0.0000E+00  0.0000E+00  0.0000E+00
       0.0000E+00  0.0000E+00  0.0000E+00  0.0000E+00  0.0000E+00  0.0000E+00  0.0000E+00  0.0000E+00  0.0000E+00  0.0000E+00
       0.0000E+00  0.0000E+00  0.0000E+00  0.0000E+00  0.0000E+00  0.0000E+00  0.0000E+00  0.0000E+00  0.0000E+00  0.0000E+00
       0.0000E+00  0.0000E+00  0.0000E+00  0.0000E+00  0.0000E+00  0.0000E+00  0.0000E+00  0.0000E+00  0.0000E+00  0.0000E+00
       0.0000E+00  0.0000E+00  0.0000E+00  0.0000E+00  0.0000E+00  0.0000E+00  0.0000E+00  0.0000E+00  0.0000E+00  0.0000E+00
       0.0000E+00  0.0000E+00  0.0000E+00  0.0000E+00  0.0000E+00  0.0000E+00  0.0000E+00  0.0000E+00  0.0000E+00  0.0000E+00
       0.0000E+00  0.0000E+00  0.0000E+00  0.0000E+00  0.0000E+00  0.0000E+00  0.0000E+00  0.0000E+00  0.0000E+00  0.0000E+00
       0.0000E+00  0.0000E+00  0.0000E+00  0.0000E+00  0.0000E+00  0.0000E+00  0.0000E+00  0.0000E+00  0.0000E+00  0.0000E+00
       0.0000E+00  0.0000E+00  0.0000E+00  0.0000E+00  0.0000E+00  0.0000E+00  0.0000E+00  0.0000E+00  0.0000E+00  0.0000E+00
       0.0000E+00  0.0000E+00  0.0000E+00  0.0000E+00  0.0000E+00  0.0000E+00  0.0000E+00  0.0000E+00  0.0000E+00  0.0000E+00
       0.0000E+00  0.0000E+00  0.0000E+00  0.0000E+00  0.0000E+00  0.0000E+00  0.0000E+00  0.0000E+00  0.0000E+00  0.0000E+00
       0.0000E+00  0.0000E+00  0.0000E+00  0.0000E+00  0.0000E+00  0.0000E+00  0.0000E+00  0.0000E+00  0.0000E+00  0.0000E+00
       0.0000E+00  0.0000E+00  0.0000E+00  0.0000E+00  0.0000E+00  0.0000E+00  0.0000E+00  0.0000E+00  0.0000E+00  0.0000E+00
       0.0000E+00  0.0000E+00  0.0000E+00  0.0000E+00  0.0000E+00  0.0000E+00  0.0000E+00  0.0000E+00  0.0000E+00  0.0000E+00
       0.0000E+00  0.0000E+00  0.0000E+00  0.0000E+00  0.0000E+00  0.0000E+00  0.0000E+00  0.0000E+00  0.0000E+00  0.0000E+00
       0.0000E+00  0.0000E+00  0.0000E+00  0.0000E+00  0.0000E+00  0.0000E+00  0.0000E+00  0.0000E+00  0.0000E+00  0.0000E+00
       0.0000E+00  0.0000E+00  0.0000E+00  0.0000E+00  0.0000E+00  0.0000E+00  0.0000E+00  0.0000E+00  0.0000E+00  0.0000E+00
       0.0000E+00  0.0000E+00  0.0000E+00  0.0000E+00  0.0000E+00  0.0000E+00  0.0000E+00  0.0000E+00  0.0000E+00  0.0000E+00
       0.0000E+00  0.0000E+00  0.0000E+00  0.0000E+00  0.0000E+00  0.0000E+00  0.0000E+00  0.0000E+00  0.0000E+00  0.0000E+00
       0.0000E+00  0.0000E+00  0.0000E+00  0.0000E+00  0.0000E+00  0.0000E+00  0.0000E+00  0.0000E+00  0.0000E+00  0.0000E+00
       0.0000E+00  0.0000E+00  0.0000E+00  0.0000E+00  0.0000E+00  0.0000E+00  0.0000E+00  0.0000E+00  0.0000E+00  0.0000E+00
       0.0000E+00  0.0000E+00  0.0000E+00  0.0000E+00  0.0000E+00  0.0000E+00  0.0000E+00  0.0000E+00  0.0000E+00  0.0000E+00
