
 *****  Protons in Lexan (0.10GeV, 3cm)                                                   *****

           DATE: 12/18/18,  TIME: 15:49:52

          Total number of particles followed       10000000, for a total weight of  1.0000E+07

1

   Res. nuclei n.   1  "Ian       " ,  all         products, region n.     5
      detector volume:  1.0000E+00 cm**3
      Max. Z:  10, Max. N-Z:  11 Min. N-Z: -4
      Data follow in a matrix A(z,n-z-k), k: -5 format (1(5x,1p,10(1x,e11.4)))

       0.0000E+00  0.0000E+00  0.0000E+00  0.0000E+00  0.0000E+00  0.0000E+00  0.0000E+00  0.0000E+00  0.0000E+00  0.0000E+00
       0.0000E+00  0.0000E+00  0.0000E+00  0.0000E+00  0.0000E+00  2.1900E-05  0.0000E+00  8.0000E-07  0.0000E+00  0.0000E+00
       0.0000E+00  0.0000E+00  0.0000E+00  0.0000E+00  3.2870E-04  3.2290E-04  9.1300E-05  4.3000E-05  0.0000E+00  0.0000E+00
       1.2047E-01  7.6223E-03  0.0000E+00  4.5360E-03  0.0000E+00  1.1857E-02  1.1620E-04  2.6123E-03  3.0000E-07  0.0000E+00
       3.1920E-02  9.0866E-02  5.9751E-03  0.0000E+00  3.5155E-03  4.9731E-02  1.4582E-03  5.4190E-03  2.0000E-07  7.0000E-07
       3.3348E-03  0.0000E+00  3.0270E-03  8.0494E-04  7.5661E-03  1.0690E-03  1.9499E-03  4.5619E-06  1.0000E-07  0.0000E+00
       0.0000E+00  8.0600E-05  1.3730E-04  2.7400E-04  5.4534E-05  1.6220E-04  5.4270E-06  6.1000E-06  0.0000E+00  0.0000E+00
       0.0000E+00  0.0000E+00  1.1000E-06  1.1000E-06  2.3000E-06  2.0000E-07  1.9000E-06  0.0000E+00  0.0000E+00  0.0000E+00
       0.0000E+00  0.0000E+00  0.0000E+00  0.0000E+00  0.0000E+00  0.0000E+00  0.0000E+00  0.0000E+00  0.0000E+00  0.0000E+00
       0.0000E+00  0.0000E+00  0.0000E+00  0.0000E+00  0.0000E+00  0.0000E+00  0.0000E+00  0.0000E+00  0.0000E+00  0.0000E+00
       0.0000E+00  0.0000E+00  0.0000E+00  0.0000E+00  0.0000E+00  0.0000E+00  0.0000E+00  0.0000E+00  0.0000E+00  0.0000E+00
       0.0000E+00  0.0000E+00  0.0000E+00  0.0000E+00  0.0000E+00  0.0000E+00  0.0000E+00  0.0000E+00  0.0000E+00  0.0000E+00
       0.0000E+00  0.0000E+00  0.0000E+00  0.0000E+00  0.0000E+00  0.0000E+00  0.0000E+00  0.0000E+00  0.0000E+00  0.0000E+00
       0.0000E+00  0.0000E+00  0.0000E+00  0.0000E+00  0.0000E+00  0.0000E+00  0.0000E+00  0.0000E+00  0.0000E+00  0.0000E+00
       0.0000E+00  0.0000E+00  0.0000E+00  0.0000E+00  0.0000E+00  0.0000E+00  0.0000E+00  0.0000E+00  0.0000E+00  0.0000E+00
       0.0000E+00  0.0000E+00  0.0000E+00  0.0000E+00  0.0000E+00  0.0000E+00  0.0000E+00  0.0000E+00  0.0000E+00  0.0000E+00
