
 *****  Protons in Lexan (0.08GeV, 0cm)                                                   *****

           DATE: 12/19/18,  TIME:  2:49:43

          Total number of particles followed       50000000, for a total weight of  5.0000E+07

1

   Bdrx n.   2  "ofluence  " , generalized particle n.    1, from region n.     5 to region n.     4
      detector area:  1.0000E+02 cm**2
      this is a one way only estimator
      this is a fluence like estimator
      linear energy binning from   0.0000E+00 to  1.3000E-01 GeV,   650 bins ( 2.0000E-04 GeV wide)
      linear angular binning from  0.0000E+00 to  6.2832E+00 sr ,     1 bins ( 6.2832E+00 sr wide )
      Data follow in a matrix A(ie,ia), format (1(5x,1p,10(1x,e11.4)))

       2.2170E-05  2.8280E-05  4.0051E-05  4.3273E-05  7.1033E-05  7.0545E-05  7.4858E-05  7.9541E-05  9.7592E-05  1.0263E-04
       1.1235E-04  1.0369E-04  1.0666E-04  1.1646E-04  1.3284E-04  1.3252E-04  1.3678E-04  1.3250E-04  1.4774E-04  1.5504E-04
       1.7653E-04  1.5452E-04  1.7398E-04  1.9310E-04  1.7432E-04  2.0113E-04  1.7788E-04  1.7120E-04  2.0077E-04  1.8242E-04
       1.9777E-04  1.8945E-04  2.0969E-04  1.9064E-04  2.0345E-04  2.1726E-04  2.1629E-04  2.1712E-04  2.4464E-04  2.2253E-04
       2.3251E-04  2.2739E-04  2.2099E-04  2.2099E-04  2.2669E-04  2.4135E-04  2.5208E-04  2.4062E-04  2.6032E-04  2.5409E-04
       2.5632E-04  2.5310E-04  2.6087E-04  2.4972E-04  2.6730E-04  2.6247E-04  2.6566E-04  2.6261E-04  2.5099E-04  2.8584E-04
       2.6402E-04  2.5470E-04  2.7287E-04  2.7922E-04  2.8669E-04  2.7265E-04  2.8933E-04  2.8168E-04  2.8954E-04  2.9222E-04
       2.8808E-04  2.7951E-04  2.9026E-04  3.0099E-04  3.0684E-04  3.0893E-04  3.0256E-04  3.0094E-04  3.0782E-04  3.9310E-04
       2.9098E-04  3.0908E-04  2.9621E-04  3.0704E-04  2.9654E-04  3.1406E-04  3.1805E-04  2.9944E-04  3.2754E-04  3.2922E-04
       3.2303E-04  3.0853E-04  3.4034E-04  3.2333E-04  3.4445E-04  3.2436E-04  3.2705E-04  3.3696E-04  3.4264E-04  3.0185E-04
       3.3645E-04  3.4188E-04  3.4507E-04  3.5123E-04  3.1763E-04  3.3349E-04  3.3577E-04  3.4471E-04  3.3053E-04  3.3947E-04
       3.4525E-04  3.4911E-04  3.5544E-04  3.4626E-04  3.7157E-04  3.3042E-04  3.4682E-04  3.4238E-04  3.5597E-04  3.6212E-04
       3.5267E-04  3.4859E-04  3.6366E-04  3.6457E-04  3.5256E-04  3.5615E-04  3.4721E-04  3.7678E-04  3.6731E-04  3.7079E-04
       3.5325E-04  3.9379E-04  3.7061E-04  3.8240E-04  3.8033E-04  3.8181E-04  3.6655E-04  3.9448E-04  3.7861E-04  3.7976E-04
       3.7379E-04  3.6986E-04  3.5946E-04  3.8100E-04  3.8041E-04  3.8005E-04  3.9425E-04  3.8038E-04  3.7844E-04  3.9590E-04
       3.6766E-04  3.7265E-04  3.9692E-04  3.8148E-04  3.9861E-04  3.9329E-04  3.6078E-04  4.0955E-04  3.8543E-04  3.8048E-04
       3.9466E-04  3.7481E-04  4.3456E-04  4.0012E-04  3.9457E-04  4.0138E-04  3.8393E-04  3.8296E-04  3.9956E-04  3.8471E-04
       3.9749E-04  3.9807E-04  3.8703E-04  3.9232E-04  3.9580E-04  3.9357E-04  4.0200E-04  4.0190E-04  3.7682E-04  3.9058E-04
       4.0279E-04  3.8279E-04  3.9076E-04  3.9892E-04  3.8373E-04  3.9416E-04  3.8518E-04  3.9401E-04  4.0859E-04  3.8370E-04
       3.8145E-04  3.9032E-04  3.9587E-04  3.8738E-04  3.9494E-04  3.8219E-04  3.8379E-04  3.6758E-04  3.6997E-04  3.9248E-04
       3.8491E-04  3.7227E-04  3.6130E-04  3.8275E-04  3.8396E-04  3.7633E-04  3.9368E-04  3.7076E-04  3.7542E-04  3.9056E-04
       3.8105E-04  3.8356E-04  3.9257E-04  3.8687E-04  3.7940E-04  3.5901E-04  3.7090E-04  3.9105E-04  3.7021E-04  3.8206E-04
       3.6260E-04  3.6938E-04  3.6749E-04  3.7066E-04  3.8890E-04  3.8679E-04  3.7110E-04  3.6772E-04  3.7769E-04  3.6057E-04
       3.6311E-04  3.8094E-04  3.8083E-04  3.7184E-04  3.7063E-04  3.7349E-04  3.5950E-04  3.6606E-04  3.5325E-04  3.4614E-04
       3.6681E-04  3.5516E-04  3.6294E-04  3.5360E-04  3.4424E-04  3.5974E-04  3.5658E-04  3.4987E-04  3.3833E-04  3.4994E-04
       3.4987E-04  3.5852E-04  3.3895E-04  3.4894E-04  3.5148E-04  3.4497E-04  3.3286E-04  3.3924E-04  3.5454E-04  3.4011E-04
       3.3031E-04  3.2703E-04  3.2347E-04  3.2907E-04  3.2973E-04  3.3969E-04  3.2376E-04  3.2825E-04  3.3460E-04  3.1754E-04
       3.1678E-04  3.1816E-04  3.0588E-04  3.1031E-04  3.0593E-04  2.9024E-04  2.8198E-04  2.9698E-04  2.9177E-04  2.8120E-04
       2.7608E-04  2.6688E-04  2.7574E-04  2.6213E-04  2.6295E-04  2.5162E-04  2.4454E-04  2.4807E-04  2.2204E-04  2.3659E-04
       2.1748E-04  1.9775E-04  2.0255E-04  1.8689E-04  1.7595E-04  1.8794E-04  1.6016E-04  1.5569E-04  1.7821E-04  1.6576E-04
       1.5663E-04  1.6568E-04  1.6419E-04  1.6563E-04  1.6972E-04  1.8066E-04  1.7140E-04  1.8986E-04  1.9569E-04  1.9130E-04
       2.0585E-04  2.1450E-04  2.2276E-04  2.3838E-04  2.3525E-04  2.7062E-04  2.7520E-04  2.8768E-04  3.3393E-04  3.1961E-04
       3.5996E-04  3.9226E-04  4.1312E-04  4.2351E-04  4.1094E-04  3.9202E-04  3.8041E-04  3.7925E-04  3.9482E-04  4.3275E-04
       4.9369E-04  5.8837E-04  7.4359E-04  8.9457E-04  1.1135E-03  1.4156E-03  1.9202E-03  2.7961E-03  4.5734E-03  9.1275E-03
       2.0794E-02  4.9578E-02  1.1307E-01  2.3583E-01  4.3624E-01  7.0579E-01  9.9129E-01  1.1974E+00  1.2370E+00  1.0857E+00
       8.0382E-01  5.0009E-01  2.6021E-01  1.1171E-01  3.9876E-02  1.1633E-02  2.7750E-03  5.4079E-04  8.1029E-05  1.0824E-05
       1.1143E-06  1.5917E-07  0.0000E+00  0.0000E+00  0.0000E+00  0.0000E+00  0.0000E+00  0.0000E+00  0.0000E+00  0.0000E+00
       0.0000E+00  0.0000E+00  0.0000E+00  0.0000E+00  0.0000E+00  0.0000E+00  0.0000E+00  0.0000E+00  0.0000E+00  0.0000E+00
       0.0000E+00  0.0000E+00  0.0000E+00  0.0000E+00  0.0000E+00  0.0000E+00  0.0000E+00  0.0000E+00  0.0000E+00  0.0000E+00
       0.0000E+00  0.0000E+00  0.0000E+00  0.0000E+00  0.0000E+00  0.0000E+00  0.0000E+00  0.0000E+00  0.0000E+00  0.0000E+00
       0.0000E+00  0.0000E+00  0.0000E+00  0.0000E+00  0.0000E+00  0.0000E+00  0.0000E+00  0.0000E+00  0.0000E+00  0.0000E+00
       0.0000E+00  0.0000E+00  0.0000E+00  0.0000E+00  0.0000E+00  0.0000E+00  0.0000E+00  0.0000E+00  0.0000E+00  0.0000E+00
       0.0000E+00  0.0000E+00  0.0000E+00  0.0000E+00  0.0000E+00  0.0000E+00  0.0000E+00  0.0000E+00  0.0000E+00  0.0000E+00
       0.0000E+00  0.0000E+00  0.0000E+00  0.0000E+00  0.0000E+00  0.0000E+00  0.0000E+00  0.0000E+00  0.0000E+00  0.0000E+00
       0.0000E+00  0.0000E+00  0.0000E+00  0.0000E+00  0.0000E+00  0.0000E+00  0.0000E+00  0.0000E+00  0.0000E+00  0.0000E+00
       0.0000E+00  0.0000E+00  0.0000E+00  0.0000E+00  0.0000E+00  0.0000E+00  0.0000E+00  0.0000E+00  0.0000E+00  0.0000E+00
       0.0000E+00  0.0000E+00  0.0000E+00  0.0000E+00  0.0000E+00  0.0000E+00  0.0000E+00  0.0000E+00  0.0000E+00  0.0000E+00
       0.0000E+00  0.0000E+00  0.0000E+00  0.0000E+00  0.0000E+00  0.0000E+00  0.0000E+00  0.0000E+00  0.0000E+00  0.0000E+00
       0.0000E+00  0.0000E+00  0.0000E+00  0.0000E+00  0.0000E+00  0.0000E+00  0.0000E+00  0.0000E+00  0.0000E+00  0.0000E+00
       0.0000E+00  0.0000E+00  0.0000E+00  0.0000E+00  0.0000E+00  0.0000E+00  0.0000E+00  0.0000E+00  0.0000E+00  0.0000E+00
       0.0000E+00  0.0000E+00  0.0000E+00  0.0000E+00  0.0000E+00  0.0000E+00  0.0000E+00  0.0000E+00  0.0000E+00  0.0000E+00
       0.0000E+00  0.0000E+00  0.0000E+00  0.0000E+00  0.0000E+00  0.0000E+00  0.0000E+00  0.0000E+00  0.0000E+00  0.0000E+00
       0.0000E+00  0.0000E+00  0.0000E+00  0.0000E+00  0.0000E+00  0.0000E+00  0.0000E+00  0.0000E+00  0.0000E+00  0.0000E+00
       0.0000E+00  0.0000E+00  0.0000E+00  0.0000E+00  0.0000E+00  0.0000E+00  0.0000E+00  0.0000E+00  0.0000E+00  0.0000E+00
       0.0000E+00  0.0000E+00  0.0000E+00  0.0000E+00  0.0000E+00  0.0000E+00  0.0000E+00  0.0000E+00  0.0000E+00  0.0000E+00
       0.0000E+00  0.0000E+00  0.0000E+00  0.0000E+00  0.0000E+00  0.0000E+00  0.0000E+00  0.0000E+00  0.0000E+00  0.0000E+00
       0.0000E+00  0.0000E+00  0.0000E+00  0.0000E+00  0.0000E+00  0.0000E+00  0.0000E+00  0.0000E+00  0.0000E+00  0.0000E+00
       0.0000E+00  0.0000E+00  0.0000E+00  0.0000E+00  0.0000E+00  0.0000E+00  0.0000E+00  0.0000E+00  0.0000E+00  0.0000E+00
       0.0000E+00  0.0000E+00  0.0000E+00  0.0000E+00  0.0000E+00  0.0000E+00  0.0000E+00  0.0000E+00  0.0000E+00  0.0000E+00
       0.0000E+00  0.0000E+00  0.0000E+00  0.0000E+00  0.0000E+00  0.0000E+00  0.0000E+00  0.0000E+00  0.0000E+00  0.0000E+00
       0.0000E+00  0.0000E+00  0.0000E+00  0.0000E+00  0.0000E+00  0.0000E+00  0.0000E+00  0.0000E+00  0.0000E+00  0.0000E+00
       0.0000E+00  0.0000E+00  0.0000E+00  0.0000E+00  0.0000E+00  0.0000E+00  0.0000E+00  0.0000E+00  0.0000E+00  0.0000E+00
       0.0000E+00  0.0000E+00  0.0000E+00  0.0000E+00  0.0000E+00  0.0000E+00  0.0000E+00  0.0000E+00  0.0000E+00  0.0000E+00
       0.0000E+00  0.0000E+00  0.0000E+00  0.0000E+00  0.0000E+00  0.0000E+00  0.0000E+00  0.0000E+00  0.0000E+00  0.0000E+00
       0.0000E+00  0.0000E+00  0.0000E+00  0.0000E+00  0.0000E+00  0.0000E+00  0.0000E+00  0.0000E+00  0.0000E+00  0.0000E+00
1

   Bdrx n.   6  "ofluence  " , generalized particle n.    1, from region n.     5 to region n.     4
      detector area:  1.0000E+02 cm**2
      this is a one way only estimator
      this is a fluence like estimator
      linear energy binning from   0.0000E+00 to  3.0000E+02 GeV,     1 bins ( 3.0000E+02 GeV wide)
      linear angular binning from  0.0000E+00 to  6.2832E+00 sr ,     1 bins ( 6.2832E+00 sr wide )
      Data follow in a matrix A(ie,ia), format (1(5x,1p,10(1x,e11.4)))

       5.2858E-06
