
 *****  Protons in Lexan (0.08GeV, 0cm)                                                   *****

           DATE: 12/19/18,  TIME:  2:49:43

          Total number of particles followed       50000000, for a total weight of  5.0000E+07

1

   Bdrx n.   4  "ocurrent  " , generalized particle n.    1, from region n.     5 to region n.     4
      detector area:  1.0000E+02 cm**2
      this is a one way only estimator
      this is a current like estimator
      linear energy binning from   0.0000E+00 to  1.3000E-01 GeV,   650 bins ( 2.0000E-04 GeV wide)
      linear angular binning from  0.0000E+00 to  6.2832E+00 sr ,     1 bins ( 6.2832E+00 sr wide )
      Data follow in a matrix A(ie,ia), format (1(5x,1p,10(1x,e11.4)))

       1.3528E-05  1.7985E-05  2.2123E-05  2.6420E-05  3.2149E-05  3.7879E-05  4.2494E-05  4.5996E-05  5.5545E-05  5.7455E-05
       6.3185E-05  6.5254E-05  6.6208E-05  7.0824E-05  8.0851E-05  7.9259E-05  8.3875E-05  7.8145E-05  8.4352E-05  8.7854E-05
       1.0488E-04  9.3901E-05  9.7085E-05  1.0329E-04  1.0122E-04  1.1125E-04  1.0632E-04  1.0313E-04  1.1268E-04  1.1316E-04
       1.1666E-04  1.1825E-04  1.2335E-04  1.1571E-04  1.1937E-04  1.3051E-04  1.3353E-04  1.3592E-04  1.4419E-04  1.3544E-04
       1.4292E-04  1.3831E-04  1.4053E-04  1.4022E-04  1.4228E-04  1.4945E-04  1.4945E-04  1.5183E-04  1.5486E-04  1.5661E-04
       1.5740E-04  1.6234E-04  1.5756E-04  1.5629E-04  1.5613E-04  1.6377E-04  1.6727E-04  1.6425E-04  1.6170E-04  1.7969E-04
       1.7014E-04  1.6186E-04  1.6488E-04  1.6902E-04  1.7905E-04  1.7650E-04  1.8717E-04  1.8494E-04  1.8621E-04  1.8844E-04
       1.8844E-04  1.8319E-04  1.8812E-04  1.9560E-04  1.9369E-04  2.0372E-04  1.9337E-04  1.9878E-04  2.0229E-04  1.9528E-04
       1.9162E-04  2.0531E-04  1.9926E-04  2.0531E-04  1.9624E-04  2.0595E-04  2.1008E-04  2.0499E-04  2.1550E-04  2.1597E-04
       2.1581E-04  2.1136E-04  2.2536E-04  2.1629E-04  2.2138E-04  2.1947E-04  2.2186E-04  2.2982E-04  2.3205E-04  2.1040E-04
       2.3221E-04  2.2711E-04  2.3810E-04  2.4048E-04  2.2170E-04  2.2823E-04  2.3635E-04  2.3555E-04  2.2743E-04  2.3682E-04
       2.4144E-04  2.4335E-04  2.4526E-04  2.3825E-04  2.5322E-04  2.3539E-04  2.4016E-04  2.3746E-04  2.4908E-04  2.5115E-04
       2.4621E-04  2.5115E-04  2.5926E-04  2.5767E-04  2.5353E-04  2.5656E-04  2.5194E-04  2.7009E-04  2.5799E-04  2.6722E-04
       2.4733E-04  2.8027E-04  2.6690E-04  2.7009E-04  2.7645E-04  2.7454E-04  2.7454E-04  2.7916E-04  2.7916E-04  2.7422E-04
       2.7534E-04  2.7168E-04  2.6420E-04  2.7995E-04  2.7979E-04  2.8457E-04  2.8680E-04  2.7948E-04  2.8075E-04  2.7884E-04
       2.7279E-04  2.7788E-04  2.9300E-04  2.8282E-04  2.8680E-04  2.9300E-04  2.7438E-04  3.0383E-04  2.9109E-04  2.8568E-04
       2.9714E-04  2.8807E-04  3.1258E-04  2.9746E-04  2.9905E-04  2.9125E-04  2.9316E-04  2.9364E-04  3.0064E-04  2.9794E-04
       3.0733E-04  3.0796E-04  2.9921E-04  3.0335E-04  3.0828E-04  3.0510E-04  3.0987E-04  3.0796E-04  2.9444E-04  2.9842E-04
       3.1322E-04  2.9953E-04  3.0796E-04  3.1322E-04  3.0096E-04  3.1131E-04  3.0192E-04  3.0605E-04  3.2117E-04  3.0224E-04
       3.0351E-04  3.0653E-04  3.1003E-04  3.1417E-04  3.0987E-04  2.9810E-04  3.0367E-04  3.0017E-04  2.9491E-04  3.0987E-04
       3.0510E-04  3.0224E-04  2.9348E-04  3.0860E-04  3.0367E-04  3.0224E-04  3.1115E-04  2.9873E-04  3.0096E-04  3.0924E-04
       3.0255E-04  2.9937E-04  3.1497E-04  3.1322E-04  3.0605E-04  2.8982E-04  2.9857E-04  3.1465E-04  3.0080E-04  3.0972E-04
       2.9857E-04  3.0430E-04  3.0351E-04  3.0430E-04  3.0749E-04  3.1767E-04  3.0048E-04  3.0510E-04  3.0781E-04  2.9316E-04
       2.9969E-04  3.1608E-04  3.1115E-04  3.0574E-04  3.0669E-04  3.0828E-04  2.9619E-04  3.0033E-04  2.9364E-04  2.9062E-04
       3.0590E-04  2.9587E-04  3.0335E-04  2.9221E-04  2.8696E-04  3.0208E-04  2.9444E-04  2.9826E-04  2.8425E-04  2.9905E-04
       2.9491E-04  3.0255E-04  2.8282E-04  2.8759E-04  2.9300E-04  2.9205E-04  2.8218E-04  2.8727E-04  3.0192E-04  2.9078E-04
       2.7948E-04  2.7741E-04  2.7773E-04  2.8011E-04  2.8409E-04  2.8552E-04  2.7470E-04  2.8155E-04  2.6865E-04  2.7343E-04
       2.7231E-04  2.6881E-04  2.6181E-04  2.6579E-04  2.6070E-04  2.4892E-04  2.3841E-04  2.5322E-04  2.5194E-04  2.3825E-04
       2.3030E-04  2.2855E-04  2.3650E-04  2.2473E-04  2.2043E-04  2.1263E-04  2.0802E-04  1.9719E-04  1.8526E-04  1.9226E-04
       1.7539E-04  1.6091E-04  1.5915E-04  1.4801E-04  1.3305E-04  1.4467E-04  1.2319E-04  1.2080E-04  1.3417E-04  1.2096E-04
       1.1937E-04  1.2557E-04  1.2366E-04  1.2335E-04  1.2923E-04  1.3560E-04  1.3035E-04  1.4213E-04  1.5024E-04  1.4785E-04
       1.6170E-04  1.6679E-04  1.7587E-04  1.9003E-04  1.8796E-04  2.2298E-04  2.2648E-04  2.3841E-04  2.7836E-04  2.7311E-04
       3.0860E-04  3.4139E-04  3.5889E-04  3.7019E-04  3.5635E-04  3.3518E-04  3.2308E-04  3.1688E-04  3.2993E-04  3.6255E-04
       4.1762E-04  5.0388E-04  6.4108E-04  7.7843E-04  9.7912E-04  1.2603E-03  1.7342E-03  2.5740E-03  4.3096E-03  8.8095E-03
       2.0418E-02  4.9138E-02  1.1254E-01  2.3523E-01  4.3558E-01  7.0509E-01  9.9057E-01  1.1968E+00  1.2364E+00  1.0853E+00
       8.0353E-01  4.9992E-01  2.6013E-01  1.1167E-01  3.9864E-02  1.1630E-02  2.7742E-03  5.4065E-04  8.1010E-05  1.0823E-05
       1.1141E-06  1.5915E-07  0.0000E+00  0.0000E+00  0.0000E+00  0.0000E+00  0.0000E+00  0.0000E+00  0.0000E+00  0.0000E+00
       0.0000E+00  0.0000E+00  0.0000E+00  0.0000E+00  0.0000E+00  0.0000E+00  0.0000E+00  0.0000E+00  0.0000E+00  0.0000E+00
       0.0000E+00  0.0000E+00  0.0000E+00  0.0000E+00  0.0000E+00  0.0000E+00  0.0000E+00  0.0000E+00  0.0000E+00  0.0000E+00
       0.0000E+00  0.0000E+00  0.0000E+00  0.0000E+00  0.0000E+00  0.0000E+00  0.0000E+00  0.0000E+00  0.0000E+00  0.0000E+00
       0.0000E+00  0.0000E+00  0.0000E+00  0.0000E+00  0.0000E+00  0.0000E+00  0.0000E+00  0.0000E+00  0.0000E+00  0.0000E+00
       0.0000E+00  0.0000E+00  0.0000E+00  0.0000E+00  0.0000E+00  0.0000E+00  0.0000E+00  0.0000E+00  0.0000E+00  0.0000E+00
       0.0000E+00  0.0000E+00  0.0000E+00  0.0000E+00  0.0000E+00  0.0000E+00  0.0000E+00  0.0000E+00  0.0000E+00  0.0000E+00
       0.0000E+00  0.0000E+00  0.0000E+00  0.0000E+00  0.0000E+00  0.0000E+00  0.0000E+00  0.0000E+00  0.0000E+00  0.0000E+00
       0.0000E+00  0.0000E+00  0.0000E+00  0.0000E+00  0.0000E+00  0.0000E+00  0.0000E+00  0.0000E+00  0.0000E+00  0.0000E+00
       0.0000E+00  0.0000E+00  0.0000E+00  0.0000E+00  0.0000E+00  0.0000E+00  0.0000E+00  0.0000E+00  0.0000E+00  0.0000E+00
       0.0000E+00  0.0000E+00  0.0000E+00  0.0000E+00  0.0000E+00  0.0000E+00  0.0000E+00  0.0000E+00  0.0000E+00  0.0000E+00
       0.0000E+00  0.0000E+00  0.0000E+00  0.0000E+00  0.0000E+00  0.0000E+00  0.0000E+00  0.0000E+00  0.0000E+00  0.0000E+00
       0.0000E+00  0.0000E+00  0.0000E+00  0.0000E+00  0.0000E+00  0.0000E+00  0.0000E+00  0.0000E+00  0.0000E+00  0.0000E+00
       0.0000E+00  0.0000E+00  0.0000E+00  0.0000E+00  0.0000E+00  0.0000E+00  0.0000E+00  0.0000E+00  0.0000E+00  0.0000E+00
       0.0000E+00  0.0000E+00  0.0000E+00  0.0000E+00  0.0000E+00  0.0000E+00  0.0000E+00  0.0000E+00  0.0000E+00  0.0000E+00
       0.0000E+00  0.0000E+00  0.0000E+00  0.0000E+00  0.0000E+00  0.0000E+00  0.0000E+00  0.0000E+00  0.0000E+00  0.0000E+00
       0.0000E+00  0.0000E+00  0.0000E+00  0.0000E+00  0.0000E+00  0.0000E+00  0.0000E+00  0.0000E+00  0.0000E+00  0.0000E+00
       0.0000E+00  0.0000E+00  0.0000E+00  0.0000E+00  0.0000E+00  0.0000E+00  0.0000E+00  0.0000E+00  0.0000E+00  0.0000E+00
       0.0000E+00  0.0000E+00  0.0000E+00  0.0000E+00  0.0000E+00  0.0000E+00  0.0000E+00  0.0000E+00  0.0000E+00  0.0000E+00
       0.0000E+00  0.0000E+00  0.0000E+00  0.0000E+00  0.0000E+00  0.0000E+00  0.0000E+00  0.0000E+00  0.0000E+00  0.0000E+00
       0.0000E+00  0.0000E+00  0.0000E+00  0.0000E+00  0.0000E+00  0.0000E+00  0.0000E+00  0.0000E+00  0.0000E+00  0.0000E+00
       0.0000E+00  0.0000E+00  0.0000E+00  0.0000E+00  0.0000E+00  0.0000E+00  0.0000E+00  0.0000E+00  0.0000E+00  0.0000E+00
       0.0000E+00  0.0000E+00  0.0000E+00  0.0000E+00  0.0000E+00  0.0000E+00  0.0000E+00  0.0000E+00  0.0000E+00  0.0000E+00
       0.0000E+00  0.0000E+00  0.0000E+00  0.0000E+00  0.0000E+00  0.0000E+00  0.0000E+00  0.0000E+00  0.0000E+00  0.0000E+00
       0.0000E+00  0.0000E+00  0.0000E+00  0.0000E+00  0.0000E+00  0.0000E+00  0.0000E+00  0.0000E+00  0.0000E+00  0.0000E+00
       0.0000E+00  0.0000E+00  0.0000E+00  0.0000E+00  0.0000E+00  0.0000E+00  0.0000E+00  0.0000E+00  0.0000E+00  0.0000E+00
       0.0000E+00  0.0000E+00  0.0000E+00  0.0000E+00  0.0000E+00  0.0000E+00  0.0000E+00  0.0000E+00  0.0000E+00  0.0000E+00
       0.0000E+00  0.0000E+00  0.0000E+00  0.0000E+00  0.0000E+00  0.0000E+00  0.0000E+00  0.0000E+00  0.0000E+00  0.0000E+00
       0.0000E+00  0.0000E+00  0.0000E+00  0.0000E+00  0.0000E+00  0.0000E+00  0.0000E+00  0.0000E+00  0.0000E+00  0.0000E+00
