
 *****  Protons in Lexan (0.08GeV, 0cm)                                                   *****

           DATE: 12/19/18,  TIME:  2:49:43

          Total number of particles followed       50000000, for a total weight of  5.0000E+07

1

   Res. nuclei n.   1  "Ian       " ,  all         products, region n.     5
      detector volume:  1.0000E+00 cm**3
      Max. Z:  10, Max. N-Z:  11 Min. N-Z: -4
      Data follow in a matrix A(z,n-z-k), k: -5 format (1(5x,1p,10(1x,e11.4)))

       0.0000E+00  0.0000E+00  0.0000E+00  0.0000E+00  0.0000E+00  0.0000E+00  0.0000E+00  0.0000E+00  0.0000E+00  0.0000E+00
       0.0000E+00  0.0000E+00  0.0000E+00  0.0000E+00  0.0000E+00  4.1600E-06  0.0000E+00  2.4000E-07  0.0000E+00  0.0000E+00
       0.0000E+00  0.0000E+00  0.0000E+00  0.0000E+00  6.4340E-05  6.9540E-05  1.6820E-05  8.8200E-06  0.0000E+00  0.0000E+00
       1.3221E-02  1.6123E-03  0.0000E+00  9.3932E-04  0.0000E+00  2.4183E-03  2.2680E-05  5.3370E-04  2.0000E-08  0.0000E+00
       3.0023E-03  1.7911E-02  1.2605E-03  0.0000E+00  7.2574E-04  9.5670E-03  3.0737E-04  1.0605E-03  4.0000E-08  1.0000E-07
       6.8792E-04  0.0000E+00  6.1746E-04  1.5124E-04  1.4873E-03  2.1218E-04  3.8244E-04  1.1827E-06  4.0000E-08  0.0000E+00
       0.0000E+00  1.7620E-05  3.1560E-05  6.2000E-05  8.9870E-06  3.3080E-05  5.3855E-07  1.6000E-06  0.0000E+00  0.0000E+00
       0.0000E+00  0.0000E+00  2.2000E-07  8.0000E-08  4.2000E-07  6.0000E-08  2.8000E-07  0.0000E+00  0.0000E+00  0.0000E+00
       0.0000E+00  0.0000E+00  0.0000E+00  2.0000E-08  0.0000E+00  2.0000E-08  0.0000E+00  0.0000E+00  0.0000E+00  0.0000E+00
       0.0000E+00  0.0000E+00  0.0000E+00  0.0000E+00  0.0000E+00  0.0000E+00  0.0000E+00  0.0000E+00  0.0000E+00  0.0000E+00
       0.0000E+00  0.0000E+00  0.0000E+00  0.0000E+00  0.0000E+00  0.0000E+00  0.0000E+00  0.0000E+00  0.0000E+00  0.0000E+00
       0.0000E+00  0.0000E+00  0.0000E+00  0.0000E+00  0.0000E+00  0.0000E+00  0.0000E+00  0.0000E+00  0.0000E+00  0.0000E+00
       0.0000E+00  0.0000E+00  0.0000E+00  0.0000E+00  0.0000E+00  0.0000E+00  0.0000E+00  0.0000E+00  0.0000E+00  0.0000E+00
       0.0000E+00  0.0000E+00  0.0000E+00  0.0000E+00  0.0000E+00  0.0000E+00  0.0000E+00  0.0000E+00  0.0000E+00  0.0000E+00
       0.0000E+00  0.0000E+00  0.0000E+00  0.0000E+00  0.0000E+00  0.0000E+00  0.0000E+00  0.0000E+00  0.0000E+00  0.0000E+00
       0.0000E+00  0.0000E+00  0.0000E+00  0.0000E+00  0.0000E+00  0.0000E+00  0.0000E+00  0.0000E+00  0.0000E+00  0.0000E+00
