
 *****  Protons in Lexan (0.22GeV, 2cm)                                                   *****

           DATE: 12/19/18,  TIME:  7: 5: 7

          Total number of particles followed       16666666, for a total weight of  1.6667E+07

1

   Bdrx n.   2  "ofluence  " , generalized particle n.    1, from region n.     5 to region n.     4
      detector area:  1.0000E+02 cm**2
      this is a one way only estimator
      this is a fluence like estimator
      linear energy binning from   1.4000E-01 to  2.7000E-01 GeV,   650 bins ( 2.0000E-04 GeV wide)
      linear angular binning from  0.0000E+00 to  6.2832E+00 sr ,     1 bins ( 6.2832E+00 sr wide )
      Data follow in a matrix A(ie,ia), format (1(5x,1p,10(1x,e11.4)))

       3.9197E-04  3.8950E-04  3.9515E-04  3.8491E-04  3.9140E-04  3.9959E-04  3.9082E-04  3.9909E-04  4.0026E-04  3.9942E-04
       3.9057E-04  4.0375E-04  4.0197E-04  4.0220E-04  3.9692E-04  3.7398E-04  3.8126E-04  4.1303E-04  3.8079E-04  4.1523E-04
       4.0808E-04  3.8313E-04  4.0411E-04  3.9416E-04  4.0853E-04  4.1029E-04  3.7687E-04  3.9528E-04  3.9417E-04  4.1177E-04
       3.8948E-04  3.8497E-04  3.8039E-04  3.6175E-04  3.7424E-04  3.7653E-04  4.0254E-04  3.8042E-04  3.8111E-04  3.9346E-04
       3.7778E-04  3.9947E-04  3.9623E-04  4.0369E-04  3.9232E-04  3.5705E-04  3.7728E-04  3.6852E-04  3.7533E-04  3.7918E-04
       3.8861E-04  3.6332E-04  3.6288E-04  3.8370E-04  3.7667E-04  3.6720E-04  3.5226E-04  3.9339E-04  3.7710E-04  3.6696E-04
       3.7533E-04  3.8301E-04  3.7774E-04  3.9105E-04  3.8340E-04  3.8741E-04  3.7404E-04  3.8263E-04  3.9175E-04  3.8212E-04
       3.8160E-04  3.6735E-04  3.7126E-04  3.1589E-04  3.9775E-04  3.6370E-04  3.7996E-04  3.5712E-04  3.9093E-04  3.6330E-04
       4.0959E-04  3.9421E-04  3.8080E-04  3.7260E-04  3.5707E-04  3.7194E-04  3.9963E-04  3.5374E-04  3.9377E-04  3.8297E-04
       3.7279E-04  3.6192E-04  4.0913E-04  3.6780E-04  3.5916E-04  3.5473E-04  3.6941E-04  3.5129E-04  3.6543E-04  3.6624E-04
       3.8435E-04  3.8280E-04  3.8607E-04  3.7864E-04  3.8290E-04  3.4888E-04  3.8287E-04  3.7242E-04  3.8250E-04  3.7748E-04
       3.5993E-04  3.7308E-04  3.7905E-04  3.7497E-04  3.9194E-04  3.7484E-04  3.6416E-04  3.7256E-04  3.5516E-04  3.6853E-04
       3.6040E-04  3.9154E-04  3.6440E-04  3.6921E-04  3.4401E-04  3.3695E-04  3.8379E-04  3.5844E-04  3.4738E-04  3.4223E-04
       3.3715E-04  3.5793E-04  3.8618E-04  3.4380E-04  3.6077E-04  3.1143E-04  3.8084E-04  3.6324E-04  3.5119E-04  3.6289E-04
       3.5059E-04  3.4912E-04  3.6540E-04  3.2475E-04  3.5858E-04  3.4967E-04  3.2968E-04  3.5302E-04  3.7576E-04  3.4723E-04
       3.5975E-04  3.3329E-04  3.4160E-04  3.2321E-04  3.6000E-04  3.2486E-04  3.3180E-04  3.3330E-04  3.2105E-04  3.2523E-04
       3.4080E-04  3.1610E-04  3.1765E-04  3.2418E-04  3.4106E-04  3.1921E-04  3.4741E-04  3.0983E-04  3.2328E-04  3.3086E-04
       3.2625E-04  3.1607E-04  3.5569E-04  3.5513E-04  3.1976E-04  3.2554E-04  3.2998E-04  2.9257E-04  3.0693E-04  3.1660E-04
       3.0323E-04  3.0105E-04  2.8400E-04  3.0764E-04  3.0339E-04  3.0291E-04  3.2374E-04  3.1784E-04  3.0880E-04  3.0378E-04
       2.9535E-04  3.0540E-04  2.9174E-04  3.1766E-04  3.0591E-04  2.9121E-04  2.9745E-04  2.8806E-04  2.8511E-04  2.7329E-04
       2.8537E-04  3.0336E-04  2.8973E-04  2.7201E-04  2.7574E-04  2.8420E-04  2.6753E-04  2.8843E-04  2.8030E-04  2.6923E-04
       2.8568E-04  2.6241E-04  2.5909E-04  2.5983E-04  2.7792E-04  2.8950E-04  2.5406E-04  2.7196E-04  2.7005E-04  2.4425E-04
       2.5245E-04  2.3733E-04  2.5552E-04  2.4850E-04  2.5500E-04  2.6207E-04  2.5963E-04  2.3645E-04  2.4869E-04  2.4400E-04
       2.5668E-04  2.5628E-04  2.4910E-04  2.4342E-04  2.5437E-04  2.2777E-04  2.5558E-04  2.2890E-04  2.3063E-04  2.1599E-04
       2.0901E-04  2.2618E-04  2.2907E-04  2.0389E-04  2.2510E-04  2.1043E-04  2.0884E-04  1.9902E-04  2.0903E-04  2.2279E-04
       1.8180E-04  1.8768E-04  1.8934E-04  1.8081E-04  2.0262E-04  1.8628E-04  1.7373E-04  1.9697E-04  1.9171E-04  1.9310E-04
       1.7324E-04  1.5065E-04  1.8747E-04  1.6038E-04  1.5380E-04  1.4965E-04  1.3744E-04  1.3779E-04  1.4745E-04  1.4226E-04
       1.2966E-04  1.2490E-04  1.2158E-04  1.2258E-04  1.0890E-04  1.2075E-04  1.1279E-04  9.1794E-05  1.2128E-04  1.0222E-04
       9.4097E-05  1.0134E-04  1.1381E-04  1.1416E-04  1.0035E-04  1.2554E-04  1.3093E-04  1.2125E-04  1.2889E-04  1.2791E-04
       1.4115E-04  1.2879E-04  1.5745E-04  1.4054E-04  1.6145E-04  1.6889E-04  1.7917E-04  2.0852E-04  2.1390E-04  2.3616E-04
       2.6009E-04  2.9285E-04  3.5463E-04  5.0237E-04  7.9025E-04  1.2780E-03  2.0392E-03  3.2641E-03  5.3363E-03  8.7099E-03
       1.3676E-02  2.1149E-02  3.2121E-02  4.7224E-02  6.7900E-02  9.5162E-02  1.2911E-01  1.7145E-01  2.2056E-01  2.7447E-01
       3.3355E-01  3.9210E-01  4.4685E-01  4.9307E-01  5.2807E-01  5.4771E-01  5.5159E-01  5.3459E-01  5.0149E-01  4.5601E-01
       3.9945E-01  3.3875E-01  2.7776E-01  2.1854E-01  1.6651E-01  1.2266E-01  8.6798E-02  5.9516E-02  3.9088E-02  2.5044E-02
       1.5072E-02  8.9288E-03  5.0083E-03  2.7109E-03  1.4120E-03  7.0864E-04  3.5051E-04  1.6856E-04  7.4969E-05  2.5786E-05
       1.2415E-05  4.7749E-06  9.5505E-07  1.4325E-06  4.7750E-07  0.0000E+00  0.0000E+00  0.0000E+00  0.0000E+00  0.0000E+00
       0.0000E+00  0.0000E+00  0.0000E+00  0.0000E+00  0.0000E+00  0.0000E+00  0.0000E+00  0.0000E+00  0.0000E+00  0.0000E+00
       0.0000E+00  0.0000E+00  0.0000E+00  0.0000E+00  0.0000E+00  0.0000E+00  0.0000E+00  0.0000E+00  0.0000E+00  0.0000E+00
       0.0000E+00  0.0000E+00  0.0000E+00  0.0000E+00  0.0000E+00  0.0000E+00  0.0000E+00  0.0000E+00  0.0000E+00  0.0000E+00
       0.0000E+00  0.0000E+00  0.0000E+00  0.0000E+00  0.0000E+00  0.0000E+00  0.0000E+00  0.0000E+00  0.0000E+00  0.0000E+00
       0.0000E+00  0.0000E+00  0.0000E+00  0.0000E+00  0.0000E+00  0.0000E+00  0.0000E+00  0.0000E+00  0.0000E+00  0.0000E+00
       0.0000E+00  0.0000E+00  0.0000E+00  0.0000E+00  0.0000E+00  0.0000E+00  0.0000E+00  0.0000E+00  0.0000E+00  0.0000E+00
       0.0000E+00  0.0000E+00  0.0000E+00  0.0000E+00  0.0000E+00  0.0000E+00  0.0000E+00  0.0000E+00  0.0000E+00  0.0000E+00
       0.0000E+00  0.0000E+00  0.0000E+00  0.0000E+00  0.0000E+00  0.0000E+00  0.0000E+00  0.0000E+00  0.0000E+00  0.0000E+00
       0.0000E+00  0.0000E+00  0.0000E+00  0.0000E+00  0.0000E+00  0.0000E+00  0.0000E+00  0.0000E+00  0.0000E+00  0.0000E+00
       0.0000E+00  0.0000E+00  0.0000E+00  0.0000E+00  0.0000E+00  0.0000E+00  0.0000E+00  0.0000E+00  0.0000E+00  0.0000E+00
       0.0000E+00  0.0000E+00  0.0000E+00  0.0000E+00  0.0000E+00  0.0000E+00  0.0000E+00  0.0000E+00  0.0000E+00  0.0000E+00
       0.0000E+00  0.0000E+00  0.0000E+00  0.0000E+00  0.0000E+00  0.0000E+00  0.0000E+00  0.0000E+00  0.0000E+00  0.0000E+00
       0.0000E+00  0.0000E+00  0.0000E+00  0.0000E+00  0.0000E+00  0.0000E+00  0.0000E+00  0.0000E+00  0.0000E+00  0.0000E+00
       0.0000E+00  0.0000E+00  0.0000E+00  0.0000E+00  0.0000E+00  0.0000E+00  0.0000E+00  0.0000E+00  0.0000E+00  0.0000E+00
       0.0000E+00  0.0000E+00  0.0000E+00  0.0000E+00  0.0000E+00  0.0000E+00  0.0000E+00  0.0000E+00  0.0000E+00  0.0000E+00
       0.0000E+00  0.0000E+00  0.0000E+00  0.0000E+00  0.0000E+00  0.0000E+00  0.0000E+00  0.0000E+00  0.0000E+00  0.0000E+00
       0.0000E+00  0.0000E+00  0.0000E+00  0.0000E+00  0.0000E+00  0.0000E+00  0.0000E+00  0.0000E+00  0.0000E+00  0.0000E+00
       0.0000E+00  0.0000E+00  0.0000E+00  0.0000E+00  0.0000E+00  0.0000E+00  0.0000E+00  0.0000E+00  0.0000E+00  0.0000E+00
       0.0000E+00  0.0000E+00  0.0000E+00  0.0000E+00  0.0000E+00  0.0000E+00  0.0000E+00  0.0000E+00  0.0000E+00  0.0000E+00
       0.0000E+00  0.0000E+00  0.0000E+00  0.0000E+00  0.0000E+00  0.0000E+00  0.0000E+00  0.0000E+00  0.0000E+00  0.0000E+00
       0.0000E+00  0.0000E+00  0.0000E+00  0.0000E+00  0.0000E+00  0.0000E+00  0.0000E+00  0.0000E+00  0.0000E+00  0.0000E+00
       0.0000E+00  0.0000E+00  0.0000E+00  0.0000E+00  0.0000E+00  0.0000E+00  0.0000E+00  0.0000E+00  0.0000E+00  0.0000E+00
       0.0000E+00  0.0000E+00  0.0000E+00  0.0000E+00  0.0000E+00  0.0000E+00  0.0000E+00  0.0000E+00  0.0000E+00  0.0000E+00
       0.0000E+00  0.0000E+00  0.0000E+00  0.0000E+00  0.0000E+00  0.0000E+00  0.0000E+00  0.0000E+00  0.0000E+00  0.0000E+00
       0.0000E+00  0.0000E+00  0.0000E+00  0.0000E+00  0.0000E+00  0.0000E+00  0.0000E+00  0.0000E+00  0.0000E+00  0.0000E+00
       0.0000E+00  0.0000E+00  0.0000E+00  0.0000E+00  0.0000E+00  0.0000E+00  0.0000E+00  0.0000E+00  0.0000E+00  0.0000E+00
       0.0000E+00  0.0000E+00  0.0000E+00  0.0000E+00  0.0000E+00  0.0000E+00  0.0000E+00  0.0000E+00  0.0000E+00  0.0000E+00
       0.0000E+00  0.0000E+00  0.0000E+00  0.0000E+00  0.0000E+00  0.0000E+00  0.0000E+00  0.0000E+00  0.0000E+00  0.0000E+00
       0.0000E+00  0.0000E+00  0.0000E+00  0.0000E+00  0.0000E+00  0.0000E+00  0.0000E+00  0.0000E+00  0.0000E+00  0.0000E+00
1

   Bdrx n.   6  "ofluence  " , generalized particle n.    1, from region n.     5 to region n.     4
      detector area:  1.0000E+02 cm**2
      this is a one way only estimator
      this is a fluence like estimator
      linear energy binning from   0.0000E+00 to  3.0000E+02 GeV,     1 bins ( 3.0000E+02 GeV wide)
      linear angular binning from  0.0000E+00 to  6.2832E+00 sr ,     1 bins ( 6.2832E+00 sr wide )
      Data follow in a matrix A(ie,ia), format (1(5x,1p,10(1x,e11.4)))

       5.3408E-06
