
 *****  Protons in Lexan (0.22GeV, 2cm)                                                   *****

           DATE: 12/19/18,  TIME:  7: 5: 7

          Total number of particles followed       16666666, for a total weight of  1.6667E+07

1

   Bdrx n.   4  "ocurrent  " , generalized particle n.    1, from region n.     5 to region n.     4
      detector area:  1.0000E+02 cm**2
      this is a one way only estimator
      this is a current like estimator
      linear energy binning from   1.4000E-01 to  2.7000E-01 GeV,   650 bins ( 2.0000E-04 GeV wide)
      linear angular binning from  0.0000E+00 to  6.2832E+00 sr ,     1 bins ( 6.2832E+00 sr wide )
      Data follow in a matrix A(ie,ia), format (1(5x,1p,10(1x,e11.4)))

       3.2468E-04  3.2420E-04  3.2706E-04  3.2372E-04  3.2229E-04  3.3232E-04  3.2324E-04  3.3566E-04  3.3423E-04  3.3184E-04
       3.3232E-04  3.4234E-04  3.3852E-04  3.3518E-04  3.2324E-04  3.1322E-04  3.2181E-04  3.4616E-04  3.1513E-04  3.5189E-04
       3.4521E-04  3.2086E-04  3.3661E-04  3.3327E-04  3.4521E-04  3.4521E-04  3.1704E-04  3.3375E-04  3.3041E-04  3.4759E-04
       3.2611E-04  3.2515E-04  3.2181E-04  3.0558E-04  3.1704E-04  3.1990E-04  3.3995E-04  3.2372E-04  3.2324E-04  3.3518E-04
       3.1895E-04  3.3948E-04  3.3900E-04  3.4473E-04  3.3184E-04  3.0749E-04  3.2515E-04  3.0892E-04  3.1704E-04  3.2420E-04
       3.3279E-04  3.0987E-04  3.1178E-04  3.2897E-04  3.2372E-04  3.1560E-04  3.0415E-04  3.3614E-04  3.2515E-04  3.1751E-04
       3.2372E-04  3.2802E-04  3.2563E-04  3.3375E-04  3.2945E-04  3.3088E-04  3.1942E-04  3.3041E-04  3.3805E-04  3.2802E-04
       3.3136E-04  3.1847E-04  3.1895E-04  2.7550E-04  3.4377E-04  3.1704E-04  3.3136E-04  3.0987E-04  3.3805E-04  3.1560E-04
       3.5332E-04  3.4043E-04  3.3136E-04  3.2372E-04  3.1226E-04  3.2324E-04  3.5237E-04  3.1131E-04  3.4377E-04  3.3279E-04
       3.2468E-04  3.1560E-04  3.5523E-04  3.1895E-04  3.1178E-04  3.1131E-04  3.2515E-04  3.0940E-04  3.1942E-04  3.1990E-04
       3.3614E-04  3.3470E-04  3.3709E-04  3.3375E-04  3.3614E-04  3.0796E-04  3.3709E-04  3.2802E-04  3.3566E-04  3.2897E-04
       3.1656E-04  3.2993E-04  3.3423E-04  3.3136E-04  3.4664E-04  3.3279E-04  3.2372E-04  3.3088E-04  3.1322E-04  3.2515E-04
       3.1942E-04  3.4616E-04  3.2468E-04  3.2993E-04  3.0749E-04  2.9985E-04  3.4139E-04  3.1799E-04  3.1226E-04  3.0510E-04
       2.9889E-04  3.2086E-04  3.4521E-04  3.0701E-04  3.2229E-04  2.7836E-04  3.4186E-04  3.2324E-04  3.1560E-04  3.2659E-04
       3.1369E-04  3.1322E-04  3.2754E-04  2.9173E-04  3.2277E-04  3.1465E-04  2.9985E-04  3.1656E-04  3.3757E-04  3.1226E-04
       3.2468E-04  2.9937E-04  3.1083E-04  2.8982E-04  3.2038E-04  2.9269E-04  3.0033E-04  3.0176E-04  2.8982E-04  2.9555E-04
       3.0987E-04  2.8743E-04  2.8743E-04  2.9364E-04  3.1083E-04  2.8696E-04  3.1560E-04  2.8266E-04  2.9125E-04  2.9985E-04
       2.9507E-04  2.8696E-04  3.2324E-04  3.2277E-04  2.9364E-04  2.9698E-04  3.0033E-04  2.6643E-04  2.7932E-04  2.8982E-04
       2.7645E-04  2.7645E-04  2.5926E-04  2.8170E-04  2.7741E-04  2.7884E-04  2.9651E-04  2.9078E-04  2.8266E-04  2.8027E-04
       2.7025E-04  2.8123E-04  2.6977E-04  2.9125E-04  2.8218E-04  2.6690E-04  2.7406E-04  2.6547E-04  2.6308E-04  2.5306E-04
       2.6308E-04  2.7884E-04  2.6643E-04  2.5306E-04  2.5210E-04  2.6117E-04  2.4828E-04  2.6547E-04  2.6022E-04  2.5019E-04
       2.6643E-04  2.4446E-04  2.4064E-04  2.4160E-04  2.5879E-04  2.6834E-04  2.3587E-04  2.5353E-04  2.5258E-04  2.2727E-04
       2.3587E-04  2.1772E-04  2.3825E-04  2.3157E-04  2.3873E-04  2.4016E-04  2.4351E-04  2.2202E-04  2.3348E-04  2.2966E-04
       2.4112E-04  2.4016E-04  2.3491E-04  2.2632E-04  2.3969E-04  2.1534E-04  2.3969E-04  2.1534E-04  2.1772E-04  2.0483E-04
       1.9719E-04  2.1343E-04  2.1534E-04  1.9242E-04  2.1199E-04  1.9958E-04  1.9815E-04  1.8955E-04  1.9815E-04  2.1152E-04
       1.7236E-04  1.7905E-04  1.7857E-04  1.6998E-04  1.9290E-04  1.7762E-04  1.6473E-04  1.8526E-04  1.7857E-04  1.8335E-04
       1.6473E-04  1.4324E-04  1.7762E-04  1.5279E-04  1.4563E-04  1.4181E-04  1.3178E-04  1.3035E-04  1.3894E-04  1.3465E-04
       1.2271E-04  1.1793E-04  1.1364E-04  1.1316E-04  1.0265E-04  1.1316E-04  1.0504E-04  8.4034E-05  1.1316E-04  9.5016E-05
       8.7376E-05  9.4538E-05  1.0600E-04  1.0504E-04  9.3583E-05  1.1793E-04  1.2175E-04  1.1029E-04  1.1984E-04  1.1984E-04
       1.3321E-04  1.2175E-04  1.4801E-04  1.3321E-04  1.5231E-04  1.5995E-04  1.7045E-04  1.9910E-04  2.0435E-04  2.2632E-04
       2.4924E-04  2.7406E-04  3.4568E-04  4.9274E-04  7.7540E-04  1.2648E-03  2.0225E-03  3.2468E-03  5.3161E-03  8.6860E-03
       1.3645E-02  2.1117E-02  3.2078E-02  4.7178E-02  6.7845E-02  9.5098E-02  1.2904E-01  1.7136E-01  2.2046E-01  2.7436E-01
       3.3343E-01  3.9198E-01  4.4673E-01  4.9294E-01  5.2794E-01  5.4758E-01  5.5147E-01  5.3448E-01  5.0140E-01  4.5593E-01
       3.9938E-01  3.3869E-01  2.7771E-01  2.1850E-01  1.6649E-01  1.2264E-01  8.6784E-02  5.9507E-02  3.9083E-02  2.5041E-02
       1.5070E-02  8.9276E-03  5.0077E-03  2.7106E-03  1.4119E-03  7.0856E-04  3.5046E-04  1.6855E-04  7.4962E-05  2.5783E-05
       1.2414E-05  4.7746E-06  9.5493E-07  1.4324E-06  4.7746E-07  0.0000E+00  0.0000E+00  0.0000E+00  0.0000E+00  0.0000E+00
       0.0000E+00  0.0000E+00  0.0000E+00  0.0000E+00  0.0000E+00  0.0000E+00  0.0000E+00  0.0000E+00  0.0000E+00  0.0000E+00
       0.0000E+00  0.0000E+00  0.0000E+00  0.0000E+00  0.0000E+00  0.0000E+00  0.0000E+00  0.0000E+00  0.0000E+00  0.0000E+00
       0.0000E+00  0.0000E+00  0.0000E+00  0.0000E+00  0.0000E+00  0.0000E+00  0.0000E+00  0.0000E+00  0.0000E+00  0.0000E+00
       0.0000E+00  0.0000E+00  0.0000E+00  0.0000E+00  0.0000E+00  0.0000E+00  0.0000E+00  0.0000E+00  0.0000E+00  0.0000E+00
       0.0000E+00  0.0000E+00  0.0000E+00  0.0000E+00  0.0000E+00  0.0000E+00  0.0000E+00  0.0000E+00  0.0000E+00  0.0000E+00
       0.0000E+00  0.0000E+00  0.0000E+00  0.0000E+00  0.0000E+00  0.0000E+00  0.0000E+00  0.0000E+00  0.0000E+00  0.0000E+00
       0.0000E+00  0.0000E+00  0.0000E+00  0.0000E+00  0.0000E+00  0.0000E+00  0.0000E+00  0.0000E+00  0.0000E+00  0.0000E+00
       0.0000E+00  0.0000E+00  0.0000E+00  0.0000E+00  0.0000E+00  0.0000E+00  0.0000E+00  0.0000E+00  0.0000E+00  0.0000E+00
       0.0000E+00  0.0000E+00  0.0000E+00  0.0000E+00  0.0000E+00  0.0000E+00  0.0000E+00  0.0000E+00  0.0000E+00  0.0000E+00
       0.0000E+00  0.0000E+00  0.0000E+00  0.0000E+00  0.0000E+00  0.0000E+00  0.0000E+00  0.0000E+00  0.0000E+00  0.0000E+00
       0.0000E+00  0.0000E+00  0.0000E+00  0.0000E+00  0.0000E+00  0.0000E+00  0.0000E+00  0.0000E+00  0.0000E+00  0.0000E+00
       0.0000E+00  0.0000E+00  0.0000E+00  0.0000E+00  0.0000E+00  0.0000E+00  0.0000E+00  0.0000E+00  0.0000E+00  0.0000E+00
       0.0000E+00  0.0000E+00  0.0000E+00  0.0000E+00  0.0000E+00  0.0000E+00  0.0000E+00  0.0000E+00  0.0000E+00  0.0000E+00
       0.0000E+00  0.0000E+00  0.0000E+00  0.0000E+00  0.0000E+00  0.0000E+00  0.0000E+00  0.0000E+00  0.0000E+00  0.0000E+00
       0.0000E+00  0.0000E+00  0.0000E+00  0.0000E+00  0.0000E+00  0.0000E+00  0.0000E+00  0.0000E+00  0.0000E+00  0.0000E+00
       0.0000E+00  0.0000E+00  0.0000E+00  0.0000E+00  0.0000E+00  0.0000E+00  0.0000E+00  0.0000E+00  0.0000E+00  0.0000E+00
       0.0000E+00  0.0000E+00  0.0000E+00  0.0000E+00  0.0000E+00  0.0000E+00  0.0000E+00  0.0000E+00  0.0000E+00  0.0000E+00
       0.0000E+00  0.0000E+00  0.0000E+00  0.0000E+00  0.0000E+00  0.0000E+00  0.0000E+00  0.0000E+00  0.0000E+00  0.0000E+00
       0.0000E+00  0.0000E+00  0.0000E+00  0.0000E+00  0.0000E+00  0.0000E+00  0.0000E+00  0.0000E+00  0.0000E+00  0.0000E+00
       0.0000E+00  0.0000E+00  0.0000E+00  0.0000E+00  0.0000E+00  0.0000E+00  0.0000E+00  0.0000E+00  0.0000E+00  0.0000E+00
       0.0000E+00  0.0000E+00  0.0000E+00  0.0000E+00  0.0000E+00  0.0000E+00  0.0000E+00  0.0000E+00  0.0000E+00  0.0000E+00
       0.0000E+00  0.0000E+00  0.0000E+00  0.0000E+00  0.0000E+00  0.0000E+00  0.0000E+00  0.0000E+00  0.0000E+00  0.0000E+00
       0.0000E+00  0.0000E+00  0.0000E+00  0.0000E+00  0.0000E+00  0.0000E+00  0.0000E+00  0.0000E+00  0.0000E+00  0.0000E+00
       0.0000E+00  0.0000E+00  0.0000E+00  0.0000E+00  0.0000E+00  0.0000E+00  0.0000E+00  0.0000E+00  0.0000E+00  0.0000E+00
       0.0000E+00  0.0000E+00  0.0000E+00  0.0000E+00  0.0000E+00  0.0000E+00  0.0000E+00  0.0000E+00  0.0000E+00  0.0000E+00
       0.0000E+00  0.0000E+00  0.0000E+00  0.0000E+00  0.0000E+00  0.0000E+00  0.0000E+00  0.0000E+00  0.0000E+00  0.0000E+00
       0.0000E+00  0.0000E+00  0.0000E+00  0.0000E+00  0.0000E+00  0.0000E+00  0.0000E+00  0.0000E+00  0.0000E+00  0.0000E+00
       0.0000E+00  0.0000E+00  0.0000E+00  0.0000E+00  0.0000E+00  0.0000E+00  0.0000E+00  0.0000E+00  0.0000E+00  0.0000E+00
       0.0000E+00  0.0000E+00  0.0000E+00  0.0000E+00  0.0000E+00  0.0000E+00  0.0000E+00  0.0000E+00  0.0000E+00  0.0000E+00
