
 *****  Protons in Lexan (0.22GeV, 2cm)                                                   *****

           DATE: 12/19/18,  TIME:  7: 5: 7

          Total number of particles followed       16666666, for a total weight of  1.6667E+07

1

   Res. nuclei n.   1  "Ian       " ,  all         products, region n.     5
      detector volume:  1.0000E+00 cm**3
      Max. Z:  10, Max. N-Z:  11 Min. N-Z: -4
      Data follow in a matrix A(z,n-z-k), k: -5 format (1(5x,1p,10(1x,e11.4)))

       0.0000E+00  0.0000E+00  0.0000E+00  0.0000E+00  0.0000E+00  0.0000E+00  0.0000E+00  0.0000E+00  0.0000E+00  0.0000E+00
       0.0000E+00  0.0000E+00  0.0000E+00  0.0000E+00  0.0000E+00  2.2260E-05  0.0000E+00  1.5000E-06  0.0000E+00  0.0000E+00
       0.0000E+00  0.0000E+00  0.0000E+00  0.0000E+00  1.6224E-04  3.2556E-04  3.5040E-05  7.1820E-05  0.0000E+00  0.0000E+00
       3.8918E-02  4.3379E-03  0.0000E+00  2.0402E-03  0.0000E+00  6.2153E-03  8.6700E-05  1.5021E-03  1.2000E-07  0.0000E+00
       9.4579E-03  3.4373E-02  2.7933E-03  0.0000E+00  2.1751E-03  7.7024E-03  7.1270E-04  8.9005E-04  0.0000E+00  4.8000E-07
       2.3512E-03  0.0000E+00  1.5952E-03  4.5576E-04  4.1147E-03  3.9559E-04  1.0225E-03  1.3465E-06  6.0000E-08  0.0000E+00
       0.0000E+00  9.7920E-05  1.3140E-04  2.8854E-04  4.7921E-05  1.0512E-04  3.3860E-06  9.0000E-07  0.0000E+00  0.0000E+00
       0.0000E+00  0.0000E+00  1.2480E-05  1.6200E-06  2.7000E-06  6.0000E-08  1.8000E-06  0.0000E+00  0.0000E+00  0.0000E+00
       0.0000E+00  4.8000E-07  0.0000E+00  6.0000E-08  0.0000E+00  6.0000E-08  0.0000E+00  0.0000E+00  0.0000E+00  0.0000E+00
       0.0000E+00  0.0000E+00  0.0000E+00  0.0000E+00  0.0000E+00  0.0000E+00  0.0000E+00  0.0000E+00  0.0000E+00  0.0000E+00
       0.0000E+00  0.0000E+00  0.0000E+00  0.0000E+00  0.0000E+00  0.0000E+00  0.0000E+00  0.0000E+00  0.0000E+00  0.0000E+00
       0.0000E+00  0.0000E+00  0.0000E+00  0.0000E+00  0.0000E+00  0.0000E+00  0.0000E+00  0.0000E+00  0.0000E+00  0.0000E+00
       0.0000E+00  0.0000E+00  0.0000E+00  0.0000E+00  0.0000E+00  0.0000E+00  0.0000E+00  0.0000E+00  0.0000E+00  0.0000E+00
       0.0000E+00  0.0000E+00  0.0000E+00  0.0000E+00  0.0000E+00  0.0000E+00  0.0000E+00  0.0000E+00  0.0000E+00  0.0000E+00
       0.0000E+00  0.0000E+00  0.0000E+00  0.0000E+00  0.0000E+00  0.0000E+00  0.0000E+00  0.0000E+00  0.0000E+00  0.0000E+00
       0.0000E+00  0.0000E+00  0.0000E+00  0.0000E+00  0.0000E+00  0.0000E+00  0.0000E+00  0.0000E+00  0.0000E+00  0.0000E+00
