
 *****  Protons in Lexan (0.15GeV, 3.0cm)                                                 *****

           DATE: 12/ 1/18,  TIME:  7:59:48

          Total number of particles followed       10000000, for a total weight of  1.0000E+07

1

   Bdrx n.   4  "ocurrent  " , generalized particle n.    1, from region n.     5 to region n.     4
      detector area:  1.0000E+02 cm**2
      this is a one way only estimator
      this is a current like estimator
      linear energy binning from   6.0000E-02 to  2.0000E-01 GeV,   650 bins ( 2.1538E-04 GeV wide)
      linear angular binning from  0.0000E+00 to  6.2832E+00 sr ,     1 bins ( 6.2832E+00 sr wide )
      Data follow in a matrix A(ie,ia), format (1(5x,1p,10(1x,e11.4)))

       4.1971E-04  4.0272E-04  3.8055E-04  3.7094E-04  3.9311E-04  3.9311E-04  3.8498E-04  3.8942E-04  3.8498E-04  4.1528E-04
       3.8794E-04  3.7981E-04  4.0124E-04  4.1676E-04  3.7168E-04  3.9755E-04  4.0715E-04  4.0420E-04  4.1528E-04  3.9016E-04
       4.0420E-04  4.0641E-04  3.8720E-04  3.8646E-04  3.7538E-04  4.1454E-04  4.1232E-04  4.2341E-04  4.1306E-04  3.9902E-04
       4.2489E-04  4.0863E-04  3.9755E-04  4.2636E-04  4.1159E-04  4.4188E-04  4.1750E-04  4.5075E-04  4.1232E-04  4.3671E-04
       3.9902E-04  4.2784E-04  4.0863E-04  4.2636E-04  4.6922E-04  3.9385E-04  4.2858E-04  4.5297E-04  4.3819E-04  4.1971E-04
       4.1676E-04  4.5297E-04  4.2932E-04  4.2489E-04  4.4632E-04  3.9311E-04  4.4262E-04  4.3597E-04  4.2932E-04  4.1085E-04
       4.2267E-04  4.3154E-04  4.2710E-04  4.1528E-04  4.1971E-04  4.3967E-04  4.3893E-04  4.3745E-04  4.1085E-04  4.3302E-04
       3.9976E-04  4.5223E-04  4.1232E-04  4.3671E-04  4.2341E-04  4.0198E-04  4.5001E-04  4.1824E-04  4.2415E-04  4.1380E-04
       4.5592E-04  4.3302E-04  4.5001E-04  4.4927E-04  4.3006E-04  4.3967E-04  4.4188E-04  4.5592E-04  4.2710E-04  4.2636E-04
       4.4558E-04  4.5888E-04  4.5666E-04  4.0420E-04  4.6405E-04  4.5666E-04  4.3967E-04  4.6109E-04  4.6109E-04  4.5518E-04
       4.5149E-04  4.3967E-04  4.3228E-04  4.4558E-04  4.6627E-04  4.5444E-04  4.4632E-04  4.4484E-04  4.3745E-04  4.2636E-04
       4.1750E-04  4.5371E-04  4.2858E-04  4.4484E-04  4.4114E-04  4.5371E-04  4.1971E-04  4.4927E-04  4.8178E-04  4.1971E-04
       4.2489E-04  4.4632E-04  4.4114E-04  4.4632E-04  4.4114E-04  4.6331E-04  4.6183E-04  4.6257E-04  4.6775E-04  4.3745E-04
       4.2784E-04  4.2636E-04  4.5814E-04  4.5444E-04  4.6257E-04  4.3006E-04  4.4632E-04  4.4705E-04  4.5666E-04  4.6479E-04
       4.6257E-04  4.2267E-04  4.2267E-04  4.0937E-04  4.3745E-04  4.6848E-04  4.2710E-04  4.5297E-04  4.5666E-04  4.3523E-04
       4.8031E-04  4.6109E-04  4.6331E-04  4.4262E-04  4.4484E-04  4.4484E-04  4.5149E-04  4.5592E-04  4.6109E-04  4.2341E-04
       4.3597E-04  4.1898E-04  4.6183E-04  4.4410E-04  4.5740E-04  4.1380E-04  4.5518E-04  4.3154E-04  4.0050E-04  3.8646E-04
       4.2045E-04  4.7070E-04  4.4705E-04  4.2193E-04  3.8277E-04  4.3597E-04  4.3597E-04  4.0346E-04  4.5962E-04  4.1454E-04
       4.1750E-04  3.9163E-04  4.3228E-04  3.9459E-04  4.1306E-04  4.1602E-04  4.1898E-04  4.2932E-04  3.9459E-04  3.9237E-04
       3.9533E-04  3.9755E-04  4.0124E-04  3.7981E-04  3.9163E-04  3.7094E-04  3.9090E-04  3.7981E-04  3.9607E-04  3.7316E-04
       3.7760E-04  4.1750E-04  3.8055E-04  3.6503E-04  3.7390E-04  3.7612E-04  4.2415E-04  3.7538E-04  3.8572E-04  3.7316E-04
       3.6651E-04  3.6799E-04  3.7390E-04  4.0124E-04  3.5912E-04  3.6134E-04  3.6356E-04  3.5099E-04  3.2661E-04  3.6577E-04
       3.8572E-04  3.4508E-04  3.6208E-04  3.8794E-04  3.5690E-04  3.2956E-04  3.5173E-04  3.4508E-04  3.4804E-04  3.4656E-04
       3.2439E-04  3.5321E-04  3.4730E-04  3.3548E-04  3.5395E-04  3.4878E-04  3.6651E-04  3.3991E-04  3.6282E-04  3.1109E-04
       3.5173E-04  3.1109E-04  3.1996E-04  3.4065E-04  3.2144E-04  3.0666E-04  3.2365E-04  3.4434E-04  3.1109E-04  3.1552E-04
       3.1552E-04  2.9040E-04  3.0222E-04  3.2956E-04  2.8671E-04  2.5863E-04  2.7119E-04  2.9853E-04  2.6306E-04  2.7341E-04
       2.5345E-04  2.6084E-04  2.7341E-04  2.6158E-04  2.6676E-04  2.8227E-04  2.1872E-04  2.2981E-04  2.2833E-04  2.2611E-04
       2.1872E-04  2.2316E-04  1.9803E-04  1.8399E-04  1.6922E-04  1.7365E-04  1.6995E-04  1.4409E-04  1.4188E-04  1.4114E-04
       1.4779E-04  1.3670E-04  1.4409E-04  1.4188E-04  1.5370E-04  1.4483E-04  1.3227E-04  1.7513E-04  1.3301E-04  1.5296E-04
       1.6552E-04  1.5370E-04  1.6700E-04  1.8695E-04  2.1872E-04  2.3941E-04  2.2981E-04  2.2464E-04  2.6528E-04  2.8079E-04
       2.9336E-04  3.5247E-04  3.8203E-04  3.6577E-04  3.9533E-04  3.9533E-04  4.0346E-04  5.1356E-04  6.0075E-04  8.2982E-04
       1.3404E-03  2.1015E-03  3.7501E-03  6.5928E-03  1.1702E-02  2.0574E-02  3.5524E-02  5.7980E-02  9.2271E-02  1.3997E-01
       2.0348E-01  2.8129E-01  3.7001E-01  4.6412E-01  5.5108E-01  6.2040E-01  6.6408E-01  6.6996E-01  6.3739E-01  5.7310E-01
       4.8567E-01  3.8722E-01  2.8920E-01  2.0239E-01  1.3393E-01  8.2581E-02  4.7748E-02  2.5821E-02  1.3106E-02  6.1731E-03
       2.6860E-03  1.0995E-03  4.0494E-04  1.3892E-04  4.3597E-05  1.2562E-05  3.6947E-06  0.0000E+00  0.0000E+00  0.0000E+00
       0.0000E+00  0.0000E+00  0.0000E+00  0.0000E+00  0.0000E+00  0.0000E+00  0.0000E+00  0.0000E+00  0.0000E+00  0.0000E+00
       0.0000E+00  0.0000E+00  0.0000E+00  0.0000E+00  0.0000E+00  0.0000E+00  0.0000E+00  0.0000E+00  0.0000E+00  0.0000E+00
       0.0000E+00  0.0000E+00  0.0000E+00  0.0000E+00  0.0000E+00  0.0000E+00  0.0000E+00  0.0000E+00  0.0000E+00  0.0000E+00
       0.0000E+00  0.0000E+00  0.0000E+00  0.0000E+00  0.0000E+00  0.0000E+00  0.0000E+00  0.0000E+00  0.0000E+00  0.0000E+00
       0.0000E+00  0.0000E+00  0.0000E+00  0.0000E+00  0.0000E+00  0.0000E+00  0.0000E+00  0.0000E+00  0.0000E+00  0.0000E+00
       0.0000E+00  0.0000E+00  0.0000E+00  0.0000E+00  0.0000E+00  0.0000E+00  0.0000E+00  0.0000E+00  0.0000E+00  0.0000E+00
       0.0000E+00  0.0000E+00  0.0000E+00  0.0000E+00  0.0000E+00  0.0000E+00  0.0000E+00  0.0000E+00  0.0000E+00  0.0000E+00
       0.0000E+00  0.0000E+00  0.0000E+00  0.0000E+00  0.0000E+00  0.0000E+00  0.0000E+00  0.0000E+00  0.0000E+00  0.0000E+00
       0.0000E+00  0.0000E+00  0.0000E+00  0.0000E+00  0.0000E+00  0.0000E+00  0.0000E+00  0.0000E+00  0.0000E+00  0.0000E+00
       0.0000E+00  0.0000E+00  0.0000E+00  0.0000E+00  0.0000E+00  0.0000E+00  0.0000E+00  0.0000E+00  0.0000E+00  0.0000E+00
       0.0000E+00  0.0000E+00  0.0000E+00  0.0000E+00  0.0000E+00  0.0000E+00  0.0000E+00  0.0000E+00  0.0000E+00  0.0000E+00
       0.0000E+00  0.0000E+00  0.0000E+00  0.0000E+00  0.0000E+00  0.0000E+00  0.0000E+00  0.0000E+00  0.0000E+00  0.0000E+00
       0.0000E+00  0.0000E+00  0.0000E+00  0.0000E+00  0.0000E+00  0.0000E+00  0.0000E+00  0.0000E+00  0.0000E+00  0.0000E+00
       0.0000E+00  0.0000E+00  0.0000E+00  0.0000E+00  0.0000E+00  0.0000E+00  0.0000E+00  0.0000E+00  0.0000E+00  0.0000E+00
       0.0000E+00  0.0000E+00  0.0000E+00  0.0000E+00  0.0000E+00  0.0000E+00  0.0000E+00  0.0000E+00  0.0000E+00  0.0000E+00
       0.0000E+00  0.0000E+00  0.0000E+00  0.0000E+00  0.0000E+00  0.0000E+00  0.0000E+00  0.0000E+00  0.0000E+00  0.0000E+00
       0.0000E+00  0.0000E+00  0.0000E+00  0.0000E+00  0.0000E+00  0.0000E+00  0.0000E+00  0.0000E+00  0.0000E+00  0.0000E+00
       0.0000E+00  0.0000E+00  0.0000E+00  0.0000E+00  0.0000E+00  0.0000E+00  0.0000E+00  0.0000E+00  0.0000E+00  0.0000E+00
       0.0000E+00  0.0000E+00  0.0000E+00  0.0000E+00  0.0000E+00  0.0000E+00  0.0000E+00  0.0000E+00  0.0000E+00  0.0000E+00
       0.0000E+00  0.0000E+00  0.0000E+00  0.0000E+00  0.0000E+00  0.0000E+00  0.0000E+00  0.0000E+00  0.0000E+00  0.0000E+00
       0.0000E+00  0.0000E+00  0.0000E+00  0.0000E+00  0.0000E+00  0.0000E+00  0.0000E+00  0.0000E+00  0.0000E+00  0.0000E+00
       0.0000E+00  0.0000E+00  0.0000E+00  0.0000E+00  0.0000E+00  0.0000E+00  0.0000E+00  0.0000E+00  0.0000E+00  0.0000E+00
       0.0000E+00  0.0000E+00  0.0000E+00  0.0000E+00  0.0000E+00  0.0000E+00  0.0000E+00  0.0000E+00  0.0000E+00  0.0000E+00
       0.0000E+00  0.0000E+00  0.0000E+00  0.0000E+00  0.0000E+00  0.0000E+00  0.0000E+00  0.0000E+00  0.0000E+00  0.0000E+00
       0.0000E+00  0.0000E+00  0.0000E+00  0.0000E+00  0.0000E+00  0.0000E+00  0.0000E+00  0.0000E+00  0.0000E+00  0.0000E+00
       0.0000E+00  0.0000E+00  0.0000E+00  0.0000E+00  0.0000E+00  0.0000E+00  0.0000E+00  0.0000E+00  0.0000E+00  0.0000E+00
       0.0000E+00  0.0000E+00  0.0000E+00  0.0000E+00  0.0000E+00  0.0000E+00  0.0000E+00  0.0000E+00  0.0000E+00  0.0000E+00
       0.0000E+00  0.0000E+00  0.0000E+00  0.0000E+00  0.0000E+00  0.0000E+00  0.0000E+00  0.0000E+00  0.0000E+00  0.0000E+00
       0.0000E+00  0.0000E+00  0.0000E+00  0.0000E+00  0.0000E+00  0.0000E+00  0.0000E+00  0.0000E+00  0.0000E+00  0.0000E+00
       0.0000E+00  0.0000E+00  0.0000E+00  0.0000E+00  0.0000E+00  0.0000E+00  0.0000E+00  0.0000E+00  0.0000E+00  0.0000E+00
