
 *****  Protons in Lexan (0.19GeV, 0cm)                                                   *****

           DATE: 12/20/18,  TIME: 23: 7:24

          Total number of particles followed       50000000, for a total weight of  5.0000E+07

1

   Bdrx n.   4  "ocurrent  " , generalized particle n.    1, from region n.     5 to region n.     4
      detector area:  1.0000E+02 cm**2
      this is a one way only estimator
      this is a current like estimator
      linear energy binning from   1.1000E-01 to  2.4000E-01 GeV,   650 bins ( 2.0000E-04 GeV wide)
      linear angular binning from  0.0000E+00 to  6.2832E+00 sr ,     1 bins ( 6.2832E+00 sr wide )
      Data follow in a matrix A(ie,ia), format (1(5x,1p,10(1x,e11.4)))

       1.2987E-04  1.2955E-04  1.3305E-04  1.3003E-04  1.3401E-04  1.3114E-04  1.3990E-04  1.3114E-04  1.3146E-04  1.3274E-04
       1.3003E-04  1.3067E-04  1.2701E-04  1.3098E-04  1.2955E-04  1.3417E-04  1.2303E-04  1.2876E-04  1.2510E-04  1.3799E-04
       1.3019E-04  1.3592E-04  1.3019E-04  1.2350E-04  1.3321E-04  1.2844E-04  1.3098E-04  1.3385E-04  1.1762E-04  1.3942E-04
       1.2987E-04  1.2128E-04  1.3035E-04  1.2144E-04  1.2796E-04  1.2239E-04  1.3035E-04  1.2462E-04  1.3162E-04  1.2939E-04
       1.3146E-04  1.2923E-04  1.3083E-04  1.3067E-04  1.3051E-04  1.2939E-04  1.2653E-04  1.3003E-04  1.3337E-04  1.3210E-04
       1.2828E-04  1.2764E-04  1.3608E-04  1.2987E-04  1.2414E-04  1.2350E-04  1.3242E-04  1.2175E-04  1.2685E-04  1.3114E-04
       1.2780E-04  1.3035E-04  1.3019E-04  1.2128E-04  1.2764E-04  1.3878E-04  1.2494E-04  1.3576E-04  1.3528E-04  1.2907E-04
       1.1905E-04  1.2796E-04  1.3194E-04  1.3544E-04  1.2510E-04  1.3194E-04  1.2605E-04  1.2939E-04  1.3146E-04  1.3226E-04
       1.3608E-04  1.3051E-04  1.2748E-04  1.3130E-04  1.2685E-04  1.3655E-04  1.2653E-04  1.3576E-04  1.2430E-04  1.3146E-04
       1.3146E-04  1.2175E-04  1.3703E-04  1.3098E-04  1.3815E-04  1.2319E-04  1.2812E-04  1.2478E-04  1.2398E-04  1.2987E-04
       1.3433E-04  1.3353E-04  1.2955E-04  1.3369E-04  1.2796E-04  1.3035E-04  1.2764E-04  1.2525E-04  1.2907E-04  1.3003E-04
       1.2780E-04  1.3098E-04  1.2494E-04  1.2923E-04  1.2414E-04  1.3831E-04  1.2955E-04  1.3210E-04  1.2669E-04  1.2557E-04
       1.3289E-04  1.3226E-04  1.3719E-04  1.2669E-04  1.3258E-04  1.3624E-04  1.2812E-04  1.3067E-04  1.2207E-04  1.3560E-04
       1.2653E-04  1.2987E-04  1.3321E-04  1.3655E-04  1.2971E-04  1.2478E-04  1.3974E-04  1.3019E-04  1.2223E-04  1.2844E-04
       1.3687E-04  1.2287E-04  1.3035E-04  1.2732E-04  1.3289E-04  1.3130E-04  1.2573E-04  1.3337E-04  1.3417E-04  1.2685E-04
       1.3894E-04  1.2907E-04  1.3815E-04  1.3242E-04  1.3433E-04  1.2892E-04  1.3226E-04  1.2748E-04  1.3337E-04  1.2971E-04
       1.2669E-04  1.3560E-04  1.3274E-04  1.3067E-04  1.2860E-04  1.3655E-04  1.1937E-04  1.3226E-04  1.2350E-04  1.3337E-04
       1.3083E-04  1.2971E-04  1.2335E-04  1.2732E-04  1.2748E-04  1.2398E-04  1.2478E-04  1.2812E-04  1.3178E-04  1.3019E-04
       1.2557E-04  1.2175E-04  1.2112E-04  1.2955E-04  1.3114E-04  1.3162E-04  1.2637E-04  1.3051E-04  1.2844E-04  1.3035E-04
       1.3640E-04  1.3035E-04  1.2764E-04  1.2350E-04  1.2955E-04  1.2796E-04  1.2366E-04  1.2716E-04  1.1968E-04  1.2478E-04
       1.2748E-04  1.2335E-04  1.1921E-04  1.2478E-04  1.1507E-04  1.2510E-04  1.1698E-04  1.1714E-04  1.1157E-04  1.1634E-04
       1.1427E-04  1.2191E-04  1.1682E-04  1.1682E-04  1.1730E-04  1.1714E-04  1.1889E-04  1.1698E-04  1.1586E-04  1.1411E-04
       1.1411E-04  1.1523E-04  1.1316E-04  1.1014E-04  1.2128E-04  1.1905E-04  1.1571E-04  1.1618E-04  1.1714E-04  1.1109E-04
       1.1395E-04  1.1029E-04  1.0886E-04  1.1507E-04  1.1634E-04  1.1364E-04  1.1650E-04  1.0950E-04  1.1316E-04  1.1411E-04
       1.0456E-04  1.0807E-04  1.0584E-04  1.1093E-04  1.0584E-04  1.0520E-04  1.0823E-04  1.0711E-04  1.1077E-04  1.0584E-04
       1.0297E-04  1.0154E-04  1.0441E-04  9.6130E-05  1.1029E-04  1.0632E-04  9.9313E-05  1.0027E-04  1.0727E-04  1.1109E-04
       9.8039E-05  1.0106E-04  1.0425E-04  9.3583E-05  9.9313E-05  9.9472E-05  9.7721E-05  1.0329E-04  1.0027E-04  9.3742E-05
       1.0106E-04  1.0441E-04  9.7244E-05  9.7244E-05  9.6448E-05  9.7721E-05  9.2787E-05  9.1992E-05  9.5334E-05  8.8968E-05
       8.6580E-05  9.1992E-05  9.2469E-05  8.7854E-05  8.3238E-05  8.6262E-05  9.1832E-05  9.1514E-05  8.9763E-05  8.4511E-05
       8.4989E-05  8.6899E-05  7.9896E-05  8.7694E-05  8.8649E-05  8.3238E-05  7.3689E-05  8.0214E-05  7.4644E-05  7.8782E-05
       8.1646E-05  7.4485E-05  7.0028E-05  7.3530E-05  7.9896E-05  7.2734E-05  7.2734E-05  6.6368E-05  7.0028E-05  6.8437E-05
       6.4776E-05  6.3503E-05  6.0956E-05  5.8092E-05  5.2203E-05  5.5545E-05  5.3476E-05  5.2999E-05  4.9975E-05  4.9656E-05
       4.2972E-05  4.6155E-05  3.8515E-05  3.6128E-05  3.7720E-05  3.6924E-05  3.4218E-05  3.8675E-05  3.2627E-05  3.9630E-05
       3.3582E-05  3.6606E-05  3.8197E-05  4.0266E-05  4.5996E-05  3.9789E-05  4.0425E-05  4.6792E-05  4.5518E-05  4.9975E-05
       5.5068E-05  5.9683E-05  5.8887E-05  6.3185E-05  6.8437E-05  6.7641E-05  7.3848E-05  7.3848E-05  7.4962E-05  7.6235E-05
       7.5917E-05  7.6394E-05  8.1965E-05  1.0504E-04  1.5311E-04  2.7422E-04  5.5322E-04  1.1362E-03  2.3358E-03  4.8047E-03
       9.4309E-03  1.7786E-02  3.2021E-02  5.5161E-02  9.0560E-02  1.4078E-01  2.0876E-01  2.9356E-01  3.9261E-01  4.9611E-01
       5.9531E-01  6.7663E-01  7.2786E-01  7.3979E-01  7.1179E-01  6.4568E-01  5.5372E-01  4.4920E-01  3.4316E-01  2.4712E-01
       1.6819E-01  1.0772E-01  6.5026E-02  3.7025E-02  1.9712E-02  1.0015E-02  4.7584E-03  2.0860E-03  9.0496E-04  3.4982E-04
       1.2637E-04  4.6792E-05  1.3528E-05  4.6155E-06  1.5915E-06  1.5915E-07  1.5915E-07  0.0000E+00  0.0000E+00  0.0000E+00
       0.0000E+00  0.0000E+00  0.0000E+00  0.0000E+00  0.0000E+00  0.0000E+00  0.0000E+00  0.0000E+00  0.0000E+00  0.0000E+00
       0.0000E+00  0.0000E+00  0.0000E+00  0.0000E+00  0.0000E+00  0.0000E+00  0.0000E+00  0.0000E+00  0.0000E+00  0.0000E+00
       0.0000E+00  0.0000E+00  0.0000E+00  0.0000E+00  0.0000E+00  0.0000E+00  0.0000E+00  0.0000E+00  0.0000E+00  0.0000E+00
       0.0000E+00  0.0000E+00  0.0000E+00  0.0000E+00  0.0000E+00  0.0000E+00  0.0000E+00  0.0000E+00  0.0000E+00  0.0000E+00
       0.0000E+00  0.0000E+00  0.0000E+00  0.0000E+00  0.0000E+00  0.0000E+00  0.0000E+00  0.0000E+00  0.0000E+00  0.0000E+00
       0.0000E+00  0.0000E+00  0.0000E+00  0.0000E+00  0.0000E+00  0.0000E+00  0.0000E+00  0.0000E+00  0.0000E+00  0.0000E+00
       0.0000E+00  0.0000E+00  0.0000E+00  0.0000E+00  0.0000E+00  0.0000E+00  0.0000E+00  0.0000E+00  0.0000E+00  0.0000E+00
       0.0000E+00  0.0000E+00  0.0000E+00  0.0000E+00  0.0000E+00  0.0000E+00  0.0000E+00  0.0000E+00  0.0000E+00  0.0000E+00
       0.0000E+00  0.0000E+00  0.0000E+00  0.0000E+00  0.0000E+00  0.0000E+00  0.0000E+00  0.0000E+00  0.0000E+00  0.0000E+00
       0.0000E+00  0.0000E+00  0.0000E+00  0.0000E+00  0.0000E+00  0.0000E+00  0.0000E+00  0.0000E+00  0.0000E+00  0.0000E+00
       0.0000E+00  0.0000E+00  0.0000E+00  0.0000E+00  0.0000E+00  0.0000E+00  0.0000E+00  0.0000E+00  0.0000E+00  0.0000E+00
       0.0000E+00  0.0000E+00  0.0000E+00  0.0000E+00  0.0000E+00  0.0000E+00  0.0000E+00  0.0000E+00  0.0000E+00  0.0000E+00
       0.0000E+00  0.0000E+00  0.0000E+00  0.0000E+00  0.0000E+00  0.0000E+00  0.0000E+00  0.0000E+00  0.0000E+00  0.0000E+00
       0.0000E+00  0.0000E+00  0.0000E+00  0.0000E+00  0.0000E+00  0.0000E+00  0.0000E+00  0.0000E+00  0.0000E+00  0.0000E+00
       0.0000E+00  0.0000E+00  0.0000E+00  0.0000E+00  0.0000E+00  0.0000E+00  0.0000E+00  0.0000E+00  0.0000E+00  0.0000E+00
       0.0000E+00  0.0000E+00  0.0000E+00  0.0000E+00  0.0000E+00  0.0000E+00  0.0000E+00  0.0000E+00  0.0000E+00  0.0000E+00
       0.0000E+00  0.0000E+00  0.0000E+00  0.0000E+00  0.0000E+00  0.0000E+00  0.0000E+00  0.0000E+00  0.0000E+00  0.0000E+00
       0.0000E+00  0.0000E+00  0.0000E+00  0.0000E+00  0.0000E+00  0.0000E+00  0.0000E+00  0.0000E+00  0.0000E+00  0.0000E+00
       0.0000E+00  0.0000E+00  0.0000E+00  0.0000E+00  0.0000E+00  0.0000E+00  0.0000E+00  0.0000E+00  0.0000E+00  0.0000E+00
       0.0000E+00  0.0000E+00  0.0000E+00  0.0000E+00  0.0000E+00  0.0000E+00  0.0000E+00  0.0000E+00  0.0000E+00  0.0000E+00
       0.0000E+00  0.0000E+00  0.0000E+00  0.0000E+00  0.0000E+00  0.0000E+00  0.0000E+00  0.0000E+00  0.0000E+00  0.0000E+00
       0.0000E+00  0.0000E+00  0.0000E+00  0.0000E+00  0.0000E+00  0.0000E+00  0.0000E+00  0.0000E+00  0.0000E+00  0.0000E+00
       0.0000E+00  0.0000E+00  0.0000E+00  0.0000E+00  0.0000E+00  0.0000E+00  0.0000E+00  0.0000E+00  0.0000E+00  0.0000E+00
       0.0000E+00  0.0000E+00  0.0000E+00  0.0000E+00  0.0000E+00  0.0000E+00  0.0000E+00  0.0000E+00  0.0000E+00  0.0000E+00
       0.0000E+00  0.0000E+00  0.0000E+00  0.0000E+00  0.0000E+00  0.0000E+00  0.0000E+00  0.0000E+00  0.0000E+00  0.0000E+00
