
 *****  Protons in Lexan (0.19GeV, 0cm)                                                   *****

           DATE: 12/20/18,  TIME: 23: 7:24

          Total number of particles followed       50000000, for a total weight of  5.0000E+07

1

   Bdrx n.   2  "ofluence  " , generalized particle n.    1, from region n.     5 to region n.     4
      detector area:  1.0000E+02 cm**2
      this is a one way only estimator
      this is a fluence like estimator
      linear energy binning from   1.1000E-01 to  2.4000E-01 GeV,   650 bins ( 2.0000E-04 GeV wide)
      linear angular binning from  0.0000E+00 to  6.2832E+00 sr ,     1 bins ( 6.2832E+00 sr wide )
      Data follow in a matrix A(ie,ia), format (1(5x,1p,10(1x,e11.4)))

       1.7181E-04  1.7042E-04  1.8036E-04  1.7301E-04  1.7332E-04  1.7075E-04  1.7977E-04  1.7320E-04  1.7288E-04  1.7173E-04
       1.6892E-04  1.7113E-04  1.6666E-04  1.6814E-04  1.7197E-04  1.7356E-04  1.5858E-04  1.6718E-04  1.6087E-04  1.7702E-04
       1.6637E-04  1.7607E-04  1.7171E-04  1.6101E-04  1.7190E-04  1.6482E-04  1.6596E-04  1.7033E-04  1.5143E-04  1.7876E-04
       1.6406E-04  1.5520E-04  1.6730E-04  1.5588E-04  1.6290E-04  1.5785E-04  1.6453E-04  1.5842E-04  1.6730E-04  1.6440E-04
       1.6763E-04  1.6603E-04  1.6422E-04  1.6666E-04  1.6529E-04  1.6384E-04  1.6322E-04  1.6367E-04  1.6638E-04  1.6442E-04
       1.6055E-04  1.5740E-04  1.7667E-04  1.6331E-04  1.5314E-04  1.5586E-04  1.6683E-04  1.5100E-04  1.5557E-04  1.6605E-04
       1.6125E-04  1.6212E-04  1.6198E-04  1.5110E-04  1.5754E-04  1.7212E-04  1.5722E-04  1.6804E-04  1.6902E-04  1.5872E-04
       1.4791E-04  1.6002E-04  1.6246E-04  1.6739E-04  1.5328E-04  1.6261E-04  1.5464E-04  1.6066E-04  1.5909E-04  1.6267E-04
       1.6777E-04  1.5857E-04  1.5721E-04  1.6045E-04  1.5612E-04  1.6804E-04  1.5536E-04  1.6535E-04  1.5040E-04  1.6029E-04
       1.5936E-04  1.5026E-04  1.6634E-04  1.5898E-04  1.6842E-04  1.5153E-04  1.5571E-04  1.5108E-04  1.4995E-04  1.5825E-04
       1.6036E-04  1.6333E-04  1.5598E-04  1.6270E-04  1.5553E-04  1.5699E-04  1.5482E-04  1.5187E-04  1.5596E-04  1.5818E-04
       1.5413E-04  1.5746E-04  1.5060E-04  1.5570E-04  1.4789E-04  1.6517E-04  1.5368E-04  1.5695E-04  1.5127E-04  1.5201E-04
       1.5912E-04  1.5769E-04  1.6333E-04  1.5194E-04  1.5909E-04  1.6225E-04  1.5401E-04  1.5527E-04  1.4552E-04  1.6248E-04
       1.5116E-04  1.5268E-04  1.5906E-04  1.6270E-04  1.5412E-04  1.4744E-04  1.6665E-04  1.5493E-04  1.4178E-04  1.5308E-04
       1.6161E-04  1.4486E-04  1.5253E-04  1.4896E-04  1.5647E-04  1.5253E-04  1.4576E-04  1.5518E-04  1.5760E-04  1.4775E-04
       1.6335E-04  1.5116E-04  1.6087E-04  1.5508E-04  1.5651E-04  1.5021E-04  1.5220E-04  1.4827E-04  1.5626E-04  1.5138E-04
       1.4826E-04  1.5810E-04  1.5507E-04  1.5027E-04  1.4887E-04  1.5756E-04  1.3866E-04  1.5373E-04  1.4210E-04  1.5329E-04
       1.5000E-04  1.5017E-04  1.4178E-04  1.4556E-04  1.4672E-04  1.4219E-04  1.4297E-04  1.4678E-04  1.5056E-04  1.4847E-04
       1.4394E-04  1.3949E-04  1.3801E-04  1.4791E-04  1.4943E-04  1.5124E-04  1.4489E-04  1.4842E-04  1.4730E-04  1.4878E-04
       1.5555E-04  1.4817E-04  1.4485E-04  1.4092E-04  1.4691E-04  1.4397E-04  1.4006E-04  1.4526E-04  1.3689E-04  1.4102E-04
       1.4538E-04  1.3879E-04  1.3431E-04  1.3951E-04  1.2884E-04  1.4091E-04  1.3213E-04  1.3143E-04  1.2549E-04  1.3473E-04
       1.2869E-04  1.3707E-04  1.3142E-04  1.3133E-04  1.3115E-04  1.3097E-04  1.3215E-04  1.3077E-04  1.2937E-04  1.2709E-04
       1.2788E-04  1.2815E-04  1.2634E-04  1.2228E-04  1.3482E-04  1.3303E-04  1.2990E-04  1.2848E-04  1.3055E-04  1.2288E-04
       1.2732E-04  1.2272E-04  1.2113E-04  1.2857E-04  1.2915E-04  1.2535E-04  1.2860E-04  1.2063E-04  1.2528E-04  1.2741E-04
       1.1573E-04  1.1927E-04  1.1669E-04  1.2142E-04  1.1642E-04  1.1606E-04  1.1884E-04  1.1783E-04  1.2210E-04  1.1612E-04
       1.1316E-04  1.1054E-04  1.1482E-04  1.0446E-04  1.2063E-04  1.1717E-04  1.0865E-04  1.0981E-04  1.1686E-04  1.2126E-04
       1.0743E-04  1.0996E-04  1.1414E-04  1.0137E-04  1.0818E-04  1.0822E-04  1.0587E-04  1.1213E-04  1.0883E-04  1.0151E-04
       1.0956E-04  1.1284E-04  1.0719E-04  1.0631E-04  1.0398E-04  1.0556E-04  1.0254E-04  9.9907E-05  1.0238E-04  9.5671E-05
       9.3167E-05  9.8927E-05  9.9399E-05  9.4549E-05  8.9669E-05  9.2777E-05  9.7694E-05  1.0017E-04  9.5400E-05  8.9795E-05
       9.0699E-05  9.2405E-05  8.4584E-05  9.3457E-05  9.4385E-05  8.8553E-05  7.8037E-05  8.5109E-05  7.9400E-05  8.4114E-05
       8.6367E-05  7.9293E-05  7.4410E-05  7.7886E-05  8.4845E-05  7.7424E-05  7.7198E-05  7.0688E-05  7.4142E-05  7.2293E-05
       6.8581E-05  6.7010E-05  6.4385E-05  6.1843E-05  5.4990E-05  5.8826E-05  5.7380E-05  5.6509E-05  5.3277E-05  5.3035E-05
       4.6901E-05  4.9685E-05  4.3276E-05  3.9351E-05  4.0880E-05  4.1163E-05  3.8011E-05  4.2963E-05  3.6147E-05  4.3218E-05
       3.9348E-05  4.0315E-05  4.3976E-05  4.4635E-05  5.0580E-05  4.3194E-05  4.4803E-05  5.0375E-05  4.9764E-05  5.3923E-05
       6.0318E-05  6.3568E-05  6.3760E-05  6.7499E-05  7.3060E-05  7.1434E-05  7.8084E-05  7.7831E-05  7.9150E-05  8.0086E-05
       8.0043E-05  8.0638E-05  8.6490E-05  1.0938E-04  1.5832E-04  2.7941E-04  5.6033E-04  1.1452E-03  2.3444E-03  4.8165E-03
       9.4456E-03  1.7805E-02  3.2045E-02  5.5189E-02  9.0594E-02  1.4082E-01  2.0881E-01  2.9361E-01  3.9267E-01  4.9618E-01
       5.9538E-01  6.7671E-01  7.2794E-01  7.3986E-01  7.1185E-01  6.4573E-01  5.5376E-01  4.4924E-01  3.4319E-01  2.4714E-01
       1.6820E-01  1.0773E-01  6.5030E-02  3.7027E-02  1.9713E-02  1.0015E-02  4.7587E-03  2.0862E-03  9.0500E-04  3.4984E-04
       1.2638E-04  4.6794E-05  1.3531E-05  4.6156E-06  1.5916E-06  1.5916E-07  1.5916E-07  0.0000E+00  0.0000E+00  0.0000E+00
       0.0000E+00  0.0000E+00  0.0000E+00  0.0000E+00  0.0000E+00  0.0000E+00  0.0000E+00  0.0000E+00  0.0000E+00  0.0000E+00
       0.0000E+00  0.0000E+00  0.0000E+00  0.0000E+00  0.0000E+00  0.0000E+00  0.0000E+00  0.0000E+00  0.0000E+00  0.0000E+00
       0.0000E+00  0.0000E+00  0.0000E+00  0.0000E+00  0.0000E+00  0.0000E+00  0.0000E+00  0.0000E+00  0.0000E+00  0.0000E+00
       0.0000E+00  0.0000E+00  0.0000E+00  0.0000E+00  0.0000E+00  0.0000E+00  0.0000E+00  0.0000E+00  0.0000E+00  0.0000E+00
       0.0000E+00  0.0000E+00  0.0000E+00  0.0000E+00  0.0000E+00  0.0000E+00  0.0000E+00  0.0000E+00  0.0000E+00  0.0000E+00
       0.0000E+00  0.0000E+00  0.0000E+00  0.0000E+00  0.0000E+00  0.0000E+00  0.0000E+00  0.0000E+00  0.0000E+00  0.0000E+00
       0.0000E+00  0.0000E+00  0.0000E+00  0.0000E+00  0.0000E+00  0.0000E+00  0.0000E+00  0.0000E+00  0.0000E+00  0.0000E+00
       0.0000E+00  0.0000E+00  0.0000E+00  0.0000E+00  0.0000E+00  0.0000E+00  0.0000E+00  0.0000E+00  0.0000E+00  0.0000E+00
       0.0000E+00  0.0000E+00  0.0000E+00  0.0000E+00  0.0000E+00  0.0000E+00  0.0000E+00  0.0000E+00  0.0000E+00  0.0000E+00
       0.0000E+00  0.0000E+00  0.0000E+00  0.0000E+00  0.0000E+00  0.0000E+00  0.0000E+00  0.0000E+00  0.0000E+00  0.0000E+00
       0.0000E+00  0.0000E+00  0.0000E+00  0.0000E+00  0.0000E+00  0.0000E+00  0.0000E+00  0.0000E+00  0.0000E+00  0.0000E+00
       0.0000E+00  0.0000E+00  0.0000E+00  0.0000E+00  0.0000E+00  0.0000E+00  0.0000E+00  0.0000E+00  0.0000E+00  0.0000E+00
       0.0000E+00  0.0000E+00  0.0000E+00  0.0000E+00  0.0000E+00  0.0000E+00  0.0000E+00  0.0000E+00  0.0000E+00  0.0000E+00
       0.0000E+00  0.0000E+00  0.0000E+00  0.0000E+00  0.0000E+00  0.0000E+00  0.0000E+00  0.0000E+00  0.0000E+00  0.0000E+00
       0.0000E+00  0.0000E+00  0.0000E+00  0.0000E+00  0.0000E+00  0.0000E+00  0.0000E+00  0.0000E+00  0.0000E+00  0.0000E+00
       0.0000E+00  0.0000E+00  0.0000E+00  0.0000E+00  0.0000E+00  0.0000E+00  0.0000E+00  0.0000E+00  0.0000E+00  0.0000E+00
       0.0000E+00  0.0000E+00  0.0000E+00  0.0000E+00  0.0000E+00  0.0000E+00  0.0000E+00  0.0000E+00  0.0000E+00  0.0000E+00
       0.0000E+00  0.0000E+00  0.0000E+00  0.0000E+00  0.0000E+00  0.0000E+00  0.0000E+00  0.0000E+00  0.0000E+00  0.0000E+00
       0.0000E+00  0.0000E+00  0.0000E+00  0.0000E+00  0.0000E+00  0.0000E+00  0.0000E+00  0.0000E+00  0.0000E+00  0.0000E+00
       0.0000E+00  0.0000E+00  0.0000E+00  0.0000E+00  0.0000E+00  0.0000E+00  0.0000E+00  0.0000E+00  0.0000E+00  0.0000E+00
       0.0000E+00  0.0000E+00  0.0000E+00  0.0000E+00  0.0000E+00  0.0000E+00  0.0000E+00  0.0000E+00  0.0000E+00  0.0000E+00
       0.0000E+00  0.0000E+00  0.0000E+00  0.0000E+00  0.0000E+00  0.0000E+00  0.0000E+00  0.0000E+00  0.0000E+00  0.0000E+00
       0.0000E+00  0.0000E+00  0.0000E+00  0.0000E+00  0.0000E+00  0.0000E+00  0.0000E+00  0.0000E+00  0.0000E+00  0.0000E+00
       0.0000E+00  0.0000E+00  0.0000E+00  0.0000E+00  0.0000E+00  0.0000E+00  0.0000E+00  0.0000E+00  0.0000E+00  0.0000E+00
       0.0000E+00  0.0000E+00  0.0000E+00  0.0000E+00  0.0000E+00  0.0000E+00  0.0000E+00  0.0000E+00  0.0000E+00  0.0000E+00
1

   Bdrx n.   6  "ofluence  " , generalized particle n.    1, from region n.     5 to region n.     4
      detector area:  1.0000E+02 cm**2
      this is a one way only estimator
      this is a fluence like estimator
      linear energy binning from   0.0000E+00 to  3.0000E+02 GeV,     1 bins ( 3.0000E+02 GeV wide)
      linear angular binning from  0.0000E+00 to  6.2832E+00 sr ,     1 bins ( 6.2832E+00 sr wide )
      Data follow in a matrix A(ie,ia), format (1(5x,1p,10(1x,e11.4)))

       5.3353E-06
