
 *****  Protons in Lexan (0.19GeV, 0cm)                                                   *****

           DATE: 12/20/18,  TIME: 23: 7:24

          Total number of particles followed       50000000, for a total weight of  5.0000E+07

1

   Res. nuclei n.   1  "Ian       " ,  all         products, region n.     5
      detector volume:  1.0000E+00 cm**3
      Max. Z:  10, Max. N-Z:  11 Min. N-Z: -4
      Data follow in a matrix A(z,n-z-k), k: -5 format (1(5x,1p,10(1x,e11.4)))

       0.0000E+00  0.0000E+00  0.0000E+00  0.0000E+00  0.0000E+00  0.0000E+00  0.0000E+00  0.0000E+00  0.0000E+00  0.0000E+00
       0.0000E+00  0.0000E+00  0.0000E+00  0.0000E+00  0.0000E+00  6.8600E-06  0.0000E+00  4.4000E-07  0.0000E+00  0.0000E+00
       0.0000E+00  0.0000E+00  0.0000E+00  0.0000E+00  5.3520E-05  1.0430E-04  1.2200E-05  2.2460E-05  0.0000E+00  0.0000E+00
       9.2082E-03  1.4635E-03  0.0000E+00  6.9494E-04  0.0000E+00  2.0804E-03  2.8340E-05  4.9486E-04  2.0000E-08  0.0000E+00
       2.3605E-03  1.1351E-02  9.4208E-04  0.0000E+00  7.0466E-04  2.5962E-03  2.3410E-04  3.0440E-04  4.0000E-08  1.0000E-07
       7.4496E-04  0.0000E+00  5.1774E-04  1.4128E-04  1.2792E-03  1.2822E-04  3.1524E-04  6.2000E-07  4.0000E-08  0.0000E+00
       0.0000E+00  3.0360E-05  4.1240E-05  9.1280E-05  1.2220E-05  3.1100E-05  5.2000E-07  4.2000E-07  0.0000E+00  0.0000E+00
       0.0000E+00  0.0000E+00  3.6600E-06  4.8000E-07  1.0800E-06  4.0000E-08  3.4000E-07  0.0000E+00  0.0000E+00  0.0000E+00
       0.0000E+00  1.0000E-07  0.0000E+00  0.0000E+00  0.0000E+00  4.0000E-08  0.0000E+00  0.0000E+00  0.0000E+00  0.0000E+00
       0.0000E+00  0.0000E+00  0.0000E+00  0.0000E+00  0.0000E+00  0.0000E+00  0.0000E+00  0.0000E+00  0.0000E+00  0.0000E+00
       0.0000E+00  0.0000E+00  0.0000E+00  0.0000E+00  0.0000E+00  0.0000E+00  0.0000E+00  0.0000E+00  0.0000E+00  0.0000E+00
       0.0000E+00  0.0000E+00  0.0000E+00  0.0000E+00  0.0000E+00  0.0000E+00  0.0000E+00  0.0000E+00  0.0000E+00  0.0000E+00
       0.0000E+00  0.0000E+00  0.0000E+00  0.0000E+00  0.0000E+00  0.0000E+00  0.0000E+00  0.0000E+00  0.0000E+00  0.0000E+00
       0.0000E+00  0.0000E+00  0.0000E+00  0.0000E+00  0.0000E+00  0.0000E+00  0.0000E+00  0.0000E+00  0.0000E+00  0.0000E+00
       0.0000E+00  0.0000E+00  0.0000E+00  0.0000E+00  0.0000E+00  0.0000E+00  0.0000E+00  0.0000E+00  0.0000E+00  0.0000E+00
       0.0000E+00  0.0000E+00  0.0000E+00  0.0000E+00  0.0000E+00  0.0000E+00  0.0000E+00  0.0000E+00  0.0000E+00  0.0000E+00
