
 *****  Protons in Lexan (0.23GeV, 3.0cm)                                                 *****

           DATE: 12/13/18,  TIME:  7:58:50

          Total number of particles followed        1000000, for a total weight of  1.0000E+06

1

   Res. nuclei n.   1  "Ian       " ,  all         products, region n.     5
      detector volume:  1.0000E+00 cm**3
      Max. Z:  10, Max. N-Z:  11 Min. N-Z: -4
      Data follow in a matrix A(z,n-z-k), k: -5 format (1(5x,1p,10(1x,e11.4)))

       0.0000E+00  0.0000E+00  0.0000E+00  0.0000E+00  0.0000E+00  0.0000E+00  0.0000E+00  0.0000E+00  0.0000E+00  0.0000E+00
       0.0000E+00  0.0000E+00  0.0000E+00  0.0000E+00  0.0000E+00  8.1000E-05  0.0000E+00  4.6000E-05  0.0000E+00  0.0000E+00
       0.0000E+00  0.0000E+00  0.0000E+00  0.0000E+00  6.7500E-04  1.2840E-03  2.3200E-04  1.8090E-03  0.0000E+00  0.0000E+00
       5.1316E+00  1.6697E-02  0.0000E+00  5.2960E-03  0.0000E+00  1.4788E-02  3.0670E-03  5.4046E-02  0.0000E+00  0.0000E+00
       3.7212E+00  2.2442E-01  1.3606E-02  0.0000E+00  8.3770E-03  5.1894E-02  2.6423E-02  7.4856E-02  7.0000E-06  1.2000E-05
       8.8164E-03  0.0000E+00  4.5780E-03  2.6735E-03  1.2569E-02  1.3523E-02  4.0503E-02  8.9062E-05  1.0000E-06  0.0000E+00
       0.0000E+00  3.3500E-04  5.6000E-04  1.3940E-03  4.3600E-04  3.5460E-03  2.9416E-04  1.1300E-04  0.0000E+00  0.0000E+00
       0.0000E+00  0.0000E+00  4.5000E-05  2.3000E-05  6.2000E-05  1.0000E-05  3.5000E-05  0.0000E+00  0.0000E+00  0.0000E+00
       0.0000E+00  0.0000E+00  0.0000E+00  3.0000E-06  0.0000E+00  0.0000E+00  0.0000E+00  0.0000E+00  0.0000E+00  0.0000E+00
       0.0000E+00  0.0000E+00  0.0000E+00  0.0000E+00  0.0000E+00  0.0000E+00  0.0000E+00  0.0000E+00  0.0000E+00  0.0000E+00
       0.0000E+00  0.0000E+00  0.0000E+00  0.0000E+00  0.0000E+00  0.0000E+00  0.0000E+00  0.0000E+00  0.0000E+00  0.0000E+00
       0.0000E+00  0.0000E+00  0.0000E+00  0.0000E+00  0.0000E+00  0.0000E+00  0.0000E+00  0.0000E+00  0.0000E+00  0.0000E+00
       0.0000E+00  0.0000E+00  0.0000E+00  0.0000E+00  0.0000E+00  0.0000E+00  0.0000E+00  0.0000E+00  0.0000E+00  0.0000E+00
       0.0000E+00  0.0000E+00  0.0000E+00  0.0000E+00  0.0000E+00  0.0000E+00  0.0000E+00  0.0000E+00  0.0000E+00  0.0000E+00
       0.0000E+00  0.0000E+00  0.0000E+00  0.0000E+00  0.0000E+00  0.0000E+00  0.0000E+00  0.0000E+00  0.0000E+00  0.0000E+00
       0.0000E+00  0.0000E+00  0.0000E+00  0.0000E+00  0.0000E+00  0.0000E+00  0.0000E+00  0.0000E+00  0.0000E+00  0.0000E+00
