
 *****  Protons in Lexan (0.20GeV, 2.0cm)                                                 *****

           DATE: 12/ 6/18,  TIME:  6:30:40

          Total number of particles followed       10000000, for a total weight of  1.0000E+07

1

   Res. nuclei n.   1  "Ian       " ,  all         products, region n.     5
      detector volume:  1.0000E+00 cm**3
      Max. Z:  10, Max. N-Z:  11 Min. N-Z: -4
      Data follow in a matrix A(z,n-z-k), k: -5 format (1(5x,1p,10(1x,e11.4)))

       0.0000E+00  0.0000E+00  0.0000E+00  0.0000E+00  0.0000E+00  0.0000E+00  0.0000E+00  0.0000E+00  0.0000E+00  0.0000E+00
       0.0000E+00  0.0000E+00  0.0000E+00  0.0000E+00  0.0000E+00  1.4500E-05  0.0000E+00  8.0000E-07  0.0000E+00  0.0000E+00
       0.0000E+00  0.0000E+00  0.0000E+00  0.0000E+00  1.0410E-04  2.1650E-04  2.3100E-05  4.6300E-05  0.0000E+00  0.0000E+00
       2.2550E-02  2.9630E-03  0.0000E+00  1.3853E-03  0.0000E+00  4.1696E-03  5.9000E-05  1.0120E-03  0.0000E+00  0.0000E+00
       5.0949E-03  2.3057E-02  1.8934E-03  0.0000E+00  1.4075E-03  5.3012E-03  4.7570E-04  6.1350E-04  1.0000E-07  6.0000E-07
       1.5476E-03  0.0000E+00  1.0398E-03  2.9220E-04  2.5808E-03  2.5330E-04  6.3590E-04  1.2000E-06  1.0000E-07  0.0000E+00
       0.0000E+00  6.3000E-05  8.0900E-05  1.9230E-04  2.9300E-05  6.8700E-05  1.3000E-06  1.7000E-06  0.0000E+00  0.0000E+00
       0.0000E+00  0.0000E+00  5.8000E-06  1.2000E-06  1.5000E-06  1.0000E-07  1.1000E-06  0.0000E+00  0.0000E+00  0.0000E+00
       0.0000E+00  3.0000E-07  0.0000E+00  1.0000E-07  0.0000E+00  0.0000E+00  0.0000E+00  0.0000E+00  0.0000E+00  0.0000E+00
       0.0000E+00  0.0000E+00  0.0000E+00  0.0000E+00  0.0000E+00  0.0000E+00  0.0000E+00  0.0000E+00  0.0000E+00  0.0000E+00
       0.0000E+00  0.0000E+00  0.0000E+00  0.0000E+00  0.0000E+00  0.0000E+00  0.0000E+00  0.0000E+00  0.0000E+00  0.0000E+00
       0.0000E+00  0.0000E+00  0.0000E+00  0.0000E+00  0.0000E+00  0.0000E+00  0.0000E+00  0.0000E+00  0.0000E+00  0.0000E+00
       0.0000E+00  0.0000E+00  0.0000E+00  0.0000E+00  0.0000E+00  0.0000E+00  0.0000E+00  0.0000E+00  0.0000E+00  0.0000E+00
       0.0000E+00  0.0000E+00  0.0000E+00  0.0000E+00  0.0000E+00  0.0000E+00  0.0000E+00  0.0000E+00  0.0000E+00  0.0000E+00
       0.0000E+00  0.0000E+00  0.0000E+00  0.0000E+00  0.0000E+00  0.0000E+00  0.0000E+00  0.0000E+00  0.0000E+00  0.0000E+00
       0.0000E+00  0.0000E+00  0.0000E+00  0.0000E+00  0.0000E+00  0.0000E+00  0.0000E+00  0.0000E+00  0.0000E+00  0.0000E+00
