
 *****  Protons in Lexan (0.17GeV, 1.0cm)                                                 *****

           DATE: 12/17/18,  TIME: 14:40: 1

          Total number of particles followed       11000000, for a total weight of  1.1000E+07

1

   Res. nuclei n.   1  "Ian       " ,  all         products, region n.     5
      detector volume:  1.0000E+00 cm**3
      Max. Z:  10, Max. N-Z:  11 Min. N-Z: -4
      Data follow in a matrix A(z,n-z-k), k: -5 format (1(5x,1p,10(1x,e11.4)))

       0.0000E+00  0.0000E+00  0.0000E+00  0.0000E+00  0.0000E+00  0.0000E+00  0.0000E+00  0.0000E+00  0.0000E+00  0.0000E+00
       0.0000E+00  0.0000E+00  0.0000E+00  0.0000E+00  0.0000E+00  4.2818E-05  0.0000E+00  1.8455E-05  0.0000E+00  0.0000E+00
       0.0000E+00  0.0000E+00  0.0000E+00  0.0000E+00  4.3064E-04  7.8227E-04  1.6827E-04  9.8918E-04  0.0000E+00  0.0000E+00
       3.6838E+00  1.1260E-02  0.0000E+00  3.5985E-03  0.0000E+00  1.0616E-02  2.0623E-03  3.6654E-02  1.7273E-06  0.0000E+00
       2.4124E+00  1.6548E-01  9.1826E-03  0.0000E+00  5.6850E-03  4.2186E-02  1.8301E-02  6.2576E-02  8.9091E-06  6.5455E-06
       5.5441E-03  0.0000E+00  2.8976E-03  1.7518E-03  8.8870E-03  9.2742E-03  2.8069E-02  7.6484E-05  2.7273E-07  0.0000E+00
       0.0000E+00  1.7909E-04  3.2491E-04  9.1755E-04  2.8191E-04  2.2881E-03  2.0059E-04  9.5273E-05  0.0000E+00  0.0000E+00
       0.0000E+00  0.0000E+00  2.6545E-05  1.0000E-05  4.3909E-05  4.5455E-06  2.4000E-05  0.0000E+00  0.0000E+00  0.0000E+00
       0.0000E+00  4.5455E-07  0.0000E+00  3.6364E-07  0.0000E+00  9.0909E-07  9.0909E-08  0.0000E+00  0.0000E+00  0.0000E+00
       0.0000E+00  0.0000E+00  0.0000E+00  0.0000E+00  0.0000E+00  0.0000E+00  0.0000E+00  0.0000E+00  0.0000E+00  0.0000E+00
       0.0000E+00  0.0000E+00  0.0000E+00  0.0000E+00  0.0000E+00  0.0000E+00  0.0000E+00  0.0000E+00  0.0000E+00  0.0000E+00
       0.0000E+00  0.0000E+00  0.0000E+00  0.0000E+00  0.0000E+00  0.0000E+00  0.0000E+00  0.0000E+00  0.0000E+00  0.0000E+00
       0.0000E+00  0.0000E+00  0.0000E+00  0.0000E+00  0.0000E+00  0.0000E+00  0.0000E+00  0.0000E+00  0.0000E+00  0.0000E+00
       0.0000E+00  0.0000E+00  0.0000E+00  0.0000E+00  0.0000E+00  0.0000E+00  0.0000E+00  0.0000E+00  0.0000E+00  0.0000E+00
       0.0000E+00  0.0000E+00  0.0000E+00  0.0000E+00  0.0000E+00  0.0000E+00  0.0000E+00  0.0000E+00  0.0000E+00  0.0000E+00
       0.0000E+00  0.0000E+00  0.0000E+00  0.0000E+00  0.0000E+00  0.0000E+00  0.0000E+00  0.0000E+00  0.0000E+00  0.0000E+00
