
 *****  Protons in Lexan (70MeV, 1cm)                                                     *****

           DATE: 11/16/18,  TIME:  0: 8:29

          Total number of particles followed       10000000, for a total weight of  1.0000E+07

1

   Res. nuclei n.   1  "Ian       " ,  all         products, region n.     5
      detector volume:  1.0000E+00 cm**3
      Max. Z:  10, Max. N-Z:  11 Min. N-Z: -4
      Data follow in a matrix A(z,n-z-k), k: -5 format (1(5x,1p,10(1x,e11.4)))

       0.0000E+00  0.0000E+00  0.0000E+00  0.0000E+00  0.0000E+00  0.0000E+00  0.0000E+00  0.0000E+00  0.0000E+00  0.0000E+00
       0.0000E+00  0.0000E+00  0.0000E+00  0.0000E+00  0.0000E+00  6.3000E-06  0.0000E+00  3.0000E-07  0.0000E+00  0.0000E+00
       0.0000E+00  0.0000E+00  0.0000E+00  0.0000E+00  5.7100E-05  7.8700E-05  1.4600E-05  1.0800E-05  0.0000E+00  0.0000E+00
       1.1678E-02  1.6389E-03  0.0000E+00  8.7640E-04  0.0000E+00  2.2820E-03  2.4500E-05  5.0640E-04  0.0000E+00  0.0000E+00
       2.7936E-03  1.5506E-02  1.1937E-03  0.0000E+00  6.8750E-04  6.7510E-03  2.8350E-04  7.7273E-04  1.0000E-07  1.0000E-07
       7.3764E-04  0.0000E+00  5.6410E-04  1.5206E-04  1.3369E-03  1.8326E-04  3.4792E-04  8.0264E-07  0.0000E+00  0.0000E+00
       0.0000E+00  2.6100E-05  3.9300E-05  7.0400E-05  9.8400E-06  3.0200E-05  6.8621E-07  8.0000E-07  0.0000E+00  0.0000E+00
       0.0000E+00  0.0000E+00  1.0000E-06  2.0000E-07  7.0000E-07  0.0000E+00  2.0000E-07  0.0000E+00  0.0000E+00  0.0000E+00
       0.0000E+00  0.0000E+00  0.0000E+00  0.0000E+00  0.0000E+00  0.0000E+00  0.0000E+00  0.0000E+00  0.0000E+00  0.0000E+00
       0.0000E+00  0.0000E+00  0.0000E+00  0.0000E+00  0.0000E+00  0.0000E+00  0.0000E+00  0.0000E+00  0.0000E+00  0.0000E+00
       0.0000E+00  0.0000E+00  0.0000E+00  0.0000E+00  0.0000E+00  0.0000E+00  0.0000E+00  0.0000E+00  0.0000E+00  0.0000E+00
       0.0000E+00  0.0000E+00  0.0000E+00  0.0000E+00  0.0000E+00  0.0000E+00  0.0000E+00  0.0000E+00  0.0000E+00  0.0000E+00
       0.0000E+00  0.0000E+00  0.0000E+00  0.0000E+00  0.0000E+00  0.0000E+00  0.0000E+00  0.0000E+00  0.0000E+00  0.0000E+00
       0.0000E+00  0.0000E+00  0.0000E+00  0.0000E+00  0.0000E+00  0.0000E+00  0.0000E+00  0.0000E+00  0.0000E+00  0.0000E+00
       0.0000E+00  0.0000E+00  0.0000E+00  0.0000E+00  0.0000E+00  0.0000E+00  0.0000E+00  0.0000E+00  0.0000E+00  0.0000E+00
       0.0000E+00  0.0000E+00  0.0000E+00  0.0000E+00  0.0000E+00  0.0000E+00  0.0000E+00  0.0000E+00  0.0000E+00  0.0000E+00
