
 *****  Protons in Lexan (0.08GeV, 2cm)                                                   *****

           DATE: 12/19/18,  TIME: 16:48:15

          Total number of particles followed       16666666, for a total weight of  1.6667E+07

1

   Res. nuclei n.   1  "Ian       " ,  all         products, region n.     5
      detector volume:  1.0000E+00 cm**3
      Max. Z:  10, Max. N-Z:  11 Min. N-Z: -4
      Data follow in a matrix A(z,n-z-k), k: -5 format (1(5x,1p,10(1x,e11.4)))

       0.0000E+00  0.0000E+00  0.0000E+00  0.0000E+00  0.0000E+00  0.0000E+00  0.0000E+00  0.0000E+00  0.0000E+00  0.0000E+00
       0.0000E+00  0.0000E+00  0.0000E+00  0.0000E+00  0.0000E+00  7.1400E-06  0.0000E+00  4.2000E-07  0.0000E+00  0.0000E+00
       0.0000E+00  0.0000E+00  0.0000E+00  0.0000E+00  2.2104E-04  1.7046E-04  6.4500E-05  1.9860E-05  0.0000E+00  0.0000E+00
       6.4370E-02  4.2655E-03  0.0000E+00  2.7887E-03  0.0000E+00  7.5363E-03  5.9940E-05  1.6490E-03  0.0000E+00  0.0000E+00
       1.3240E-02  6.1002E-02  3.5732E-03  0.0000E+00  2.1530E-03  3.7064E-02  8.9054E-04  3.8825E-03  6.0000E-08  6.6000E-07
       1.7611E-03  0.0000E+00  1.8688E-03  4.6553E-04  5.0030E-03  6.9835E-04  1.3253E-03  2.4905E-06  0.0000E+00  0.0000E+00
       0.0000E+00  3.5340E-05  5.4180E-05  1.3206E-04  2.7081E-05  9.9000E-05  2.5667E-06  5.5800E-06  0.0000E+00  0.0000E+00
       0.0000E+00  0.0000E+00  4.8000E-07  4.2000E-07  5.4000E-07  0.0000E+00  1.3200E-06  0.0000E+00  0.0000E+00  0.0000E+00
       0.0000E+00  0.0000E+00  0.0000E+00  0.0000E+00  0.0000E+00  0.0000E+00  0.0000E+00  0.0000E+00  0.0000E+00  0.0000E+00
       0.0000E+00  0.0000E+00  0.0000E+00  0.0000E+00  0.0000E+00  0.0000E+00  0.0000E+00  0.0000E+00  0.0000E+00  0.0000E+00
       0.0000E+00  0.0000E+00  0.0000E+00  0.0000E+00  0.0000E+00  0.0000E+00  0.0000E+00  0.0000E+00  0.0000E+00  0.0000E+00
       0.0000E+00  0.0000E+00  0.0000E+00  0.0000E+00  0.0000E+00  0.0000E+00  0.0000E+00  0.0000E+00  0.0000E+00  0.0000E+00
       0.0000E+00  0.0000E+00  0.0000E+00  0.0000E+00  0.0000E+00  0.0000E+00  0.0000E+00  0.0000E+00  0.0000E+00  0.0000E+00
       0.0000E+00  0.0000E+00  0.0000E+00  0.0000E+00  0.0000E+00  0.0000E+00  0.0000E+00  0.0000E+00  0.0000E+00  0.0000E+00
       0.0000E+00  0.0000E+00  0.0000E+00  0.0000E+00  0.0000E+00  0.0000E+00  0.0000E+00  0.0000E+00  0.0000E+00  0.0000E+00
       0.0000E+00  0.0000E+00  0.0000E+00  0.0000E+00  0.0000E+00  0.0000E+00  0.0000E+00  0.0000E+00  0.0000E+00  0.0000E+00
