
 *****  Protons in Lexan (0.08GeV, 2cm)                                                   *****

           DATE: 12/19/18,  TIME: 16:48:15

          Total number of particles followed       16666666, for a total weight of  1.6667E+07

1

   Bdrx n.   4  "ocurrent  " , generalized particle n.    1, from region n.     5 to region n.     4
      detector area:  1.0000E+02 cm**2
      this is a one way only estimator
      this is a current like estimator
      linear energy binning from   0.0000E+00 to  1.3000E-01 GeV,   650 bins ( 2.0000E-04 GeV wide)
      linear angular binning from  0.0000E+00 to  6.2832E+00 sr ,     1 bins ( 6.2832E+00 sr wide )
      Data follow in a matrix A(ie,ia), format (1(5x,1p,10(1x,e11.4)))

       3.0558E-05  4.3449E-05  5.9206E-05  7.6394E-05  9.1673E-05  9.5493E-05  1.1077E-04  1.3655E-04  1.3512E-04  1.5565E-04
       1.6902E-04  1.5279E-04  1.8335E-04  2.0197E-04  1.8478E-04  2.1534E-04  2.0817E-04  2.3539E-04  2.4207E-04  2.3157E-04
       2.4398E-04  2.7502E-04  2.8552E-04  2.6308E-04  2.9460E-04  2.8361E-04  3.0367E-04  3.1226E-04  3.2897E-04  3.1369E-04
       3.0940E-04  3.2372E-04  3.2515E-04  3.6240E-04  3.8102E-04  3.6860E-04  3.5523E-04  3.8436E-04  4.1444E-04  4.1778E-04
       3.6860E-04  4.0871E-04  4.0441E-04  4.1587E-04  4.7555E-04  4.2208E-04  4.3975E-04  4.5455E-04  4.4022E-04  4.6601E-04
       4.7460E-04  4.8224E-04  4.6075E-04  5.0325E-04  4.7269E-04  5.1232E-04  4.9370E-04  5.0277E-04  4.9895E-04  5.0850E-04
       4.8033E-04  4.9465E-04  5.3428E-04  5.1089E-04  5.1805E-04  5.3954E-04  5.5099E-04  5.2473E-04  5.3094E-04  5.2664E-04
       5.4479E-04  5.6962E-04  5.6389E-04  5.5529E-04  5.8871E-04  5.8537E-04  5.7535E-04  5.8537E-04  5.7439E-04  6.0161E-04
       6.1497E-04  6.1116E-04  6.0065E-04  6.0925E-04  6.1784E-04  6.1497E-04  6.0399E-04  6.1259E-04  6.2118E-04  6.5604E-04
       6.2691E-04  6.4458E-04  6.1259E-04  6.2834E-04  6.5747E-04  6.5365E-04  6.5556E-04  6.2548E-04  6.5938E-04  6.5078E-04
       6.4315E-04  6.4219E-04  6.4696E-04  6.5508E-04  6.4744E-04  6.7991E-04  6.6463E-04  6.8468E-04  6.5651E-04  6.4124E-04
       6.6988E-04  6.7800E-04  6.7323E-04  6.7752E-04  6.6606E-04  6.5317E-04  6.9232E-04  6.3455E-04  6.7943E-04  6.6988E-04
       6.5222E-04  6.5699E-04  6.7800E-04  6.7466E-04  6.5842E-04  6.5986E-04  6.5890E-04  6.4792E-04  6.5604E-04  6.5317E-04
       6.5269E-04  6.4267E-04  6.4840E-04  6.5556E-04  6.0017E-04  6.4267E-04  6.2070E-04  6.4410E-04  6.1593E-04  6.2691E-04
       6.1306E-04  6.4076E-04  6.0925E-04  6.1163E-04  6.2023E-04  6.1832E-04  6.1116E-04  6.1450E-04  6.1068E-04  6.1927E-04
       5.8394E-04  5.8967E-04  6.1450E-04  6.0161E-04  6.0447E-04  5.9349E-04  5.8203E-04  5.8537E-04  6.0877E-04  6.2166E-04
       5.9158E-04  5.9444E-04  6.2166E-04  6.0781E-04  6.6129E-04  6.2691E-04  6.7036E-04  7.0426E-04  7.3386E-04  7.2527E-04
       7.6920E-04  8.2124E-04  8.4082E-04  8.8188E-04  8.8808E-04  9.5159E-04  1.0184E-03  1.0838E-03  1.1540E-03  1.2209E-03
       1.3035E-03  1.3512E-03  1.4505E-03  1.5193E-03  1.6410E-03  1.7399E-03  1.8277E-03  2.0168E-03  2.1486E-03  2.3033E-03
       2.4728E-03  2.6939E-03  2.8338E-03  3.1794E-03  3.4812E-03  3.7944E-03  4.1840E-03  4.7393E-03  5.3371E-03  6.1092E-03
       7.1615E-03  8.5223E-03  1.0274E-02  1.3096E-02  1.7215E-02  2.3296E-02  3.2878E-02  4.7044E-02  6.7554E-02  9.6249E-02
       1.3568E-01  1.8565E-01  2.4770E-01  3.1983E-01  3.9722E-01  4.7446E-01  5.4373E-01  5.9677E-01  6.2810E-01  6.2999E-01
       6.0385E-01  5.5000E-01  4.7633E-01  3.9269E-01  3.0716E-01  2.2797E-01  1.5971E-01  1.0614E-01  6.6410E-02  3.9252E-02
       2.1775E-02  1.1379E-02  5.6264E-03  2.6050E-03  1.1192E-03  4.6028E-04  1.7189E-04  6.3503E-05  1.8144E-05  6.2070E-06
       1.4324E-06  9.5493E-07  0.0000E+00  0.0000E+00  0.0000E+00  0.0000E+00  0.0000E+00  0.0000E+00  0.0000E+00  0.0000E+00
       0.0000E+00  0.0000E+00  0.0000E+00  0.0000E+00  0.0000E+00  0.0000E+00  0.0000E+00  0.0000E+00  0.0000E+00  0.0000E+00
       0.0000E+00  0.0000E+00  0.0000E+00  0.0000E+00  0.0000E+00  0.0000E+00  0.0000E+00  0.0000E+00  0.0000E+00  0.0000E+00
       0.0000E+00  0.0000E+00  0.0000E+00  0.0000E+00  0.0000E+00  0.0000E+00  0.0000E+00  0.0000E+00  0.0000E+00  4.7746E-07
       0.0000E+00  0.0000E+00  0.0000E+00  0.0000E+00  0.0000E+00  0.0000E+00  0.0000E+00  0.0000E+00  0.0000E+00  0.0000E+00
       0.0000E+00  0.0000E+00  0.0000E+00  0.0000E+00  0.0000E+00  0.0000E+00  0.0000E+00  0.0000E+00  0.0000E+00  0.0000E+00
       0.0000E+00  0.0000E+00  0.0000E+00  0.0000E+00  0.0000E+00  0.0000E+00  0.0000E+00  0.0000E+00  0.0000E+00  0.0000E+00
       0.0000E+00  0.0000E+00  0.0000E+00  0.0000E+00  0.0000E+00  0.0000E+00  0.0000E+00  0.0000E+00  0.0000E+00  0.0000E+00
       0.0000E+00  0.0000E+00  0.0000E+00  0.0000E+00  0.0000E+00  0.0000E+00  0.0000E+00  0.0000E+00  0.0000E+00  0.0000E+00
       0.0000E+00  0.0000E+00  0.0000E+00  0.0000E+00  0.0000E+00  0.0000E+00  0.0000E+00  0.0000E+00  0.0000E+00  0.0000E+00
       0.0000E+00  0.0000E+00  0.0000E+00  0.0000E+00  0.0000E+00  0.0000E+00  0.0000E+00  0.0000E+00  0.0000E+00  0.0000E+00
       0.0000E+00  0.0000E+00  0.0000E+00  0.0000E+00  0.0000E+00  0.0000E+00  0.0000E+00  0.0000E+00  0.0000E+00  0.0000E+00
       0.0000E+00  0.0000E+00  0.0000E+00  0.0000E+00  0.0000E+00  0.0000E+00  0.0000E+00  0.0000E+00  0.0000E+00  0.0000E+00
       0.0000E+00  0.0000E+00  0.0000E+00  0.0000E+00  0.0000E+00  0.0000E+00  0.0000E+00  0.0000E+00  0.0000E+00  0.0000E+00
       0.0000E+00  0.0000E+00  0.0000E+00  0.0000E+00  0.0000E+00  0.0000E+00  0.0000E+00  0.0000E+00  0.0000E+00  0.0000E+00
       0.0000E+00  0.0000E+00  0.0000E+00  0.0000E+00  0.0000E+00  0.0000E+00  0.0000E+00  0.0000E+00  0.0000E+00  0.0000E+00
       0.0000E+00  0.0000E+00  0.0000E+00  0.0000E+00  0.0000E+00  0.0000E+00  0.0000E+00  0.0000E+00  0.0000E+00  0.0000E+00
       0.0000E+00  0.0000E+00  0.0000E+00  0.0000E+00  0.0000E+00  0.0000E+00  0.0000E+00  0.0000E+00  0.0000E+00  0.0000E+00
       0.0000E+00  0.0000E+00  0.0000E+00  0.0000E+00  0.0000E+00  0.0000E+00  0.0000E+00  0.0000E+00  0.0000E+00  0.0000E+00
       0.0000E+00  0.0000E+00  0.0000E+00  0.0000E+00  0.0000E+00  0.0000E+00  0.0000E+00  0.0000E+00  0.0000E+00  0.0000E+00
       0.0000E+00  0.0000E+00  0.0000E+00  0.0000E+00  0.0000E+00  0.0000E+00  0.0000E+00  0.0000E+00  0.0000E+00  0.0000E+00
       0.0000E+00  0.0000E+00  0.0000E+00  0.0000E+00  0.0000E+00  0.0000E+00  0.0000E+00  0.0000E+00  0.0000E+00  0.0000E+00
       0.0000E+00  0.0000E+00  0.0000E+00  0.0000E+00  0.0000E+00  0.0000E+00  0.0000E+00  0.0000E+00  0.0000E+00  0.0000E+00
       0.0000E+00  0.0000E+00  0.0000E+00  0.0000E+00  0.0000E+00  0.0000E+00  0.0000E+00  0.0000E+00  0.0000E+00  0.0000E+00
       0.0000E+00  0.0000E+00  0.0000E+00  0.0000E+00  0.0000E+00  0.0000E+00  0.0000E+00  0.0000E+00  0.0000E+00  0.0000E+00
       0.0000E+00  0.0000E+00  0.0000E+00  0.0000E+00  0.0000E+00  0.0000E+00  0.0000E+00  0.0000E+00  0.0000E+00  0.0000E+00
       0.0000E+00  0.0000E+00  0.0000E+00  0.0000E+00  0.0000E+00  0.0000E+00  0.0000E+00  0.0000E+00  0.0000E+00  0.0000E+00
       0.0000E+00  0.0000E+00  0.0000E+00  0.0000E+00  0.0000E+00  0.0000E+00  0.0000E+00  0.0000E+00  0.0000E+00  0.0000E+00
       0.0000E+00  0.0000E+00  0.0000E+00  0.0000E+00  0.0000E+00  0.0000E+00  0.0000E+00  0.0000E+00  0.0000E+00  0.0000E+00
       0.0000E+00  0.0000E+00  0.0000E+00  0.0000E+00  0.0000E+00  0.0000E+00  0.0000E+00  0.0000E+00  0.0000E+00  0.0000E+00
       0.0000E+00  0.0000E+00  0.0000E+00  0.0000E+00  0.0000E+00  0.0000E+00  0.0000E+00  0.0000E+00  0.0000E+00  0.0000E+00
       0.0000E+00  0.0000E+00  0.0000E+00  0.0000E+00  0.0000E+00  0.0000E+00  0.0000E+00  0.0000E+00  0.0000E+00  0.0000E+00
       0.0000E+00  0.0000E+00  0.0000E+00  0.0000E+00  0.0000E+00  0.0000E+00  0.0000E+00  0.0000E+00  0.0000E+00  0.0000E+00
       0.0000E+00  0.0000E+00  0.0000E+00  0.0000E+00  0.0000E+00  0.0000E+00  0.0000E+00  0.0000E+00  0.0000E+00  0.0000E+00
       0.0000E+00  0.0000E+00  0.0000E+00  0.0000E+00  0.0000E+00  0.0000E+00  0.0000E+00  0.0000E+00  0.0000E+00  0.0000E+00
       0.0000E+00  0.0000E+00  0.0000E+00  0.0000E+00  0.0000E+00  0.0000E+00  0.0000E+00  0.0000E+00  0.0000E+00  0.0000E+00
       0.0000E+00  0.0000E+00  0.0000E+00  0.0000E+00  0.0000E+00  0.0000E+00  0.0000E+00  0.0000E+00  0.0000E+00  0.0000E+00
       0.0000E+00  0.0000E+00  0.0000E+00  0.0000E+00  0.0000E+00  0.0000E+00  0.0000E+00  0.0000E+00  0.0000E+00  0.0000E+00
       0.0000E+00  0.0000E+00  0.0000E+00  0.0000E+00  0.0000E+00  0.0000E+00  0.0000E+00  0.0000E+00  0.0000E+00  0.0000E+00
       0.0000E+00  0.0000E+00  0.0000E+00  0.0000E+00  0.0000E+00  0.0000E+00  0.0000E+00  0.0000E+00  0.0000E+00  0.0000E+00
       0.0000E+00  0.0000E+00  0.0000E+00  0.0000E+00  0.0000E+00  0.0000E+00  0.0000E+00  0.0000E+00  0.0000E+00  0.0000E+00
