
 *****  Protons in Lexan (0.08GeV, 2cm)                                                   *****

           DATE: 12/19/18,  TIME: 16:48:15

          Total number of particles followed       16666666, for a total weight of  1.6667E+07

1

   Bdrx n.   2  "ofluence  " , generalized particle n.    1, from region n.     5 to region n.     4
      detector area:  1.0000E+02 cm**2
      this is a one way only estimator
      this is a fluence like estimator
      linear energy binning from   0.0000E+00 to  1.3000E-01 GeV,   650 bins ( 2.0000E-04 GeV wide)
      linear angular binning from  0.0000E+00 to  6.2832E+00 sr ,     1 bins ( 6.2832E+00 sr wide )
      Data follow in a matrix A(ie,ia), format (1(5x,1p,10(1x,e11.4)))

       4.0546E-05  6.5686E-05  8.8321E-05  1.1971E-04  1.3232E-04  1.2932E-04  1.4967E-04  1.9716E-04  1.8597E-04  2.1939E-04
       2.3347E-04  2.2512E-04  2.4823E-04  2.8553E-04  2.6280E-04  3.2437E-04  3.0364E-04  3.4214E-04  3.3793E-04  3.2124E-04
       3.3687E-04  3.7426E-04  4.0313E-04  3.7590E-04  4.1135E-04  3.8816E-04  4.2175E-04  4.2472E-04  4.4600E-04  4.1898E-04
       4.4603E-04  4.2548E-04  4.6539E-04  4.8081E-04  5.2273E-04  5.1084E-04  4.9113E-04  5.1189E-04  5.4629E-04  5.5527E-04
       5.0226E-04  5.5000E-04  5.4501E-04  5.7370E-04  6.2900E-04  5.6618E-04  6.1114E-04  6.3006E-04  6.0521E-04  6.1478E-04
       6.3606E-04  6.5529E-04  6.3050E-04  6.6863E-04  6.2786E-04  7.1091E-04  6.5027E-04  6.8039E-04  6.5891E-04  6.7170E-04
       6.2836E-04  6.4891E-04  6.9575E-04  6.8494E-04  6.6736E-04  6.9730E-04  7.2054E-04  6.7549E-04  7.0035E-04  6.7983E-04
       7.1335E-04  7.3111E-04  7.3036E-04  7.1737E-04  7.5755E-04  7.5620E-04  7.5532E-04  7.5124E-04  7.4115E-04  7.7414E-04
       7.8402E-04  7.8330E-04  7.6119E-04  7.8004E-04  8.0141E-04  7.8149E-04  7.6959E-04  7.7427E-04  7.7447E-04  8.3572E-04
       8.1367E-04  8.7209E-04  7.8184E-04  7.8907E-04  8.2611E-04  8.2516E-04  8.2208E-04  7.7810E-04  8.0875E-04  8.4084E-04
       7.9808E-04  7.9063E-04  8.0473E-04  8.2334E-04  8.0649E-04  8.3458E-04  8.2634E-04  8.5645E-04  8.1636E-04  7.9214E-04
       8.2331E-04  8.3990E-04  8.4836E-04  8.4483E-04  8.1497E-04  8.1023E-04  8.5273E-04  7.7476E-04  8.2942E-04  8.2086E-04
       8.0253E-04  7.9813E-04  8.4570E-04  8.1866E-04  8.1727E-04  8.0836E-04  8.1109E-04  7.9847E-04  8.2412E-04  8.2200E-04
       8.1445E-04  7.9672E-04  7.8729E-04  8.0631E-04  7.2434E-04  8.1354E-04  7.6832E-04  8.2047E-04  7.6377E-04  7.7946E-04
       7.6061E-04  7.8801E-04  7.5829E-04  7.3385E-04  7.6040E-04  7.6990E-04  7.8021E-04  7.5640E-04  7.4443E-04  7.7264E-04
       7.2941E-04  7.3949E-04  7.6102E-04  7.4144E-04  7.5822E-04  7.3469E-04  7.2431E-04  7.2799E-04  7.7578E-04  7.7646E-04
       7.3442E-04  7.4306E-04  7.7821E-04  7.5849E-04  8.2205E-04  7.9964E-04  8.3074E-04  8.8980E-04  9.1653E-04  9.1629E-04
       9.5276E-04  1.0115E-03  1.0329E-03  1.0818E-03  1.0752E-03  1.1971E-03  1.2343E-03  1.3088E-03  1.3834E-03  1.4668E-03
       1.5789E-03  1.5930E-03  1.7172E-03  1.8029E-03  1.9350E-03  2.0302E-03  2.1518E-03  2.3301E-03  2.4889E-03  2.6551E-03
       2.8286E-03  3.0913E-03  3.2239E-03  3.5894E-03  3.9296E-03  4.2661E-03  4.6715E-03  5.2669E-03  5.8928E-03  6.7148E-03
       7.8114E-03  9.2280E-03  1.1002E-02  1.3899E-02  1.8084E-02  2.4220E-02  3.3892E-02  4.8134E-02  6.8734E-02  9.7516E-02
       1.3704E-01  1.8709E-01  2.4924E-01  3.2142E-01  3.9885E-01  4.7612E-01  5.4537E-01  5.9836E-01  6.2959E-01  6.3134E-01
       6.0503E-01  5.5101E-01  4.7714E-01  3.9332E-01  3.0763E-01  2.2830E-01  1.5993E-01  1.0628E-01  6.6496E-02  3.9301E-02
       2.1802E-02  1.1393E-02  5.6330E-03  2.6078E-03  1.1204E-03  4.6075E-04  1.7209E-04  6.3560E-05  1.8162E-05  6.2124E-06
       1.4329E-06  9.5533E-07  0.0000E+00  0.0000E+00  0.0000E+00  0.0000E+00  0.0000E+00  0.0000E+00  0.0000E+00  0.0000E+00
       0.0000E+00  0.0000E+00  0.0000E+00  0.0000E+00  0.0000E+00  0.0000E+00  0.0000E+00  0.0000E+00  0.0000E+00  0.0000E+00
       0.0000E+00  0.0000E+00  0.0000E+00  0.0000E+00  0.0000E+00  0.0000E+00  0.0000E+00  0.0000E+00  0.0000E+00  0.0000E+00
       0.0000E+00  0.0000E+00  0.0000E+00  0.0000E+00  0.0000E+00  0.0000E+00  0.0000E+00  0.0000E+00  0.0000E+00  5.3456E-07
       0.0000E+00  0.0000E+00  0.0000E+00  0.0000E+00  0.0000E+00  0.0000E+00  0.0000E+00  0.0000E+00  0.0000E+00  0.0000E+00
       0.0000E+00  0.0000E+00  0.0000E+00  0.0000E+00  0.0000E+00  0.0000E+00  0.0000E+00  0.0000E+00  0.0000E+00  0.0000E+00
       0.0000E+00  0.0000E+00  0.0000E+00  0.0000E+00  0.0000E+00  0.0000E+00  0.0000E+00  0.0000E+00  0.0000E+00  0.0000E+00
       0.0000E+00  0.0000E+00  0.0000E+00  0.0000E+00  0.0000E+00  0.0000E+00  0.0000E+00  0.0000E+00  0.0000E+00  0.0000E+00
       0.0000E+00  0.0000E+00  0.0000E+00  0.0000E+00  0.0000E+00  0.0000E+00  0.0000E+00  0.0000E+00  0.0000E+00  0.0000E+00
       0.0000E+00  0.0000E+00  0.0000E+00  0.0000E+00  0.0000E+00  0.0000E+00  0.0000E+00  0.0000E+00  0.0000E+00  0.0000E+00
       0.0000E+00  0.0000E+00  0.0000E+00  0.0000E+00  0.0000E+00  0.0000E+00  0.0000E+00  0.0000E+00  0.0000E+00  0.0000E+00
       0.0000E+00  0.0000E+00  0.0000E+00  0.0000E+00  0.0000E+00  0.0000E+00  0.0000E+00  0.0000E+00  0.0000E+00  0.0000E+00
       0.0000E+00  0.0000E+00  0.0000E+00  0.0000E+00  0.0000E+00  0.0000E+00  0.0000E+00  0.0000E+00  0.0000E+00  0.0000E+00
       0.0000E+00  0.0000E+00  0.0000E+00  0.0000E+00  0.0000E+00  0.0000E+00  0.0000E+00  0.0000E+00  0.0000E+00  0.0000E+00
       0.0000E+00  0.0000E+00  0.0000E+00  0.0000E+00  0.0000E+00  0.0000E+00  0.0000E+00  0.0000E+00  0.0000E+00  0.0000E+00
       0.0000E+00  0.0000E+00  0.0000E+00  0.0000E+00  0.0000E+00  0.0000E+00  0.0000E+00  0.0000E+00  0.0000E+00  0.0000E+00
       0.0000E+00  0.0000E+00  0.0000E+00  0.0000E+00  0.0000E+00  0.0000E+00  0.0000E+00  0.0000E+00  0.0000E+00  0.0000E+00
       0.0000E+00  0.0000E+00  0.0000E+00  0.0000E+00  0.0000E+00  0.0000E+00  0.0000E+00  0.0000E+00  0.0000E+00  0.0000E+00
       0.0000E+00  0.0000E+00  0.0000E+00  0.0000E+00  0.0000E+00  0.0000E+00  0.0000E+00  0.0000E+00  0.0000E+00  0.0000E+00
       0.0000E+00  0.0000E+00  0.0000E+00  0.0000E+00  0.0000E+00  0.0000E+00  0.0000E+00  0.0000E+00  0.0000E+00  0.0000E+00
       0.0000E+00  0.0000E+00  0.0000E+00  0.0000E+00  0.0000E+00  0.0000E+00  0.0000E+00  0.0000E+00  0.0000E+00  0.0000E+00
       0.0000E+00  0.0000E+00  0.0000E+00  0.0000E+00  0.0000E+00  0.0000E+00  0.0000E+00  0.0000E+00  0.0000E+00  0.0000E+00
       0.0000E+00  0.0000E+00  0.0000E+00  0.0000E+00  0.0000E+00  0.0000E+00  0.0000E+00  0.0000E+00  0.0000E+00  0.0000E+00
       0.0000E+00  0.0000E+00  0.0000E+00  0.0000E+00  0.0000E+00  0.0000E+00  0.0000E+00  0.0000E+00  0.0000E+00  0.0000E+00
       0.0000E+00  0.0000E+00  0.0000E+00  0.0000E+00  0.0000E+00  0.0000E+00  0.0000E+00  0.0000E+00  0.0000E+00  0.0000E+00
       0.0000E+00  0.0000E+00  0.0000E+00  0.0000E+00  0.0000E+00  0.0000E+00  0.0000E+00  0.0000E+00  0.0000E+00  0.0000E+00
       0.0000E+00  0.0000E+00  0.0000E+00  0.0000E+00  0.0000E+00  0.0000E+00  0.0000E+00  0.0000E+00  0.0000E+00  0.0000E+00
       0.0000E+00  0.0000E+00  0.0000E+00  0.0000E+00  0.0000E+00  0.0000E+00  0.0000E+00  0.0000E+00  0.0000E+00  0.0000E+00
       0.0000E+00  0.0000E+00  0.0000E+00  0.0000E+00  0.0000E+00  0.0000E+00  0.0000E+00  0.0000E+00  0.0000E+00  0.0000E+00
       0.0000E+00  0.0000E+00  0.0000E+00  0.0000E+00  0.0000E+00  0.0000E+00  0.0000E+00  0.0000E+00  0.0000E+00  0.0000E+00
       0.0000E+00  0.0000E+00  0.0000E+00  0.0000E+00  0.0000E+00  0.0000E+00  0.0000E+00  0.0000E+00  0.0000E+00  0.0000E+00
       0.0000E+00  0.0000E+00  0.0000E+00  0.0000E+00  0.0000E+00  0.0000E+00  0.0000E+00  0.0000E+00  0.0000E+00  0.0000E+00
       0.0000E+00  0.0000E+00  0.0000E+00  0.0000E+00  0.0000E+00  0.0000E+00  0.0000E+00  0.0000E+00  0.0000E+00  0.0000E+00
       0.0000E+00  0.0000E+00  0.0000E+00  0.0000E+00  0.0000E+00  0.0000E+00  0.0000E+00  0.0000E+00  0.0000E+00  0.0000E+00
       0.0000E+00  0.0000E+00  0.0000E+00  0.0000E+00  0.0000E+00  0.0000E+00  0.0000E+00  0.0000E+00  0.0000E+00  0.0000E+00
       0.0000E+00  0.0000E+00  0.0000E+00  0.0000E+00  0.0000E+00  0.0000E+00  0.0000E+00  0.0000E+00  0.0000E+00  0.0000E+00
       0.0000E+00  0.0000E+00  0.0000E+00  0.0000E+00  0.0000E+00  0.0000E+00  0.0000E+00  0.0000E+00  0.0000E+00  0.0000E+00
       0.0000E+00  0.0000E+00  0.0000E+00  0.0000E+00  0.0000E+00  0.0000E+00  0.0000E+00  0.0000E+00  0.0000E+00  0.0000E+00
       0.0000E+00  0.0000E+00  0.0000E+00  0.0000E+00  0.0000E+00  0.0000E+00  0.0000E+00  0.0000E+00  0.0000E+00  0.0000E+00
       0.0000E+00  0.0000E+00  0.0000E+00  0.0000E+00  0.0000E+00  0.0000E+00  0.0000E+00  0.0000E+00  0.0000E+00  0.0000E+00
       0.0000E+00  0.0000E+00  0.0000E+00  0.0000E+00  0.0000E+00  0.0000E+00  0.0000E+00  0.0000E+00  0.0000E+00  0.0000E+00
1

   Bdrx n.   6  "ofluence  " , generalized particle n.    1, from region n.     5 to region n.     4
      detector area:  1.0000E+02 cm**2
      this is a one way only estimator
      this is a fluence like estimator
      linear energy binning from   0.0000E+00 to  3.0000E+02 GeV,     1 bins ( 3.0000E+02 GeV wide)
      linear angular binning from  0.0000E+00 to  6.2832E+00 sr ,     1 bins ( 6.2832E+00 sr wide )
      Data follow in a matrix A(ie,ia), format (1(5x,1p,10(1x,e11.4)))

       5.1145E-06
