
 *****  Protons in Lexan (0.20GeV, 1.0cm)                                                 *****

           DATE: 12/13/18,  TIME:  7:24: 3

          Total number of particles followed        1000000, for a total weight of  1.0000E+06

1

   Res. nuclei n.   1  "Ian       " ,  all         products, region n.     5
      detector volume:  1.0000E+00 cm**3
      Max. Z:  10, Max. N-Z:  11 Min. N-Z: -4
      Data follow in a matrix A(z,n-z-k), k: -5 format (1(5x,1p,10(1x,e11.4)))

       0.0000E+00  0.0000E+00  0.0000E+00  0.0000E+00  0.0000E+00  0.0000E+00  0.0000E+00  0.0000E+00  0.0000E+00  0.0000E+00
       0.0000E+00  0.0000E+00  0.0000E+00  0.0000E+00  0.0000E+00  6.4000E-05  0.0000E+00  2.5000E-05  0.0000E+00  0.0000E+00
       0.0000E+00  0.0000E+00  0.0000E+00  0.0000E+00  5.1700E-04  9.8900E-04  2.0900E-04  1.4170E-03  0.0000E+00  0.0000E+00
       4.3865E+00  1.4101E-02  0.0000E+00  4.5090E-03  0.0000E+00  1.2933E-02  2.6250E-03  4.5971E-02  5.0000E-06  0.0000E+00
       3.0418E+00  1.9697E-01  1.1440E-02  0.0000E+00  7.3950E-03  4.7545E-02  2.2848E-02  6.8813E-02  1.5000E-05  1.1000E-05
       7.0705E-03  0.0000E+00  3.8640E-03  2.2027E-03  1.0805E-02  1.1570E-02  3.4455E-02  7.1704E-05  1.0000E-06  0.0000E+00
       0.0000E+00  2.2800E-04  4.4300E-04  1.1220E-03  3.7400E-04  2.9120E-03  2.6021E-04  1.0200E-04  0.0000E+00  0.0000E+00
       0.0000E+00  0.0000E+00  4.6000E-05  1.2000E-05  7.1000E-05  3.0000E-06  3.1000E-05  0.0000E+00  0.0000E+00  0.0000E+00
       0.0000E+00  0.0000E+00  0.0000E+00  0.0000E+00  0.0000E+00  1.0000E-06  0.0000E+00  0.0000E+00  0.0000E+00  0.0000E+00
       0.0000E+00  0.0000E+00  0.0000E+00  0.0000E+00  0.0000E+00  0.0000E+00  0.0000E+00  0.0000E+00  0.0000E+00  0.0000E+00
       0.0000E+00  0.0000E+00  0.0000E+00  0.0000E+00  0.0000E+00  0.0000E+00  0.0000E+00  0.0000E+00  0.0000E+00  0.0000E+00
       0.0000E+00  0.0000E+00  0.0000E+00  0.0000E+00  0.0000E+00  0.0000E+00  0.0000E+00  0.0000E+00  0.0000E+00  0.0000E+00
       0.0000E+00  0.0000E+00  0.0000E+00  0.0000E+00  0.0000E+00  0.0000E+00  0.0000E+00  0.0000E+00  0.0000E+00  0.0000E+00
       0.0000E+00  0.0000E+00  0.0000E+00  0.0000E+00  0.0000E+00  0.0000E+00  0.0000E+00  0.0000E+00  0.0000E+00  0.0000E+00
       0.0000E+00  0.0000E+00  0.0000E+00  0.0000E+00  0.0000E+00  0.0000E+00  0.0000E+00  0.0000E+00  0.0000E+00  0.0000E+00
       0.0000E+00  0.0000E+00  0.0000E+00  0.0000E+00  0.0000E+00  0.0000E+00  0.0000E+00  0.0000E+00  0.0000E+00  0.0000E+00
