
 *****  Protons in Lexan (0.23GeV, 0cm)                                                   *****

           DATE: 12/18/18,  TIME:  2:46:50

          Total number of particles followed       50000000, for a total weight of  5.0000E+07

1

   Res. nuclei n.   1  "Ian       " ,  all         products, region n.     5
      detector volume:  1.0000E+00 cm**3
      Max. Z:  10, Max. N-Z:  11 Min. N-Z: -4
      Data follow in a matrix A(z,n-z-k), k: -5 format (1(5x,1p,10(1x,e11.4)))

       0.0000E+00  0.0000E+00  0.0000E+00  0.0000E+00  0.0000E+00  0.0000E+00  0.0000E+00  0.0000E+00  0.0000E+00  0.0000E+00
       0.0000E+00  0.0000E+00  0.0000E+00  0.0000E+00  0.0000E+00  7.2000E-06  0.0000E+00  3.6000E-07  0.0000E+00  0.0000E+00
       0.0000E+00  0.0000E+00  0.0000E+00  0.0000E+00  5.3040E-05  1.0738E-04  1.1560E-05  2.6240E-05  0.0000E+00  0.0000E+00
       8.8412E-03  1.4046E-03  0.0000E+00  6.7700E-04  0.0000E+00  2.0431E-03  2.9540E-05  4.8983E-04  0.0000E+00  0.0000E+00
       2.3090E-03  1.0998E-02  9.1012E-04  0.0000E+00  7.3392E-04  2.2346E-03  2.4110E-04  2.6669E-04  4.0000E-08  1.0000E-07
       7.5130E-04  0.0000E+00  5.2742E-04  1.4738E-04  1.3760E-03  1.2322E-04  3.3857E-04  3.8250E-07  2.0000E-08  0.0000E+00
       0.0000E+00  3.3180E-05  4.2800E-05  9.7100E-05  1.4354E-05  3.4840E-05  5.1060E-07  3.8000E-07  0.0000E+00  0.0000E+00
       0.0000E+00  0.0000E+00  3.6600E-06  3.4000E-07  8.6000E-07  4.0000E-08  3.4000E-07  0.0000E+00  0.0000E+00  0.0000E+00
       0.0000E+00  1.0000E-07  0.0000E+00  4.0000E-08  0.0000E+00  0.0000E+00  0.0000E+00  0.0000E+00  0.0000E+00  0.0000E+00
       0.0000E+00  0.0000E+00  0.0000E+00  0.0000E+00  0.0000E+00  0.0000E+00  0.0000E+00  0.0000E+00  0.0000E+00  0.0000E+00
       0.0000E+00  0.0000E+00  0.0000E+00  0.0000E+00  0.0000E+00  0.0000E+00  0.0000E+00  0.0000E+00  0.0000E+00  0.0000E+00
       0.0000E+00  0.0000E+00  0.0000E+00  0.0000E+00  0.0000E+00  0.0000E+00  0.0000E+00  0.0000E+00  0.0000E+00  0.0000E+00
       0.0000E+00  0.0000E+00  0.0000E+00  0.0000E+00  0.0000E+00  0.0000E+00  0.0000E+00  0.0000E+00  0.0000E+00  0.0000E+00
       0.0000E+00  0.0000E+00  0.0000E+00  0.0000E+00  0.0000E+00  0.0000E+00  0.0000E+00  0.0000E+00  0.0000E+00  0.0000E+00
       0.0000E+00  0.0000E+00  0.0000E+00  0.0000E+00  0.0000E+00  0.0000E+00  0.0000E+00  0.0000E+00  0.0000E+00  0.0000E+00
       0.0000E+00  0.0000E+00  0.0000E+00  0.0000E+00  0.0000E+00  0.0000E+00  0.0000E+00  0.0000E+00  0.0000E+00  0.0000E+00
