
 *****  Protons in Lexan (0.23GeV, 0cm)                                                   *****

           DATE: 12/18/18,  TIME:  2:46:50

          Total number of particles followed       50000000, for a total weight of  5.0000E+07

1

   Bdrx n.   4  "ocurrent  " , generalized particle n.    1, from region n.     5 to region n.     4
      detector area:  1.0000E+02 cm**2
      this is a one way only estimator
      this is a current like estimator
      linear energy binning from   1.5000E-01 to  2.8000E-01 GeV,   650 bins ( 2.0000E-04 GeV wide)
      linear angular binning from  0.0000E+00 to  6.2832E+00 sr ,     1 bins ( 6.2832E+00 sr wide )
      Data follow in a matrix A(ie,ia), format (1(5x,1p,10(1x,e11.4)))

       1.1555E-04  1.1523E-04  1.1984E-04  1.1252E-04  1.1061E-04  1.0966E-04  1.0854E-04  1.0854E-04  1.1284E-04  1.2016E-04
       1.1427E-04  1.0902E-04  1.0202E-04  1.1857E-04  1.1252E-04  1.0870E-04  1.1746E-04  1.1077E-04  1.1380E-04  1.0520E-04
       1.0950E-04  1.1173E-04  1.1395E-04  1.1157E-04  1.0297E-04  1.1029E-04  1.0950E-04  1.1364E-04  1.0695E-04  1.1380E-04
       1.0807E-04  1.1045E-04  1.0488E-04  1.1650E-04  1.1220E-04  1.1093E-04  1.1427E-04  1.0711E-04  1.1459E-04  1.1284E-04
       1.0695E-04  1.0918E-04  1.1268E-04  1.0902E-04  1.0870E-04  1.0679E-04  1.0695E-04  1.0520E-04  1.0791E-04  1.1411E-04
       1.1061E-04  1.0823E-04  1.0647E-04  1.0456E-04  1.1507E-04  1.1173E-04  1.0791E-04  1.1348E-04  1.2016E-04  1.1618E-04
       1.1284E-04  1.1793E-04  1.0775E-04  1.1427E-04  1.1093E-04  1.1045E-04  1.0361E-04  1.0838E-04  1.1045E-04  1.0870E-04
       1.1411E-04  1.0425E-04  1.1348E-04  1.1268E-04  1.0854E-04  1.1061E-04  1.0918E-04  1.1284E-04  1.1141E-04  1.1173E-04
       1.0870E-04  1.1491E-04  1.1475E-04  1.1602E-04  1.0663E-04  1.1045E-04  1.0647E-04  1.1380E-04  1.0823E-04  1.1555E-04
       1.0966E-04  1.0950E-04  1.1332E-04  1.0807E-04  1.1284E-04  1.0488E-04  1.0679E-04  1.1029E-04  1.0504E-04  1.0504E-04
       1.0998E-04  1.1109E-04  1.1571E-04  1.1205E-04  1.1300E-04  1.0616E-04  1.0663E-04  9.8835E-05  1.0918E-04  1.1093E-04
       1.1411E-04  1.1093E-04  1.1077E-04  1.1125E-04  1.0934E-04  1.1539E-04  1.0950E-04  1.1284E-04  1.0998E-04  1.0870E-04
       1.1682E-04  1.0663E-04  1.1061E-04  1.0886E-04  1.0616E-04  1.0377E-04  1.1077E-04  1.0934E-04  1.1029E-04  1.1141E-04
       1.0568E-04  1.0632E-04  1.1141E-04  1.0377E-04  1.0616E-04  1.0775E-04  1.1284E-04  1.0759E-04  1.1014E-04  1.1762E-04
       1.1014E-04  1.0854E-04  1.0902E-04  1.1029E-04  1.1650E-04  1.1205E-04  1.1029E-04  1.1714E-04  1.0536E-04  1.1316E-04
       1.1029E-04  1.0727E-04  1.1014E-04  1.0982E-04  1.1841E-04  1.0759E-04  1.0791E-04  1.1045E-04  1.1189E-04  1.1427E-04
       1.1141E-04  1.1348E-04  1.0377E-04  1.1284E-04  1.0791E-04  1.1793E-04  1.1666E-04  1.1809E-04  1.1093E-04  1.1507E-04
       1.1714E-04  1.1093E-04  1.0838E-04  1.1045E-04  1.0838E-04  1.0870E-04  1.1173E-04  1.1014E-04  1.0552E-04  1.0504E-04
       1.0759E-04  1.0759E-04  1.1714E-04  1.0568E-04  1.0807E-04  1.0361E-04  1.1634E-04  1.0854E-04  1.1077E-04  1.0552E-04
       1.0584E-04  1.0616E-04  1.1189E-04  1.0663E-04  1.0711E-04  1.0584E-04  1.1014E-04  1.0679E-04  1.1077E-04  1.0456E-04
       1.0823E-04  9.9154E-05  1.0393E-04  1.0584E-04  1.0488E-04  1.0791E-04  1.1045E-04  1.1125E-04  1.0854E-04  1.0870E-04
       1.0838E-04  1.0250E-04  9.9313E-05  1.0281E-04  1.0234E-04  1.0632E-04  1.0043E-04  9.6766E-05  1.0313E-04  1.0122E-04
       1.0520E-04  9.2310E-05  1.0090E-04  1.0313E-04  9.8358E-05  1.0186E-04  9.6289E-05  1.0441E-04  9.6607E-05  1.0075E-04
       9.6607E-05  9.6130E-05  8.9763E-05  9.3424E-05  9.4379E-05  9.5811E-05  9.7721E-05  9.4538E-05  8.7694E-05  9.1673E-05
       9.2151E-05  8.5148E-05  9.5334E-05  8.7217E-05  9.0559E-05  8.6899E-05  8.6580E-05  9.2469E-05  8.8808E-05  8.5785E-05
       9.1992E-05  8.2124E-05  8.3079E-05  8.9445E-05  9.0082E-05  8.7854E-05  8.0373E-05  8.6899E-05  8.3397E-05  8.5785E-05
       9.1355E-05  9.2946E-05  8.2442E-05  8.5785E-05  8.5148E-05  8.0692E-05  8.4511E-05  8.3079E-05  8.1328E-05  8.8490E-05
       8.1965E-05  8.3397E-05  8.2761E-05  8.0851E-05  8.1487E-05  8.4352E-05  8.2124E-05  7.7668E-05  7.9577E-05  8.6421E-05
       7.3530E-05  8.0692E-05  7.9896E-05  7.6394E-05  7.4644E-05  8.1965E-05  7.3370E-05  7.0187E-05  8.0692E-05  7.3370E-05
       7.2256E-05  7.0824E-05  7.8145E-05  7.5280E-05  7.3689E-05  6.4935E-05  7.2734E-05  6.9392E-05  6.9710E-05  6.7004E-05
       6.3025E-05  6.7482E-05  6.4139E-05  6.1593E-05  6.6368E-05  6.9073E-05  6.6368E-05  6.2548E-05  6.0161E-05  5.7932E-05
       5.6341E-05  5.8251E-05  5.6182E-05  5.8569E-05  5.2680E-05  4.9020E-05  5.4431E-05  4.9020E-05  4.1221E-05  4.4404E-05
       3.9470E-05  3.7242E-05  3.9948E-05  3.7561E-05  3.5014E-05  3.5492E-05  3.4218E-05  3.2149E-05  2.8807E-05  2.7534E-05
       3.0080E-05  3.6287E-05  2.9444E-05  3.4059E-05  3.1831E-05  3.2627E-05  3.2786E-05  3.8197E-05  3.6606E-05  3.6606E-05
       3.8993E-05  4.1380E-05  4.3608E-05  4.4404E-05  4.5518E-05  4.8861E-05  5.0611E-05  5.3794E-05  5.9206E-05  5.7455E-05
       6.3185E-05  6.5731E-05  7.4007E-05  8.8808E-05  1.3449E-04  2.0674E-04  3.5905E-04  6.8341E-04  1.2997E-03  2.4795E-03
       4.5690E-03  8.0795E-03  1.4031E-02  2.3389E-02  3.8019E-02  5.9167E-02  8.9203E-02  1.2940E-01  1.8008E-01  2.4172E-01
       3.1191E-01  3.8797E-01  4.6313E-01  5.3220E-01  5.8641E-01  6.2070E-01  6.3172E-01  6.1701E-01  5.7815E-01  5.1981E-01
       4.4850E-01  3.7096E-01  2.9454E-01  2.2409E-01  1.6323E-01  1.1438E-01  7.6604E-02  4.9298E-02  3.0196E-02  1.7892E-02
       1.0057E-02  5.4406E-03  2.8529E-03  1.3883E-03  6.6702E-04  3.0064E-04  1.3576E-04  5.1725E-05  2.1008E-05  7.9577E-06
       3.5014E-06  9.5493E-07  0.0000E+00  0.0000E+00  0.0000E+00  1.5915E-07  0.0000E+00  0.0000E+00  0.0000E+00  0.0000E+00
       0.0000E+00  0.0000E+00  0.0000E+00  0.0000E+00  0.0000E+00  0.0000E+00  0.0000E+00  0.0000E+00  0.0000E+00  0.0000E+00
       0.0000E+00  0.0000E+00  0.0000E+00  0.0000E+00  0.0000E+00  0.0000E+00  0.0000E+00  0.0000E+00  0.0000E+00  0.0000E+00
       0.0000E+00  0.0000E+00  0.0000E+00  0.0000E+00  0.0000E+00  0.0000E+00  0.0000E+00  0.0000E+00  0.0000E+00  0.0000E+00
       0.0000E+00  0.0000E+00  0.0000E+00  0.0000E+00  0.0000E+00  0.0000E+00  0.0000E+00  0.0000E+00  0.0000E+00  0.0000E+00
       0.0000E+00  0.0000E+00  0.0000E+00  0.0000E+00  0.0000E+00  0.0000E+00  0.0000E+00  0.0000E+00  0.0000E+00  0.0000E+00
       0.0000E+00  0.0000E+00  0.0000E+00  0.0000E+00  0.0000E+00  0.0000E+00  0.0000E+00  0.0000E+00  0.0000E+00  0.0000E+00
       0.0000E+00  0.0000E+00  0.0000E+00  0.0000E+00  0.0000E+00  0.0000E+00  0.0000E+00  0.0000E+00  0.0000E+00  0.0000E+00
       0.0000E+00  0.0000E+00  0.0000E+00  0.0000E+00  0.0000E+00  0.0000E+00  0.0000E+00  0.0000E+00  0.0000E+00  0.0000E+00
       0.0000E+00  0.0000E+00  0.0000E+00  0.0000E+00  0.0000E+00  0.0000E+00  0.0000E+00  0.0000E+00  0.0000E+00  0.0000E+00
       0.0000E+00  0.0000E+00  0.0000E+00  0.0000E+00  0.0000E+00  0.0000E+00  0.0000E+00  0.0000E+00  0.0000E+00  0.0000E+00
       0.0000E+00  0.0000E+00  0.0000E+00  0.0000E+00  0.0000E+00  0.0000E+00  0.0000E+00  0.0000E+00  0.0000E+00  0.0000E+00
       0.0000E+00  0.0000E+00  0.0000E+00  0.0000E+00  0.0000E+00  0.0000E+00  0.0000E+00  0.0000E+00  0.0000E+00  0.0000E+00
       0.0000E+00  0.0000E+00  0.0000E+00  0.0000E+00  0.0000E+00  0.0000E+00  0.0000E+00  0.0000E+00  0.0000E+00  0.0000E+00
       0.0000E+00  0.0000E+00  0.0000E+00  0.0000E+00  0.0000E+00  0.0000E+00  0.0000E+00  0.0000E+00  0.0000E+00  0.0000E+00
       0.0000E+00  0.0000E+00  0.0000E+00  0.0000E+00  0.0000E+00  0.0000E+00  0.0000E+00  0.0000E+00  0.0000E+00  0.0000E+00
       0.0000E+00  0.0000E+00  0.0000E+00  0.0000E+00  0.0000E+00  0.0000E+00  0.0000E+00  0.0000E+00  0.0000E+00  0.0000E+00
       0.0000E+00  0.0000E+00  0.0000E+00  0.0000E+00  0.0000E+00  0.0000E+00  0.0000E+00  0.0000E+00  0.0000E+00  0.0000E+00
       0.0000E+00  0.0000E+00  0.0000E+00  0.0000E+00  0.0000E+00  0.0000E+00  0.0000E+00  0.0000E+00  0.0000E+00  0.0000E+00
       0.0000E+00  0.0000E+00  0.0000E+00  0.0000E+00  0.0000E+00  0.0000E+00  0.0000E+00  0.0000E+00  0.0000E+00  0.0000E+00
       0.0000E+00  0.0000E+00  0.0000E+00  0.0000E+00  0.0000E+00  0.0000E+00  0.0000E+00  0.0000E+00  0.0000E+00  0.0000E+00
       0.0000E+00  0.0000E+00  0.0000E+00  0.0000E+00  0.0000E+00  0.0000E+00  0.0000E+00  0.0000E+00  0.0000E+00  0.0000E+00
       0.0000E+00  0.0000E+00  0.0000E+00  0.0000E+00  0.0000E+00  0.0000E+00  0.0000E+00  0.0000E+00  0.0000E+00  0.0000E+00
       0.0000E+00  0.0000E+00  0.0000E+00  0.0000E+00  0.0000E+00  0.0000E+00  0.0000E+00  0.0000E+00  0.0000E+00  0.0000E+00
       0.0000E+00  0.0000E+00  0.0000E+00  0.0000E+00  0.0000E+00  0.0000E+00  0.0000E+00  0.0000E+00  0.0000E+00  0.0000E+00
