
 *****  Protons in Lexan (0.23GeV, 0cm)                                                   *****

           DATE: 12/18/18,  TIME:  2:46:50

          Total number of particles followed       50000000, for a total weight of  5.0000E+07

1

   Bdrx n.   2  "ofluence  " , generalized particle n.    1, from region n.     5 to region n.     4
      detector area:  1.0000E+02 cm**2
      this is a one way only estimator
      this is a fluence like estimator
      linear energy binning from   1.5000E-01 to  2.8000E-01 GeV,   650 bins ( 2.0000E-04 GeV wide)
      linear angular binning from  0.0000E+00 to  6.2832E+00 sr ,     1 bins ( 6.2832E+00 sr wide )
      Data follow in a matrix A(ie,ia), format (1(5x,1p,10(1x,e11.4)))

       1.4177E-04  1.4307E-04  1.4950E-04  1.3938E-04  1.3842E-04  1.3733E-04  1.3491E-04  1.3519E-04  1.3898E-04  1.4694E-04
       1.4019E-04  1.3256E-04  1.2697E-04  1.4548E-04  1.3817E-04  1.3246E-04  1.4230E-04  1.3638E-04  1.3797E-04  1.2777E-04
       1.3427E-04  1.3832E-04  1.3996E-04  1.3636E-04  1.2647E-04  1.3474E-04  1.3235E-04  1.3721E-04  1.2951E-04  1.3686E-04
       1.3174E-04  1.3624E-04  1.2746E-04  1.3995E-04  1.3636E-04  1.3394E-04  1.3873E-04  1.3127E-04  1.3866E-04  1.3642E-04
       1.2849E-04  1.3369E-04  1.3761E-04  1.3223E-04  1.3169E-04  1.2934E-04  1.2962E-04  1.2576E-04  1.2974E-04  1.3886E-04
       1.3302E-04  1.2895E-04  1.2716E-04  1.2564E-04  1.3834E-04  1.3422E-04  1.3012E-04  1.3653E-04  1.4395E-04  1.3764E-04
       1.3549E-04  1.4096E-04  1.2742E-04  1.3490E-04  1.3320E-04  1.3095E-04  1.2369E-04  1.2921E-04  1.3107E-04  1.2990E-04
       1.3605E-04  1.2479E-04  1.3527E-04  1.3306E-04  1.2840E-04  1.3095E-04  1.2898E-04  1.3473E-04  1.3035E-04  1.3216E-04
       1.2731E-04  1.3557E-04  1.3625E-04  1.3592E-04  1.2622E-04  1.2991E-04  1.2452E-04  1.3307E-04  1.2685E-04  1.3530E-04
       1.2891E-04  1.2768E-04  1.3395E-04  1.2664E-04  1.3188E-04  1.2288E-04  1.2537E-04  1.2878E-04  1.2321E-04  1.2167E-04
       1.2887E-04  1.2949E-04  1.3506E-04  1.3059E-04  1.3331E-04  1.2473E-04  1.2393E-04  1.1571E-04  1.2663E-04  1.2853E-04
       1.3203E-04  1.2833E-04  1.2862E-04  1.2807E-04  1.2635E-04  1.3452E-04  1.2720E-04  1.3230E-04  1.2745E-04  1.2453E-04
       1.3506E-04  1.2407E-04  1.2813E-04  1.2612E-04  1.2279E-04  1.2019E-04  1.2788E-04  1.2577E-04  1.2748E-04  1.2863E-04
       1.2259E-04  1.2241E-04  1.2955E-04  1.2025E-04  1.2176E-04  1.2384E-04  1.2987E-04  1.2307E-04  1.2554E-04  1.3510E-04
       1.2647E-04  1.2440E-04  1.2400E-04  1.2542E-04  1.3269E-04  1.2851E-04  1.2559E-04  1.3396E-04  1.1927E-04  1.2919E-04
       1.2590E-04  1.2154E-04  1.2505E-04  1.2396E-04  1.3379E-04  1.2257E-04  1.2262E-04  1.2595E-04  1.2608E-04  1.2862E-04
       1.2632E-04  1.2843E-04  1.1707E-04  1.2673E-04  1.2116E-04  1.3351E-04  1.3237E-04  1.3259E-04  1.2470E-04  1.2925E-04
       1.3212E-04  1.2470E-04  1.2204E-04  1.2704E-04  1.2099E-04  1.2157E-04  1.2494E-04  1.2362E-04  1.1839E-04  1.1823E-04
       1.2018E-04  1.2049E-04  1.3078E-04  1.1791E-04  1.2066E-04  1.1531E-04  1.3067E-04  1.2093E-04  1.2354E-04  1.1830E-04
       1.1749E-04  1.1856E-04  1.2400E-04  1.1867E-04  1.1874E-04  1.1785E-04  1.2322E-04  1.1872E-04  1.2315E-04  1.1635E-04
       1.1984E-04  1.0933E-04  1.1517E-04  1.1658E-04  1.1559E-04  1.1941E-04  1.2203E-04  1.2414E-04  1.2007E-04  1.1992E-04
       1.1917E-04  1.1289E-04  1.0939E-04  1.1307E-04  1.3123E-04  1.1662E-04  1.1037E-04  1.0653E-04  1.1327E-04  1.2486E-04
       1.1515E-04  1.0147E-04  1.1185E-04  1.1322E-04  1.0763E-04  1.1223E-04  1.0528E-04  1.1448E-04  1.0564E-04  1.1013E-04
       1.0567E-04  1.0544E-04  9.8968E-05  1.0218E-04  1.0286E-04  1.0437E-04  1.0657E-04  1.0332E-04  9.5419E-05  9.9793E-05
       1.0044E-04  9.2970E-05  1.0433E-04  9.4379E-05  9.8472E-05  9.4286E-05  9.4577E-05  1.0025E-04  9.6548E-05  9.2760E-05
       9.9857E-05  8.9180E-05  9.0032E-05  9.6388E-05  9.7418E-05  9.5031E-05  8.6627E-05  9.4169E-05  8.9605E-05  9.3008E-05
       9.8605E-05  1.0042E-04  8.8639E-05  9.2023E-05  9.1303E-05  8.6701E-05  9.1070E-05  8.9016E-05  8.6933E-05  9.4640E-05
       8.7757E-05  8.8911E-05  8.8569E-05  8.6377E-05  8.7182E-05  9.0422E-05  8.7910E-05  8.3878E-05  8.4986E-05  9.1841E-05
       7.8595E-05  8.5724E-05  8.5077E-05  8.1651E-05  7.9702E-05  8.6886E-05  7.7261E-05  7.4397E-05  8.5163E-05  7.7550E-05
       7.6090E-05  7.5042E-05  8.2388E-05  7.9490E-05  7.8208E-05  6.8673E-05  7.6550E-05  7.2898E-05  7.3396E-05  7.0320E-05
       6.6769E-05  7.0847E-05  6.7551E-05  6.4568E-05  6.9975E-05  7.2433E-05  6.9306E-05  6.5785E-05  6.3157E-05  6.0378E-05
       5.9449E-05  6.0900E-05  5.9748E-05  6.8655E-05  5.5437E-05  5.1387E-05  5.7641E-05  5.1237E-05  4.3721E-05  4.6792E-05
       4.3324E-05  3.9465E-05  4.2327E-05  3.9683E-05  3.7103E-05  3.7717E-05  3.6255E-05  3.4005E-05  3.1278E-05  2.9283E-05
       3.2239E-05  3.8875E-05  3.1394E-05  3.6504E-05  3.4428E-05  3.5105E-05  3.5230E-05  4.0570E-05  3.8975E-05  3.8852E-05
       4.1568E-05  4.4532E-05  4.6023E-05  4.6718E-05  4.7733E-05  5.1580E-05  5.3132E-05  5.5909E-05  6.1599E-05  5.9899E-05
       6.6017E-05  6.8503E-05  7.7108E-05  9.1902E-05  1.3766E-04  2.1023E-04  3.6261E-04  6.8683E-04  1.3054E-03  2.4846E-03
       4.5757E-03  8.0868E-03  1.4041E-02  2.3400E-02  3.8033E-02  5.9184E-02  8.9223E-02  1.2942E-01  1.8011E-01  2.4175E-01
       3.1195E-01  3.8801E-01  4.6317E-01  5.3225E-01  5.8646E-01  6.2074E-01  6.3176E-01  6.1705E-01  5.7819E-01  5.1984E-01
       4.4853E-01  3.7098E-01  2.9456E-01  2.2410E-01  1.6323E-01  1.1438E-01  7.6608E-02  4.9300E-02  3.0197E-02  1.7892E-02
       1.0058E-02  5.4408E-03  2.8530E-03  1.3884E-03  6.6705E-04  3.0065E-04  1.3576E-04  5.1727E-05  2.1009E-05  7.9580E-06
       3.5016E-06  9.5497E-07  0.0000E+00  0.0000E+00  0.0000E+00  1.5916E-07  0.0000E+00  0.0000E+00  0.0000E+00  0.0000E+00
       0.0000E+00  0.0000E+00  0.0000E+00  0.0000E+00  0.0000E+00  0.0000E+00  0.0000E+00  0.0000E+00  0.0000E+00  0.0000E+00
       0.0000E+00  0.0000E+00  0.0000E+00  0.0000E+00  0.0000E+00  0.0000E+00  0.0000E+00  0.0000E+00  0.0000E+00  0.0000E+00
       0.0000E+00  0.0000E+00  0.0000E+00  0.0000E+00  0.0000E+00  0.0000E+00  0.0000E+00  0.0000E+00  0.0000E+00  0.0000E+00
       0.0000E+00  0.0000E+00  0.0000E+00  0.0000E+00  0.0000E+00  0.0000E+00  0.0000E+00  0.0000E+00  0.0000E+00  0.0000E+00
       0.0000E+00  0.0000E+00  0.0000E+00  0.0000E+00  0.0000E+00  0.0000E+00  0.0000E+00  0.0000E+00  0.0000E+00  0.0000E+00
       0.0000E+00  0.0000E+00  0.0000E+00  0.0000E+00  0.0000E+00  0.0000E+00  0.0000E+00  0.0000E+00  0.0000E+00  0.0000E+00
       0.0000E+00  0.0000E+00  0.0000E+00  0.0000E+00  0.0000E+00  0.0000E+00  0.0000E+00  0.0000E+00  0.0000E+00  0.0000E+00
       0.0000E+00  0.0000E+00  0.0000E+00  0.0000E+00  0.0000E+00  0.0000E+00  0.0000E+00  0.0000E+00  0.0000E+00  0.0000E+00
       0.0000E+00  0.0000E+00  0.0000E+00  0.0000E+00  0.0000E+00  0.0000E+00  0.0000E+00  0.0000E+00  0.0000E+00  0.0000E+00
       0.0000E+00  0.0000E+00  0.0000E+00  0.0000E+00  0.0000E+00  0.0000E+00  0.0000E+00  0.0000E+00  0.0000E+00  0.0000E+00
       0.0000E+00  0.0000E+00  0.0000E+00  0.0000E+00  0.0000E+00  0.0000E+00  0.0000E+00  0.0000E+00  0.0000E+00  0.0000E+00
       0.0000E+00  0.0000E+00  0.0000E+00  0.0000E+00  0.0000E+00  0.0000E+00  0.0000E+00  0.0000E+00  0.0000E+00  0.0000E+00
       0.0000E+00  0.0000E+00  0.0000E+00  0.0000E+00  0.0000E+00  0.0000E+00  0.0000E+00  0.0000E+00  0.0000E+00  0.0000E+00
       0.0000E+00  0.0000E+00  0.0000E+00  0.0000E+00  0.0000E+00  0.0000E+00  0.0000E+00  0.0000E+00  0.0000E+00  0.0000E+00
       0.0000E+00  0.0000E+00  0.0000E+00  0.0000E+00  0.0000E+00  0.0000E+00  0.0000E+00  0.0000E+00  0.0000E+00  0.0000E+00
       0.0000E+00  0.0000E+00  0.0000E+00  0.0000E+00  0.0000E+00  0.0000E+00  0.0000E+00  0.0000E+00  0.0000E+00  0.0000E+00
       0.0000E+00  0.0000E+00  0.0000E+00  0.0000E+00  0.0000E+00  0.0000E+00  0.0000E+00  0.0000E+00  0.0000E+00  0.0000E+00
       0.0000E+00  0.0000E+00  0.0000E+00  0.0000E+00  0.0000E+00  0.0000E+00  0.0000E+00  0.0000E+00  0.0000E+00  0.0000E+00
       0.0000E+00  0.0000E+00  0.0000E+00  0.0000E+00  0.0000E+00  0.0000E+00  0.0000E+00  0.0000E+00  0.0000E+00  0.0000E+00
       0.0000E+00  0.0000E+00  0.0000E+00  0.0000E+00  0.0000E+00  0.0000E+00  0.0000E+00  0.0000E+00  0.0000E+00  0.0000E+00
       0.0000E+00  0.0000E+00  0.0000E+00  0.0000E+00  0.0000E+00  0.0000E+00  0.0000E+00  0.0000E+00  0.0000E+00  0.0000E+00
       0.0000E+00  0.0000E+00  0.0000E+00  0.0000E+00  0.0000E+00  0.0000E+00  0.0000E+00  0.0000E+00  0.0000E+00  0.0000E+00
       0.0000E+00  0.0000E+00  0.0000E+00  0.0000E+00  0.0000E+00  0.0000E+00  0.0000E+00  0.0000E+00  0.0000E+00  0.0000E+00
       0.0000E+00  0.0000E+00  0.0000E+00  0.0000E+00  0.0000E+00  0.0000E+00  0.0000E+00  0.0000E+00  0.0000E+00  0.0000E+00
1

   Bdrx n.   6  "ofluence  " , generalized particle n.    1, from region n.     5 to region n.     4
      detector area:  1.0000E+02 cm**2
      this is a one way only estimator
      this is a fluence like estimator
      linear energy binning from   0.0000E+00 to  3.0000E+02 GeV,     1 bins ( 3.0000E+02 GeV wide)
      linear angular binning from  0.0000E+00 to  6.2832E+00 sr ,     1 bins ( 6.2832E+00 sr wide )
      Data follow in a matrix A(ie,ia), format (1(5x,1p,10(1x,e11.4)))

       5.3463E-06
