
 *****  Protons in Lexan (0.22GeV, 1.0cm)                                                 *****

           DATE: 12/17/18,  TIME: 12:41:31

          Total number of particles followed        6000000, for a total weight of  6.0000E+06

1

   Res. nuclei n.   1  "Ian       " ,  all         products, region n.     5
      detector volume:  1.0000E+00 cm**3
      Max. Z:  10, Max. N-Z:  11 Min. N-Z: -4
      Data follow in a matrix A(z,n-z-k), k: -5 format (1(5x,1p,10(1x,e11.4)))

       0.0000E+00  0.0000E+00  0.0000E+00  0.0000E+00  0.0000E+00  0.0000E+00  0.0000E+00  0.0000E+00  0.0000E+00  0.0000E+00
       0.0000E+00  0.0000E+00  0.0000E+00  0.0000E+00  0.0000E+00  7.9000E-05  0.0000E+00  3.2833E-05  0.0000E+00  0.0000E+00
       0.0000E+00  0.0000E+00  0.0000E+00  0.0000E+00  6.8750E-04  1.2852E-03  2.4683E-04  1.8775E-03  0.0000E+00  0.0000E+00
       5.1857E+00  1.7099E-02  0.0000E+00  5.5208E-03  0.0000E+00  1.5173E-02  3.1455E-03  5.5605E-02  2.1667E-06  1.6667E-07
       3.7636E+00  2.2992E-01  1.4027E-02  0.0000E+00  8.5382E-03  5.2468E-02  2.7383E-02  7.5376E-02  9.6667E-06  1.0833E-05
       9.0577E-03  0.0000E+00  4.6208E-03  2.8087E-03  1.2979E-02  1.3905E-02  4.1597E-02  9.7462E-05  1.0000E-06  1.6667E-07
       0.0000E+00  3.2967E-04  5.8700E-04  1.5230E-03  4.6433E-04  3.6645E-03  2.9200E-04  1.1033E-04  0.0000E+00  0.0000E+00
       0.0000E+00  0.0000E+00  5.7167E-05  2.2333E-05  7.5000E-05  1.0667E-05  4.0167E-05  0.0000E+00  0.0000E+00  0.0000E+00
       0.0000E+00  1.1667E-06  0.0000E+00  1.5000E-06  6.6667E-07  1.3333E-06  0.0000E+00  0.0000E+00  0.0000E+00  0.0000E+00
       0.0000E+00  0.0000E+00  0.0000E+00  0.0000E+00  0.0000E+00  0.0000E+00  0.0000E+00  0.0000E+00  0.0000E+00  0.0000E+00
       0.0000E+00  0.0000E+00  0.0000E+00  0.0000E+00  0.0000E+00  0.0000E+00  0.0000E+00  0.0000E+00  0.0000E+00  0.0000E+00
       0.0000E+00  0.0000E+00  0.0000E+00  0.0000E+00  0.0000E+00  0.0000E+00  0.0000E+00  0.0000E+00  0.0000E+00  0.0000E+00
       0.0000E+00  0.0000E+00  0.0000E+00  0.0000E+00  0.0000E+00  0.0000E+00  0.0000E+00  0.0000E+00  0.0000E+00  0.0000E+00
       0.0000E+00  0.0000E+00  0.0000E+00  0.0000E+00  0.0000E+00  0.0000E+00  0.0000E+00  0.0000E+00  0.0000E+00  0.0000E+00
       0.0000E+00  0.0000E+00  0.0000E+00  0.0000E+00  0.0000E+00  0.0000E+00  0.0000E+00  0.0000E+00  0.0000E+00  0.0000E+00
       0.0000E+00  0.0000E+00  0.0000E+00  0.0000E+00  0.0000E+00  0.0000E+00  0.0000E+00  0.0000E+00  0.0000E+00  0.0000E+00
