
 *****  Protons in Lexan (0.15GeV, 2.0cm)                                                 *****

           DATE: 12/13/18,  TIME:  6:16:28

          Total number of particles followed        1000000, for a total weight of  1.0000E+06

1

   Res. nuclei n.   1  "Ian       " ,  all         products, region n.     5
      detector volume:  1.0000E+00 cm**3
      Max. Z:  10, Max. N-Z:  11 Min. N-Z: -4
      Data follow in a matrix A(z,n-z-k), k: -5 format (1(5x,1p,10(1x,e11.4)))

       0.0000E+00  0.0000E+00  0.0000E+00  0.0000E+00  0.0000E+00  0.0000E+00  0.0000E+00  0.0000E+00  0.0000E+00  0.0000E+00
       0.0000E+00  0.0000E+00  0.0000E+00  0.0000E+00  0.0000E+00  2.6000E-05  0.0000E+00  1.0000E-05  0.0000E+00  0.0000E+00
       0.0000E+00  0.0000E+00  0.0000E+00  0.0000E+00  2.7000E-04  4.6500E-04  1.1600E-04  5.4500E-04  0.0000E+00  0.0000E+00
       2.6700E+00  7.5460E-03  0.0000E+00  2.4190E-03  0.0000E+00  7.5590E-03  1.4530E-03  2.5465E-02  2.0000E-06  0.0000E+00
       1.4899E+00  1.2421E-01  6.2280E-03  0.0000E+00  3.9400E-03  3.5203E-02  1.3226E-02  5.2812E-02  1.0000E-05  5.0000E-06
       3.4251E-03  0.0000E+00  1.9030E-03  1.1837E-03  6.3370E-03  6.5515E-03  2.0241E-02  6.4134E-05  0.0000E+00  0.0000E+00
       0.0000E+00  8.7000E-05  1.7400E-04  5.4700E-04  1.6200E-04  1.5460E-03  1.1965E-04  5.8000E-05  0.0000E+00  0.0000E+00
       0.0000E+00  0.0000E+00  8.0000E-06  1.0000E-05  1.7000E-05  2.0000E-06  1.2000E-05  0.0000E+00  0.0000E+00  0.0000E+00
       0.0000E+00  1.0000E-06  0.0000E+00  1.0000E-06  0.0000E+00  0.0000E+00  0.0000E+00  0.0000E+00  0.0000E+00  0.0000E+00
       0.0000E+00  0.0000E+00  0.0000E+00  0.0000E+00  0.0000E+00  0.0000E+00  0.0000E+00  0.0000E+00  0.0000E+00  0.0000E+00
       0.0000E+00  0.0000E+00  0.0000E+00  0.0000E+00  0.0000E+00  0.0000E+00  0.0000E+00  0.0000E+00  0.0000E+00  0.0000E+00
       0.0000E+00  0.0000E+00  0.0000E+00  0.0000E+00  0.0000E+00  0.0000E+00  0.0000E+00  0.0000E+00  0.0000E+00  0.0000E+00
       0.0000E+00  0.0000E+00  0.0000E+00  0.0000E+00  0.0000E+00  0.0000E+00  0.0000E+00  0.0000E+00  0.0000E+00  0.0000E+00
       0.0000E+00  0.0000E+00  0.0000E+00  0.0000E+00  0.0000E+00  0.0000E+00  0.0000E+00  0.0000E+00  0.0000E+00  0.0000E+00
       0.0000E+00  0.0000E+00  0.0000E+00  0.0000E+00  0.0000E+00  0.0000E+00  0.0000E+00  0.0000E+00  0.0000E+00  0.0000E+00
       0.0000E+00  0.0000E+00  0.0000E+00  0.0000E+00  0.0000E+00  0.0000E+00  0.0000E+00  0.0000E+00  0.0000E+00  0.0000E+00
