
 *****  Protons in Lexan (0.15GeV, 5.0cm)                                                 *****

           DATE: 12/ 1/18,  TIME: 13:41: 6

          Total number of particles followed       10000000, for a total weight of  1.0000E+07

1

   Bdrx n.   4  "ocurrent  " , generalized particle n.    1, from region n.     5 to region n.     4
      detector area:  1.0000E+02 cm**2
      this is a one way only estimator
      this is a current like estimator
      linear energy binning from   6.0000E-02 to  2.0000E-01 GeV,   650 bins ( 2.1538E-04 GeV wide)
      linear angular binning from  0.0000E+00 to  6.2832E+00 sr ,     1 bins ( 6.2832E+00 sr wide )
      Data follow in a matrix A(ie,ia), format (1(5x,1p,10(1x,e11.4)))

       6.1405E-04  6.1405E-04  6.2514E-04  6.2218E-04  6.2514E-04  6.2144E-04  6.0445E-04  6.1701E-04  6.2588E-04  6.5617E-04
       6.3327E-04  6.2735E-04  6.5765E-04  6.5987E-04  6.6282E-04  6.2514E-04  6.3696E-04  6.1923E-04  6.0593E-04  6.6135E-04
       6.2514E-04  6.8277E-04  6.8204E-04  6.4213E-04  6.6652E-04  6.4066E-04  6.7465E-04  6.7982E-04  6.5987E-04  6.9386E-04
       6.7686E-04  6.6430E-04  6.5026E-04  6.7982E-04  6.1997E-04  7.1603E-04  6.6726E-04  6.2957E-04  6.3031E-04  6.5617E-04
       6.6356E-04  6.5691E-04  6.7982E-04  6.4583E-04  6.7539E-04  6.5765E-04  6.4139E-04  6.7760E-04  6.2883E-04  6.6873E-04
       6.2735E-04  6.9534E-04  6.6208E-04  6.9755E-04  6.4878E-04  6.8204E-04  6.5617E-04  6.4878E-04  6.8425E-04  6.8647E-04
       6.6947E-04  6.7612E-04  6.8204E-04  6.7317E-04  6.8869E-04  6.8130E-04  6.5322E-04  6.6578E-04  6.6430E-04  7.1012E-04
       6.9755E-04  6.6282E-04  7.2342E-04  6.6578E-04  7.0568E-04  6.6061E-04  6.0371E-04  6.6947E-04  6.6873E-04  6.2440E-04
       6.4657E-04  6.6356E-04  6.5839E-04  6.4952E-04  6.6356E-04  6.6947E-04  6.4583E-04  6.4583E-04  6.3179E-04  6.8499E-04
       6.5470E-04  6.4731E-04  6.6282E-04  7.0346E-04  6.1701E-04  6.2144E-04  6.1331E-04  6.5543E-04  6.4435E-04  6.2514E-04
       6.5765E-04  6.6578E-04  6.2883E-04  5.9780E-04  6.7243E-04  5.8154E-04  6.8204E-04  6.5248E-04  6.2809E-04  6.4139E-04
       6.3474E-04  5.9262E-04  6.2588E-04  6.2662E-04  6.1701E-04  5.9854E-04  6.6135E-04  6.1923E-04  5.9410E-04  6.1405E-04
       6.5617E-04  5.7120E-04  6.2292E-04  6.3031E-04  6.2588E-04  5.9262E-04  6.5322E-04  6.3548E-04  5.6233E-04  5.9041E-04
       6.2662E-04  5.7489E-04  5.6750E-04  5.9262E-04  6.1036E-04  5.8597E-04  6.0962E-04  5.9558E-04  6.1923E-04  5.9484E-04
       5.9928E-04  5.8745E-04  5.5789E-04  5.8006E-04  5.5937E-04  6.0371E-04  5.7932E-04  5.7120E-04  5.8302E-04  5.5642E-04
       5.6750E-04  5.6750E-04  5.5789E-04  5.3055E-04  5.1134E-04  5.4829E-04  5.2243E-04  5.5124E-04  5.6528E-04  5.0913E-04
       5.3129E-04  5.3203E-04  5.2169E-04  5.2169E-04  5.4164E-04  5.2612E-04  5.0247E-04  5.5937E-04  5.4090E-04  5.1282E-04
       5.0913E-04  5.1430E-04  4.7957E-04  4.8400E-04  5.3277E-04  4.7366E-04  4.8326E-04  5.0986E-04  4.8031E-04  4.7957E-04
       4.8178E-04  4.6257E-04  4.8917E-04  4.2710E-04  4.5223E-04  4.6553E-04  4.5814E-04  4.6627E-04  4.5740E-04  4.5371E-04
       4.5740E-04  4.3302E-04  4.3228E-04  4.4558E-04  4.0050E-04  4.0567E-04  4.2415E-04  4.1011E-04  3.7760E-04  3.9976E-04
       3.3769E-04  3.7686E-04  3.4139E-04  3.0001E-04  3.4287E-04  3.0961E-04  3.1183E-04  2.8966E-04  2.8597E-04  2.7710E-04
       2.2833E-04  2.1651E-04  2.9262E-04  2.7562E-04  2.4828E-04  2.3868E-04  2.4976E-04  2.5050E-04  2.6380E-04  2.9631E-04
       2.7414E-04  2.7488E-04  2.9262E-04  3.1405E-04  3.4287E-04  3.4582E-04  3.9385E-04  4.0863E-04  4.1011E-04  4.3893E-04
       4.9287E-04  5.2390E-04  5.7637E-04  5.9115E-04  6.5839E-04  6.9016E-04  8.2317E-04  9.2588E-04  1.0914E-03  1.3426E-03
       1.6914E-03  2.2597E-03  3.3407E-03  4.9893E-03  7.4226E-03  1.1393E-02  1.7409E-02  2.6506E-02  3.9577E-02  5.7839E-02
       8.2373E-02  1.1487E-01  1.5520E-01  2.0368E-01  2.5827E-01  3.1890E-01  3.7946E-01  4.3583E-01  4.8259E-01  5.1608E-01
       5.3322E-01  5.2829E-01  5.0296E-01  4.6312E-01  4.0860E-01  3.4610E-01  2.8060E-01  2.1869E-01  1.6261E-01  1.1584E-01
       7.8738E-02  5.1762E-02  3.2231E-02  1.9002E-02  1.0788E-02  5.8006E-03  3.0348E-03  1.4838E-03  6.9386E-04  3.0148E-04
       1.1971E-04  5.3203E-05  1.5518E-05  3.6947E-06  3.6947E-06  1.4779E-06  0.0000E+00  0.0000E+00  0.0000E+00  0.0000E+00
       0.0000E+00  0.0000E+00  0.0000E+00  0.0000E+00  0.0000E+00  0.0000E+00  0.0000E+00  0.0000E+00  0.0000E+00  0.0000E+00
       0.0000E+00  0.0000E+00  0.0000E+00  0.0000E+00  0.0000E+00  0.0000E+00  0.0000E+00  0.0000E+00  0.0000E+00  0.0000E+00
       0.0000E+00  0.0000E+00  0.0000E+00  0.0000E+00  0.0000E+00  0.0000E+00  0.0000E+00  0.0000E+00  0.0000E+00  0.0000E+00
       0.0000E+00  0.0000E+00  0.0000E+00  0.0000E+00  0.0000E+00  0.0000E+00  0.0000E+00  0.0000E+00  0.0000E+00  0.0000E+00
       0.0000E+00  0.0000E+00  0.0000E+00  0.0000E+00  0.0000E+00  0.0000E+00  0.0000E+00  0.0000E+00  0.0000E+00  0.0000E+00
       0.0000E+00  0.0000E+00  0.0000E+00  0.0000E+00  0.0000E+00  0.0000E+00  0.0000E+00  0.0000E+00  0.0000E+00  0.0000E+00
       0.0000E+00  0.0000E+00  0.0000E+00  0.0000E+00  0.0000E+00  0.0000E+00  0.0000E+00  0.0000E+00  0.0000E+00  0.0000E+00
       0.0000E+00  0.0000E+00  0.0000E+00  0.0000E+00  0.0000E+00  0.0000E+00  0.0000E+00  0.0000E+00  0.0000E+00  0.0000E+00
       0.0000E+00  0.0000E+00  0.0000E+00  0.0000E+00  0.0000E+00  0.0000E+00  0.0000E+00  0.0000E+00  0.0000E+00  0.0000E+00
       0.0000E+00  0.0000E+00  0.0000E+00  0.0000E+00  0.0000E+00  0.0000E+00  0.0000E+00  0.0000E+00  0.0000E+00  0.0000E+00
       0.0000E+00  0.0000E+00  0.0000E+00  0.0000E+00  0.0000E+00  0.0000E+00  0.0000E+00  0.0000E+00  0.0000E+00  0.0000E+00
       0.0000E+00  0.0000E+00  0.0000E+00  0.0000E+00  0.0000E+00  0.0000E+00  0.0000E+00  0.0000E+00  0.0000E+00  0.0000E+00
       0.0000E+00  0.0000E+00  0.0000E+00  0.0000E+00  0.0000E+00  0.0000E+00  0.0000E+00  0.0000E+00  0.0000E+00  0.0000E+00
       0.0000E+00  0.0000E+00  0.0000E+00  0.0000E+00  0.0000E+00  0.0000E+00  0.0000E+00  0.0000E+00  0.0000E+00  0.0000E+00
       0.0000E+00  0.0000E+00  0.0000E+00  0.0000E+00  0.0000E+00  0.0000E+00  0.0000E+00  0.0000E+00  0.0000E+00  0.0000E+00
       0.0000E+00  0.0000E+00  0.0000E+00  0.0000E+00  0.0000E+00  0.0000E+00  0.0000E+00  0.0000E+00  0.0000E+00  0.0000E+00
       0.0000E+00  0.0000E+00  0.0000E+00  0.0000E+00  0.0000E+00  0.0000E+00  0.0000E+00  0.0000E+00  0.0000E+00  0.0000E+00
       0.0000E+00  0.0000E+00  0.0000E+00  0.0000E+00  0.0000E+00  0.0000E+00  0.0000E+00  0.0000E+00  0.0000E+00  0.0000E+00
       0.0000E+00  0.0000E+00  0.0000E+00  0.0000E+00  0.0000E+00  0.0000E+00  0.0000E+00  0.0000E+00  0.0000E+00  0.0000E+00
       0.0000E+00  0.0000E+00  0.0000E+00  0.0000E+00  0.0000E+00  0.0000E+00  0.0000E+00  0.0000E+00  0.0000E+00  0.0000E+00
       0.0000E+00  0.0000E+00  0.0000E+00  0.0000E+00  0.0000E+00  0.0000E+00  0.0000E+00  0.0000E+00  0.0000E+00  0.0000E+00
       0.0000E+00  0.0000E+00  0.0000E+00  0.0000E+00  0.0000E+00  0.0000E+00  0.0000E+00  0.0000E+00  0.0000E+00  0.0000E+00
       0.0000E+00  0.0000E+00  0.0000E+00  0.0000E+00  0.0000E+00  0.0000E+00  0.0000E+00  0.0000E+00  0.0000E+00  0.0000E+00
       0.0000E+00  0.0000E+00  0.0000E+00  0.0000E+00  0.0000E+00  0.0000E+00  0.0000E+00  0.0000E+00  0.0000E+00  0.0000E+00
       0.0000E+00  0.0000E+00  0.0000E+00  0.0000E+00  0.0000E+00  0.0000E+00  0.0000E+00  0.0000E+00  0.0000E+00  0.0000E+00
       0.0000E+00  0.0000E+00  0.0000E+00  0.0000E+00  0.0000E+00  0.0000E+00  0.0000E+00  0.0000E+00  0.0000E+00  0.0000E+00
       0.0000E+00  0.0000E+00  0.0000E+00  0.0000E+00  0.0000E+00  0.0000E+00  0.0000E+00  0.0000E+00  0.0000E+00  0.0000E+00
       0.0000E+00  0.0000E+00  0.0000E+00  0.0000E+00  0.0000E+00  0.0000E+00  0.0000E+00  0.0000E+00  0.0000E+00  0.0000E+00
       0.0000E+00  0.0000E+00  0.0000E+00  0.0000E+00  0.0000E+00  0.0000E+00  0.0000E+00  0.0000E+00  0.0000E+00  0.0000E+00
       0.0000E+00  0.0000E+00  0.0000E+00  0.0000E+00  0.0000E+00  0.0000E+00  0.0000E+00  0.0000E+00  0.0000E+00  0.0000E+00
       0.0000E+00  0.0000E+00  0.0000E+00  0.0000E+00  0.0000E+00  0.0000E+00  0.0000E+00  0.0000E+00  0.0000E+00  0.0000E+00
       0.0000E+00  0.0000E+00  0.0000E+00  0.0000E+00  0.0000E+00  0.0000E+00  0.0000E+00  0.0000E+00  0.0000E+00  0.0000E+00
       0.0000E+00  0.0000E+00  0.0000E+00  0.0000E+00  0.0000E+00  0.0000E+00  0.0000E+00  0.0000E+00  0.0000E+00  0.0000E+00
       0.0000E+00  0.0000E+00  0.0000E+00  0.0000E+00  0.0000E+00  0.0000E+00  0.0000E+00  0.0000E+00  0.0000E+00  0.0000E+00
       0.0000E+00  0.0000E+00  0.0000E+00  0.0000E+00  0.0000E+00  0.0000E+00  0.0000E+00  0.0000E+00  0.0000E+00  0.0000E+00
       0.0000E+00  0.0000E+00  0.0000E+00  0.0000E+00  0.0000E+00  0.0000E+00  0.0000E+00  0.0000E+00  0.0000E+00  0.0000E+00
