
 *****  Protons in Lexan (0.15GeV, 5.0cm)                                                 *****

           DATE: 12/ 1/18,  TIME: 13:41: 6

          Total number of particles followed       10000000, for a total weight of  1.0000E+07

1

   Res. nuclei n.   1  "Ian       " ,  all         products, region n.     5
      detector volume:  1.0000E+00 cm**3
      Max. Z:  10, Max. N-Z:  11 Min. N-Z: -4
      Data follow in a matrix A(z,n-z-k), k: -5 format (1(5x,1p,10(1x,e11.4)))

       0.0000E+00  0.0000E+00  0.0000E+00  0.0000E+00  0.0000E+00  0.0000E+00  0.0000E+00  0.0000E+00  0.0000E+00  0.0000E+00
       0.0000E+00  0.0000E+00  0.0000E+00  0.0000E+00  0.0000E+00  3.3400E-05  0.0000E+00  2.0000E-06  0.0000E+00  0.0000E+00
       0.0000E+00  0.0000E+00  0.0000E+00  0.0000E+00  2.9160E-04  4.6970E-04  7.1000E-05  8.0400E-05  0.0000E+00  0.0000E+00
       9.3401E-02  8.1078E-03  0.0000E+00  3.8313E-03  0.0000E+00  1.0688E-02  1.4030E-04  2.5368E-03  0.0000E+00  0.0000E+00
       2.6216E-02  6.6376E-02  5.2964E-03  0.0000E+00  3.4549E-03  2.1919E-02  1.2376E-03  2.5503E-03  0.0000E+00  5.0000E-07
       4.0226E-03  0.0000E+00  2.6521E-03  7.5418E-04  6.2892E-03  7.7451E-04  1.5805E-03  3.1591E-06  2.0000E-07  0.0000E+00
       0.0000E+00  1.3770E-04  2.2100E-04  4.0820E-04  7.2803E-05  1.4730E-04  4.9688E-06  3.9000E-06  0.0000E+00  0.0000E+00
       0.0000E+00  0.0000E+00  9.9000E-06  1.6000E-06  3.8000E-06  1.0000E-07  1.4000E-06  0.0000E+00  0.0000E+00  0.0000E+00
       0.0000E+00  1.0000E-07  0.0000E+00  1.0000E-07  0.0000E+00  0.0000E+00  0.0000E+00  0.0000E+00  0.0000E+00  0.0000E+00
       0.0000E+00  0.0000E+00  0.0000E+00  0.0000E+00  0.0000E+00  0.0000E+00  0.0000E+00  0.0000E+00  0.0000E+00  0.0000E+00
       0.0000E+00  0.0000E+00  0.0000E+00  0.0000E+00  0.0000E+00  0.0000E+00  0.0000E+00  0.0000E+00  0.0000E+00  0.0000E+00
       0.0000E+00  0.0000E+00  0.0000E+00  0.0000E+00  0.0000E+00  0.0000E+00  0.0000E+00  0.0000E+00  0.0000E+00  0.0000E+00
       0.0000E+00  0.0000E+00  0.0000E+00  0.0000E+00  0.0000E+00  0.0000E+00  0.0000E+00  0.0000E+00  0.0000E+00  0.0000E+00
       0.0000E+00  0.0000E+00  0.0000E+00  0.0000E+00  0.0000E+00  0.0000E+00  0.0000E+00  0.0000E+00  0.0000E+00  0.0000E+00
       0.0000E+00  0.0000E+00  0.0000E+00  0.0000E+00  0.0000E+00  0.0000E+00  0.0000E+00  0.0000E+00  0.0000E+00  0.0000E+00
       0.0000E+00  0.0000E+00  0.0000E+00  0.0000E+00  0.0000E+00  0.0000E+00  0.0000E+00  0.0000E+00  0.0000E+00  0.0000E+00
