
 *****  Protons in Lexan (0.15GeV, 3cm)                                                   *****

           DATE: 12/18/18,  TIME: 14:34: 0

          Total number of particles followed       10000000, for a total weight of  1.0000E+07

1

   Bdrx n.   4  "ocurrent  " , generalized particle n.    1, from region n.     5 to region n.     4
      detector area:  1.0000E+02 cm**2
      this is a one way only estimator
      this is a current like estimator
      linear energy binning from   7.0000E-02 to  2.0000E-01 GeV,   650 bins ( 2.0000E-04 GeV wide)
      linear angular binning from  0.0000E+00 to  6.2832E+00 sr ,     1 bins ( 6.2832E+00 sr wide )
      Data follow in a matrix A(ie,ia), format (1(5x,1p,10(1x,e11.4)))

       6.7959E-04  6.4060E-04  6.6208E-04  6.4776E-04  6.1832E-04  7.0665E-04  6.6049E-04  6.7243E-04  6.7323E-04  6.7959E-04
       6.6288E-04  6.6606E-04  6.5890E-04  6.6049E-04  7.0267E-04  6.8118E-04  6.5890E-04  6.9312E-04  6.7243E-04  6.8675E-04
       6.7641E-04  6.7004E-04  6.4617E-04  6.5333E-04  7.2415E-04  6.8675E-04  6.9153E-04  6.5651E-04  7.1620E-04  6.7720E-04
       7.1301E-04  6.4139E-04  6.0956E-04  6.7561E-04  6.6208E-04  6.4776E-04  6.2627E-04  6.4935E-04  6.7402E-04  6.4935E-04
       6.4856E-04  6.9789E-04  6.4378E-04  6.4458E-04  6.3980E-04  6.6527E-04  6.5174E-04  6.6129E-04  6.5811E-04  6.5174E-04
       7.0187E-04  6.2946E-04  6.2230E-04  6.2627E-04  6.3344E-04  6.4696E-04  6.3582E-04  6.3344E-04  6.3742E-04  6.8994E-04
       6.1036E-04  6.0479E-04  6.7482E-04  5.9126E-04  6.6845E-04  6.4776E-04  6.5015E-04  6.2707E-04  6.4139E-04  6.3503E-04
       5.8251E-04  6.2866E-04  6.3105E-04  6.1354E-04  5.9126E-04  6.6368E-04  6.1752E-04  6.0797E-04  6.0001E-04  6.4458E-04
       6.0877E-04  5.8489E-04  6.2627E-04  6.2866E-04  6.4060E-04  6.1593E-04  6.2230E-04  6.2866E-04  5.5943E-04  5.9524E-04
       6.2389E-04  5.8012E-04  5.8251E-04  5.7773E-04  6.2468E-04  5.6977E-04  6.1434E-04  5.7296E-04  6.2309E-04  6.2309E-04
       5.7614E-04  6.0399E-04  5.8251E-04  5.6102E-04  5.8171E-04  5.6739E-04  5.9206E-04  5.8489E-04  5.8410E-04  5.8012E-04
       5.6739E-04  5.4988E-04  5.5545E-04  5.6898E-04  5.5784E-04  5.3635E-04  4.9975E-04  5.5306E-04  5.2044E-04  5.5227E-04
       5.4033E-04  5.4590E-04  5.2680E-04  5.3396E-04  5.2282E-04  5.2044E-04  5.3715E-04  5.3078E-04  5.1805E-04  5.1487E-04
       5.5147E-04  5.4272E-04  5.1646E-04  5.0930E-04  5.0611E-04  4.9258E-04  4.7349E-04  5.2999E-04  4.8861E-04  4.9497E-04
       4.7746E-04  5.1168E-04  4.7030E-04  4.8144E-04  4.8144E-04  4.6235E-04  4.9497E-04  4.2335E-04  4.6394E-04  4.5280E-04
       4.6235E-04  4.5837E-04  4.6792E-04  4.4643E-04  4.5518E-04  4.6314E-04  4.2574E-04  4.2892E-04  4.5359E-04  3.9073E-04
       4.1380E-04  4.2415E-04  4.1301E-04  3.7640E-04  4.0266E-04  3.6128E-04  3.4616E-04  3.7401E-04  3.1194E-04  3.1194E-04
       3.4139E-04  3.1433E-04  3.0160E-04  2.9046E-04  2.9046E-04  2.7375E-04  2.3475E-04  2.2282E-04  2.6579E-04  2.8489E-04
       2.5146E-04  2.4749E-04  2.4510E-04  2.4908E-04  2.4828E-04  2.7454E-04  2.9603E-04  2.7454E-04  2.6738E-04  2.9444E-04
       3.0001E-04  3.6526E-04  3.2627E-04  3.7720E-04  3.8834E-04  4.1301E-04  4.3768E-04  4.4723E-04  5.1327E-04  5.2760E-04
       5.6500E-04  5.9922E-04  6.5174E-04  7.0585E-04  7.7588E-04  9.0639E-04  1.0265E-03  1.2533E-03  1.4563E-03  1.9417E-03
       2.6189E-03  3.8165E-03  5.4805E-03  7.9609E-03  1.1930E-02  1.7669E-02  2.6058E-02  3.7915E-02  5.4160E-02  7.5294E-02
       1.0391E-01  1.3819E-01  1.7995E-01  2.2881E-01  2.8153E-01  3.3841E-01  3.9418E-01  4.4484E-01  4.8723E-01  5.1695E-01
       5.3291E-01  5.2988E-01  5.0899E-01  4.7459E-01  4.2738E-01  3.7117E-01  3.1107E-01  2.5133E-01  1.9595E-01  1.4635E-01
       1.0543E-01  7.3129E-02  4.9299E-02  3.1665E-02  1.9354E-02  1.1446E-02  6.4824E-03  3.6033E-03  1.8327E-03  9.7085E-04
       4.3608E-04  2.1088E-04  8.4352E-05  4.0585E-05  1.0345E-05  1.5915E-06  3.9789E-06  1.5915E-06  0.0000E+00  0.0000E+00
       0.0000E+00  0.0000E+00  0.0000E+00  0.0000E+00  0.0000E+00  0.0000E+00  0.0000E+00  0.0000E+00  0.0000E+00  0.0000E+00
       0.0000E+00  0.0000E+00  0.0000E+00  0.0000E+00  0.0000E+00  0.0000E+00  0.0000E+00  0.0000E+00  0.0000E+00  0.0000E+00
       0.0000E+00  0.0000E+00  0.0000E+00  0.0000E+00  0.0000E+00  0.0000E+00  0.0000E+00  0.0000E+00  0.0000E+00  0.0000E+00
       0.0000E+00  0.0000E+00  0.0000E+00  0.0000E+00  0.0000E+00  0.0000E+00  0.0000E+00  0.0000E+00  0.0000E+00  0.0000E+00
       0.0000E+00  0.0000E+00  0.0000E+00  0.0000E+00  0.0000E+00  0.0000E+00  0.0000E+00  0.0000E+00  0.0000E+00  0.0000E+00
       0.0000E+00  0.0000E+00  0.0000E+00  0.0000E+00  0.0000E+00  0.0000E+00  0.0000E+00  0.0000E+00  0.0000E+00  0.0000E+00
       0.0000E+00  0.0000E+00  0.0000E+00  0.0000E+00  0.0000E+00  0.0000E+00  0.0000E+00  0.0000E+00  0.0000E+00  0.0000E+00
       0.0000E+00  0.0000E+00  0.0000E+00  0.0000E+00  0.0000E+00  0.0000E+00  0.0000E+00  0.0000E+00  0.0000E+00  0.0000E+00
       0.0000E+00  0.0000E+00  0.0000E+00  0.0000E+00  0.0000E+00  0.0000E+00  0.0000E+00  0.0000E+00  0.0000E+00  0.0000E+00
       0.0000E+00  0.0000E+00  0.0000E+00  0.0000E+00  0.0000E+00  0.0000E+00  0.0000E+00  0.0000E+00  0.0000E+00  0.0000E+00
       0.0000E+00  0.0000E+00  0.0000E+00  0.0000E+00  0.0000E+00  0.0000E+00  0.0000E+00  0.0000E+00  0.0000E+00  0.0000E+00
       0.0000E+00  0.0000E+00  0.0000E+00  0.0000E+00  0.0000E+00  0.0000E+00  0.0000E+00  0.0000E+00  0.0000E+00  0.0000E+00
       0.0000E+00  0.0000E+00  0.0000E+00  0.0000E+00  0.0000E+00  0.0000E+00  0.0000E+00  0.0000E+00  0.0000E+00  0.0000E+00
       0.0000E+00  0.0000E+00  0.0000E+00  0.0000E+00  0.0000E+00  0.0000E+00  0.0000E+00  0.0000E+00  0.0000E+00  0.0000E+00
       0.0000E+00  0.0000E+00  0.0000E+00  0.0000E+00  0.0000E+00  0.0000E+00  0.0000E+00  0.0000E+00  0.0000E+00  0.0000E+00
       0.0000E+00  0.0000E+00  0.0000E+00  0.0000E+00  0.0000E+00  0.0000E+00  0.0000E+00  0.0000E+00  0.0000E+00  0.0000E+00
       0.0000E+00  0.0000E+00  0.0000E+00  0.0000E+00  0.0000E+00  0.0000E+00  0.0000E+00  0.0000E+00  0.0000E+00  0.0000E+00
       0.0000E+00  0.0000E+00  0.0000E+00  0.0000E+00  0.0000E+00  0.0000E+00  0.0000E+00  0.0000E+00  0.0000E+00  0.0000E+00
       0.0000E+00  0.0000E+00  0.0000E+00  0.0000E+00  0.0000E+00  0.0000E+00  0.0000E+00  0.0000E+00  0.0000E+00  0.0000E+00
       0.0000E+00  0.0000E+00  0.0000E+00  0.0000E+00  0.0000E+00  0.0000E+00  0.0000E+00  0.0000E+00  0.0000E+00  0.0000E+00
       0.0000E+00  0.0000E+00  0.0000E+00  0.0000E+00  0.0000E+00  0.0000E+00  0.0000E+00  0.0000E+00  0.0000E+00  0.0000E+00
       0.0000E+00  0.0000E+00  0.0000E+00  0.0000E+00  0.0000E+00  0.0000E+00  0.0000E+00  0.0000E+00  0.0000E+00  0.0000E+00
       0.0000E+00  0.0000E+00  0.0000E+00  0.0000E+00  0.0000E+00  0.0000E+00  0.0000E+00  0.0000E+00  0.0000E+00  0.0000E+00
       0.0000E+00  0.0000E+00  0.0000E+00  0.0000E+00  0.0000E+00  0.0000E+00  0.0000E+00  0.0000E+00  0.0000E+00  0.0000E+00
       0.0000E+00  0.0000E+00  0.0000E+00  0.0000E+00  0.0000E+00  0.0000E+00  0.0000E+00  0.0000E+00  0.0000E+00  0.0000E+00
       0.0000E+00  0.0000E+00  0.0000E+00  0.0000E+00  0.0000E+00  0.0000E+00  0.0000E+00  0.0000E+00  0.0000E+00  0.0000E+00
       0.0000E+00  0.0000E+00  0.0000E+00  0.0000E+00  0.0000E+00  0.0000E+00  0.0000E+00  0.0000E+00  0.0000E+00  0.0000E+00
       0.0000E+00  0.0000E+00  0.0000E+00  0.0000E+00  0.0000E+00  0.0000E+00  0.0000E+00  0.0000E+00  0.0000E+00  0.0000E+00
       0.0000E+00  0.0000E+00  0.0000E+00  0.0000E+00  0.0000E+00  0.0000E+00  0.0000E+00  0.0000E+00  0.0000E+00  0.0000E+00
       0.0000E+00  0.0000E+00  0.0000E+00  0.0000E+00  0.0000E+00  0.0000E+00  0.0000E+00  0.0000E+00  0.0000E+00  0.0000E+00
       0.0000E+00  0.0000E+00  0.0000E+00  0.0000E+00  0.0000E+00  0.0000E+00  0.0000E+00  0.0000E+00  0.0000E+00  0.0000E+00
       0.0000E+00  0.0000E+00  0.0000E+00  0.0000E+00  0.0000E+00  0.0000E+00  0.0000E+00  0.0000E+00  0.0000E+00  0.0000E+00
       0.0000E+00  0.0000E+00  0.0000E+00  0.0000E+00  0.0000E+00  0.0000E+00  0.0000E+00  0.0000E+00  0.0000E+00  0.0000E+00
       0.0000E+00  0.0000E+00  0.0000E+00  0.0000E+00  0.0000E+00  0.0000E+00  0.0000E+00  0.0000E+00  0.0000E+00  0.0000E+00
       0.0000E+00  0.0000E+00  0.0000E+00  0.0000E+00  0.0000E+00  0.0000E+00  0.0000E+00  0.0000E+00  0.0000E+00  0.0000E+00
       0.0000E+00  0.0000E+00  0.0000E+00  0.0000E+00  0.0000E+00  0.0000E+00  0.0000E+00  0.0000E+00  0.0000E+00  0.0000E+00
       0.0000E+00  0.0000E+00  0.0000E+00  0.0000E+00  0.0000E+00  0.0000E+00  0.0000E+00  0.0000E+00  0.0000E+00  0.0000E+00
       0.0000E+00  0.0000E+00  0.0000E+00  0.0000E+00  0.0000E+00  0.0000E+00  0.0000E+00  0.0000E+00  0.0000E+00  0.0000E+00
       0.0000E+00  0.0000E+00  0.0000E+00  0.0000E+00  0.0000E+00  0.0000E+00  0.0000E+00  0.0000E+00  0.0000E+00  0.0000E+00
