
 *****  Protons in Lexan (0.15GeV, 3cm)                                                   *****

           DATE: 12/18/18,  TIME: 14:34: 0

          Total number of particles followed       10000000, for a total weight of  1.0000E+07

1

   Bdrx n.   2  "ofluence  " , generalized particle n.    1, from region n.     5 to region n.     4
      detector area:  1.0000E+02 cm**2
      this is a one way only estimator
      this is a fluence like estimator
      linear energy binning from   7.0000E-02 to  2.0000E-01 GeV,   650 bins ( 2.0000E-04 GeV wide)
      linear angular binning from  0.0000E+00 to  6.2832E+00 sr ,     1 bins ( 6.2832E+00 sr wide )
      Data follow in a matrix A(ie,ia), format (1(5x,1p,10(1x,e11.4)))

       7.9685E-04  7.5990E-04  7.9104E-04  7.6355E-04  7.3999E-04  8.3916E-04  7.8194E-04  8.1012E-04  7.9176E-04  8.1166E-04
       7.8189E-04  7.8422E-04  7.7340E-04  7.7957E-04  8.2229E-04  8.0493E-04  7.7921E-04  8.1751E-04  7.9192E-04  8.0489E-04
       7.8828E-04  7.8727E-04  7.5391E-04  7.6407E-04  8.4009E-04  8.0134E-04  7.9723E-04  7.6193E-04  8.3897E-04  7.8278E-04
       8.3609E-04  7.4482E-04  7.1193E-04  7.8012E-04  7.6003E-04  7.4383E-04  7.2771E-04  7.4620E-04  7.8307E-04  7.6271E-04
       7.4206E-04  8.0629E-04  7.4071E-04  7.3908E-04  7.4259E-04  7.6040E-04  7.5067E-04  7.5396E-04  7.5484E-04  7.5336E-04
       8.0030E-04  7.2647E-04  7.2168E-04  7.0987E-04  7.2650E-04  7.3849E-04  7.2510E-04  7.1732E-04  7.2925E-04  7.8712E-04
       6.9685E-04  6.8327E-04  7.7471E-04  6.7582E-04  7.6700E-04  7.3300E-04  7.3394E-04  7.1485E-04  7.2325E-04  7.1503E-04
       6.6897E-04  7.0847E-04  7.1208E-04  7.0207E-04  6.7281E-04  7.5292E-04  6.9798E-04  6.8474E-04  6.7339E-04  7.2550E-04
       6.8918E-04  6.5710E-04  7.0981E-04  7.0748E-04  7.2088E-04  6.8819E-04  6.9674E-04  7.0096E-04  6.2568E-04  6.6897E-04
       6.9897E-04  6.4509E-04  6.5008E-04  6.5420E-04  6.9219E-04  6.4169E-04  6.8454E-04  6.4102E-04  6.9682E-04  7.0187E-04
       6.4137E-04  6.7154E-04  6.6059E-04  6.2211E-04  6.4468E-04  6.3216E-04  6.5898E-04  6.5147E-04  6.4751E-04  6.4475E-04
       6.2496E-04  6.0902E-04  6.1227E-04  6.2627E-04  6.1845E-04  5.9204E-04  5.5450E-04  6.0784E-04  5.7144E-04  6.0442E-04
       5.9458E-04  6.0749E-04  5.8245E-04  5.8792E-04  5.7003E-04  5.7255E-04  5.8611E-04  5.8028E-04  5.7152E-04  5.6599E-04
       6.0012E-04  5.9108E-04  5.6420E-04  5.5264E-04  5.5002E-04  5.3615E-04  5.1500E-04  5.7954E-04  5.3116E-04  5.4540E-04
       5.2609E-04  5.6160E-04  5.0981E-04  5.2105E-04  5.2720E-04  5.0386E-04  5.3805E-04  4.6764E-04  5.0036E-04  5.0312E-04
       5.0147E-04  4.9873E-04  5.0217E-04  4.8393E-04  4.9288E-04  5.0302E-04  4.6636E-04  4.6725E-04  4.8842E-04  4.1903E-04
       4.4632E-04  4.5783E-04  4.4378E-04  4.1201E-04  4.3727E-04  3.9261E-04  3.7697E-04  4.0868E-04  3.3741E-04  3.3935E-04
       3.7725E-04  3.4531E-04  3.2912E-04  3.1965E-04  3.1834E-04  3.0199E-04  2.5859E-04  2.5263E-04  3.0029E-04  3.1683E-04
       2.8216E-04  2.8262E-04  2.8037E-04  2.7638E-04  2.7736E-04  3.0593E-04  3.2791E-04  3.0731E-04  2.9622E-04  3.2786E-04
       3.3418E-04  4.0404E-04  3.5719E-04  4.1523E-04  4.3018E-04  4.5491E-04  4.7430E-04  4.8252E-04  5.5882E-04  5.7013E-04
       6.0585E-04  6.4641E-04  6.9997E-04  7.5958E-04  8.2820E-04  9.6903E-04  1.0911E-03  1.3289E-03  1.5351E-03  2.0274E-03
       2.7160E-03  3.9293E-03  5.6071E-03  8.1019E-03  1.2096E-02  1.7848E-02  2.6262E-02  3.8149E-02  5.4417E-02  7.5578E-02
       1.0423E-01  1.3855E-01  1.8034E-01  2.2924E-01  2.8199E-01  3.3889E-01  3.9468E-01  4.4535E-01  4.8774E-01  5.1745E-01
       5.3339E-01  5.3032E-01  5.0938E-01  4.7494E-01  4.2769E-01  3.7142E-01  3.1127E-01  2.5149E-01  1.9606E-01  1.4644E-01
       1.0548E-01  7.3169E-02  4.9325E-02  3.1681E-02  1.9364E-02  1.1451E-02  6.4855E-03  3.6050E-03  1.8336E-03  9.7130E-04
       4.3631E-04  2.1097E-04  8.4385E-05  4.0602E-05  1.0351E-05  1.5918E-06  3.9805E-06  1.5927E-06  0.0000E+00  0.0000E+00
       0.0000E+00  0.0000E+00  0.0000E+00  0.0000E+00  0.0000E+00  0.0000E+00  0.0000E+00  0.0000E+00  0.0000E+00  0.0000E+00
       0.0000E+00  0.0000E+00  0.0000E+00  0.0000E+00  0.0000E+00  0.0000E+00  0.0000E+00  0.0000E+00  0.0000E+00  0.0000E+00
       0.0000E+00  0.0000E+00  0.0000E+00  0.0000E+00  0.0000E+00  0.0000E+00  0.0000E+00  0.0000E+00  0.0000E+00  0.0000E+00
       0.0000E+00  0.0000E+00  0.0000E+00  0.0000E+00  0.0000E+00  0.0000E+00  0.0000E+00  0.0000E+00  0.0000E+00  0.0000E+00
       0.0000E+00  0.0000E+00  0.0000E+00  0.0000E+00  0.0000E+00  0.0000E+00  0.0000E+00  0.0000E+00  0.0000E+00  0.0000E+00
       0.0000E+00  0.0000E+00  0.0000E+00  0.0000E+00  0.0000E+00  0.0000E+00  0.0000E+00  0.0000E+00  0.0000E+00  0.0000E+00
       0.0000E+00  0.0000E+00  0.0000E+00  0.0000E+00  0.0000E+00  0.0000E+00  0.0000E+00  0.0000E+00  0.0000E+00  0.0000E+00
       0.0000E+00  0.0000E+00  0.0000E+00  0.0000E+00  0.0000E+00  0.0000E+00  0.0000E+00  0.0000E+00  0.0000E+00  0.0000E+00
       0.0000E+00  0.0000E+00  0.0000E+00  0.0000E+00  0.0000E+00  0.0000E+00  0.0000E+00  0.0000E+00  0.0000E+00  0.0000E+00
       0.0000E+00  0.0000E+00  0.0000E+00  0.0000E+00  0.0000E+00  0.0000E+00  0.0000E+00  0.0000E+00  0.0000E+00  0.0000E+00
       0.0000E+00  0.0000E+00  0.0000E+00  0.0000E+00  0.0000E+00  0.0000E+00  0.0000E+00  0.0000E+00  0.0000E+00  0.0000E+00
       0.0000E+00  0.0000E+00  0.0000E+00  0.0000E+00  0.0000E+00  0.0000E+00  0.0000E+00  0.0000E+00  0.0000E+00  0.0000E+00
       0.0000E+00  0.0000E+00  0.0000E+00  0.0000E+00  0.0000E+00  0.0000E+00  0.0000E+00  0.0000E+00  0.0000E+00  0.0000E+00
       0.0000E+00  0.0000E+00  0.0000E+00  0.0000E+00  0.0000E+00  0.0000E+00  0.0000E+00  0.0000E+00  0.0000E+00  0.0000E+00
       0.0000E+00  0.0000E+00  0.0000E+00  0.0000E+00  0.0000E+00  0.0000E+00  0.0000E+00  0.0000E+00  0.0000E+00  0.0000E+00
       0.0000E+00  0.0000E+00  0.0000E+00  0.0000E+00  0.0000E+00  0.0000E+00  0.0000E+00  0.0000E+00  0.0000E+00  0.0000E+00
       0.0000E+00  0.0000E+00  0.0000E+00  0.0000E+00  0.0000E+00  0.0000E+00  0.0000E+00  0.0000E+00  0.0000E+00  0.0000E+00
       0.0000E+00  0.0000E+00  0.0000E+00  0.0000E+00  0.0000E+00  0.0000E+00  0.0000E+00  0.0000E+00  0.0000E+00  0.0000E+00
       0.0000E+00  0.0000E+00  0.0000E+00  0.0000E+00  0.0000E+00  0.0000E+00  0.0000E+00  0.0000E+00  0.0000E+00  0.0000E+00
       0.0000E+00  0.0000E+00  0.0000E+00  0.0000E+00  0.0000E+00  0.0000E+00  0.0000E+00  0.0000E+00  0.0000E+00  0.0000E+00
       0.0000E+00  0.0000E+00  0.0000E+00  0.0000E+00  0.0000E+00  0.0000E+00  0.0000E+00  0.0000E+00  0.0000E+00  0.0000E+00
       0.0000E+00  0.0000E+00  0.0000E+00  0.0000E+00  0.0000E+00  0.0000E+00  0.0000E+00  0.0000E+00  0.0000E+00  0.0000E+00
       0.0000E+00  0.0000E+00  0.0000E+00  0.0000E+00  0.0000E+00  0.0000E+00  0.0000E+00  0.0000E+00  0.0000E+00  0.0000E+00
       0.0000E+00  0.0000E+00  0.0000E+00  0.0000E+00  0.0000E+00  0.0000E+00  0.0000E+00  0.0000E+00  0.0000E+00  0.0000E+00
       0.0000E+00  0.0000E+00  0.0000E+00  0.0000E+00  0.0000E+00  0.0000E+00  0.0000E+00  0.0000E+00  0.0000E+00  0.0000E+00
       0.0000E+00  0.0000E+00  0.0000E+00  0.0000E+00  0.0000E+00  0.0000E+00  0.0000E+00  0.0000E+00  0.0000E+00  0.0000E+00
       0.0000E+00  0.0000E+00  0.0000E+00  0.0000E+00  0.0000E+00  0.0000E+00  0.0000E+00  0.0000E+00  0.0000E+00  0.0000E+00
       0.0000E+00  0.0000E+00  0.0000E+00  0.0000E+00  0.0000E+00  0.0000E+00  0.0000E+00  0.0000E+00  0.0000E+00  0.0000E+00
       0.0000E+00  0.0000E+00  0.0000E+00  0.0000E+00  0.0000E+00  0.0000E+00  0.0000E+00  0.0000E+00  0.0000E+00  0.0000E+00
       0.0000E+00  0.0000E+00  0.0000E+00  0.0000E+00  0.0000E+00  0.0000E+00  0.0000E+00  0.0000E+00  0.0000E+00  0.0000E+00
       0.0000E+00  0.0000E+00  0.0000E+00  0.0000E+00  0.0000E+00  0.0000E+00  0.0000E+00  0.0000E+00  0.0000E+00  0.0000E+00
       0.0000E+00  0.0000E+00  0.0000E+00  0.0000E+00  0.0000E+00  0.0000E+00  0.0000E+00  0.0000E+00  0.0000E+00  0.0000E+00
       0.0000E+00  0.0000E+00  0.0000E+00  0.0000E+00  0.0000E+00  0.0000E+00  0.0000E+00  0.0000E+00  0.0000E+00  0.0000E+00
       0.0000E+00  0.0000E+00  0.0000E+00  0.0000E+00  0.0000E+00  0.0000E+00  0.0000E+00  0.0000E+00  0.0000E+00  0.0000E+00
       0.0000E+00  0.0000E+00  0.0000E+00  0.0000E+00  0.0000E+00  0.0000E+00  0.0000E+00  0.0000E+00  0.0000E+00  0.0000E+00
       0.0000E+00  0.0000E+00  0.0000E+00  0.0000E+00  0.0000E+00  0.0000E+00  0.0000E+00  0.0000E+00  0.0000E+00  0.0000E+00
       0.0000E+00  0.0000E+00  0.0000E+00  0.0000E+00  0.0000E+00  0.0000E+00  0.0000E+00  0.0000E+00  0.0000E+00  0.0000E+00
       0.0000E+00  0.0000E+00  0.0000E+00  0.0000E+00  0.0000E+00  0.0000E+00  0.0000E+00  0.0000E+00  0.0000E+00  0.0000E+00
       0.0000E+00  0.0000E+00  0.0000E+00  0.0000E+00  0.0000E+00  0.0000E+00  0.0000E+00  0.0000E+00  0.0000E+00  0.0000E+00
1

   Bdrx n.   6  "ofluence  " , generalized particle n.    1, from region n.     5 to region n.     4
      detector area:  1.0000E+02 cm**2
      this is a one way only estimator
      this is a fluence like estimator
      linear energy binning from   0.0000E+00 to  3.0000E+02 GeV,     1 bins ( 3.0000E+02 GeV wide)
      linear angular binning from  0.0000E+00 to  6.2832E+00 sr ,     1 bins ( 6.2832E+00 sr wide )
      Data follow in a matrix A(ie,ia), format (1(5x,1p,10(1x,e11.4)))

       5.1715E-06
