
 *****  Protons in Lexan (0.12GeV, 1cm)                                                   *****

           DATE: 12/19/18,  TIME: 13: 1:19

          Total number of particles followed       25000000, for a total weight of  2.5000E+07

1

   Bdrx n.   2  "ofluence  " , generalized particle n.    1, from region n.     5 to region n.     4
      detector area:  1.0000E+02 cm**2
      this is a one way only estimator
      this is a fluence like estimator
      linear energy binning from   4.0000E-02 to  1.7000E-01 GeV,   650 bins ( 2.0000E-04 GeV wide)
      linear angular binning from  0.0000E+00 to  6.2832E+00 sr ,     1 bins ( 6.2832E+00 sr wide )
      Data follow in a matrix A(ie,ia), format (1(5x,1p,10(1x,e11.4)))

       4.2450E-04  4.2402E-04  4.3192E-04  4.3423E-04  4.7472E-04  4.6387E-04  4.4190E-04  4.5390E-04  4.3830E-04  4.6258E-04
       4.5608E-04  4.3736E-04  4.5572E-04  4.5346E-04  4.4313E-04  4.6657E-04  4.5028E-04  4.2774E-04  4.5676E-04  4.5916E-04
       4.6250E-04  4.4995E-04  4.3594E-04  4.5185E-04  4.4539E-04  4.5076E-04  4.6346E-04  4.5658E-04  4.4210E-04  4.3540E-04
       4.8703E-04  4.5131E-04  4.8535E-04  4.5263E-04  4.5365E-04  4.7416E-04  4.6150E-04  4.4847E-04  5.0554E-04  4.7039E-04
       4.7758E-04  4.6961E-04  4.3744E-04  4.6263E-04  4.5942E-04  4.6496E-04  4.5650E-04  4.9253E-04  4.6252E-04  4.5138E-04
       4.6870E-04  4.5500E-04  4.6142E-04  4.9924E-04  4.3459E-04  4.4655E-04  4.5243E-04  4.7572E-04  4.8057E-04  4.7010E-04
       4.5326E-04  4.8331E-04  4.6619E-04  4.5619E-04  4.4220E-04  4.7248E-04  4.5120E-04  4.5415E-04  4.6505E-04  4.5311E-04
       4.8372E-04  4.8722E-04  4.7808E-04  4.7906E-04  4.4792E-04  4.6202E-04  4.6669E-04  4.6970E-04  4.5773E-04  4.8672E-04
       4.6864E-04  4.8569E-04  4.7458E-04  4.8266E-04  4.4935E-04  4.5799E-04  5.1959E-04  4.6744E-04  4.8262E-04  5.0237E-04
       5.1072E-04  4.7218E-04  4.8648E-04  4.7767E-04  4.5221E-04  4.6378E-04  4.9414E-04  4.7608E-04  4.5515E-04  4.7090E-04
       4.8278E-04  4.8463E-04  4.9412E-04  4.9162E-04  4.7157E-04  4.7498E-04  4.7666E-04  4.5296E-04  4.6878E-04  4.7277E-04
       4.7799E-04  4.6565E-04  4.5116E-04  4.7090E-04  4.4563E-04  4.3998E-04  4.4032E-04  4.5126E-04  4.6638E-04  4.8593E-04
       4.8190E-04  4.7163E-04  4.8249E-04  4.5293E-04  4.9827E-04  4.7966E-04  4.5585E-04  4.7047E-04  4.6436E-04  4.6839E-04
       4.6142E-04  4.6573E-04  4.6783E-04  4.5106E-04  4.5947E-04  4.9002E-04  4.7064E-04  4.6131E-04  4.7476E-04  4.5049E-04
       4.5074E-04  4.5586E-04  4.7928E-04  4.7058E-04  4.5303E-04  4.6677E-04  4.4633E-04  4.6019E-04  4.5655E-04  4.3850E-04
       4.5137E-04  4.4674E-04  4.5353E-04  4.8692E-04  4.5672E-04  4.5017E-04  4.4338E-04  4.4325E-04  4.5590E-04  4.3907E-04
       4.5311E-04  4.4077E-04  4.3045E-04  4.5230E-04  4.2452E-04  4.3583E-04  4.2598E-04  4.5710E-04  4.0766E-04  4.3072E-04
       4.3806E-04  4.5272E-04  4.1269E-04  4.1685E-04  4.2166E-04  4.3346E-04  4.2593E-04  4.0596E-04  4.1581E-04  4.2650E-04
       4.1905E-04  4.0529E-04  3.9642E-04  4.1212E-04  4.1010E-04  3.9431E-04  4.0353E-04  4.1016E-04  4.1947E-04  3.8192E-04
       3.7838E-04  3.9041E-04  4.1124E-04  3.9463E-04  3.5869E-04  3.9335E-04  3.9816E-04  3.8757E-04  3.8265E-04  3.8341E-04
       3.5804E-04  3.9521E-04  3.8665E-04  3.8191E-04  3.9314E-04  3.8139E-04  3.8628E-04  3.7897E-04  3.7742E-04  3.8540E-04
       3.7392E-04  3.6086E-04  3.6958E-04  3.5774E-04  3.4272E-04  3.4261E-04  3.6711E-04  3.5796E-04  3.5921E-04  3.6415E-04
       3.4380E-04  3.3713E-04  3.5476E-04  3.6662E-04  3.6813E-04  3.2582E-04  3.4282E-04  3.4425E-04  3.3000E-04  3.4702E-04
       3.4132E-04  3.5169E-04  3.2364E-04  3.5289E-04  3.2805E-04  3.3416E-04  3.3335E-04  3.3678E-04  3.1734E-04  3.1618E-04
       3.1401E-04  3.1469E-04  3.2832E-04  2.9242E-04  3.1061E-04  2.9992E-04  2.9528E-04  2.9531E-04  3.0820E-04  3.0197E-04
       2.9896E-04  2.9127E-04  2.8518E-04  2.7955E-04  2.7705E-04  2.5539E-04  2.6229E-04  2.6065E-04  2.6353E-04  2.5616E-04
       2.3930E-04  2.4488E-04  2.2353E-04  2.1812E-04  2.0697E-04  1.8901E-04  1.9582E-04  1.9020E-04  1.9165E-04  1.6771E-04
       1.8255E-04  1.4940E-04  1.6147E-04  1.5526E-04  1.4811E-04  1.5292E-04  1.4278E-04  1.5210E-04  1.5513E-04  1.6240E-04
       1.6158E-04  1.6062E-04  1.6811E-04  1.6434E-04  1.7562E-04  1.8993E-04  1.8404E-04  1.8699E-04  2.0324E-04  2.2693E-04
       2.3089E-04  2.3706E-04  2.8903E-04  2.9312E-04  2.9565E-04  3.2500E-04  3.6126E-04  3.5631E-04  3.5721E-04  3.6737E-04
       3.6827E-04  3.9951E-04  3.8670E-04  4.1852E-04  4.6960E-04  5.5778E-04  7.0424E-04  9.6834E-04  1.3876E-03  2.1714E-03
       3.8144E-03  7.1127E-03  1.3406E-02  2.4968E-02  4.6165E-02  8.1097E-02  1.3552E-01  2.1440E-01  3.1878E-01  4.4411E-01
       5.8052E-01  7.0686E-01  8.0184E-01  8.4412E-01  8.2430E-01  7.4666E-01  6.2290E-01  4.7938E-01  3.4044E-01  2.2125E-01
       1.3247E-01  7.2524E-02  3.6069E-02  1.6594E-02  6.7805E-03  2.5994E-03  8.9883E-04  2.7573E-04  7.8003E-05  1.5282E-05
       4.7755E-06  9.5508E-07  0.0000E+00  0.0000E+00  0.0000E+00  0.0000E+00  0.0000E+00  0.0000E+00  0.0000E+00  0.0000E+00
       0.0000E+00  0.0000E+00  0.0000E+00  0.0000E+00  0.0000E+00  0.0000E+00  0.0000E+00  0.0000E+00  0.0000E+00  0.0000E+00
       0.0000E+00  0.0000E+00  0.0000E+00  0.0000E+00  0.0000E+00  0.0000E+00  0.0000E+00  0.0000E+00  0.0000E+00  0.0000E+00
       0.0000E+00  0.0000E+00  0.0000E+00  0.0000E+00  0.0000E+00  0.0000E+00  0.0000E+00  0.0000E+00  0.0000E+00  0.0000E+00
       0.0000E+00  0.0000E+00  0.0000E+00  0.0000E+00  0.0000E+00  0.0000E+00  0.0000E+00  0.0000E+00  0.0000E+00  0.0000E+00
       0.0000E+00  0.0000E+00  0.0000E+00  0.0000E+00  0.0000E+00  0.0000E+00  0.0000E+00  0.0000E+00  0.0000E+00  0.0000E+00
       0.0000E+00  0.0000E+00  0.0000E+00  0.0000E+00  0.0000E+00  0.0000E+00  0.0000E+00  0.0000E+00  0.0000E+00  0.0000E+00
       0.0000E+00  0.0000E+00  0.0000E+00  0.0000E+00  0.0000E+00  0.0000E+00  0.0000E+00  0.0000E+00  0.0000E+00  0.0000E+00
       0.0000E+00  0.0000E+00  0.0000E+00  0.0000E+00  0.0000E+00  0.0000E+00  0.0000E+00  0.0000E+00  0.0000E+00  0.0000E+00
       0.0000E+00  0.0000E+00  0.0000E+00  0.0000E+00  0.0000E+00  0.0000E+00  0.0000E+00  0.0000E+00  0.0000E+00  0.0000E+00
       0.0000E+00  0.0000E+00  0.0000E+00  0.0000E+00  0.0000E+00  0.0000E+00  0.0000E+00  0.0000E+00  0.0000E+00  0.0000E+00
       0.0000E+00  0.0000E+00  0.0000E+00  0.0000E+00  0.0000E+00  0.0000E+00  0.0000E+00  0.0000E+00  0.0000E+00  0.0000E+00
       0.0000E+00  0.0000E+00  0.0000E+00  0.0000E+00  0.0000E+00  0.0000E+00  0.0000E+00  0.0000E+00  0.0000E+00  0.0000E+00
       0.0000E+00  0.0000E+00  0.0000E+00  0.0000E+00  0.0000E+00  0.0000E+00  0.0000E+00  0.0000E+00  0.0000E+00  0.0000E+00
       0.0000E+00  0.0000E+00  0.0000E+00  0.0000E+00  0.0000E+00  0.0000E+00  0.0000E+00  0.0000E+00  0.0000E+00  0.0000E+00
       0.0000E+00  0.0000E+00  0.0000E+00  0.0000E+00  0.0000E+00  0.0000E+00  0.0000E+00  0.0000E+00  0.0000E+00  0.0000E+00
       0.0000E+00  0.0000E+00  0.0000E+00  0.0000E+00  0.0000E+00  0.0000E+00  0.0000E+00  0.0000E+00  0.0000E+00  0.0000E+00
       0.0000E+00  0.0000E+00  0.0000E+00  0.0000E+00  0.0000E+00  0.0000E+00  0.0000E+00  0.0000E+00  0.0000E+00  0.0000E+00
       0.0000E+00  0.0000E+00  0.0000E+00  0.0000E+00  0.0000E+00  0.0000E+00  0.0000E+00  0.0000E+00  0.0000E+00  0.0000E+00
       0.0000E+00  0.0000E+00  0.0000E+00  0.0000E+00  0.0000E+00  0.0000E+00  0.0000E+00  0.0000E+00  0.0000E+00  0.0000E+00
       0.0000E+00  0.0000E+00  0.0000E+00  0.0000E+00  0.0000E+00  0.0000E+00  0.0000E+00  0.0000E+00  0.0000E+00  0.0000E+00
       0.0000E+00  0.0000E+00  0.0000E+00  0.0000E+00  0.0000E+00  0.0000E+00  0.0000E+00  0.0000E+00  0.0000E+00  0.0000E+00
       0.0000E+00  0.0000E+00  0.0000E+00  0.0000E+00  0.0000E+00  0.0000E+00  0.0000E+00  0.0000E+00  0.0000E+00  0.0000E+00
       0.0000E+00  0.0000E+00  0.0000E+00  0.0000E+00  0.0000E+00  0.0000E+00  0.0000E+00  0.0000E+00  0.0000E+00  0.0000E+00
       0.0000E+00  0.0000E+00  0.0000E+00  0.0000E+00  0.0000E+00  0.0000E+00  0.0000E+00  0.0000E+00  0.0000E+00  0.0000E+00
       0.0000E+00  0.0000E+00  0.0000E+00  0.0000E+00  0.0000E+00  0.0000E+00  0.0000E+00  0.0000E+00  0.0000E+00  0.0000E+00
       0.0000E+00  0.0000E+00  0.0000E+00  0.0000E+00  0.0000E+00  0.0000E+00  0.0000E+00  0.0000E+00  0.0000E+00  0.0000E+00
       0.0000E+00  0.0000E+00  0.0000E+00  0.0000E+00  0.0000E+00  0.0000E+00  0.0000E+00  0.0000E+00  0.0000E+00  0.0000E+00
       0.0000E+00  0.0000E+00  0.0000E+00  0.0000E+00  0.0000E+00  0.0000E+00  0.0000E+00  0.0000E+00  0.0000E+00  0.0000E+00
       0.0000E+00  0.0000E+00  0.0000E+00  0.0000E+00  0.0000E+00  0.0000E+00  0.0000E+00  0.0000E+00  0.0000E+00  0.0000E+00
       0.0000E+00  0.0000E+00  0.0000E+00  0.0000E+00  0.0000E+00  0.0000E+00  0.0000E+00  0.0000E+00  0.0000E+00  0.0000E+00
1

   Bdrx n.   6  "ofluence  " , generalized particle n.    1, from region n.     5 to region n.     4
      detector area:  1.0000E+02 cm**2
      this is a one way only estimator
      this is a fluence like estimator
      linear energy binning from   0.0000E+00 to  3.0000E+02 GeV,     1 bins ( 3.0000E+02 GeV wide)
      linear angular binning from  0.0000E+00 to  6.2832E+00 sr ,     1 bins ( 6.2832E+00 sr wide )
      Data follow in a matrix A(ie,ia), format (1(5x,1p,10(1x,e11.4)))

       5.2774E-06
