
 *****  Protons in Lexan (0.12GeV, 1cm)                                                   *****

           DATE: 12/19/18,  TIME: 13: 1:19

          Total number of particles followed       25000000, for a total weight of  2.5000E+07

1

   Res. nuclei n.   1  "Ian       " ,  all         products, region n.     5
      detector volume:  1.0000E+00 cm**3
      Max. Z:  10, Max. N-Z:  11 Min. N-Z: -4
      Data follow in a matrix A(z,n-z-k), k: -5 format (1(5x,1p,10(1x,e11.4)))

       0.0000E+00  0.0000E+00  0.0000E+00  0.0000E+00  0.0000E+00  0.0000E+00  0.0000E+00  0.0000E+00  0.0000E+00  0.0000E+00
       0.0000E+00  0.0000E+00  0.0000E+00  0.0000E+00  0.0000E+00  1.4200E-05  0.0000E+00  5.6000E-07  0.0000E+00  0.0000E+00
       0.0000E+00  0.0000E+00  0.0000E+00  0.0000E+00  1.1856E-04  1.7208E-04  2.8560E-05  2.9040E-05  0.0000E+00  0.0000E+00
       2.6497E-02  3.3160E-03  0.0000E+00  1.6316E-03  0.0000E+00  4.3727E-03  5.5320E-05  1.0283E-03  0.0000E+00  0.0000E+00
       6.0570E-03  2.8133E-02  2.2611E-03  0.0000E+00  1.3868E-03  1.0526E-02  5.2326E-04  1.2306E-03  8.0000E-08  2.4000E-07
       1.5288E-03  0.0000E+00  1.0933E-03  2.9658E-04  2.5363E-03  3.2967E-04  6.2669E-04  1.2504E-06  4.0000E-08  0.0000E+00
       0.0000E+00  5.5600E-05  8.2240E-05  1.5140E-04  2.4313E-05  6.1200E-05  1.7667E-06  1.8800E-06  0.0000E+00  0.0000E+00
       0.0000E+00  0.0000E+00  3.2400E-06  5.6000E-07  1.0800E-06  4.0000E-08  5.2000E-07  0.0000E+00  0.0000E+00  0.0000E+00
       0.0000E+00  0.0000E+00  0.0000E+00  0.0000E+00  0.0000E+00  0.0000E+00  0.0000E+00  0.0000E+00  0.0000E+00  0.0000E+00
       0.0000E+00  0.0000E+00  0.0000E+00  0.0000E+00  0.0000E+00  0.0000E+00  0.0000E+00  0.0000E+00  0.0000E+00  0.0000E+00
       0.0000E+00  0.0000E+00  0.0000E+00  0.0000E+00  0.0000E+00  0.0000E+00  0.0000E+00  0.0000E+00  0.0000E+00  0.0000E+00
       0.0000E+00  0.0000E+00  0.0000E+00  0.0000E+00  0.0000E+00  0.0000E+00  0.0000E+00  0.0000E+00  0.0000E+00  0.0000E+00
       0.0000E+00  0.0000E+00  0.0000E+00  0.0000E+00  0.0000E+00  0.0000E+00  0.0000E+00  0.0000E+00  0.0000E+00  0.0000E+00
       0.0000E+00  0.0000E+00  0.0000E+00  0.0000E+00  0.0000E+00  0.0000E+00  0.0000E+00  0.0000E+00  0.0000E+00  0.0000E+00
       0.0000E+00  0.0000E+00  0.0000E+00  0.0000E+00  0.0000E+00  0.0000E+00  0.0000E+00  0.0000E+00  0.0000E+00  0.0000E+00
       0.0000E+00  0.0000E+00  0.0000E+00  0.0000E+00  0.0000E+00  0.0000E+00  0.0000E+00  0.0000E+00  0.0000E+00  0.0000E+00
