
 *****  Protons in Lexan (0.12GeV, 1cm)                                                   *****

           DATE: 12/19/18,  TIME: 13: 1:19

          Total number of particles followed       25000000, for a total weight of  2.5000E+07

1

   Bdrx n.   4  "ocurrent  " , generalized particle n.    1, from region n.     5 to region n.     4
      detector area:  1.0000E+02 cm**2
      this is a one way only estimator
      this is a current like estimator
      linear energy binning from   4.0000E-02 to  1.7000E-01 GeV,   650 bins ( 2.0000E-04 GeV wide)
      linear angular binning from  0.0000E+00 to  6.2832E+00 sr ,     1 bins ( 6.2832E+00 sr wide )
      Data follow in a matrix A(ie,ia), format (1(5x,1p,10(1x,e11.4)))

       3.0653E-04  3.0940E-04  3.1163E-04  3.1035E-04  3.3295E-04  3.2913E-04  3.1926E-04  3.2277E-04  3.1831E-04  3.3327E-04
       3.3009E-04  3.1672E-04  3.2372E-04  3.2913E-04  3.2149E-04  3.3200E-04  3.2468E-04  3.1099E-04  3.3295E-04  3.3136E-04
       3.3932E-04  3.3072E-04  3.2022E-04  3.2499E-04  3.2850E-04  3.3295E-04  3.4218E-04  3.3391E-04  3.3200E-04  3.1895E-04
       3.6033E-04  3.3359E-04  3.5460E-04  3.3964E-04  3.3582E-04  3.5810E-04  3.4600E-04  3.4123E-04  3.5428E-04  3.4664E-04
       3.4855E-04  3.5523E-04  3.2977E-04  3.4950E-04  3.4377E-04  3.4982E-04  3.3773E-04  3.5396E-04  3.4568E-04  3.3677E-04
       3.5714E-04  3.4091E-04  3.4282E-04  3.7529E-04  3.2977E-04  3.4664E-04  3.3741E-04  3.5874E-04  3.6956E-04  3.6319E-04
       3.4314E-04  3.6701E-04  3.6033E-04  3.5269E-04  3.3518E-04  3.6383E-04  3.4791E-04  3.5523E-04  3.6160E-04  3.5078E-04
       3.7115E-04  3.6128E-04  3.7051E-04  3.7083E-04  3.5364E-04  3.5237E-04  3.6224E-04  3.6287E-04  3.6128E-04  3.7783E-04
       3.6033E-04  3.7815E-04  3.7115E-04  3.8356E-04  3.5651E-04  3.5523E-04  3.9661E-04  3.7051E-04  3.7974E-04  3.9502E-04
       3.9279E-04  3.7879E-04  3.8706E-04  3.7783E-04  3.6415E-04  3.7019E-04  3.8802E-04  3.8675E-04  3.5746E-04  3.8006E-04
       3.7815E-04  3.7688E-04  3.9057E-04  3.9502E-04  3.7242E-04  3.8643E-04  3.8484E-04  3.6669E-04  3.8038E-04  3.8866E-04
       3.8897E-04  3.6478E-04  3.6224E-04  3.7847E-04  3.5778E-04  3.5842E-04  3.6001E-04  3.6797E-04  3.7783E-04  3.9502E-04
       3.9184E-04  3.8643E-04  3.9216E-04  3.6956E-04  4.0839E-04  3.9725E-04  3.7529E-04  3.8579E-04  3.8452E-04  3.8706E-04
       3.7592E-04  3.8993E-04  3.8356E-04  3.7274E-04  3.8134E-04  4.0266E-04  3.9470E-04  3.8484E-04  3.9566E-04  3.7943E-04
       3.7815E-04  3.8229E-04  3.9948E-04  3.9884E-04  3.8134E-04  3.9120E-04  3.7847E-04  3.8579E-04  3.8834E-04  3.7051E-04
       3.8165E-04  3.7815E-04  3.8197E-04  4.0775E-04  3.8802E-04  3.8452E-04  3.7624E-04  3.7274E-04  3.8643E-04  3.7497E-04
       3.8611E-04  3.8070E-04  3.6669E-04  3.8579E-04  3.6606E-04  3.7497E-04  3.6637E-04  3.9470E-04  3.5110E-04  3.7274E-04
       3.7847E-04  3.8388E-04  3.5683E-04  3.5555E-04  3.6192E-04  3.7433E-04  3.6637E-04  3.4728E-04  3.6224E-04  3.7019E-04
       3.6319E-04  3.5205E-04  3.3645E-04  3.5460E-04  3.5237E-04  3.4346E-04  3.5205E-04  3.5746E-04  3.6637E-04  3.3741E-04
       3.3200E-04  3.3868E-04  3.6033E-04  3.4791E-04  3.1576E-04  3.4346E-04  3.4409E-04  3.3709E-04  3.3645E-04  3.3709E-04
       3.1417E-04  3.4600E-04  3.4155E-04  3.3423E-04  3.4441E-04  3.3232E-04  3.3741E-04  3.3614E-04  3.3423E-04  3.3868E-04
       3.3168E-04  3.2086E-04  3.2659E-04  3.1735E-04  3.0367E-04  3.0048E-04  3.2627E-04  3.1704E-04  3.1990E-04  3.2372E-04
       3.0239E-04  2.9921E-04  3.1545E-04  3.2531E-04  3.2690E-04  2.8871E-04  3.0749E-04  3.0303E-04  2.9603E-04  3.1226E-04
       3.0526E-04  3.1672E-04  2.9221E-04  3.1322E-04  2.9253E-04  2.9953E-04  2.9794E-04  3.0335E-04  2.8552E-04  2.8521E-04
       2.8552E-04  2.8170E-04  2.9666E-04  2.6261E-04  2.8043E-04  2.6802E-04  2.6611E-04  2.7056E-04  2.7566E-04  2.7025E-04
       2.6834E-04  2.6483E-04  2.5497E-04  2.5528E-04  2.4860E-04  2.2918E-04  2.3873E-04  2.3746E-04  2.4001E-04  2.3046E-04
       2.1709E-04  2.2123E-04  1.9990E-04  1.9799E-04  1.8366E-04  1.6839E-04  1.7252E-04  1.6807E-04  1.6998E-04  1.4610E-04
       1.5152E-04  1.2764E-04  1.4101E-04  1.3305E-04  1.2669E-04  1.1714E-04  1.2128E-04  1.3114E-04  1.3242E-04  1.3974E-04
       1.3942E-04  1.3592E-04  1.4260E-04  1.4101E-04  1.5120E-04  1.6552E-04  1.5693E-04  1.6266E-04  1.7953E-04  2.0149E-04
       2.0595E-04  2.1390E-04  2.6038E-04  2.6674E-04  2.6834E-04  2.9539E-04  3.3041E-04  3.2690E-04  3.2754E-04  3.3836E-04
       3.3454E-04  3.5969E-04  3.4982E-04  3.7815E-04  4.2335E-04  5.0675E-04  6.4521E-04  8.9572E-04  1.3044E-03  2.0792E-03
       3.7026E-03  6.9713E-03  1.3244E-02  2.4779E-02  4.5944E-02  8.0839E-02  1.3523E-01  2.1406E-01  3.1840E-01  4.4369E-01
       5.8008E-01  7.0641E-01  8.0140E-01  8.4371E-01  8.2395E-01  7.4636E-01  6.2267E-01  4.7922E-01  3.4033E-01  2.2118E-01
       1.3243E-01  7.2504E-02  3.6059E-02  1.6589E-02  6.7787E-03  2.5987E-03  8.9859E-04  2.7566E-04  7.7986E-05  1.5279E-05
       4.7746E-06  9.5493E-07  0.0000E+00  0.0000E+00  0.0000E+00  0.0000E+00  0.0000E+00  0.0000E+00  0.0000E+00  0.0000E+00
       0.0000E+00  0.0000E+00  0.0000E+00  0.0000E+00  0.0000E+00  0.0000E+00  0.0000E+00  0.0000E+00  0.0000E+00  0.0000E+00
       0.0000E+00  0.0000E+00  0.0000E+00  0.0000E+00  0.0000E+00  0.0000E+00  0.0000E+00  0.0000E+00  0.0000E+00  0.0000E+00
       0.0000E+00  0.0000E+00  0.0000E+00  0.0000E+00  0.0000E+00  0.0000E+00  0.0000E+00  0.0000E+00  0.0000E+00  0.0000E+00
       0.0000E+00  0.0000E+00  0.0000E+00  0.0000E+00  0.0000E+00  0.0000E+00  0.0000E+00  0.0000E+00  0.0000E+00  0.0000E+00
       0.0000E+00  0.0000E+00  0.0000E+00  0.0000E+00  0.0000E+00  0.0000E+00  0.0000E+00  0.0000E+00  0.0000E+00  0.0000E+00
       0.0000E+00  0.0000E+00  0.0000E+00  0.0000E+00  0.0000E+00  0.0000E+00  0.0000E+00  0.0000E+00  0.0000E+00  0.0000E+00
       0.0000E+00  0.0000E+00  0.0000E+00  0.0000E+00  0.0000E+00  0.0000E+00  0.0000E+00  0.0000E+00  0.0000E+00  0.0000E+00
       0.0000E+00  0.0000E+00  0.0000E+00  0.0000E+00  0.0000E+00  0.0000E+00  0.0000E+00  0.0000E+00  0.0000E+00  0.0000E+00
       0.0000E+00  0.0000E+00  0.0000E+00  0.0000E+00  0.0000E+00  0.0000E+00  0.0000E+00  0.0000E+00  0.0000E+00  0.0000E+00
       0.0000E+00  0.0000E+00  0.0000E+00  0.0000E+00  0.0000E+00  0.0000E+00  0.0000E+00  0.0000E+00  0.0000E+00  0.0000E+00
       0.0000E+00  0.0000E+00  0.0000E+00  0.0000E+00  0.0000E+00  0.0000E+00  0.0000E+00  0.0000E+00  0.0000E+00  0.0000E+00
       0.0000E+00  0.0000E+00  0.0000E+00  0.0000E+00  0.0000E+00  0.0000E+00  0.0000E+00  0.0000E+00  0.0000E+00  0.0000E+00
       0.0000E+00  0.0000E+00  0.0000E+00  0.0000E+00  0.0000E+00  0.0000E+00  0.0000E+00  0.0000E+00  0.0000E+00  0.0000E+00
       0.0000E+00  0.0000E+00  0.0000E+00  0.0000E+00  0.0000E+00  0.0000E+00  0.0000E+00  0.0000E+00  0.0000E+00  0.0000E+00
       0.0000E+00  0.0000E+00  0.0000E+00  0.0000E+00  0.0000E+00  0.0000E+00  0.0000E+00  0.0000E+00  0.0000E+00  0.0000E+00
       0.0000E+00  0.0000E+00  0.0000E+00  0.0000E+00  0.0000E+00  0.0000E+00  0.0000E+00  0.0000E+00  0.0000E+00  0.0000E+00
       0.0000E+00  0.0000E+00  0.0000E+00  0.0000E+00  0.0000E+00  0.0000E+00  0.0000E+00  0.0000E+00  0.0000E+00  0.0000E+00
       0.0000E+00  0.0000E+00  0.0000E+00  0.0000E+00  0.0000E+00  0.0000E+00  0.0000E+00  0.0000E+00  0.0000E+00  0.0000E+00
       0.0000E+00  0.0000E+00  0.0000E+00  0.0000E+00  0.0000E+00  0.0000E+00  0.0000E+00  0.0000E+00  0.0000E+00  0.0000E+00
       0.0000E+00  0.0000E+00  0.0000E+00  0.0000E+00  0.0000E+00  0.0000E+00  0.0000E+00  0.0000E+00  0.0000E+00  0.0000E+00
       0.0000E+00  0.0000E+00  0.0000E+00  0.0000E+00  0.0000E+00  0.0000E+00  0.0000E+00  0.0000E+00  0.0000E+00  0.0000E+00
       0.0000E+00  0.0000E+00  0.0000E+00  0.0000E+00  0.0000E+00  0.0000E+00  0.0000E+00  0.0000E+00  0.0000E+00  0.0000E+00
       0.0000E+00  0.0000E+00  0.0000E+00  0.0000E+00  0.0000E+00  0.0000E+00  0.0000E+00  0.0000E+00  0.0000E+00  0.0000E+00
       0.0000E+00  0.0000E+00  0.0000E+00  0.0000E+00  0.0000E+00  0.0000E+00  0.0000E+00  0.0000E+00  0.0000E+00  0.0000E+00
       0.0000E+00  0.0000E+00  0.0000E+00  0.0000E+00  0.0000E+00  0.0000E+00  0.0000E+00  0.0000E+00  0.0000E+00  0.0000E+00
       0.0000E+00  0.0000E+00  0.0000E+00  0.0000E+00  0.0000E+00  0.0000E+00  0.0000E+00  0.0000E+00  0.0000E+00  0.0000E+00
       0.0000E+00  0.0000E+00  0.0000E+00  0.0000E+00  0.0000E+00  0.0000E+00  0.0000E+00  0.0000E+00  0.0000E+00  0.0000E+00
       0.0000E+00  0.0000E+00  0.0000E+00  0.0000E+00  0.0000E+00  0.0000E+00  0.0000E+00  0.0000E+00  0.0000E+00  0.0000E+00
       0.0000E+00  0.0000E+00  0.0000E+00  0.0000E+00  0.0000E+00  0.0000E+00  0.0000E+00  0.0000E+00  0.0000E+00  0.0000E+00
       0.0000E+00  0.0000E+00  0.0000E+00  0.0000E+00  0.0000E+00  0.0000E+00  0.0000E+00  0.0000E+00  0.0000E+00  0.0000E+00
