
 *****  Protons in Lexan (70MeV, 1cm)                                                     *****

           DATE: 11/18/18,  TIME:  6:56:59

          Total number of particles followed       10000000, for a total weight of  1.0000E+07

1

   Res. nuclei n.   1  "Ian       " ,  all         products, region n.     5
      detector volume:  1.0000E+00 cm**3
      Max. Z:  10, Max. N-Z:  11 Min. N-Z: -4
      Data follow in a matrix A(z,n-z-k), k: -5 format (1(5x,1p,10(1x,e11.4)))

       0.0000E+00  0.0000E+00  0.0000E+00  0.0000E+00  0.0000E+00  0.0000E+00  0.0000E+00  0.0000E+00  0.0000E+00  0.0000E+00
       0.0000E+00  0.0000E+00  0.0000E+00  0.0000E+00  0.0000E+00  2.1200E-05  0.0000E+00  9.0000E-07  0.0000E+00  0.0000E+00
       0.0000E+00  0.0000E+00  0.0000E+00  0.0000E+00  1.7630E-04  2.8730E-04  4.6300E-05  5.1000E-05  0.0000E+00  0.0000E+00
       4.3207E-02  4.8126E-03  0.0000E+00  2.2638E-03  0.0000E+00  6.4397E-03  8.0200E-05  1.5222E-03  0.0000E+00  0.0000E+00
       1.0198E-02  3.8877E-02  3.1229E-03  0.0000E+00  2.0471E-03  1.2178E-02  7.4960E-04  1.4241E-03  1.0000E-07  5.0000E-07
       2.3561E-03  0.0000E+00  1.5859E-03  4.3304E-04  3.7804E-03  4.5587E-04  9.3531E-04  2.1195E-06  0.0000E+00  0.0000E+00
       0.0000E+00  8.9800E-05  1.3280E-04  2.4610E-04  3.9912E-05  9.0500E-05  2.8642E-06  1.7000E-06  0.0000E+00  0.0000E+00
       0.0000E+00  0.0000E+00  6.9000E-06  3.0000E-07  2.1000E-06  0.0000E+00  1.4000E-06  0.0000E+00  0.0000E+00  0.0000E+00
       0.0000E+00  0.0000E+00  0.0000E+00  1.0000E-07  0.0000E+00  1.0000E-07  0.0000E+00  0.0000E+00  0.0000E+00  0.0000E+00
       0.0000E+00  0.0000E+00  0.0000E+00  0.0000E+00  0.0000E+00  0.0000E+00  0.0000E+00  0.0000E+00  0.0000E+00  0.0000E+00
       0.0000E+00  0.0000E+00  0.0000E+00  0.0000E+00  0.0000E+00  0.0000E+00  0.0000E+00  0.0000E+00  0.0000E+00  0.0000E+00
       0.0000E+00  0.0000E+00  0.0000E+00  0.0000E+00  0.0000E+00  0.0000E+00  0.0000E+00  0.0000E+00  0.0000E+00  0.0000E+00
       0.0000E+00  0.0000E+00  0.0000E+00  0.0000E+00  0.0000E+00  0.0000E+00  0.0000E+00  0.0000E+00  0.0000E+00  0.0000E+00
       0.0000E+00  0.0000E+00  0.0000E+00  0.0000E+00  0.0000E+00  0.0000E+00  0.0000E+00  0.0000E+00  0.0000E+00  0.0000E+00
       0.0000E+00  0.0000E+00  0.0000E+00  0.0000E+00  0.0000E+00  0.0000E+00  0.0000E+00  0.0000E+00  0.0000E+00  0.0000E+00
       0.0000E+00  0.0000E+00  0.0000E+00  0.0000E+00  0.0000E+00  0.0000E+00  0.0000E+00  0.0000E+00  0.0000E+00  0.0000E+00
