
 *****  Protons in Lexan (0.25GeV, 3.0cm)                                                 *****

           DATE: 11/21/18,  TIME:  0:41:25

          Total number of particles followed       10000000, for a total weight of  1.0000E+07

1

   Res. nuclei n.   1  "Ian       " ,  all         products, region n.     5
      detector volume:  1.0000E+00 cm**3
      Max. Z:  10, Max. N-Z:  11 Min. N-Z: -4
      Data follow in a matrix A(z,n-z-k), k: -5 format (1(5x,1p,10(1x,e11.4)))

       0.0000E+00  0.0000E+00  0.0000E+00  0.0000E+00  0.0000E+00  0.0000E+00  0.0000E+00  0.0000E+00  0.0000E+00  0.0000E+00
       0.0000E+00  0.0000E+00  0.0000E+00  0.0000E+00  0.0000E+00  2.1400E-05  0.0000E+00  1.2000E-06  0.0000E+00  0.0000E+00
       0.0000E+00  0.0000E+00  0.0000E+00  0.0000E+00  1.5660E-04  3.3250E-04  3.1400E-05  8.1500E-05  0.0000E+00  0.0000E+00
       3.8094E-02  4.2656E-03  0.0000E+00  2.0314E-03  0.0000E+00  6.1353E-03  8.7700E-05  1.4948E-03  0.0000E+00  0.0000E+00
       9.2993E-03  3.4002E-02  2.7354E-03  0.0000E+00  2.2272E-03  7.2441E-03  7.3940E-04  8.5327E-04  2.0000E-07  3.0000E-07
       2.3850E-03  0.0000E+00  1.6197E-03  4.7275E-04  4.3377E-03  3.9799E-04  1.0843E-03  1.5278E-06  0.0000E+00  0.0000E+00
       0.0000E+00  1.0410E-04  1.3450E-04  3.1650E-04  5.1229E-05  1.1100E-04  2.7758E-06  1.1000E-06  0.0000E+00  0.0000E+00
       0.0000E+00  0.0000E+00  1.0600E-05  1.6000E-06  3.3000E-06  2.0000E-07  1.3000E-06  0.0000E+00  0.0000E+00  0.0000E+00
       0.0000E+00  2.0000E-07  0.0000E+00  2.0000E-07  0.0000E+00  0.0000E+00  0.0000E+00  0.0000E+00  0.0000E+00  0.0000E+00
       0.0000E+00  0.0000E+00  0.0000E+00  0.0000E+00  0.0000E+00  0.0000E+00  0.0000E+00  0.0000E+00  0.0000E+00  0.0000E+00
       0.0000E+00  0.0000E+00  0.0000E+00  0.0000E+00  0.0000E+00  0.0000E+00  0.0000E+00  0.0000E+00  0.0000E+00  0.0000E+00
       0.0000E+00  0.0000E+00  0.0000E+00  0.0000E+00  0.0000E+00  0.0000E+00  0.0000E+00  0.0000E+00  0.0000E+00  0.0000E+00
       0.0000E+00  0.0000E+00  0.0000E+00  0.0000E+00  0.0000E+00  0.0000E+00  0.0000E+00  0.0000E+00  0.0000E+00  0.0000E+00
       0.0000E+00  0.0000E+00  0.0000E+00  0.0000E+00  0.0000E+00  0.0000E+00  0.0000E+00  0.0000E+00  0.0000E+00  0.0000E+00
       0.0000E+00  0.0000E+00  0.0000E+00  0.0000E+00  0.0000E+00  0.0000E+00  0.0000E+00  0.0000E+00  0.0000E+00  0.0000E+00
       0.0000E+00  0.0000E+00  0.0000E+00  0.0000E+00  0.0000E+00  0.0000E+00  0.0000E+00  0.0000E+00  0.0000E+00  0.0000E+00
