
 *****  Protons in Lexan (0.13GeV, 1cm)                                                   *****

           DATE: 12/18/18,  TIME: 16: 1:29

          Total number of particles followed       25000000, for a total weight of  2.5000E+07

1

   Bdrx n.   2  "ofluence  " , generalized particle n.    1, from region n.     5 to region n.     4
      detector area:  1.0000E+02 cm**2
      this is a one way only estimator
      this is a fluence like estimator
      linear energy binning from   5.0000E-02 to  1.8000E-01 GeV,   650 bins ( 2.0000E-04 GeV wide)
      linear angular binning from  0.0000E+00 to  6.2832E+00 sr ,     1 bins ( 6.2832E+00 sr wide )
      Data follow in a matrix A(ie,ia), format (1(5x,1p,10(1x,e11.4)))

       4.3118E-04  4.3375E-04  4.1891E-04  4.4815E-04  4.2643E-04  4.3184E-04  4.2276E-04  4.3662E-04  4.1106E-04  4.2377E-04
       4.2668E-04  4.5592E-04  4.0416E-04  4.5516E-04  4.2931E-04  4.7371E-04  4.1404E-04  4.2556E-04  4.4334E-04  4.5138E-04
       4.0173E-04  4.2963E-04  4.2086E-04  4.4132E-04  4.4150E-04  4.4560E-04  4.1853E-04  4.3831E-04  4.2496E-04  4.2914E-04
       4.3634E-04  4.2868E-04  4.1623E-04  4.3018E-04  4.3315E-04  4.7525E-04  4.3921E-04  4.4322E-04  4.2656E-04  4.3105E-04
       4.3274E-04  4.3444E-04  4.4438E-04  4.6282E-04  4.3186E-04  4.6005E-04  4.4513E-04  4.2304E-04  4.4578E-04  4.4846E-04
       4.3662E-04  4.3337E-04  4.2147E-04  4.2670E-04  4.3340E-04  4.2052E-04  4.5392E-04  4.2862E-04  4.5146E-04  4.4950E-04
       4.3631E-04  4.1990E-04  4.3844E-04  4.4828E-04  4.4887E-04  4.3006E-04  4.4202E-04  4.2244E-04  4.3450E-04  4.3950E-04
       4.4581E-04  4.2904E-04  4.3020E-04  4.3779E-04  4.2473E-04  4.1050E-04  4.2760E-04  4.4065E-04  4.1936E-04  4.3116E-04
       4.1468E-04  4.4088E-04  4.3656E-04  4.4462E-04  4.3370E-04  4.3213E-04  4.3451E-04  4.2808E-04  4.4931E-04  4.5079E-04
       4.3249E-04  4.4692E-04  4.3322E-04  4.3396E-04  4.1554E-04  4.4151E-04  4.3005E-04  4.4793E-04  4.4605E-04  4.3241E-04
       4.3281E-04  4.1016E-04  4.3983E-04  4.3438E-04  4.2170E-04  4.5420E-04  4.5038E-04  4.5697E-04  4.2156E-04  4.3053E-04
       4.4359E-04  4.3404E-04  4.5391E-04  4.5762E-04  4.6865E-04  4.4806E-04  4.4948E-04  4.4347E-04  4.6560E-04  4.4665E-04
       4.3781E-04  4.4369E-04  4.3624E-04  4.3762E-04  4.3449E-04  4.6113E-04  4.2846E-04  4.2926E-04  4.4076E-04  4.3056E-04
       4.1778E-04  4.3854E-04  4.3429E-04  4.2669E-04  4.3781E-04  4.2591E-04  4.4278E-04  4.2343E-04  4.1068E-04  4.3540E-04
       4.3192E-04  4.5340E-04  4.3686E-04  4.1747E-04  3.9673E-04  4.2056E-04  4.1088E-04  4.1845E-04  4.3667E-04  4.3698E-04
       4.4096E-04  4.2197E-04  4.0176E-04  4.1260E-04  4.4007E-04  4.0024E-04  4.2141E-04  4.2499E-04  4.0657E-04  4.2836E-04
       4.1173E-04  4.0268E-04  4.1699E-04  4.0117E-04  4.2500E-04  4.1205E-04  4.2411E-04  3.9701E-04  4.1102E-04  3.8218E-04
       4.0019E-04  4.0983E-04  4.0840E-04  3.7337E-04  3.9168E-04  3.5594E-04  3.9984E-04  3.7538E-04  3.7986E-04  3.8720E-04
       3.9493E-04  3.9420E-04  3.8287E-04  3.8975E-04  3.9204E-04  3.8421E-04  3.6132E-04  3.6844E-04  3.7636E-04  3.7237E-04
       3.6039E-04  3.7733E-04  3.7058E-04  3.6366E-04  3.6966E-04  3.5478E-04  3.6889E-04  3.6428E-04  3.6647E-04  3.6019E-04
       3.5073E-04  3.5135E-04  3.5579E-04  3.4043E-04  3.4705E-04  3.4855E-04  3.3278E-04  3.5251E-04  3.4895E-04  3.3820E-04
       3.4764E-04  3.1721E-04  3.4249E-04  3.4199E-04  3.3074E-04  3.2490E-04  3.2167E-04  3.4303E-04  3.2548E-04  3.2686E-04
       3.1809E-04  3.1573E-04  3.1973E-04  3.1955E-04  3.3077E-04  3.2191E-04  3.2163E-04  3.1638E-04  2.9484E-04  3.1695E-04
       3.2011E-04  3.3337E-04  2.9342E-04  2.9958E-04  3.1325E-04  3.1063E-04  3.0445E-04  3.0166E-04  2.9203E-04  2.9071E-04
       3.0190E-04  3.0540E-04  2.7309E-04  2.7639E-04  2.7186E-04  2.7535E-04  2.8820E-04  2.7043E-04  2.8915E-04  2.7301E-04
       2.4497E-04  2.6199E-04  2.7664E-04  2.5825E-04  2.4472E-04  2.4736E-04  2.5815E-04  2.4045E-04  2.3149E-04  2.4063E-04
       2.3987E-04  2.3134E-04  2.4278E-04  2.1206E-04  2.0353E-04  2.2390E-04  2.0663E-04  2.0403E-04  1.8803E-04  1.9538E-04
       1.8226E-04  1.6121E-04  1.6154E-04  1.6797E-04  1.5348E-04  1.4112E-04  1.4081E-04  1.3867E-04  1.2269E-04  1.2752E-04
       1.3325E-04  1.3895E-04  1.2903E-04  1.3748E-04  1.2589E-04  1.3528E-04  1.3114E-04  1.4077E-04  1.4328E-04  1.5907E-04
       1.5932E-04  1.6319E-04  1.6991E-04  1.8079E-04  1.8277E-04  2.1806E-04  2.1315E-04  2.1603E-04  2.3933E-04  2.7160E-04
       2.7370E-04  2.8070E-04  2.9264E-04  3.0483E-04  2.8893E-04  3.2064E-04  3.0343E-04  3.1629E-04  3.7520E-04  4.1374E-04
       5.0087E-04  6.6006E-04  9.3810E-04  1.5068E-03  2.6108E-03  4.9959E-03  9.3782E-03  1.7788E-02  3.3051E-02  5.8643E-02
       9.9574E-02  1.6089E-01  2.4471E-01  3.5091E-01  4.7469E-01  6.0206E-01  7.1402E-01  7.9148E-01  8.1928E-01  7.8935E-01
       7.0732E-01  5.8883E-01  4.5400E-01  3.2413E-01  2.1385E-01  1.3004E-01  7.2998E-02  3.7552E-02  1.7878E-02  7.8659E-03
       3.0657E-03  1.1513E-03  3.7155E-04  1.1589E-04  3.3431E-05  7.0042E-06  2.2285E-06  6.3669E-07  0.0000E+00  0.0000E+00
       0.0000E+00  0.0000E+00  0.0000E+00  0.0000E+00  0.0000E+00  0.0000E+00  0.0000E+00  0.0000E+00  0.0000E+00  0.0000E+00
       0.0000E+00  0.0000E+00  0.0000E+00  0.0000E+00  0.0000E+00  0.0000E+00  0.0000E+00  0.0000E+00  0.0000E+00  0.0000E+00
       0.0000E+00  0.0000E+00  0.0000E+00  0.0000E+00  0.0000E+00  0.0000E+00  0.0000E+00  0.0000E+00  0.0000E+00  0.0000E+00
       0.0000E+00  0.0000E+00  0.0000E+00  0.0000E+00  0.0000E+00  0.0000E+00  0.0000E+00  0.0000E+00  0.0000E+00  0.0000E+00
       0.0000E+00  0.0000E+00  0.0000E+00  0.0000E+00  0.0000E+00  0.0000E+00  0.0000E+00  0.0000E+00  0.0000E+00  0.0000E+00
       0.0000E+00  0.0000E+00  0.0000E+00  0.0000E+00  0.0000E+00  0.0000E+00  0.0000E+00  0.0000E+00  0.0000E+00  0.0000E+00
       0.0000E+00  0.0000E+00  0.0000E+00  0.0000E+00  0.0000E+00  0.0000E+00  0.0000E+00  0.0000E+00  0.0000E+00  0.0000E+00
       0.0000E+00  0.0000E+00  0.0000E+00  0.0000E+00  0.0000E+00  0.0000E+00  0.0000E+00  0.0000E+00  0.0000E+00  0.0000E+00
       0.0000E+00  0.0000E+00  0.0000E+00  0.0000E+00  0.0000E+00  0.0000E+00  0.0000E+00  0.0000E+00  0.0000E+00  0.0000E+00
       0.0000E+00  0.0000E+00  0.0000E+00  0.0000E+00  0.0000E+00  0.0000E+00  0.0000E+00  0.0000E+00  0.0000E+00  0.0000E+00
       0.0000E+00  0.0000E+00  0.0000E+00  0.0000E+00  0.0000E+00  0.0000E+00  0.0000E+00  0.0000E+00  0.0000E+00  0.0000E+00
       0.0000E+00  0.0000E+00  0.0000E+00  0.0000E+00  0.0000E+00  0.0000E+00  0.0000E+00  0.0000E+00  0.0000E+00  0.0000E+00
       0.0000E+00  0.0000E+00  0.0000E+00  0.0000E+00  0.0000E+00  0.0000E+00  0.0000E+00  0.0000E+00  0.0000E+00  0.0000E+00
       0.0000E+00  0.0000E+00  0.0000E+00  0.0000E+00  0.0000E+00  0.0000E+00  0.0000E+00  0.0000E+00  0.0000E+00  0.0000E+00
       0.0000E+00  0.0000E+00  0.0000E+00  0.0000E+00  0.0000E+00  0.0000E+00  0.0000E+00  0.0000E+00  0.0000E+00  0.0000E+00
       0.0000E+00  0.0000E+00  0.0000E+00  0.0000E+00  0.0000E+00  0.0000E+00  0.0000E+00  0.0000E+00  0.0000E+00  0.0000E+00
       0.0000E+00  0.0000E+00  0.0000E+00  0.0000E+00  0.0000E+00  0.0000E+00  0.0000E+00  0.0000E+00  0.0000E+00  0.0000E+00
       0.0000E+00  0.0000E+00  0.0000E+00  0.0000E+00  0.0000E+00  0.0000E+00  0.0000E+00  0.0000E+00  0.0000E+00  0.0000E+00
       0.0000E+00  0.0000E+00  0.0000E+00  0.0000E+00  0.0000E+00  0.0000E+00  0.0000E+00  0.0000E+00  0.0000E+00  0.0000E+00
       0.0000E+00  0.0000E+00  0.0000E+00  0.0000E+00  0.0000E+00  0.0000E+00  0.0000E+00  0.0000E+00  0.0000E+00  0.0000E+00
       0.0000E+00  0.0000E+00  0.0000E+00  0.0000E+00  0.0000E+00  0.0000E+00  0.0000E+00  0.0000E+00  0.0000E+00  0.0000E+00
       0.0000E+00  0.0000E+00  0.0000E+00  0.0000E+00  0.0000E+00  0.0000E+00  0.0000E+00  0.0000E+00  0.0000E+00  0.0000E+00
       0.0000E+00  0.0000E+00  0.0000E+00  0.0000E+00  0.0000E+00  0.0000E+00  0.0000E+00  0.0000E+00  0.0000E+00  0.0000E+00
       0.0000E+00  0.0000E+00  0.0000E+00  0.0000E+00  0.0000E+00  0.0000E+00  0.0000E+00  0.0000E+00  0.0000E+00  0.0000E+00
       0.0000E+00  0.0000E+00  0.0000E+00  0.0000E+00  0.0000E+00  0.0000E+00  0.0000E+00  0.0000E+00  0.0000E+00  0.0000E+00
       0.0000E+00  0.0000E+00  0.0000E+00  0.0000E+00  0.0000E+00  0.0000E+00  0.0000E+00  0.0000E+00  0.0000E+00  0.0000E+00
       0.0000E+00  0.0000E+00  0.0000E+00  0.0000E+00  0.0000E+00  0.0000E+00  0.0000E+00  0.0000E+00  0.0000E+00  0.0000E+00
       0.0000E+00  0.0000E+00  0.0000E+00  0.0000E+00  0.0000E+00  0.0000E+00  0.0000E+00  0.0000E+00  0.0000E+00  0.0000E+00
       0.0000E+00  0.0000E+00  0.0000E+00  0.0000E+00  0.0000E+00  0.0000E+00  0.0000E+00  0.0000E+00  0.0000E+00  0.0000E+00
       0.0000E+00  0.0000E+00  0.0000E+00  0.0000E+00  0.0000E+00  0.0000E+00  0.0000E+00  0.0000E+00  0.0000E+00  0.0000E+00
1

   Bdrx n.   6  "ofluence  " , generalized particle n.    1, from region n.     5 to region n.     4
      detector area:  1.0000E+02 cm**2
      this is a one way only estimator
      this is a fluence like estimator
      linear energy binning from   0.0000E+00 to  3.0000E+02 GeV,     1 bins ( 3.0000E+02 GeV wide)
      linear angular binning from  0.0000E+00 to  6.2832E+00 sr ,     1 bins ( 6.2832E+00 sr wide )
      Data follow in a matrix A(ie,ia), format (1(5x,1p,10(1x,e11.4)))

       5.2868E-06
