
 *****  Protons in Lexan (0.13GeV, 1cm)                                                   *****

           DATE: 12/18/18,  TIME: 16: 1:29

          Total number of particles followed       25000000, for a total weight of  2.5000E+07

1

   Bdrx n.   4  "ocurrent  " , generalized particle n.    1, from region n.     5 to region n.     4
      detector area:  1.0000E+02 cm**2
      this is a one way only estimator
      this is a current like estimator
      linear energy binning from   5.0000E-02 to  1.8000E-01 GeV,   650 bins ( 2.0000E-04 GeV wide)
      linear angular binning from  0.0000E+00 to  6.2832E+00 sr ,     1 bins ( 6.2832E+00 sr wide )
      Data follow in a matrix A(ie,ia), format (1(5x,1p,10(1x,e11.4)))

       3.1226E-04  3.1354E-04  3.0208E-04  3.2086E-04  3.2022E-04  3.2213E-04  3.0781E-04  3.2245E-04  3.0653E-04  3.1131E-04
       3.1895E-04  3.3136E-04  2.9762E-04  3.3423E-04  3.1290E-04  3.4059E-04  3.1035E-04  3.1863E-04  3.1672E-04  3.3041E-04
       3.0494E-04  3.2086E-04  3.1672E-04  3.2404E-04  3.2722E-04  3.3009E-04  3.1258E-04  3.1831E-04  3.1735E-04  3.2563E-04
       3.2881E-04  3.2277E-04  3.2086E-04  3.2308E-04  3.2022E-04  3.4696E-04  3.2245E-04  3.2690E-04  3.1767E-04  3.2181E-04
       3.2499E-04  3.3168E-04  3.4473E-04  3.3836E-04  3.3263E-04  3.4823E-04  3.2945E-04  3.2468E-04  3.4441E-04  3.3995E-04
       3.3900E-04  3.2468E-04  3.2690E-04  3.2499E-04  3.3614E-04  3.2818E-04  3.5078E-04  3.3614E-04  3.4568E-04  3.4919E-04
       3.4155E-04  3.2690E-04  3.3836E-04  3.4855E-04  3.4759E-04  3.3805E-04  3.4346E-04  3.2850E-04  3.4568E-04  3.4091E-04
       3.4696E-04  3.3805E-04  3.4123E-04  3.4346E-04  3.3391E-04  3.2372E-04  3.4186E-04  3.4600E-04  3.2913E-04  3.4250E-04
       3.2754E-04  3.4982E-04  3.4537E-04  3.5523E-04  3.4568E-04  3.4250E-04  3.4664E-04  3.4441E-04  3.5523E-04  3.6160E-04
       3.4186E-04  3.6224E-04  3.4282E-04  3.4759E-04  3.3423E-04  3.5332E-04  3.5110E-04  3.6065E-04  3.5778E-04  3.5078E-04
       3.5141E-04  3.3423E-04  3.5810E-04  3.5460E-04  3.4155E-04  3.6892E-04  3.6478E-04  3.6637E-04  3.4696E-04  3.5078E-04
       3.6065E-04  3.5237E-04  3.6828E-04  3.7338E-04  3.8484E-04  3.6924E-04  3.7019E-04  3.6415E-04  3.8038E-04  3.6669E-04
       3.6319E-04  3.6733E-04  3.6160E-04  3.5332E-04  3.5778E-04  3.7752E-04  3.5651E-04  3.5874E-04  3.6892E-04  3.5078E-04
       3.4887E-04  3.6637E-04  3.6892E-04  3.5523E-04  3.6478E-04  3.5301E-04  3.7051E-04  3.4919E-04  3.4537E-04  3.6860E-04
       3.6319E-04  3.8452E-04  3.6765E-04  3.5078E-04  3.3677E-04  3.5460E-04  3.5110E-04  3.5301E-04  3.7242E-04  3.7083E-04
       3.7083E-04  3.6192E-04  3.3868E-04  3.5078E-04  3.7752E-04  3.4282E-04  3.5523E-04  3.6446E-04  3.4664E-04  3.6606E-04
       3.5110E-04  3.4346E-04  3.5364E-04  3.4441E-04  3.6192E-04  3.5014E-04  3.6192E-04  3.3964E-04  3.4887E-04  3.2945E-04
       3.4664E-04  3.5683E-04  3.5396E-04  3.2213E-04  3.3900E-04  3.0940E-04  3.4919E-04  3.2818E-04  3.3072E-04  3.3550E-04
       3.4377E-04  3.4186E-04  3.3327E-04  3.3995E-04  3.4314E-04  3.3295E-04  3.1799E-04  3.2213E-04  3.2977E-04  3.2308E-04
       3.1576E-04  3.3295E-04  3.2436E-04  3.2022E-04  3.1926E-04  3.1194E-04  3.2404E-04  3.2022E-04  3.1958E-04  3.0399E-04
       3.0781E-04  3.0781E-04  3.1545E-04  2.9953E-04  3.0812E-04  3.0908E-04  2.9380E-04  3.1354E-04  3.0940E-04  3.0335E-04
       3.0717E-04  2.8011E-04  3.0303E-04  3.0590E-04  2.9539E-04  2.8552E-04  2.8457E-04  3.0271E-04  2.9253E-04  2.9125E-04
       2.8393E-04  2.7916E-04  2.8298E-04  2.8775E-04  2.9380E-04  2.8903E-04  2.8712E-04  2.8457E-04  2.6643E-04  2.8648E-04
       2.8998E-04  3.0017E-04  2.6452E-04  2.6929E-04  2.8202E-04  2.7566E-04  2.7470E-04  2.7470E-04  2.6515E-04  2.6292E-04
       2.7247E-04  2.7534E-04  2.4987E-04  2.5019E-04  2.4637E-04  2.5051E-04  2.5942E-04  2.4828E-04  2.6579E-04  2.4765E-04
       2.2727E-04  2.4064E-04  2.5210E-04  2.3587E-04  2.1900E-04  2.2568E-04  2.3523E-04  2.2123E-04  2.1168E-04  2.1995E-04
       2.1741E-04  2.1168E-04  2.2218E-04  1.9226E-04  1.8589E-04  2.0467E-04  1.8939E-04  1.8653E-04  1.7284E-04  1.7475E-04
       1.6393E-04  1.4388E-04  1.4547E-04  1.5056E-04  1.3560E-04  1.2510E-04  1.2255E-04  1.2159E-04  1.0632E-04  1.1045E-04
       1.1555E-04  1.1905E-04  1.0950E-04  1.1746E-04  1.0727E-04  1.1809E-04  1.1459E-04  1.2287E-04  1.2414E-04  1.3878E-04
       1.3942E-04  1.4483E-04  1.5088E-04  1.4929E-04  1.6488E-04  1.8908E-04  1.9321E-04  1.9703E-04  2.1836E-04  2.4987E-04
       2.3364E-04  2.5783E-04  2.6961E-04  2.8170E-04  2.6547E-04  2.9539E-04  2.7693E-04  2.8807E-04  3.3932E-04  3.7847E-04
       4.5964E-04  6.1243E-04  8.8395E-04  1.4423E-03  2.5369E-03  4.9048E-03  9.2701E-03  1.7657E-02  3.2895E-02  5.8462E-02
       9.9358E-02  1.6065E-01  2.4443E-01  3.5060E-01  4.7435E-01  6.0170E-01  7.1366E-01  7.9113E-01  8.1896E-01  7.8906E-01
       7.0709E-01  5.8865E-01  4.5387E-01  3.2404E-01  2.1379E-01  1.3000E-01  7.2980E-02  3.7543E-02  1.7874E-02  7.8642E-03
       3.0650E-03  1.1510E-03  3.7147E-04  1.1586E-04  3.3423E-05  7.0028E-06  2.2282E-06  6.3662E-07  0.0000E+00  0.0000E+00
       0.0000E+00  0.0000E+00  0.0000E+00  0.0000E+00  0.0000E+00  0.0000E+00  0.0000E+00  0.0000E+00  0.0000E+00  0.0000E+00
       0.0000E+00  0.0000E+00  0.0000E+00  0.0000E+00  0.0000E+00  0.0000E+00  0.0000E+00  0.0000E+00  0.0000E+00  0.0000E+00
       0.0000E+00  0.0000E+00  0.0000E+00  0.0000E+00  0.0000E+00  0.0000E+00  0.0000E+00  0.0000E+00  0.0000E+00  0.0000E+00
       0.0000E+00  0.0000E+00  0.0000E+00  0.0000E+00  0.0000E+00  0.0000E+00  0.0000E+00  0.0000E+00  0.0000E+00  0.0000E+00
       0.0000E+00  0.0000E+00  0.0000E+00  0.0000E+00  0.0000E+00  0.0000E+00  0.0000E+00  0.0000E+00  0.0000E+00  0.0000E+00
       0.0000E+00  0.0000E+00  0.0000E+00  0.0000E+00  0.0000E+00  0.0000E+00  0.0000E+00  0.0000E+00  0.0000E+00  0.0000E+00
       0.0000E+00  0.0000E+00  0.0000E+00  0.0000E+00  0.0000E+00  0.0000E+00  0.0000E+00  0.0000E+00  0.0000E+00  0.0000E+00
       0.0000E+00  0.0000E+00  0.0000E+00  0.0000E+00  0.0000E+00  0.0000E+00  0.0000E+00  0.0000E+00  0.0000E+00  0.0000E+00
       0.0000E+00  0.0000E+00  0.0000E+00  0.0000E+00  0.0000E+00  0.0000E+00  0.0000E+00  0.0000E+00  0.0000E+00  0.0000E+00
       0.0000E+00  0.0000E+00  0.0000E+00  0.0000E+00  0.0000E+00  0.0000E+00  0.0000E+00  0.0000E+00  0.0000E+00  0.0000E+00
       0.0000E+00  0.0000E+00  0.0000E+00  0.0000E+00  0.0000E+00  0.0000E+00  0.0000E+00  0.0000E+00  0.0000E+00  0.0000E+00
       0.0000E+00  0.0000E+00  0.0000E+00  0.0000E+00  0.0000E+00  0.0000E+00  0.0000E+00  0.0000E+00  0.0000E+00  0.0000E+00
       0.0000E+00  0.0000E+00  0.0000E+00  0.0000E+00  0.0000E+00  0.0000E+00  0.0000E+00  0.0000E+00  0.0000E+00  0.0000E+00
       0.0000E+00  0.0000E+00  0.0000E+00  0.0000E+00  0.0000E+00  0.0000E+00  0.0000E+00  0.0000E+00  0.0000E+00  0.0000E+00
       0.0000E+00  0.0000E+00  0.0000E+00  0.0000E+00  0.0000E+00  0.0000E+00  0.0000E+00  0.0000E+00  0.0000E+00  0.0000E+00
       0.0000E+00  0.0000E+00  0.0000E+00  0.0000E+00  0.0000E+00  0.0000E+00  0.0000E+00  0.0000E+00  0.0000E+00  0.0000E+00
       0.0000E+00  0.0000E+00  0.0000E+00  0.0000E+00  0.0000E+00  0.0000E+00  0.0000E+00  0.0000E+00  0.0000E+00  0.0000E+00
       0.0000E+00  0.0000E+00  0.0000E+00  0.0000E+00  0.0000E+00  0.0000E+00  0.0000E+00  0.0000E+00  0.0000E+00  0.0000E+00
       0.0000E+00  0.0000E+00  0.0000E+00  0.0000E+00  0.0000E+00  0.0000E+00  0.0000E+00  0.0000E+00  0.0000E+00  0.0000E+00
       0.0000E+00  0.0000E+00  0.0000E+00  0.0000E+00  0.0000E+00  0.0000E+00  0.0000E+00  0.0000E+00  0.0000E+00  0.0000E+00
       0.0000E+00  0.0000E+00  0.0000E+00  0.0000E+00  0.0000E+00  0.0000E+00  0.0000E+00  0.0000E+00  0.0000E+00  0.0000E+00
       0.0000E+00  0.0000E+00  0.0000E+00  0.0000E+00  0.0000E+00  0.0000E+00  0.0000E+00  0.0000E+00  0.0000E+00  0.0000E+00
       0.0000E+00  0.0000E+00  0.0000E+00  0.0000E+00  0.0000E+00  0.0000E+00  0.0000E+00  0.0000E+00  0.0000E+00  0.0000E+00
       0.0000E+00  0.0000E+00  0.0000E+00  0.0000E+00  0.0000E+00  0.0000E+00  0.0000E+00  0.0000E+00  0.0000E+00  0.0000E+00
       0.0000E+00  0.0000E+00  0.0000E+00  0.0000E+00  0.0000E+00  0.0000E+00  0.0000E+00  0.0000E+00  0.0000E+00  0.0000E+00
       0.0000E+00  0.0000E+00  0.0000E+00  0.0000E+00  0.0000E+00  0.0000E+00  0.0000E+00  0.0000E+00  0.0000E+00  0.0000E+00
       0.0000E+00  0.0000E+00  0.0000E+00  0.0000E+00  0.0000E+00  0.0000E+00  0.0000E+00  0.0000E+00  0.0000E+00  0.0000E+00
       0.0000E+00  0.0000E+00  0.0000E+00  0.0000E+00  0.0000E+00  0.0000E+00  0.0000E+00  0.0000E+00  0.0000E+00  0.0000E+00
       0.0000E+00  0.0000E+00  0.0000E+00  0.0000E+00  0.0000E+00  0.0000E+00  0.0000E+00  0.0000E+00  0.0000E+00  0.0000E+00
       0.0000E+00  0.0000E+00  0.0000E+00  0.0000E+00  0.0000E+00  0.0000E+00  0.0000E+00  0.0000E+00  0.0000E+00  0.0000E+00
