
 *****  Protons in Lexan (0.13GeV, 1cm)                                                   *****

           DATE: 12/18/18,  TIME: 16: 1:29

          Total number of particles followed       25000000, for a total weight of  2.5000E+07

1

   Res. nuclei n.   1  "Ian       " ,  all         products, region n.     5
      detector volume:  1.0000E+00 cm**3
      Max. Z:  10, Max. N-Z:  11 Min. N-Z: -4
      Data follow in a matrix A(z,n-z-k), k: -5 format (1(5x,1p,10(1x,e11.4)))

       0.0000E+00  0.0000E+00  0.0000E+00  0.0000E+00  0.0000E+00  0.0000E+00  0.0000E+00  0.0000E+00  0.0000E+00  0.0000E+00
       0.0000E+00  0.0000E+00  0.0000E+00  0.0000E+00  0.0000E+00  1.3880E-05  0.0000E+00  5.2000E-07  0.0000E+00  0.0000E+00
       0.0000E+00  0.0000E+00  0.0000E+00  0.0000E+00  1.1512E-04  1.8388E-04  2.6840E-05  3.1920E-05  0.0000E+00  0.0000E+00
       2.5743E-02  3.3042E-03  0.0000E+00  1.5797E-03  0.0000E+00  4.3549E-03  5.5920E-05  1.0159E-03  0.0000E+00  0.0000E+00
       6.0072E-03  2.7102E-02  2.1899E-03  0.0000E+00  1.3874E-03  9.2406E-03  4.9624E-04  1.0636E-03  1.2000E-07  4.4000E-07
       1.5496E-03  0.0000E+00  1.0764E-03  2.9226E-04  2.4872E-03  3.1606E-04  6.2468E-04  1.4309E-06  4.0000E-08  0.0000E+00
       0.0000E+00  5.5200E-05  8.5880E-05  1.5540E-04  2.4071E-05  5.6040E-05  1.5545E-06  1.8400E-06  0.0000E+00  0.0000E+00
       0.0000E+00  0.0000E+00  3.2400E-06  6.0000E-07  1.3600E-06  0.0000E+00  1.0800E-06  0.0000E+00  0.0000E+00  0.0000E+00
       0.0000E+00  0.0000E+00  0.0000E+00  0.0000E+00  0.0000E+00  0.0000E+00  0.0000E+00  0.0000E+00  0.0000E+00  0.0000E+00
       0.0000E+00  0.0000E+00  0.0000E+00  0.0000E+00  0.0000E+00  0.0000E+00  0.0000E+00  0.0000E+00  0.0000E+00  0.0000E+00
       0.0000E+00  0.0000E+00  0.0000E+00  0.0000E+00  0.0000E+00  0.0000E+00  0.0000E+00  0.0000E+00  0.0000E+00  0.0000E+00
       0.0000E+00  0.0000E+00  0.0000E+00  0.0000E+00  0.0000E+00  0.0000E+00  0.0000E+00  0.0000E+00  0.0000E+00  0.0000E+00
       0.0000E+00  0.0000E+00  0.0000E+00  0.0000E+00  0.0000E+00  0.0000E+00  0.0000E+00  0.0000E+00  0.0000E+00  0.0000E+00
       0.0000E+00  0.0000E+00  0.0000E+00  0.0000E+00  0.0000E+00  0.0000E+00  0.0000E+00  0.0000E+00  0.0000E+00  0.0000E+00
       0.0000E+00  0.0000E+00  0.0000E+00  0.0000E+00  0.0000E+00  0.0000E+00  0.0000E+00  0.0000E+00  0.0000E+00  0.0000E+00
       0.0000E+00  0.0000E+00  0.0000E+00  0.0000E+00  0.0000E+00  0.0000E+00  0.0000E+00  0.0000E+00  0.0000E+00  0.0000E+00
