
 *****  Protons in Lexan (0.07GeV, 1.0cm)                                                 *****

           DATE: 12/17/18,  TIME: 22:59: 0

          Total number of particles followed       21000000, for a total weight of  2.1000E+07

1

   Res. nuclei n.   1  "Ian       " ,  all         products, region n.     5
      detector volume:  1.0000E+00 cm**3
      Max. Z:  10, Max. N-Z:  11 Min. N-Z: -4
      Data follow in a matrix A(z,n-z-k), k: -5 format (1(5x,1p,10(1x,e11.4)))

       0.0000E+00  0.0000E+00  0.0000E+00  0.0000E+00  0.0000E+00  0.0000E+00  0.0000E+00  0.0000E+00  0.0000E+00  0.0000E+00
       0.0000E+00  0.0000E+00  0.0000E+00  0.0000E+00  0.0000E+00  1.0952E-06  0.0000E+00  6.6667E-07  0.0000E+00  0.0000E+00
       0.0000E+00  0.0000E+00  0.0000E+00  0.0000E+00  3.4000E-05  5.7857E-05  4.4333E-05  6.1095E-05  0.0000E+00  0.0000E+00
       1.2981E+00  1.3541E-03  0.0000E+00  4.3700E-04  0.0000E+00  1.9130E-03  5.1062E-04  7.4634E-03  1.2857E-06  0.0000E+00
       2.5030E-01  4.9394E-02  1.0912E-03  0.0000E+00  7.3895E-04  2.1024E-02  3.4840E-03  2.6428E-02  7.2381E-06  1.2857E-06
       4.5353E-04  0.0000E+00  2.5086E-04  1.6642E-04  1.7317E-03  1.4854E-03  7.7881E-03  3.1145E-05  0.0000E+00  0.0000E+00
       0.0000E+00  5.6667E-06  5.2381E-06  4.0762E-05  1.4476E-05  4.0524E-04  2.9228E-05  4.2524E-05  0.0000E+00  0.0000E+00
       0.0000E+00  0.0000E+00  0.0000E+00  4.7619E-08  7.1429E-07  6.1905E-07  3.1905E-06  0.0000E+00  0.0000E+00  0.0000E+00
       0.0000E+00  0.0000E+00  0.0000E+00  0.0000E+00  0.0000E+00  0.0000E+00  0.0000E+00  0.0000E+00  0.0000E+00  0.0000E+00
       0.0000E+00  0.0000E+00  0.0000E+00  0.0000E+00  0.0000E+00  0.0000E+00  0.0000E+00  0.0000E+00  0.0000E+00  0.0000E+00
       0.0000E+00  0.0000E+00  0.0000E+00  0.0000E+00  0.0000E+00  0.0000E+00  0.0000E+00  0.0000E+00  0.0000E+00  0.0000E+00
       0.0000E+00  0.0000E+00  0.0000E+00  0.0000E+00  0.0000E+00  0.0000E+00  0.0000E+00  0.0000E+00  0.0000E+00  0.0000E+00
       0.0000E+00  0.0000E+00  0.0000E+00  0.0000E+00  0.0000E+00  0.0000E+00  0.0000E+00  0.0000E+00  0.0000E+00  0.0000E+00
       0.0000E+00  0.0000E+00  0.0000E+00  0.0000E+00  0.0000E+00  0.0000E+00  0.0000E+00  0.0000E+00  0.0000E+00  0.0000E+00
       0.0000E+00  0.0000E+00  0.0000E+00  0.0000E+00  0.0000E+00  0.0000E+00  0.0000E+00  0.0000E+00  0.0000E+00  0.0000E+00
       0.0000E+00  0.0000E+00  0.0000E+00  0.0000E+00  0.0000E+00  0.0000E+00  0.0000E+00  0.0000E+00  0.0000E+00  0.0000E+00
