
 *****  Protons in Lexan (0.15GeV, 0cm)                                                   *****

           DATE: 12/20/18,  TIME: 19:59:20

          Total number of particles followed       50000000, for a total weight of  5.0000E+07

1

   Res. nuclei n.   1  "Ian       " ,  all         products, region n.     5
      detector volume:  1.0000E+00 cm**3
      Max. Z:  10, Max. N-Z:  11 Min. N-Z: -4
      Data follow in a matrix A(z,n-z-k), k: -5 format (1(5x,1p,10(1x,e11.4)))

       0.0000E+00  0.0000E+00  0.0000E+00  0.0000E+00  0.0000E+00  0.0000E+00  0.0000E+00  0.0000E+00  0.0000E+00  0.0000E+00
       0.0000E+00  0.0000E+00  0.0000E+00  0.0000E+00  0.0000E+00  7.6800E-06  0.0000E+00  2.8000E-07  0.0000E+00  0.0000E+00
       0.0000E+00  0.0000E+00  0.0000E+00  0.0000E+00  5.8320E-05  9.6800E-05  1.3460E-05  1.9380E-05  0.0000E+00  0.0000E+00
       9.8374E-03  1.5667E-03  0.0000E+00  7.4608E-04  0.0000E+00  2.1155E-03  2.7880E-05  5.0504E-04  2.0000E-08  0.0000E+00
       2.4746E-03  1.2283E-02  1.0117E-03  0.0000E+00  6.8264E-04  3.4608E-03  2.4012E-04  4.0724E-04  6.0000E-08  1.2000E-07
       7.4842E-04  0.0000E+00  5.1544E-04  1.3752E-04  1.2227E-03  1.4228E-04  3.0358E-04  5.8000E-07  2.0000E-08  0.0000E+00
       0.0000E+00  3.0820E-05  4.1580E-05  8.5600E-05  1.1560E-05  3.0440E-05  5.2000E-07  5.8000E-07  0.0000E+00  0.0000E+00
       0.0000E+00  0.0000E+00  2.6600E-06  1.4000E-07  8.4000E-07  4.0000E-08  4.6000E-07  0.0000E+00  0.0000E+00  0.0000E+00
       0.0000E+00  4.0000E-08  0.0000E+00  0.0000E+00  0.0000E+00  2.0000E-08  2.0000E-08  0.0000E+00  0.0000E+00  0.0000E+00
       0.0000E+00  0.0000E+00  0.0000E+00  0.0000E+00  0.0000E+00  0.0000E+00  0.0000E+00  0.0000E+00  0.0000E+00  0.0000E+00
       0.0000E+00  0.0000E+00  0.0000E+00  0.0000E+00  0.0000E+00  0.0000E+00  0.0000E+00  0.0000E+00  0.0000E+00  0.0000E+00
       0.0000E+00  0.0000E+00  0.0000E+00  0.0000E+00  0.0000E+00  0.0000E+00  0.0000E+00  0.0000E+00  0.0000E+00  0.0000E+00
       0.0000E+00  0.0000E+00  0.0000E+00  0.0000E+00  0.0000E+00  0.0000E+00  0.0000E+00  0.0000E+00  0.0000E+00  0.0000E+00
       0.0000E+00  0.0000E+00  0.0000E+00  0.0000E+00  0.0000E+00  0.0000E+00  0.0000E+00  0.0000E+00  0.0000E+00  0.0000E+00
       0.0000E+00  0.0000E+00  0.0000E+00  0.0000E+00  0.0000E+00  0.0000E+00  0.0000E+00  0.0000E+00  0.0000E+00  0.0000E+00
       0.0000E+00  0.0000E+00  0.0000E+00  0.0000E+00  0.0000E+00  0.0000E+00  0.0000E+00  0.0000E+00  0.0000E+00  0.0000E+00
