
 *****  Protons in Lexan (0.15GeV, 0cm)                                                   *****

           DATE: 12/20/18,  TIME: 19:59:20

          Total number of particles followed       50000000, for a total weight of  5.0000E+07

1

   Bdrx n.   2  "ofluence  " , generalized particle n.    1, from region n.     5 to region n.     4
      detector area:  1.0000E+02 cm**2
      this is a one way only estimator
      this is a fluence like estimator
      linear energy binning from   7.0000E-02 to  2.0000E-01 GeV,   650 bins ( 2.0000E-04 GeV wide)
      linear angular binning from  0.0000E+00 to  6.2832E+00 sr ,     1 bins ( 6.2832E+00 sr wide )
      Data follow in a matrix A(ie,ia), format (1(5x,1p,10(1x,e11.4)))

       2.1695E-04  2.2125E-04  2.1531E-04  2.1716E-04  2.2585E-04  2.2029E-04  2.0591E-04  2.1787E-04  2.1495E-04  2.1853E-04
       2.1737E-04  2.1518E-04  2.2912E-04  2.2578E-04  2.2562E-04  2.1513E-04  2.2789E-04  2.1115E-04  2.2134E-04  2.2080E-04
       2.1698E-04  2.2280E-04  2.0854E-04  2.3002E-04  2.2438E-04  2.1090E-04  2.1262E-04  2.1486E-04  2.0277E-04  2.1311E-04
       2.1585E-04  2.2233E-04  2.1378E-04  2.1913E-04  2.2086E-04  2.1845E-04  2.0011E-04  2.1005E-04  2.1403E-04  2.0365E-04
       2.3493E-04  2.0295E-04  2.1629E-04  2.3196E-04  1.9826E-04  2.2517E-04  2.1004E-04  2.0979E-04  1.9156E-04  2.1131E-04
       2.1346E-04  2.1164E-04  2.2216E-04  2.1433E-04  2.1074E-04  2.0438E-04  2.1727E-04  2.1507E-04  2.1952E-04  2.0092E-04
       2.1724E-04  2.0483E-04  2.0965E-04  2.0926E-04  2.1538E-04  2.1639E-04  2.1575E-04  2.1277E-04  2.1977E-04  1.9553E-04
       2.2144E-04  2.1360E-04  2.1257E-04  2.0954E-04  2.0515E-04  2.0701E-04  2.1337E-04  2.1198E-04  2.0500E-04  2.0522E-04
       1.9872E-04  2.0046E-04  2.0942E-04  2.0668E-04  2.0277E-04  1.9774E-04  2.0211E-04  2.1445E-04  2.1337E-04  2.0051E-04
       2.0085E-04  2.0131E-04  1.9663E-04  2.1094E-04  2.1000E-04  2.0881E-04  2.1840E-04  2.1349E-04  2.0576E-04  2.0492E-04
       2.0355E-04  2.0917E-04  2.0883E-04  2.0552E-04  2.0707E-04  2.1298E-04  1.9973E-04  2.0293E-04  2.0602E-04  2.0912E-04
       2.0273E-04  2.0463E-04  1.9830E-04  2.0449E-04  2.0458E-04  2.0093E-04  1.9564E-04  1.9088E-04  2.0960E-04  2.0473E-04
       1.9144E-04  2.0610E-04  2.1509E-04  2.0652E-04  2.0884E-04  2.1342E-04  1.9261E-04  2.0947E-04  1.9618E-04  2.0571E-04
       2.1394E-04  2.0996E-04  2.0616E-04  2.0581E-04  2.1117E-04  1.9110E-04  1.9735E-04  1.9386E-04  2.0215E-04  2.0198E-04
       2.0341E-04  1.9044E-04  1.9248E-04  2.0142E-04  1.9649E-04  1.9668E-04  2.0420E-04  2.0636E-04  1.9583E-04  2.0415E-04
       1.9841E-04  2.0331E-04  2.0074E-04  2.0791E-04  1.9805E-04  1.9740E-04  2.0461E-04  2.1341E-04  2.1421E-04  1.9725E-04
       1.9960E-04  1.9638E-04  1.9134E-04  1.8301E-04  2.1067E-04  1.9700E-04  1.8647E-04  2.1155E-04  1.9606E-04  2.1351E-04
       2.0091E-04  1.8927E-04  1.9569E-04  1.9020E-04  1.9130E-04  1.9093E-04  1.9733E-04  1.9390E-04  1.8102E-04  1.8287E-04
       1.8962E-04  1.8503E-04  1.9611E-04  2.0059E-04  1.8172E-04  2.0176E-04  1.8469E-04  1.9119E-04  2.0315E-04  1.8775E-04
       1.9187E-04  1.7627E-04  1.8133E-04  1.9802E-04  1.7788E-04  1.9270E-04  1.8631E-04  1.8308E-04  2.0132E-04  1.9478E-04
       1.8961E-04  1.7358E-04  1.7865E-04  1.9319E-04  1.9402E-04  1.7943E-04  1.7942E-04  1.8024E-04  1.7127E-04  1.7650E-04
       1.7326E-04  1.7026E-04  1.8193E-04  1.6939E-04  1.7450E-04  1.6953E-04  1.7600E-04  1.6815E-04  1.7389E-04  1.7762E-04
       1.6564E-04  1.6562E-04  1.6456E-04  1.7124E-04  1.7369E-04  1.6202E-04  1.6538E-04  1.6329E-04  1.7087E-04  1.6267E-04
       1.6142E-04  1.6018E-04  1.6429E-04  1.7181E-04  1.5679E-04  1.5734E-04  1.5593E-04  1.4816E-04  1.5439E-04  1.6018E-04
       1.5156E-04  1.5466E-04  1.5317E-04  1.5523E-04  1.5441E-04  1.4692E-04  1.4822E-04  1.5512E-04  1.5209E-04  1.4906E-04
       1.4143E-04  1.4589E-04  1.6159E-04  1.5141E-04  1.3027E-04  1.4842E-04  1.4728E-04  1.3853E-04  1.4643E-04  1.4492E-04
       1.4586E-04  1.4616E-04  1.4028E-04  1.3639E-04  1.3788E-04  1.3809E-04  1.4149E-04  1.3371E-04  1.3923E-04  1.3275E-04
       1.3132E-04  1.2957E-04  1.3584E-04  1.3202E-04  1.2984E-04  1.3644E-04  1.3200E-04  1.2330E-04  1.2958E-04  1.2580E-04
       1.2481E-04  1.2077E-04  1.2958E-04  1.2511E-04  1.2390E-04  1.2004E-04  1.1238E-04  1.2014E-04  1.2837E-04  1.1575E-04
       1.1647E-04  1.0602E-04  1.1729E-04  1.0955E-04  1.0564E-04  1.1199E-04  1.0686E-04  1.0751E-04  9.9093E-05  1.0274E-04
       1.0253E-04  9.6165E-05  1.0148E-04  9.9884E-05  9.9794E-05  1.0612E-04  8.5855E-05  8.6096E-05  8.1281E-05  8.5462E-05
       8.2276E-05  7.3528E-05  7.3016E-05  7.6918E-05  7.1323E-05  6.1920E-05  6.0232E-05  5.7861E-05  5.4003E-05  5.5788E-05
       5.1858E-05  4.4438E-05  4.9571E-05  5.0328E-05  5.3270E-05  5.4565E-05  4.9555E-05  5.0237E-05  5.5745E-05  6.0214E-05
       5.2823E-05  6.0584E-05  7.1293E-05  6.8811E-05  6.9019E-05  7.8902E-05  7.9762E-05  8.7095E-05  9.1498E-05  9.1629E-05
       1.0372E-04  1.0412E-04  1.1100E-04  1.1357E-04  1.1450E-04  1.1329E-04  1.0449E-04  1.0981E-04  9.2437E-05  1.0873E-04
       1.1709E-04  1.5010E-04  2.3753E-04  4.1974E-04  8.5246E-04  1.8979E-03  4.3177E-03  9.4916E-03  1.9996E-02  4.0115E-02
       7.5052E-02  1.3196E-01  2.1628E-01  3.3035E-01  4.6903E-01  6.1831E-01  7.5394E-01  8.5081E-01  8.8728E-01  8.5340E-01
       7.5663E-01  6.1659E-01  4.6334E-01  3.1878E-01  2.0134E-01  1.1656E-01  6.1761E-02  3.0113E-02  1.3348E-02  5.4184E-03
       1.9870E-03  6.7598E-04  2.1089E-04  6.6531E-05  1.6235E-05  4.1383E-06  4.7747E-07  0.0000E+00  0.0000E+00  0.0000E+00
       0.0000E+00  0.0000E+00  0.0000E+00  0.0000E+00  0.0000E+00  0.0000E+00  0.0000E+00  0.0000E+00  0.0000E+00  0.0000E+00
       0.0000E+00  0.0000E+00  0.0000E+00  0.0000E+00  0.0000E+00  0.0000E+00  0.0000E+00  0.0000E+00  0.0000E+00  0.0000E+00
       0.0000E+00  0.0000E+00  0.0000E+00  0.0000E+00  0.0000E+00  0.0000E+00  0.0000E+00  0.0000E+00  0.0000E+00  0.0000E+00
       0.0000E+00  0.0000E+00  0.0000E+00  0.0000E+00  0.0000E+00  0.0000E+00  0.0000E+00  0.0000E+00  0.0000E+00  0.0000E+00
       0.0000E+00  0.0000E+00  0.0000E+00  0.0000E+00  0.0000E+00  0.0000E+00  0.0000E+00  0.0000E+00  0.0000E+00  0.0000E+00
       0.0000E+00  0.0000E+00  0.0000E+00  0.0000E+00  0.0000E+00  0.0000E+00  0.0000E+00  0.0000E+00  0.0000E+00  0.0000E+00
       0.0000E+00  0.0000E+00  0.0000E+00  0.0000E+00  0.0000E+00  0.0000E+00  0.0000E+00  0.0000E+00  0.0000E+00  0.0000E+00
       0.0000E+00  0.0000E+00  0.0000E+00  0.0000E+00  0.0000E+00  0.0000E+00  0.0000E+00  0.0000E+00  0.0000E+00  0.0000E+00
       0.0000E+00  0.0000E+00  0.0000E+00  0.0000E+00  0.0000E+00  0.0000E+00  0.0000E+00  0.0000E+00  0.0000E+00  0.0000E+00
       0.0000E+00  0.0000E+00  0.0000E+00  0.0000E+00  0.0000E+00  0.0000E+00  0.0000E+00  0.0000E+00  0.0000E+00  0.0000E+00
       0.0000E+00  0.0000E+00  0.0000E+00  0.0000E+00  0.0000E+00  0.0000E+00  0.0000E+00  0.0000E+00  0.0000E+00  0.0000E+00
       0.0000E+00  0.0000E+00  0.0000E+00  0.0000E+00  0.0000E+00  0.0000E+00  0.0000E+00  0.0000E+00  0.0000E+00  0.0000E+00
       0.0000E+00  0.0000E+00  0.0000E+00  0.0000E+00  0.0000E+00  0.0000E+00  0.0000E+00  0.0000E+00  0.0000E+00  0.0000E+00
       0.0000E+00  0.0000E+00  0.0000E+00  0.0000E+00  0.0000E+00  0.0000E+00  0.0000E+00  0.0000E+00  0.0000E+00  0.0000E+00
       0.0000E+00  0.0000E+00  0.0000E+00  0.0000E+00  0.0000E+00  0.0000E+00  0.0000E+00  0.0000E+00  0.0000E+00  0.0000E+00
       0.0000E+00  0.0000E+00  0.0000E+00  0.0000E+00  0.0000E+00  0.0000E+00  0.0000E+00  0.0000E+00  0.0000E+00  0.0000E+00
       0.0000E+00  0.0000E+00  0.0000E+00  0.0000E+00  0.0000E+00  0.0000E+00  0.0000E+00  0.0000E+00  0.0000E+00  0.0000E+00
       0.0000E+00  0.0000E+00  0.0000E+00  0.0000E+00  0.0000E+00  0.0000E+00  0.0000E+00  0.0000E+00  0.0000E+00  0.0000E+00
       0.0000E+00  0.0000E+00  0.0000E+00  0.0000E+00  0.0000E+00  0.0000E+00  0.0000E+00  0.0000E+00  0.0000E+00  0.0000E+00
       0.0000E+00  0.0000E+00  0.0000E+00  0.0000E+00  0.0000E+00  0.0000E+00  0.0000E+00  0.0000E+00  0.0000E+00  0.0000E+00
       0.0000E+00  0.0000E+00  0.0000E+00  0.0000E+00  0.0000E+00  0.0000E+00  0.0000E+00  0.0000E+00  0.0000E+00  0.0000E+00
       0.0000E+00  0.0000E+00  0.0000E+00  0.0000E+00  0.0000E+00  0.0000E+00  0.0000E+00  0.0000E+00  0.0000E+00  0.0000E+00
       0.0000E+00  0.0000E+00  0.0000E+00  0.0000E+00  0.0000E+00  0.0000E+00  0.0000E+00  0.0000E+00  0.0000E+00  0.0000E+00
       0.0000E+00  0.0000E+00  0.0000E+00  0.0000E+00  0.0000E+00  0.0000E+00  0.0000E+00  0.0000E+00  0.0000E+00  0.0000E+00
       0.0000E+00  0.0000E+00  0.0000E+00  0.0000E+00  0.0000E+00  0.0000E+00  0.0000E+00  0.0000E+00  0.0000E+00  0.0000E+00
       0.0000E+00  0.0000E+00  0.0000E+00  0.0000E+00  0.0000E+00  0.0000E+00  0.0000E+00  0.0000E+00  0.0000E+00  0.0000E+00
1

   Bdrx n.   6  "ofluence  " , generalized particle n.    1, from region n.     5 to region n.     4
      detector area:  1.0000E+02 cm**2
      this is a one way only estimator
      this is a fluence like estimator
      linear energy binning from   0.0000E+00 to  3.0000E+02 GeV,     1 bins ( 3.0000E+02 GeV wide)
      linear angular binning from  0.0000E+00 to  6.2832E+00 sr ,     1 bins ( 6.2832E+00 sr wide )
      Data follow in a matrix A(ie,ia), format (1(5x,1p,10(1x,e11.4)))

       5.3215E-06
