
 *****  Protons in Lexan (0.15GeV, 0cm)                                                   *****

           DATE: 12/20/18,  TIME: 19:59:20

          Total number of particles followed       50000000, for a total weight of  5.0000E+07

1

   Bdrx n.   4  "ocurrent  " , generalized particle n.    1, from region n.     5 to region n.     4
      detector area:  1.0000E+02 cm**2
      this is a one way only estimator
      this is a current like estimator
      linear energy binning from   7.0000E-02 to  2.0000E-01 GeV,   650 bins ( 2.0000E-04 GeV wide)
      linear angular binning from  0.0000E+00 to  6.2832E+00 sr ,     1 bins ( 6.2832E+00 sr wide )
      Data follow in a matrix A(ie,ia), format (1(5x,1p,10(1x,e11.4)))

       1.5343E-04  1.5565E-04  1.5040E-04  1.5629E-04  1.5804E-04  1.5486E-04  1.4579E-04  1.5438E-04  1.5486E-04  1.5709E-04
       1.5406E-04  1.5152E-04  1.6234E-04  1.6393E-04  1.6138E-04  1.5597E-04  1.5931E-04  1.5358E-04  1.5852E-04  1.5804E-04
       1.5374E-04  1.6122E-04  1.5199E-04  1.6393E-04  1.6075E-04  1.5709E-04  1.5406E-04  1.5756E-04  1.4992E-04  1.5661E-04
       1.5979E-04  1.6425E-04  1.5390E-04  1.6154E-04  1.6202E-04  1.5502E-04  1.4531E-04  1.5470E-04  1.5693E-04  1.4992E-04
       1.6902E-04  1.5247E-04  1.5725E-04  1.7189E-04  1.4610E-04  1.5740E-04  1.5995E-04  1.5661E-04  1.4499E-04  1.5756E-04
       1.5772E-04  1.5565E-04  1.6488E-04  1.5900E-04  1.5629E-04  1.5183E-04  1.6170E-04  1.5979E-04  1.6234E-04  1.5215E-04
       1.6313E-04  1.5740E-04  1.6202E-04  1.5549E-04  1.6186E-04  1.6043E-04  1.6282E-04  1.6234E-04  1.6648E-04  1.5024E-04
       1.6616E-04  1.6234E-04  1.6313E-04  1.5979E-04  1.5645E-04  1.5915E-04  1.6170E-04  1.5947E-04  1.6186E-04  1.5343E-04
       1.5247E-04  1.5454E-04  1.6441E-04  1.6138E-04  1.5868E-04  1.5327E-04  1.5852E-04  1.6616E-04  1.6568E-04  1.5597E-04
       1.5645E-04  1.5549E-04  1.5693E-04  1.6250E-04  1.6377E-04  1.5915E-04  1.6727E-04  1.6759E-04  1.6043E-04  1.5915E-04
       1.6027E-04  1.6377E-04  1.6441E-04  1.6154E-04  1.6520E-04  1.6934E-04  1.5740E-04  1.6409E-04  1.6250E-04  1.6855E-04
       1.6282E-04  1.6234E-04  1.5868E-04  1.6377E-04  1.6345E-04  1.6091E-04  1.5470E-04  1.5486E-04  1.6775E-04  1.6250E-04
       1.5454E-04  1.6695E-04  1.7316E-04  1.6313E-04  1.6902E-04  1.7316E-04  1.5534E-04  1.6823E-04  1.5852E-04  1.6504E-04
       1.7332E-04  1.7284E-04  1.6457E-04  1.6855E-04  1.7030E-04  1.5613E-04  1.5820E-04  1.5756E-04  1.6441E-04  1.6441E-04
       1.6648E-04  1.5740E-04  1.5900E-04  1.6377E-04  1.6154E-04  1.6234E-04  1.6759E-04  1.6886E-04  1.6234E-04  1.6918E-04
       1.6361E-04  1.6902E-04  1.6504E-04  1.6950E-04  1.6091E-04  1.6648E-04  1.7077E-04  1.7666E-04  1.7682E-04  1.6520E-04
       1.6441E-04  1.6361E-04  1.5820E-04  1.5502E-04  1.6807E-04  1.6536E-04  1.5740E-04  1.7714E-04  1.6425E-04  1.8016E-04
       1.6950E-04  1.5995E-04  1.6536E-04  1.6218E-04  1.6011E-04  1.6218E-04  1.6457E-04  1.6377E-04  1.5390E-04  1.5613E-04
       1.6027E-04  1.5518E-04  1.6679E-04  1.7157E-04  1.5661E-04  1.7077E-04  1.5836E-04  1.6393E-04  1.7380E-04  1.6138E-04
       1.6345E-04  1.5295E-04  1.5613E-04  1.7014E-04  1.5327E-04  1.6632E-04  1.6043E-04  1.5788E-04  1.7268E-04  1.6855E-04
       1.6345E-04  1.5008E-04  1.5390E-04  1.6695E-04  1.6648E-04  1.5677E-04  1.5565E-04  1.5677E-04  1.4897E-04  1.5120E-04
       1.5072E-04  1.4913E-04  1.5868E-04  1.4865E-04  1.5183E-04  1.4658E-04  1.5518E-04  1.4547E-04  1.5279E-04  1.5597E-04
       1.4404E-04  1.4642E-04  1.4356E-04  1.4976E-04  1.4961E-04  1.4228E-04  1.4579E-04  1.4372E-04  1.4961E-04  1.4372E-04
       1.4388E-04  1.4181E-04  1.4626E-04  1.4961E-04  1.3289E-04  1.3846E-04  1.3910E-04  1.3130E-04  1.3624E-04  1.4213E-04
       1.3369E-04  1.3831E-04  1.3512E-04  1.3687E-04  1.3735E-04  1.2955E-04  1.3226E-04  1.3783E-04  1.3576E-04  1.3417E-04
       1.2637E-04  1.3003E-04  1.4340E-04  1.3592E-04  1.1793E-04  1.3369E-04  1.3162E-04  1.2478E-04  1.3162E-04  1.3130E-04
       1.3067E-04  1.3162E-04  1.2716E-04  1.2239E-04  1.2510E-04  1.2478E-04  1.2748E-04  1.2000E-04  1.2573E-04  1.1984E-04
       1.1889E-04  1.1682E-04  1.2319E-04  1.2112E-04  1.1825E-04  1.2398E-04  1.2080E-04  1.1300E-04  1.1777E-04  1.1491E-04
       1.1411E-04  1.1045E-04  1.1793E-04  1.1507E-04  1.1268E-04  1.1045E-04  1.0265E-04  1.1045E-04  1.1873E-04  1.0679E-04
       1.0727E-04  9.7403E-05  1.0616E-04  1.0170E-04  9.7880E-05  1.0297E-04  9.8199E-05  1.0011E-04  9.1992E-05  9.4220E-05
       9.4697E-05  8.9127E-05  8.8490E-05  9.2628E-05  9.2787E-05  9.7721E-05  8.0692E-05  7.8463E-05  7.5280E-05  7.9737E-05
       7.5917E-05  6.8118E-05  6.6208E-05  6.9710E-05  6.3980E-05  5.6659E-05  5.4749E-05  5.2203E-05  4.8383E-05  4.9497E-05
       4.4086E-05  4.0107E-05  4.3449E-05  4.4404E-05  4.6314E-05  4.7587E-05  4.4404E-05  4.4563E-05  4.9179E-05  5.3158E-05
       4.6155E-05  5.4590E-05  6.3185E-05  6.1911E-05  6.2070E-05  7.0506E-05  7.0665E-05  8.0055E-05  8.3397E-05  8.4352E-05
       9.7562E-05  9.6289E-05  1.0186E-04  1.0647E-04  1.0759E-04  1.0632E-04  9.5493E-05  1.0090E-04  8.5466E-05  1.0011E-04
       1.0663E-04  1.3894E-04  2.2329E-04  4.0330E-04  8.3318E-04  1.8745E-03  4.2889E-03  9.4559E-03  1.9953E-02  4.0061E-02
       7.4986E-02  1.3188E-01  2.1618E-01  3.3024E-01  4.6891E-01  6.1817E-01  7.5380E-01  8.5068E-01  8.8716E-01  8.5329E-01
       7.5654E-01  6.1652E-01  4.6329E-01  3.1875E-01  2.0132E-01  1.1655E-01  6.1755E-02  3.0110E-02  1.3346E-02  5.4180E-03
       1.9869E-03  6.7593E-04  2.1088E-04  6.6527E-05  1.6234E-05  4.1380E-06  4.7746E-07  0.0000E+00  0.0000E+00  0.0000E+00
       0.0000E+00  0.0000E+00  0.0000E+00  0.0000E+00  0.0000E+00  0.0000E+00  0.0000E+00  0.0000E+00  0.0000E+00  0.0000E+00
       0.0000E+00  0.0000E+00  0.0000E+00  0.0000E+00  0.0000E+00  0.0000E+00  0.0000E+00  0.0000E+00  0.0000E+00  0.0000E+00
       0.0000E+00  0.0000E+00  0.0000E+00  0.0000E+00  0.0000E+00  0.0000E+00  0.0000E+00  0.0000E+00  0.0000E+00  0.0000E+00
       0.0000E+00  0.0000E+00  0.0000E+00  0.0000E+00  0.0000E+00  0.0000E+00  0.0000E+00  0.0000E+00  0.0000E+00  0.0000E+00
       0.0000E+00  0.0000E+00  0.0000E+00  0.0000E+00  0.0000E+00  0.0000E+00  0.0000E+00  0.0000E+00  0.0000E+00  0.0000E+00
       0.0000E+00  0.0000E+00  0.0000E+00  0.0000E+00  0.0000E+00  0.0000E+00  0.0000E+00  0.0000E+00  0.0000E+00  0.0000E+00
       0.0000E+00  0.0000E+00  0.0000E+00  0.0000E+00  0.0000E+00  0.0000E+00  0.0000E+00  0.0000E+00  0.0000E+00  0.0000E+00
       0.0000E+00  0.0000E+00  0.0000E+00  0.0000E+00  0.0000E+00  0.0000E+00  0.0000E+00  0.0000E+00  0.0000E+00  0.0000E+00
       0.0000E+00  0.0000E+00  0.0000E+00  0.0000E+00  0.0000E+00  0.0000E+00  0.0000E+00  0.0000E+00  0.0000E+00  0.0000E+00
       0.0000E+00  0.0000E+00  0.0000E+00  0.0000E+00  0.0000E+00  0.0000E+00  0.0000E+00  0.0000E+00  0.0000E+00  0.0000E+00
       0.0000E+00  0.0000E+00  0.0000E+00  0.0000E+00  0.0000E+00  0.0000E+00  0.0000E+00  0.0000E+00  0.0000E+00  0.0000E+00
       0.0000E+00  0.0000E+00  0.0000E+00  0.0000E+00  0.0000E+00  0.0000E+00  0.0000E+00  0.0000E+00  0.0000E+00  0.0000E+00
       0.0000E+00  0.0000E+00  0.0000E+00  0.0000E+00  0.0000E+00  0.0000E+00  0.0000E+00  0.0000E+00  0.0000E+00  0.0000E+00
       0.0000E+00  0.0000E+00  0.0000E+00  0.0000E+00  0.0000E+00  0.0000E+00  0.0000E+00  0.0000E+00  0.0000E+00  0.0000E+00
       0.0000E+00  0.0000E+00  0.0000E+00  0.0000E+00  0.0000E+00  0.0000E+00  0.0000E+00  0.0000E+00  0.0000E+00  0.0000E+00
       0.0000E+00  0.0000E+00  0.0000E+00  0.0000E+00  0.0000E+00  0.0000E+00  0.0000E+00  0.0000E+00  0.0000E+00  0.0000E+00
       0.0000E+00  0.0000E+00  0.0000E+00  0.0000E+00  0.0000E+00  0.0000E+00  0.0000E+00  0.0000E+00  0.0000E+00  0.0000E+00
       0.0000E+00  0.0000E+00  0.0000E+00  0.0000E+00  0.0000E+00  0.0000E+00  0.0000E+00  0.0000E+00  0.0000E+00  0.0000E+00
       0.0000E+00  0.0000E+00  0.0000E+00  0.0000E+00  0.0000E+00  0.0000E+00  0.0000E+00  0.0000E+00  0.0000E+00  0.0000E+00
       0.0000E+00  0.0000E+00  0.0000E+00  0.0000E+00  0.0000E+00  0.0000E+00  0.0000E+00  0.0000E+00  0.0000E+00  0.0000E+00
       0.0000E+00  0.0000E+00  0.0000E+00  0.0000E+00  0.0000E+00  0.0000E+00  0.0000E+00  0.0000E+00  0.0000E+00  0.0000E+00
       0.0000E+00  0.0000E+00  0.0000E+00  0.0000E+00  0.0000E+00  0.0000E+00  0.0000E+00  0.0000E+00  0.0000E+00  0.0000E+00
       0.0000E+00  0.0000E+00  0.0000E+00  0.0000E+00  0.0000E+00  0.0000E+00  0.0000E+00  0.0000E+00  0.0000E+00  0.0000E+00
       0.0000E+00  0.0000E+00  0.0000E+00  0.0000E+00  0.0000E+00  0.0000E+00  0.0000E+00  0.0000E+00  0.0000E+00  0.0000E+00
       0.0000E+00  0.0000E+00  0.0000E+00  0.0000E+00  0.0000E+00  0.0000E+00  0.0000E+00  0.0000E+00  0.0000E+00  0.0000E+00
       0.0000E+00  0.0000E+00  0.0000E+00  0.0000E+00  0.0000E+00  0.0000E+00  0.0000E+00  0.0000E+00  0.0000E+00  0.0000E+00
