
 *****  Protons in Lexan (0.22GeV, 1cm)                                                   *****

           DATE: 12/18/18,  TIME:  5:24:32

          Total number of particles followed       25000000, for a total weight of  2.5000E+07

1

   Bdrx n.   2  "ofluence  " , generalized particle n.    1, from region n.     5 to region n.     4
      detector area:  1.0000E+02 cm**2
      this is a one way only estimator
      this is a fluence like estimator
      linear energy binning from   1.4000E-01 to  2.7000E-01 GeV,   650 bins ( 2.0000E-04 GeV wide)
      linear angular binning from  0.0000E+00 to  6.2832E+00 sr ,     1 bins ( 6.2832E+00 sr wide )
      Data follow in a matrix A(ie,ia), format (1(5x,1p,10(1x,e11.4)))

       2.8986E-04  2.7402E-04  2.6518E-04  2.5825E-04  2.5858E-04  2.7068E-04  2.7381E-04  2.7132E-04  2.6832E-04  2.8059E-04
       2.6209E-04  2.8108E-04  2.7026E-04  2.8423E-04  2.7397E-04  2.8400E-04  2.7421E-04  2.7359E-04  2.7164E-04  2.8605E-04
       2.8318E-04  2.7620E-04  2.7465E-04  2.6617E-04  2.8500E-04  2.6232E-04  2.5762E-04  2.8107E-04  2.6237E-04  2.7214E-04
       2.5272E-04  2.5673E-04  2.6771E-04  2.7555E-04  2.7139E-04  2.6465E-04  2.6529E-04  2.5210E-04  2.6469E-04  2.8689E-04
       2.6085E-04  2.6674E-04  2.7722E-04  2.7377E-04  2.6201E-04  2.8568E-04  2.6443E-04  2.6210E-04  2.6565E-04  2.8115E-04
       2.4971E-04  2.6208E-04  2.6133E-04  2.6825E-04  2.6034E-04  2.6291E-04  2.6441E-04  2.6987E-04  2.6439E-04  2.5722E-04
       2.7159E-04  2.6354E-04  2.4337E-04  2.5255E-04  2.6035E-04  2.4405E-04  2.7518E-04  2.4945E-04  2.3712E-04  2.6954E-04
       2.6181E-04  2.6744E-04  2.5006E-04  2.4230E-04  2.7646E-04  2.5283E-04  2.4386E-04  2.4870E-04  2.6412E-04  2.6485E-04
       2.5446E-04  2.8186E-04  2.7068E-04  2.5182E-04  2.6645E-04  2.6194E-04  2.4914E-04  2.7139E-04  2.6346E-04  2.7317E-04
       2.5657E-04  2.5307E-04  2.6303E-04  2.7559E-04  2.3597E-04  2.7246E-04  2.4661E-04  2.4920E-04  2.7497E-04  2.4801E-04
       2.5640E-04  2.5320E-04  2.4864E-04  2.6084E-04  2.6218E-04  2.6594E-04  2.5969E-04  2.5760E-04  2.5736E-04  2.6778E-04
       2.5539E-04  2.4707E-04  2.6200E-04  2.5487E-04  2.5516E-04  2.3589E-04  2.6892E-04  2.4108E-04  2.6733E-04  2.4818E-04
       2.6258E-04  2.6022E-04  2.5634E-04  2.7699E-04  2.5181E-04  2.7725E-04  2.6281E-04  2.5436E-04  2.6415E-04  2.4944E-04
       2.6212E-04  2.6121E-04  2.5359E-04  2.6870E-04  2.5024E-04  2.5087E-04  2.5017E-04  2.4594E-04  2.4729E-04  2.5081E-04
       2.4075E-04  2.3631E-04  2.6508E-04  2.4149E-04  2.3856E-04  2.5406E-04  2.5561E-04  2.5126E-04  2.5707E-04  2.4302E-04
       2.5689E-04  2.3955E-04  2.5735E-04  2.4447E-04  2.3681E-04  2.5620E-04  2.5392E-04  2.3065E-04  2.4773E-04  2.3702E-04
       2.2973E-04  2.5315E-04  2.5026E-04  2.3943E-04  2.4670E-04  2.4581E-04  2.3848E-04  2.4867E-04  2.2518E-04  2.4451E-04
       2.3954E-04  2.3350E-04  2.3389E-04  2.4199E-04  2.3081E-04  2.2867E-04  2.5152E-04  2.1124E-04  2.3097E-04  2.4226E-04
       2.3882E-04  2.1947E-04  2.2560E-04  2.2845E-04  2.1405E-04  2.2906E-04  2.2409E-04  2.3425E-04  2.1713E-04  2.1872E-04
       2.2325E-04  2.2323E-04  2.4047E-04  2.3955E-04  2.2347E-04  2.0765E-04  2.4026E-04  2.2496E-04  2.1676E-04  2.2500E-04
       2.1961E-04  2.2159E-04  1.9845E-04  2.1480E-04  2.1813E-04  2.0325E-04  2.0675E-04  2.1065E-04  2.0974E-04  2.1861E-04
       2.0184E-04  2.1406E-04  2.1511E-04  2.0778E-04  2.0547E-04  1.9921E-04  2.1264E-04  2.1204E-04  2.0652E-04  1.9479E-04
       1.9360E-04  2.0724E-04  1.9701E-04  1.9362E-04  1.9295E-04  1.9945E-04  1.8173E-04  1.7068E-04  1.9307E-04  1.8620E-04
       1.8094E-04  1.9489E-04  2.0494E-04  1.7471E-04  1.8689E-04  1.8648E-04  1.8981E-04  1.7390E-04  1.8782E-04  1.8901E-04
       1.7520E-04  1.8007E-04  1.8774E-04  1.7685E-04  1.8056E-04  1.6561E-04  1.7196E-04  1.8713E-04  1.7901E-04  1.7213E-04
       1.6853E-04  1.8212E-04  1.5835E-04  1.7093E-04  1.6489E-04  1.6452E-04  1.6340E-04  1.7030E-04  1.5954E-04  1.5955E-04
       1.5288E-04  1.6447E-04  1.5992E-04  1.7027E-04  1.6005E-04  1.5090E-04  1.6558E-04  1.5422E-04  1.4547E-04  1.4571E-04
       1.5026E-04  1.5477E-04  1.3663E-04  1.3746E-04  1.5120E-04  1.4323E-04  1.4146E-04  1.3540E-04  1.3463E-04  1.4161E-04
       1.2694E-04  1.3762E-04  1.3915E-04  1.2633E-04  1.2948E-04  1.1991E-04  1.1752E-04  1.1440E-04  1.2282E-04  1.1047E-04
       1.1118E-04  1.1111E-04  9.7194E-05  1.0438E-04  9.4877E-05  8.3488E-05  7.4265E-05  7.5674E-05  8.6004E-05  8.1292E-05
       7.8687E-05  6.7196E-05  7.3839E-05  7.3619E-05  6.5094E-05  7.2693E-05  7.4837E-05  6.9230E-05  7.1428E-05  7.1012E-05
       8.1050E-05  7.7263E-05  7.9976E-05  8.8205E-05  8.1157E-05  8.1587E-05  8.8904E-05  9.5012E-05  1.0436E-04  1.0925E-04
       1.1764E-04  1.1872E-04  1.1962E-04  1.2401E-04  1.4244E-04  1.3780E-04  1.5503E-04  1.8208E-04  2.4213E-04  3.4114E-04
       5.5433E-04  9.0142E-04  1.6182E-03  2.8315E-03  4.8231E-03  8.2752E-03  1.3621E-02  2.1974E-02  3.4788E-02  5.2817E-02
       7.8060E-02  1.1143E-01  1.5463E-01  2.0672E-01  2.6781E-01  3.3429E-01  4.0341E-01  4.7010E-01  5.2730E-01  5.7046E-01
       5.9531E-01  5.9774E-01  5.7798E-01  5.3824E-01  4.8101E-01  4.1508E-01  3.4360E-01  2.7312E-01  2.0970E-01  1.5322E-01
       1.0847E-01  7.3276E-02  4.7665E-02  2.9852E-02  1.7793E-02  1.0187E-02  5.6549E-03  2.9201E-03  1.4812E-03  7.3057E-04
       3.3807E-04  1.4102E-04  6.6531E-05  2.5785E-05  9.8681E-06  2.5468E-06  1.2733E-06  0.0000E+00  0.0000E+00  0.0000E+00
       0.0000E+00  0.0000E+00  0.0000E+00  0.0000E+00  0.0000E+00  0.0000E+00  0.0000E+00  0.0000E+00  0.0000E+00  0.0000E+00
       0.0000E+00  0.0000E+00  0.0000E+00  0.0000E+00  0.0000E+00  0.0000E+00  0.0000E+00  0.0000E+00  0.0000E+00  0.0000E+00
       0.0000E+00  0.0000E+00  0.0000E+00  0.0000E+00  0.0000E+00  0.0000E+00  0.0000E+00  0.0000E+00  0.0000E+00  0.0000E+00
       0.0000E+00  0.0000E+00  0.0000E+00  0.0000E+00  0.0000E+00  0.0000E+00  0.0000E+00  0.0000E+00  0.0000E+00  0.0000E+00
       0.0000E+00  0.0000E+00  0.0000E+00  0.0000E+00  0.0000E+00  0.0000E+00  0.0000E+00  0.0000E+00  0.0000E+00  0.0000E+00
       0.0000E+00  0.0000E+00  0.0000E+00  0.0000E+00  0.0000E+00  0.0000E+00  0.0000E+00  0.0000E+00  0.0000E+00  0.0000E+00
       0.0000E+00  0.0000E+00  0.0000E+00  0.0000E+00  0.0000E+00  0.0000E+00  0.0000E+00  0.0000E+00  0.0000E+00  0.0000E+00
       0.0000E+00  0.0000E+00  0.0000E+00  0.0000E+00  0.0000E+00  0.0000E+00  0.0000E+00  0.0000E+00  0.0000E+00  0.0000E+00
       0.0000E+00  0.0000E+00  0.0000E+00  0.0000E+00  0.0000E+00  0.0000E+00  0.0000E+00  0.0000E+00  0.0000E+00  0.0000E+00
       0.0000E+00  0.0000E+00  0.0000E+00  0.0000E+00  0.0000E+00  0.0000E+00  0.0000E+00  0.0000E+00  0.0000E+00  0.0000E+00
       0.0000E+00  0.0000E+00  0.0000E+00  0.0000E+00  0.0000E+00  0.0000E+00  0.0000E+00  0.0000E+00  0.0000E+00  0.0000E+00
       0.0000E+00  0.0000E+00  0.0000E+00  0.0000E+00  0.0000E+00  0.0000E+00  0.0000E+00  0.0000E+00  0.0000E+00  0.0000E+00
       0.0000E+00  0.0000E+00  0.0000E+00  0.0000E+00  0.0000E+00  0.0000E+00  0.0000E+00  0.0000E+00  0.0000E+00  0.0000E+00
       0.0000E+00  0.0000E+00  0.0000E+00  0.0000E+00  0.0000E+00  0.0000E+00  0.0000E+00  0.0000E+00  0.0000E+00  0.0000E+00
       0.0000E+00  0.0000E+00  0.0000E+00  0.0000E+00  0.0000E+00  0.0000E+00  0.0000E+00  0.0000E+00  0.0000E+00  0.0000E+00
       0.0000E+00  0.0000E+00  0.0000E+00  0.0000E+00  0.0000E+00  0.0000E+00  0.0000E+00  0.0000E+00  0.0000E+00  0.0000E+00
       0.0000E+00  0.0000E+00  0.0000E+00  0.0000E+00  0.0000E+00  0.0000E+00  0.0000E+00  0.0000E+00  0.0000E+00  0.0000E+00
       0.0000E+00  0.0000E+00  0.0000E+00  0.0000E+00  0.0000E+00  0.0000E+00  0.0000E+00  0.0000E+00  0.0000E+00  0.0000E+00
       0.0000E+00  0.0000E+00  0.0000E+00  0.0000E+00  0.0000E+00  0.0000E+00  0.0000E+00  0.0000E+00  0.0000E+00  0.0000E+00
       0.0000E+00  0.0000E+00  0.0000E+00  0.0000E+00  0.0000E+00  0.0000E+00  0.0000E+00  0.0000E+00  0.0000E+00  0.0000E+00
       0.0000E+00  0.0000E+00  0.0000E+00  0.0000E+00  0.0000E+00  0.0000E+00  0.0000E+00  0.0000E+00  0.0000E+00  0.0000E+00
       0.0000E+00  0.0000E+00  0.0000E+00  0.0000E+00  0.0000E+00  0.0000E+00  0.0000E+00  0.0000E+00  0.0000E+00  0.0000E+00
       0.0000E+00  0.0000E+00  0.0000E+00  0.0000E+00  0.0000E+00  0.0000E+00  0.0000E+00  0.0000E+00  0.0000E+00  0.0000E+00
       0.0000E+00  0.0000E+00  0.0000E+00  0.0000E+00  0.0000E+00  0.0000E+00  0.0000E+00  0.0000E+00  0.0000E+00  0.0000E+00
       0.0000E+00  0.0000E+00  0.0000E+00  0.0000E+00  0.0000E+00  0.0000E+00  0.0000E+00  0.0000E+00  0.0000E+00  0.0000E+00
       0.0000E+00  0.0000E+00  0.0000E+00  0.0000E+00  0.0000E+00  0.0000E+00  0.0000E+00  0.0000E+00  0.0000E+00  0.0000E+00
       0.0000E+00  0.0000E+00  0.0000E+00  0.0000E+00  0.0000E+00  0.0000E+00  0.0000E+00  0.0000E+00  0.0000E+00  0.0000E+00
1

   Bdrx n.   6  "ofluence  " , generalized particle n.    1, from region n.     5 to region n.     4
      detector area:  1.0000E+02 cm**2
      this is a one way only estimator
      this is a fluence like estimator
      linear energy binning from   0.0000E+00 to  3.0000E+02 GeV,     1 bins ( 3.0000E+02 GeV wide)
      linear angular binning from  0.0000E+00 to  6.2832E+00 sr ,     1 bins ( 6.2832E+00 sr wide )
      Data follow in a matrix A(ie,ia), format (1(5x,1p,10(1x,e11.4)))

       5.3495E-06
