
 *****  Protons in Lexan (0.22GeV, 1cm)                                                   *****

           DATE: 12/18/18,  TIME:  5:24:32

          Total number of particles followed       25000000, for a total weight of  2.5000E+07

1

   Bdrx n.   4  "ocurrent  " , generalized particle n.    1, from region n.     5 to region n.     4
      detector area:  1.0000E+02 cm**2
      this is a one way only estimator
      this is a current like estimator
      linear energy binning from   1.4000E-01 to  2.7000E-01 GeV,   650 bins ( 2.0000E-04 GeV wide)
      linear angular binning from  0.0000E+00 to  6.2832E+00 sr ,     1 bins ( 6.2832E+00 sr wide )
      Data follow in a matrix A(ie,ia), format (1(5x,1p,10(1x,e11.4)))

       2.3810E-04  2.2536E-04  2.1677E-04  2.1168E-04  2.0595E-04  2.2345E-04  2.2505E-04  2.2186E-04  2.1963E-04  2.3014E-04
       2.1518E-04  2.3237E-04  2.2218E-04  2.3396E-04  2.2505E-04  2.3300E-04  2.2568E-04  2.2886E-04  2.2441E-04  2.3682E-04
       2.3237E-04  2.2950E-04  2.2950E-04  2.2123E-04  2.3491E-04  2.1963E-04  2.1231E-04  2.3364E-04  2.1836E-04  2.2282E-04
       2.1104E-04  2.1550E-04  2.2409E-04  2.3077E-04  2.2505E-04  2.1677E-04  2.2027E-04  2.0881E-04  2.2154E-04  2.3969E-04
       2.1963E-04  2.2218E-04  2.3300E-04  2.2886E-04  2.1932E-04  2.3873E-04  2.2123E-04  2.1963E-04  2.2314E-04  2.3778E-04
       2.1008E-04  2.1963E-04  2.2059E-04  2.2727E-04  2.1836E-04  2.2250E-04  2.2027E-04  2.2600E-04  2.2186E-04  2.1677E-04
       2.2727E-04  2.2250E-04  2.0595E-04  2.1199E-04  2.1868E-04  2.0722E-04  2.2982E-04  2.1231E-04  2.0149E-04  2.2886E-04
       2.2218E-04  2.2664E-04  2.1486E-04  2.0626E-04  2.3459E-04  2.1359E-04  2.0722E-04  2.1199E-04  2.2664E-04  2.2664E-04
       2.1741E-04  2.4064E-04  2.3077E-04  2.1518E-04  2.2536E-04  2.2441E-04  2.1486E-04  2.3459E-04  2.2441E-04  2.3300E-04
       2.2059E-04  2.1741E-04  2.2823E-04  2.3905E-04  2.0404E-04  2.3364E-04  2.1359E-04  2.1486E-04  2.3459E-04  2.1486E-04
       2.2186E-04  2.1900E-04  2.1486E-04  2.2473E-04  2.2695E-04  2.3077E-04  2.2441E-04  2.2218E-04  2.2377E-04  2.3237E-04
       2.2123E-04  2.1454E-04  2.2791E-04  2.2091E-04  2.2059E-04  2.0372E-04  2.3396E-04  2.1104E-04  2.3237E-04  2.1741E-04
       2.3014E-04  2.2759E-04  2.2314E-04  2.4128E-04  2.2154E-04  2.4064E-04  2.3173E-04  2.2186E-04  2.3173E-04  2.1868E-04
       2.3141E-04  2.2950E-04  2.2409E-04  2.3619E-04  2.2059E-04  2.2186E-04  2.2091E-04  2.1772E-04  2.1741E-04  2.1995E-04
       2.1359E-04  2.1008E-04  2.3491E-04  2.1518E-04  2.1136E-04  2.2473E-04  2.2664E-04  2.2123E-04  2.2759E-04  2.1581E-04
       2.2759E-04  2.1327E-04  2.2823E-04  2.1772E-04  2.1136E-04  2.2695E-04  2.2600E-04  2.0658E-04  2.2091E-04  2.1136E-04
       2.0690E-04  2.2664E-04  2.2250E-04  2.1359E-04  2.2123E-04  2.1868E-04  2.1422E-04  2.2345E-04  2.0340E-04  2.1963E-04
       2.1390E-04  2.0754E-04  2.1136E-04  2.1772E-04  2.0722E-04  2.0563E-04  2.2505E-04  1.8971E-04  2.0849E-04  2.1741E-04
       2.1581E-04  1.9894E-04  2.0308E-04  2.0722E-04  1.9385E-04  2.0722E-04  2.0213E-04  2.1168E-04  1.9672E-04  1.9799E-04
       2.0149E-04  2.0340E-04  2.1900E-04  2.1868E-04  2.0276E-04  1.8939E-04  2.1868E-04  2.0467E-04  1.9735E-04  2.0499E-04
       1.9863E-04  2.0054E-04  1.8271E-04  1.9608E-04  1.9894E-04  1.8526E-04  1.8971E-04  1.9258E-04  1.9130E-04  2.0054E-04
       1.8494E-04  1.9703E-04  1.9672E-04  1.9067E-04  1.8780E-04  1.8239E-04  1.9481E-04  1.9481E-04  1.8844E-04  1.7857E-04
       1.7730E-04  1.9067E-04  1.8207E-04  1.7825E-04  1.7666E-04  1.8366E-04  1.6679E-04  1.5884E-04  1.7794E-04  1.7125E-04
       1.6711E-04  1.7985E-04  1.8876E-04  1.6202E-04  1.7348E-04  1.7093E-04  1.7507E-04  1.6138E-04  1.7475E-04  1.7571E-04
       1.6297E-04  1.6807E-04  1.7507E-04  1.6552E-04  1.6839E-04  1.5470E-04  1.6075E-04  1.7348E-04  1.6648E-04  1.6106E-04
       1.5820E-04  1.7030E-04  1.4801E-04  1.5979E-04  1.5502E-04  1.5343E-04  1.5374E-04  1.6011E-04  1.5024E-04  1.4961E-04
       1.4388E-04  1.5279E-04  1.5056E-04  1.5915E-04  1.5120E-04  1.4197E-04  1.5661E-04  1.4547E-04  1.3815E-04  1.3783E-04
       1.4197E-04  1.4610E-04  1.2923E-04  1.2955E-04  1.4324E-04  1.3624E-04  1.3401E-04  1.2860E-04  1.2701E-04  1.3496E-04
       1.2096E-04  1.3083E-04  1.3019E-04  1.2032E-04  1.2255E-04  1.1364E-04  1.1205E-04  1.0918E-04  1.1714E-04  1.0345E-04
       1.0568E-04  1.0568E-04  9.0718E-05  9.9313E-05  8.9445E-05  7.8941E-05  7.0028E-05  7.0346E-05  8.1487E-05  7.6076E-05
       7.3848E-05  6.3025E-05  6.9073E-05  6.8437E-05  6.0161E-05  6.8118E-05  6.9392E-05  6.3025E-05  6.6845E-05  6.6208E-05
       7.4803E-05  7.1301E-05  7.3848E-05  8.1487E-05  7.5439E-05  7.5758E-05  8.3079E-05  8.8172E-05  9.8994E-05  1.0345E-04
       1.1173E-04  1.1268E-04  1.1364E-04  1.1873E-04  1.3655E-04  1.3146E-04  1.4897E-04  1.7539E-04  2.3491E-04  3.3454E-04
       5.4017E-04  8.9063E-04  1.6075E-03  2.8209E-03  4.8087E-03  8.2579E-03  1.3601E-02  2.1951E-02  3.4758E-02  5.2780E-02
       7.8019E-02  1.1138E-01  1.5457E-01  2.0665E-01  2.6774E-01  3.3421E-01  4.0332E-01  4.7001E-01  5.2721E-01  5.7036E-01
       5.9522E-01  5.9766E-01  5.7790E-01  5.3817E-01  4.8095E-01  4.1503E-01  3.4356E-01  2.7309E-01  2.0968E-01  1.5320E-01
       1.0846E-01  7.3269E-02  4.7661E-02  2.9850E-02  1.7791E-02  1.0186E-02  5.6545E-03  2.9199E-03  1.4811E-03  7.3052E-04
       3.3805E-04  1.4101E-04  6.6527E-05  2.5783E-05  9.8676E-06  2.5465E-06  1.2732E-06  0.0000E+00  0.0000E+00  0.0000E+00
       0.0000E+00  0.0000E+00  0.0000E+00  0.0000E+00  0.0000E+00  0.0000E+00  0.0000E+00  0.0000E+00  0.0000E+00  0.0000E+00
       0.0000E+00  0.0000E+00  0.0000E+00  0.0000E+00  0.0000E+00  0.0000E+00  0.0000E+00  0.0000E+00  0.0000E+00  0.0000E+00
       0.0000E+00  0.0000E+00  0.0000E+00  0.0000E+00  0.0000E+00  0.0000E+00  0.0000E+00  0.0000E+00  0.0000E+00  0.0000E+00
       0.0000E+00  0.0000E+00  0.0000E+00  0.0000E+00  0.0000E+00  0.0000E+00  0.0000E+00  0.0000E+00  0.0000E+00  0.0000E+00
       0.0000E+00  0.0000E+00  0.0000E+00  0.0000E+00  0.0000E+00  0.0000E+00  0.0000E+00  0.0000E+00  0.0000E+00  0.0000E+00
       0.0000E+00  0.0000E+00  0.0000E+00  0.0000E+00  0.0000E+00  0.0000E+00  0.0000E+00  0.0000E+00  0.0000E+00  0.0000E+00
       0.0000E+00  0.0000E+00  0.0000E+00  0.0000E+00  0.0000E+00  0.0000E+00  0.0000E+00  0.0000E+00  0.0000E+00  0.0000E+00
       0.0000E+00  0.0000E+00  0.0000E+00  0.0000E+00  0.0000E+00  0.0000E+00  0.0000E+00  0.0000E+00  0.0000E+00  0.0000E+00
       0.0000E+00  0.0000E+00  0.0000E+00  0.0000E+00  0.0000E+00  0.0000E+00  0.0000E+00  0.0000E+00  0.0000E+00  0.0000E+00
       0.0000E+00  0.0000E+00  0.0000E+00  0.0000E+00  0.0000E+00  0.0000E+00  0.0000E+00  0.0000E+00  0.0000E+00  0.0000E+00
       0.0000E+00  0.0000E+00  0.0000E+00  0.0000E+00  0.0000E+00  0.0000E+00  0.0000E+00  0.0000E+00  0.0000E+00  0.0000E+00
       0.0000E+00  0.0000E+00  0.0000E+00  0.0000E+00  0.0000E+00  0.0000E+00  0.0000E+00  0.0000E+00  0.0000E+00  0.0000E+00
       0.0000E+00  0.0000E+00  0.0000E+00  0.0000E+00  0.0000E+00  0.0000E+00  0.0000E+00  0.0000E+00  0.0000E+00  0.0000E+00
       0.0000E+00  0.0000E+00  0.0000E+00  0.0000E+00  0.0000E+00  0.0000E+00  0.0000E+00  0.0000E+00  0.0000E+00  0.0000E+00
       0.0000E+00  0.0000E+00  0.0000E+00  0.0000E+00  0.0000E+00  0.0000E+00  0.0000E+00  0.0000E+00  0.0000E+00  0.0000E+00
       0.0000E+00  0.0000E+00  0.0000E+00  0.0000E+00  0.0000E+00  0.0000E+00  0.0000E+00  0.0000E+00  0.0000E+00  0.0000E+00
       0.0000E+00  0.0000E+00  0.0000E+00  0.0000E+00  0.0000E+00  0.0000E+00  0.0000E+00  0.0000E+00  0.0000E+00  0.0000E+00
       0.0000E+00  0.0000E+00  0.0000E+00  0.0000E+00  0.0000E+00  0.0000E+00  0.0000E+00  0.0000E+00  0.0000E+00  0.0000E+00
       0.0000E+00  0.0000E+00  0.0000E+00  0.0000E+00  0.0000E+00  0.0000E+00  0.0000E+00  0.0000E+00  0.0000E+00  0.0000E+00
       0.0000E+00  0.0000E+00  0.0000E+00  0.0000E+00  0.0000E+00  0.0000E+00  0.0000E+00  0.0000E+00  0.0000E+00  0.0000E+00
       0.0000E+00  0.0000E+00  0.0000E+00  0.0000E+00  0.0000E+00  0.0000E+00  0.0000E+00  0.0000E+00  0.0000E+00  0.0000E+00
       0.0000E+00  0.0000E+00  0.0000E+00  0.0000E+00  0.0000E+00  0.0000E+00  0.0000E+00  0.0000E+00  0.0000E+00  0.0000E+00
       0.0000E+00  0.0000E+00  0.0000E+00  0.0000E+00  0.0000E+00  0.0000E+00  0.0000E+00  0.0000E+00  0.0000E+00  0.0000E+00
       0.0000E+00  0.0000E+00  0.0000E+00  0.0000E+00  0.0000E+00  0.0000E+00  0.0000E+00  0.0000E+00  0.0000E+00  0.0000E+00
       0.0000E+00  0.0000E+00  0.0000E+00  0.0000E+00  0.0000E+00  0.0000E+00  0.0000E+00  0.0000E+00  0.0000E+00  0.0000E+00
       0.0000E+00  0.0000E+00  0.0000E+00  0.0000E+00  0.0000E+00  0.0000E+00  0.0000E+00  0.0000E+00  0.0000E+00  0.0000E+00
       0.0000E+00  0.0000E+00  0.0000E+00  0.0000E+00  0.0000E+00  0.0000E+00  0.0000E+00  0.0000E+00  0.0000E+00  0.0000E+00
