
 *****  Protons in Lexan (0.22GeV, 1cm)                                                   *****

           DATE: 12/18/18,  TIME:  5:24:32

          Total number of particles followed       25000000, for a total weight of  2.5000E+07

1

   Res. nuclei n.   1  "Ian       " ,  all         products, region n.     5
      detector volume:  1.0000E+00 cm**3
      Max. Z:  10, Max. N-Z:  11 Min. N-Z: -4
      Data follow in a matrix A(z,n-z-k), k: -5 format (1(5x,1p,10(1x,e11.4)))

       0.0000E+00  0.0000E+00  0.0000E+00  0.0000E+00  0.0000E+00  0.0000E+00  0.0000E+00  0.0000E+00  0.0000E+00  0.0000E+00
       0.0000E+00  0.0000E+00  0.0000E+00  0.0000E+00  0.0000E+00  1.4920E-05  0.0000E+00  9.2000E-07  0.0000E+00  0.0000E+00
       0.0000E+00  0.0000E+00  0.0000E+00  0.0000E+00  1.0560E-04  2.2152E-04  2.3360E-05  4.7360E-05  0.0000E+00  0.0000E+00
       2.2075E-02  2.8808E-03  0.0000E+00  1.3679E-03  0.0000E+00  4.1389E-03  5.9680E-05  1.0074E-03  0.0000E+00  0.0000E+00
       5.3239E-03  2.2567E-02  1.8525E-03  0.0000E+00  1.4523E-03  4.8842E-03  4.7927E-04  5.7233E-04  4.0000E-08  4.4000E-07
       1.5512E-03  0.0000E+00  1.0430E-03  2.9506E-04  2.6948E-03  2.6034E-04  6.6756E-04  5.3203E-07  4.0000E-08  0.0000E+00
       0.0000E+00  6.3680E-05  8.3680E-05  1.9028E-04  3.1212E-05  6.5920E-05  1.5936E-06  9.2000E-07  0.0000E+00  0.0000E+00
       0.0000E+00  0.0000E+00  6.6000E-06  6.8000E-07  2.0000E-06  4.0000E-08  8.4000E-07  0.0000E+00  0.0000E+00  0.0000E+00
       0.0000E+00  1.2000E-07  0.0000E+00  4.0000E-08  0.0000E+00  0.0000E+00  0.0000E+00  0.0000E+00  0.0000E+00  0.0000E+00
       0.0000E+00  0.0000E+00  0.0000E+00  0.0000E+00  0.0000E+00  0.0000E+00  0.0000E+00  0.0000E+00  0.0000E+00  0.0000E+00
       0.0000E+00  0.0000E+00  0.0000E+00  0.0000E+00  0.0000E+00  0.0000E+00  0.0000E+00  0.0000E+00  0.0000E+00  0.0000E+00
       0.0000E+00  0.0000E+00  0.0000E+00  0.0000E+00  0.0000E+00  0.0000E+00  0.0000E+00  0.0000E+00  0.0000E+00  0.0000E+00
       0.0000E+00  0.0000E+00  0.0000E+00  0.0000E+00  0.0000E+00  0.0000E+00  0.0000E+00  0.0000E+00  0.0000E+00  0.0000E+00
       0.0000E+00  0.0000E+00  0.0000E+00  0.0000E+00  0.0000E+00  0.0000E+00  0.0000E+00  0.0000E+00  0.0000E+00  0.0000E+00
       0.0000E+00  0.0000E+00  0.0000E+00  0.0000E+00  0.0000E+00  0.0000E+00  0.0000E+00  0.0000E+00  0.0000E+00  0.0000E+00
       0.0000E+00  0.0000E+00  0.0000E+00  0.0000E+00  0.0000E+00  0.0000E+00  0.0000E+00  0.0000E+00  0.0000E+00  0.0000E+00
