
 *****  Protons in Lexan (0.20GeV, 5.0cm)                                                 *****

           DATE: 12/13/18,  TIME:  4:14:54

          Total number of particles followed        1000000, for a total weight of  1.0000E+06

1

   Res. nuclei n.   1  "Ian       " ,  all         products, region n.     5
      detector volume:  1.0000E+00 cm**3
      Max. Z:  10, Max. N-Z:  11 Min. N-Z: -4
      Data follow in a matrix A(z,n-z-k), k: -5 format (1(5x,1p,10(1x,e11.4)))

       0.0000E+00  0.0000E+00  0.0000E+00  0.0000E+00  0.0000E+00  0.0000E+00  0.0000E+00  0.0000E+00  0.0000E+00  0.0000E+00
       0.0000E+00  0.0000E+00  0.0000E+00  0.0000E+00  0.0000E+00  4.1000E-05  0.0000E+00  2.9000E-05  0.0000E+00  0.0000E+00
       0.0000E+00  0.0000E+00  0.0000E+00  0.0000E+00  4.3300E-04  8.3500E-04  1.9300E-04  1.0320E-03  0.0000E+00  0.0000E+00
       3.7568E+00  1.1795E-02  0.0000E+00  3.8290E-03  0.0000E+00  1.0774E-02  2.1400E-03  3.7707E-02  0.0000E+00  0.0000E+00
       2.4754E+00  1.6959E-01  9.4670E-03  0.0000E+00  5.8620E-03  4.2800E-02  1.8872E-02  6.3568E-02  1.0000E-05  8.0000E-06
       5.8551E-03  0.0000E+00  2.9980E-03  1.8721E-03  9.2620E-03  9.7720E-03  2.8707E-02  7.5253E-05  0.0000E+00  0.0000E+00
       0.0000E+00  1.7600E-04  3.5600E-04  9.7400E-04  2.9100E-04  2.3250E-03  1.9189E-04  8.9000E-05  0.0000E+00  0.0000E+00
       0.0000E+00  0.0000E+00  2.4000E-05  9.0000E-06  4.5000E-05  9.0000E-06  2.6000E-05  0.0000E+00  0.0000E+00  0.0000E+00
       0.0000E+00  0.0000E+00  0.0000E+00  1.0000E-06  0.0000E+00  1.0000E-06  0.0000E+00  0.0000E+00  0.0000E+00  0.0000E+00
       0.0000E+00  0.0000E+00  0.0000E+00  0.0000E+00  0.0000E+00  0.0000E+00  0.0000E+00  0.0000E+00  0.0000E+00  0.0000E+00
       0.0000E+00  0.0000E+00  0.0000E+00  0.0000E+00  0.0000E+00  0.0000E+00  0.0000E+00  0.0000E+00  0.0000E+00  0.0000E+00
       0.0000E+00  0.0000E+00  0.0000E+00  0.0000E+00  0.0000E+00  0.0000E+00  0.0000E+00  0.0000E+00  0.0000E+00  0.0000E+00
       0.0000E+00  0.0000E+00  0.0000E+00  0.0000E+00  0.0000E+00  0.0000E+00  0.0000E+00  0.0000E+00  0.0000E+00  0.0000E+00
       0.0000E+00  0.0000E+00  0.0000E+00  0.0000E+00  0.0000E+00  0.0000E+00  0.0000E+00  0.0000E+00  0.0000E+00  0.0000E+00
       0.0000E+00  0.0000E+00  0.0000E+00  0.0000E+00  0.0000E+00  0.0000E+00  0.0000E+00  0.0000E+00  0.0000E+00  0.0000E+00
       0.0000E+00  0.0000E+00  0.0000E+00  0.0000E+00  0.0000E+00  0.0000E+00  0.0000E+00  0.0000E+00  0.0000E+00  0.0000E+00
