
 *****  Protons in Lexan (0.24GeV, 0cm)                                                   *****

           DATE: 12/18/18,  TIME:  4:51:49

          Total number of particles followed       50000000, for a total weight of  5.0000E+07

1

   Res. nuclei n.   1  "Ian       " ,  all         products, region n.     5
      detector volume:  1.0000E+00 cm**3
      Max. Z:  10, Max. N-Z:  11 Min. N-Z: -4
      Data follow in a matrix A(z,n-z-k), k: -5 format (1(5x,1p,10(1x,e11.4)))

       0.0000E+00  0.0000E+00  0.0000E+00  0.0000E+00  0.0000E+00  0.0000E+00  0.0000E+00  0.0000E+00  0.0000E+00  0.0000E+00
       0.0000E+00  0.0000E+00  0.0000E+00  0.0000E+00  0.0000E+00  7.0800E-06  0.0000E+00  3.4000E-07  0.0000E+00  0.0000E+00
       0.0000E+00  0.0000E+00  0.0000E+00  0.0000E+00  4.9720E-05  1.1068E-04  1.1680E-05  2.5280E-05  0.0000E+00  0.0000E+00
       8.7463E-03  1.3954E-03  0.0000E+00  6.7268E-04  0.0000E+00  2.0460E-03  2.8780E-05  4.9276E-04  0.0000E+00  0.0000E+00
       2.2969E-03  1.0953E-02  9.1240E-04  0.0000E+00  7.3596E-04  2.1835E-03  2.4024E-04  2.5384E-04  0.0000E+00  4.0000E-08
       7.6084E-04  0.0000E+00  5.2920E-04  1.4877E-04  1.3893E-03  1.2698E-04  3.4729E-04  3.4273E-07  0.0000E+00  0.0000E+00
       0.0000E+00  3.3920E-05  4.3080E-05  1.0200E-04  1.4567E-05  3.4620E-05  5.4539E-07  3.6000E-07  0.0000E+00  0.0000E+00
       0.0000E+00  0.0000E+00  3.8400E-06  6.2000E-07  7.4000E-07  2.0000E-08  4.6000E-07  0.0000E+00  0.0000E+00  0.0000E+00
       0.0000E+00  6.0000E-08  0.0000E+00  0.0000E+00  0.0000E+00  4.0000E-08  0.0000E+00  0.0000E+00  0.0000E+00  0.0000E+00
       0.0000E+00  0.0000E+00  0.0000E+00  0.0000E+00  0.0000E+00  0.0000E+00  0.0000E+00  0.0000E+00  0.0000E+00  0.0000E+00
       0.0000E+00  0.0000E+00  0.0000E+00  0.0000E+00  0.0000E+00  0.0000E+00  0.0000E+00  0.0000E+00  0.0000E+00  0.0000E+00
       0.0000E+00  0.0000E+00  0.0000E+00  0.0000E+00  0.0000E+00  0.0000E+00  0.0000E+00  0.0000E+00  0.0000E+00  0.0000E+00
       0.0000E+00  0.0000E+00  0.0000E+00  0.0000E+00  0.0000E+00  0.0000E+00  0.0000E+00  0.0000E+00  0.0000E+00  0.0000E+00
       0.0000E+00  0.0000E+00  0.0000E+00  0.0000E+00  0.0000E+00  0.0000E+00  0.0000E+00  0.0000E+00  0.0000E+00  0.0000E+00
       0.0000E+00  0.0000E+00  0.0000E+00  0.0000E+00  0.0000E+00  0.0000E+00  0.0000E+00  0.0000E+00  0.0000E+00  0.0000E+00
       0.0000E+00  0.0000E+00  0.0000E+00  0.0000E+00  0.0000E+00  0.0000E+00  0.0000E+00  0.0000E+00  0.0000E+00  0.0000E+00
