
 *****  Protons in Lexan (0.24GeV, 0cm)                                                   *****

           DATE: 12/18/18,  TIME:  4:51:49

          Total number of particles followed       50000000, for a total weight of  5.0000E+07

1

   Bdrx n.   2  "ofluence  " , generalized particle n.    1, from region n.     5 to region n.     4
      detector area:  1.0000E+02 cm**2
      this is a one way only estimator
      this is a fluence like estimator
      linear energy binning from   1.6000E-01 to  2.9000E-01 GeV,   650 bins ( 2.0000E-04 GeV wide)
      linear angular binning from  0.0000E+00 to  6.2832E+00 sr ,     1 bins ( 6.2832E+00 sr wide )
      Data follow in a matrix A(ie,ia), format (1(5x,1p,10(1x,e11.4)))

       1.3765E-04  1.3039E-04  1.3876E-04  1.3213E-04  1.3224E-04  1.3341E-04  1.2700E-04  1.3063E-04  1.2400E-04  1.2560E-04
       1.3078E-04  1.2454E-04  1.2222E-04  1.2665E-04  1.3384E-04  1.2834E-04  1.2486E-04  1.2576E-04  1.2838E-04  1.3161E-04
       1.3036E-04  1.2800E-04  1.3263E-04  1.3271E-04  1.2741E-04  1.3221E-04  1.2076E-04  1.3028E-04  1.2321E-04  1.2247E-04
       1.2487E-04  1.2177E-04  1.2619E-04  1.2400E-04  1.3109E-04  1.2678E-04  1.2522E-04  1.2641E-04  1.2472E-04  1.2708E-04
       1.2492E-04  1.1647E-04  1.3195E-04  1.3652E-04  1.2575E-04  1.1711E-04  1.1944E-04  1.1963E-04  1.2311E-04  1.3040E-04
       1.3252E-04  1.2845E-04  1.2841E-04  1.2985E-04  1.3126E-04  1.2530E-04  1.2584E-04  1.2466E-04  1.2410E-04  1.2655E-04
       1.2500E-04  1.2419E-04  1.2499E-04  1.2116E-04  1.2153E-04  1.2820E-04  1.0762E-04  1.2558E-04  1.3108E-04  1.2651E-04
       1.2131E-04  1.1974E-04  1.2834E-04  1.2947E-04  1.2269E-04  1.2409E-04  1.2435E-04  1.2414E-04  1.2273E-04  1.2824E-04
       1.1985E-04  1.2138E-04  1.2462E-04  1.2497E-04  1.2642E-04  1.2839E-04  1.1605E-04  1.3068E-04  1.2716E-04  1.2697E-04
       1.2869E-04  1.2823E-04  1.2911E-04  1.2539E-04  1.3015E-04  1.2064E-04  1.2648E-04  1.2036E-04  1.2259E-04  1.1675E-04
       1.2659E-04  1.2330E-04  1.2257E-04  1.2696E-04  1.2312E-04  1.2941E-04  1.2932E-04  1.1869E-04  1.2269E-04  1.2372E-04
       1.2296E-04  1.2490E-04  1.3074E-04  1.1936E-04  1.2097E-04  1.1971E-04  1.2777E-04  1.1651E-04  1.2482E-04  1.2282E-04
       1.1999E-04  1.1907E-04  1.1161E-04  1.1357E-04  1.1769E-04  1.1934E-04  1.2326E-04  1.1718E-04  1.2539E-04  1.2133E-04
       1.1972E-04  1.1573E-04  1.2405E-04  1.1009E-04  1.2169E-04  1.1545E-04  1.2405E-04  1.1749E-04  1.1292E-04  1.2647E-04
       1.2030E-04  1.1199E-04  1.2030E-04  1.2554E-04  1.3097E-04  1.2623E-04  1.2479E-04  1.1781E-04  1.1337E-04  1.1985E-04
       1.1817E-04  1.1635E-04  1.2061E-04  1.2013E-04  1.1534E-04  1.1702E-04  1.1913E-04  1.1861E-04  1.1826E-04  1.1934E-04
       1.2546E-04  1.1614E-04  1.1192E-04  1.1878E-04  1.1962E-04  1.2437E-04  1.0897E-04  1.2742E-04  1.2128E-04  1.2180E-04
       1.2857E-04  1.1349E-04  1.2134E-04  1.1698E-04  1.0913E-04  1.1765E-04  1.1976E-04  1.1595E-04  1.2733E-04  1.1962E-04
       1.1772E-04  1.2470E-04  1.2153E-04  1.1616E-04  1.2176E-04  1.2014E-04  1.0521E-04  1.0969E-04  1.1468E-04  1.1412E-04
       1.1525E-04  1.1792E-04  1.1208E-04  1.1993E-04  1.2097E-04  1.1590E-04  1.1677E-04  1.1582E-04  1.0678E-04  1.1730E-04
       1.1870E-04  1.1597E-04  1.0526E-04  1.0781E-04  1.1048E-04  1.1155E-04  1.1412E-04  1.1649E-04  1.0792E-04  1.1113E-04
       1.1047E-04  1.0793E-04  1.1027E-04  1.1228E-04  1.0984E-04  1.1204E-04  1.0202E-04  1.1498E-04  1.0745E-04  1.0848E-04
       1.0872E-04  1.0937E-04  1.0666E-04  9.8840E-05  9.3525E-05  1.0250E-04  1.0640E-04  1.0545E-04  1.0569E-04  1.0361E-04
       1.0086E-04  9.8233E-05  1.0509E-04  1.0479E-04  1.0192E-04  1.0733E-04  1.0139E-04  9.6264E-05  9.6103E-05  1.0144E-04
       9.8110E-05  9.5331E-05  1.0220E-04  9.1590E-05  9.4231E-05  9.5862E-05  9.5956E-05  9.5393E-05  9.3303E-05  9.6207E-05
       9.2707E-05  9.7948E-05  9.3327E-05  9.7385E-05  9.0938E-05  9.2623E-05  8.9258E-05  8.6986E-05  9.2234E-05  9.8346E-05
       9.1338E-05  9.2544E-05  8.4373E-05  8.8298E-05  9.2126E-05  9.2450E-05  9.2248E-05  8.9145E-05  8.4039E-05  9.1398E-05
       8.2927E-05  8.6432E-05  8.1036E-05  7.9700E-05  8.1210E-05  8.3091E-05  8.8969E-05  8.5044E-05  8.2716E-05  8.0319E-05
       8.2934E-05  8.1543E-05  7.9933E-05  8.1760E-05  8.1091E-05  8.9531E-05  7.5531E-05  7.2974E-05  8.2364E-05  7.1300E-05
       7.7381E-05  7.1404E-05  6.7768E-05  7.6810E-05  6.8229E-05  7.2955E-05  7.3846E-05  6.2749E-05  6.9000E-05  7.2996E-05
       7.0587E-05  6.8120E-05  6.5865E-05  6.0128E-05  6.3556E-05  5.7748E-05  6.8185E-05  6.0512E-05  6.8651E-05  6.7067E-05
       5.9883E-05  6.2552E-05  5.5370E-05  5.5227E-05  5.8210E-05  5.8201E-05  4.6320E-05  5.0975E-05  4.9033E-05  4.9770E-05
       4.8141E-05  4.3791E-05  4.0653E-05  4.2902E-05  4.1926E-05  3.3878E-05  3.4132E-05  3.2750E-05  3.1394E-05  3.5869E-05
       3.2179E-05  2.8242E-05  3.6835E-05  3.4070E-05  3.4366E-05  3.4740E-05  3.3924E-05  2.7748E-05  3.3633E-05  4.1513E-05
       3.9570E-05  3.8762E-05  4.0623E-05  4.8181E-05  4.0793E-05  4.9516E-05  5.5356E-05  5.7094E-05  5.3722E-05  6.1586E-05
       6.9612E-05  6.7346E-05  7.0870E-05  9.2714E-05  1.3839E-04  2.1922E-04  3.7110E-04  6.8718E-04  1.2782E-03  2.3662E-03
       4.2526E-03  7.4331E-03  1.2763E-02  2.1120E-02  3.3714E-02  5.2224E-02  7.8023E-02  1.1264E-01  1.5718E-01  2.1141E-01
       2.7403E-01  3.4342E-01  4.1405E-01  4.8096E-01  5.3979E-01  5.8277E-01  6.0625E-01  6.0649E-01  5.8429E-01  5.4255E-01
       4.8435E-01  4.1572E-01  3.4383E-01  2.7356E-01  2.0893E-01  1.5344E-01  1.0877E-01  7.3852E-02  4.8492E-02  3.0319E-02
       1.8340E-02  1.0741E-02  5.8761E-03  3.1656E-03  1.6492E-03  7.9469E-04  3.9535E-04  1.8192E-04  7.2895E-05  3.0718E-05
       1.2256E-05  3.9790E-06  2.5465E-06  6.3663E-07  0.0000E+00  0.0000E+00  1.5916E-07  0.0000E+00  0.0000E+00  0.0000E+00
       0.0000E+00  0.0000E+00  0.0000E+00  0.0000E+00  0.0000E+00  0.0000E+00  0.0000E+00  0.0000E+00  0.0000E+00  0.0000E+00
       0.0000E+00  0.0000E+00  0.0000E+00  0.0000E+00  0.0000E+00  0.0000E+00  0.0000E+00  0.0000E+00  0.0000E+00  0.0000E+00
       0.0000E+00  0.0000E+00  0.0000E+00  0.0000E+00  0.0000E+00  0.0000E+00  0.0000E+00  0.0000E+00  0.0000E+00  0.0000E+00
       0.0000E+00  0.0000E+00  0.0000E+00  0.0000E+00  0.0000E+00  0.0000E+00  0.0000E+00  0.0000E+00  0.0000E+00  0.0000E+00
       0.0000E+00  0.0000E+00  0.0000E+00  0.0000E+00  0.0000E+00  0.0000E+00  0.0000E+00  0.0000E+00  0.0000E+00  0.0000E+00
       0.0000E+00  0.0000E+00  0.0000E+00  0.0000E+00  0.0000E+00  0.0000E+00  0.0000E+00  0.0000E+00  0.0000E+00  0.0000E+00
       0.0000E+00  0.0000E+00  0.0000E+00  0.0000E+00  0.0000E+00  0.0000E+00  0.0000E+00  0.0000E+00  0.0000E+00  0.0000E+00
       0.0000E+00  0.0000E+00  0.0000E+00  0.0000E+00  0.0000E+00  0.0000E+00  0.0000E+00  0.0000E+00  0.0000E+00  0.0000E+00
       0.0000E+00  0.0000E+00  0.0000E+00  0.0000E+00  0.0000E+00  0.0000E+00  0.0000E+00  0.0000E+00  0.0000E+00  0.0000E+00
       0.0000E+00  0.0000E+00  0.0000E+00  0.0000E+00  0.0000E+00  0.0000E+00  0.0000E+00  0.0000E+00  0.0000E+00  0.0000E+00
       0.0000E+00  0.0000E+00  0.0000E+00  0.0000E+00  0.0000E+00  0.0000E+00  0.0000E+00  0.0000E+00  0.0000E+00  0.0000E+00
       0.0000E+00  0.0000E+00  0.0000E+00  0.0000E+00  0.0000E+00  0.0000E+00  0.0000E+00  0.0000E+00  0.0000E+00  0.0000E+00
       0.0000E+00  0.0000E+00  0.0000E+00  0.0000E+00  0.0000E+00  0.0000E+00  0.0000E+00  0.0000E+00  0.0000E+00  0.0000E+00
       0.0000E+00  0.0000E+00  0.0000E+00  0.0000E+00  0.0000E+00  0.0000E+00  0.0000E+00  0.0000E+00  0.0000E+00  0.0000E+00
       0.0000E+00  0.0000E+00  0.0000E+00  0.0000E+00  0.0000E+00  0.0000E+00  0.0000E+00  0.0000E+00  0.0000E+00  0.0000E+00
       0.0000E+00  0.0000E+00  0.0000E+00  0.0000E+00  0.0000E+00  0.0000E+00  0.0000E+00  0.0000E+00  0.0000E+00  0.0000E+00
       0.0000E+00  0.0000E+00  0.0000E+00  0.0000E+00  0.0000E+00  0.0000E+00  0.0000E+00  0.0000E+00  0.0000E+00  0.0000E+00
       0.0000E+00  0.0000E+00  0.0000E+00  0.0000E+00  0.0000E+00  0.0000E+00  0.0000E+00  0.0000E+00  0.0000E+00  0.0000E+00
       0.0000E+00  0.0000E+00  0.0000E+00  0.0000E+00  0.0000E+00  0.0000E+00  0.0000E+00  0.0000E+00  0.0000E+00  0.0000E+00
       0.0000E+00  0.0000E+00  0.0000E+00  0.0000E+00  0.0000E+00  0.0000E+00  0.0000E+00  0.0000E+00  0.0000E+00  0.0000E+00
       0.0000E+00  0.0000E+00  0.0000E+00  0.0000E+00  0.0000E+00  0.0000E+00  0.0000E+00  0.0000E+00  0.0000E+00  0.0000E+00
       0.0000E+00  0.0000E+00  0.0000E+00  0.0000E+00  0.0000E+00  0.0000E+00  0.0000E+00  0.0000E+00  0.0000E+00  0.0000E+00
       0.0000E+00  0.0000E+00  0.0000E+00  0.0000E+00  0.0000E+00  0.0000E+00  0.0000E+00  0.0000E+00  0.0000E+00  0.0000E+00
       0.0000E+00  0.0000E+00  0.0000E+00  0.0000E+00  0.0000E+00  0.0000E+00  0.0000E+00  0.0000E+00  0.0000E+00  0.0000E+00
1

   Bdrx n.   6  "ofluence  " , generalized particle n.    1, from region n.     5 to region n.     4
      detector area:  1.0000E+02 cm**2
      this is a one way only estimator
      this is a fluence like estimator
      linear energy binning from   0.0000E+00 to  3.0000E+02 GeV,     1 bins ( 3.0000E+02 GeV wide)
      linear angular binning from  0.0000E+00 to  6.2832E+00 sr ,     1 bins ( 6.2832E+00 sr wide )
      Data follow in a matrix A(ie,ia), format (1(5x,1p,10(1x,e11.4)))

       5.3484E-06
