
 *****  Protons in Lexan (0.24GeV, 0cm)                                                   *****

           DATE: 12/18/18,  TIME:  4:51:49

          Total number of particles followed       50000000, for a total weight of  5.0000E+07

1

   Bdrx n.   4  "ocurrent  " , generalized particle n.    1, from region n.     5 to region n.     4
      detector area:  1.0000E+02 cm**2
      this is a one way only estimator
      this is a current like estimator
      linear energy binning from   1.6000E-01 to  2.9000E-01 GeV,   650 bins ( 2.0000E-04 GeV wide)
      linear angular binning from  0.0000E+00 to  6.2832E+00 sr ,     1 bins ( 6.2832E+00 sr wide )
      Data follow in a matrix A(ie,ia), format (1(5x,1p,10(1x,e11.4)))

       1.1332E-04  1.0759E-04  1.1268E-04  1.0791E-04  1.0743E-04  1.0854E-04  1.0441E-04  1.0632E-04  1.0250E-04  1.0329E-04
       1.0775E-04  1.0202E-04  1.0011E-04  1.0504E-04  1.1029E-04  1.0600E-04  1.0345E-04  1.0456E-04  1.0600E-04  1.0934E-04
       1.0632E-04  1.0679E-04  1.0982E-04  1.1141E-04  1.0472E-04  1.0998E-04  9.9949E-05  1.0775E-04  1.0297E-04  1.0138E-04
       1.0425E-04  1.0234E-04  1.0600E-04  1.0281E-04  1.0902E-04  1.0472E-04  1.0377E-04  1.0568E-04  1.0393E-04  1.0679E-04
       1.0504E-04  9.6925E-05  1.0982E-04  1.1475E-04  1.0536E-04  9.8199E-05  9.9949E-05  1.0138E-04  1.0329E-04  1.1125E-04
       1.1141E-04  1.0838E-04  1.0775E-04  1.0838E-04  1.1093E-04  1.0600E-04  1.0600E-04  1.0584E-04  1.0425E-04  1.0743E-04
       1.0600E-04  1.0441E-04  1.0584E-04  1.0250E-04  1.0377E-04  1.0838E-04  9.0400E-05  1.0647E-04  1.1125E-04  1.0759E-04
       1.0281E-04  1.0202E-04  1.0998E-04  1.0982E-04  1.0488E-04  1.0584E-04  1.0647E-04  1.0616E-04  1.0425E-04  1.0998E-04
       1.0234E-04  1.0250E-04  1.0568E-04  1.0727E-04  1.0870E-04  1.0982E-04  9.9949E-05  1.1284E-04  1.0950E-04  1.1029E-04
       1.1077E-04  1.0934E-04  1.1061E-04  1.0791E-04  1.1173E-04  1.0377E-04  1.0775E-04  1.0409E-04  1.0552E-04  1.0011E-04
       1.0934E-04  1.0520E-04  1.0584E-04  1.0982E-04  1.0663E-04  1.1157E-04  1.1220E-04  1.0218E-04  1.0647E-04  1.0759E-04
       1.0679E-04  1.0870E-04  1.1252E-04  1.0329E-04  1.0552E-04  1.0409E-04  1.1045E-04  1.0106E-04  1.0743E-04  1.0807E-04
       1.0345E-04  1.0377E-04  9.6925E-05  9.8517E-05  1.0297E-04  1.0441E-04  1.0823E-04  1.0250E-04  1.0902E-04  1.0568E-04
       1.0472E-04  1.0170E-04  1.0870E-04  9.6448E-05  1.0679E-04  1.0122E-04  1.0823E-04  1.0377E-04  9.8994E-05  1.1125E-04
       1.0520E-04  9.8676E-05  1.0536E-04  1.1045E-04  1.1539E-04  1.1014E-04  1.0998E-04  1.0425E-04  1.0043E-04  1.0695E-04
       1.0456E-04  1.0313E-04  1.0552E-04  1.0775E-04  1.0186E-04  1.0313E-04  1.0632E-04  1.0488E-04  1.0441E-04  1.0552E-04
       1.1061E-04  1.0377E-04  9.9949E-05  1.0536E-04  1.0663E-04  1.1125E-04  9.7721E-05  1.1411E-04  1.0807E-04  1.0886E-04
       1.1507E-04  1.0138E-04  1.0902E-04  1.0441E-04  9.7721E-05  1.0568E-04  1.0759E-04  1.0409E-04  1.1348E-04  1.0663E-04
       1.0552E-04  1.1173E-04  1.0934E-04  1.0456E-04  1.0886E-04  1.0791E-04  9.5334E-05  9.8994E-05  1.0297E-04  1.0297E-04
       1.0409E-04  1.0600E-04  1.0075E-04  1.0759E-04  1.0950E-04  1.0456E-04  1.0520E-04  1.0472E-04  9.6448E-05  1.0552E-04
       1.0695E-04  1.0472E-04  9.5334E-05  9.8199E-05  1.0011E-04  1.0154E-04  1.0409E-04  1.0377E-04  9.8517E-05  1.0122E-04
       1.0059E-04  9.8199E-05  9.9949E-05  1.0218E-04  9.9790E-05  1.0250E-04  9.2946E-05  1.0313E-04  9.8358E-05  9.9313E-05
       9.9313E-05  1.0011E-04  9.7562E-05  9.0082E-05  8.5466E-05  9.3901E-05  9.7085E-05  9.6448E-05  9.7403E-05  9.4856E-05
       9.2628E-05  9.0400E-05  9.6766E-05  9.5811E-05  9.3901E-05  9.8199E-05  9.3265E-05  8.8649E-05  8.8968E-05  9.3265E-05
       9.0400E-05  8.8013E-05  9.4220E-05  8.4511E-05  8.7058E-05  8.8649E-05  8.9127E-05  8.7854E-05  8.6103E-05  8.8808E-05
       8.5944E-05  9.0877E-05  8.6580E-05  9.0241E-05  8.4989E-05  8.6262E-05  8.2761E-05  8.1010E-05  8.5785E-05  9.1196E-05
       8.4830E-05  8.6421E-05  7.8463E-05  8.0373E-05  8.5785E-05  8.6421E-05  8.6262E-05  8.3079E-05  7.8463E-05  8.5466E-05
       7.8145E-05  8.0851E-05  7.5121E-05  7.4803E-05  7.6076E-05  7.7508E-05  8.3556E-05  7.9577E-05  7.7827E-05  7.5439E-05
       7.8145E-05  7.6554E-05  7.4962E-05  7.7349E-05  7.6394E-05  8.4193E-05  7.1301E-05  6.8755E-05  7.7827E-05  6.7641E-05
       7.2893E-05  6.7641E-05  6.3980E-05  7.2415E-05  6.5094E-05  6.9073E-05  7.0028E-05  5.9842E-05  6.5413E-05  6.9710E-05
       6.6049E-05  6.4617E-05  6.3025E-05  5.7455E-05  6.1115E-05  5.5227E-05  6.5094E-05  5.8092E-05  6.5572E-05  6.3821E-05
       5.6659E-05  5.9842E-05  5.2839E-05  5.1725E-05  5.5704E-05  5.5545E-05  4.4404E-05  4.8701E-05  4.6632E-05  4.7269E-05
       4.5837E-05  4.1539E-05  3.8515E-05  3.8197E-05  3.9311E-05  3.1990E-05  3.1672E-05  3.0876E-05  2.9444E-05  3.2308E-05
       3.0080E-05  2.5783E-05  3.3741E-05  3.1831E-05  3.1035E-05  3.2627E-05  3.1831E-05  2.5942E-05  3.1513E-05  3.9152E-05
       3.7242E-05  3.6606E-05  3.8515E-05  4.5996E-05  3.8675E-05  4.7110E-05  5.3158E-05  5.4272E-05  5.1407E-05  5.9365E-05
       6.6845E-05  6.5254E-05  6.8755E-05  9.0400E-05  1.3544E-04  2.1597E-04  3.6813E-04  6.8421E-04  1.2744E-03  2.3614E-03
       4.2470E-03  7.4254E-03  1.2756E-02  2.1110E-02  3.3702E-02  5.2210E-02  7.8004E-02  1.1262E-01  1.5715E-01  2.1139E-01
       2.7400E-01  3.4338E-01  4.1402E-01  4.8092E-01  5.3976E-01  5.8273E-01  6.0621E-01  6.0645E-01  5.8425E-01  5.4252E-01
       4.8433E-01  4.1570E-01  3.4382E-01  2.7354E-01  2.0892E-01  1.5343E-01  1.0877E-01  7.3849E-02  4.8490E-02  3.0318E-02
       1.8340E-02  1.0740E-02  5.8758E-03  3.1654E-03  1.6492E-03  7.9466E-04  3.9534E-04  1.8191E-04  7.2893E-05  3.0717E-05
       1.2255E-05  3.9789E-06  2.5465E-06  6.3662E-07  0.0000E+00  0.0000E+00  1.5915E-07  0.0000E+00  0.0000E+00  0.0000E+00
       0.0000E+00  0.0000E+00  0.0000E+00  0.0000E+00  0.0000E+00  0.0000E+00  0.0000E+00  0.0000E+00  0.0000E+00  0.0000E+00
       0.0000E+00  0.0000E+00  0.0000E+00  0.0000E+00  0.0000E+00  0.0000E+00  0.0000E+00  0.0000E+00  0.0000E+00  0.0000E+00
       0.0000E+00  0.0000E+00  0.0000E+00  0.0000E+00  0.0000E+00  0.0000E+00  0.0000E+00  0.0000E+00  0.0000E+00  0.0000E+00
       0.0000E+00  0.0000E+00  0.0000E+00  0.0000E+00  0.0000E+00  0.0000E+00  0.0000E+00  0.0000E+00  0.0000E+00  0.0000E+00
       0.0000E+00  0.0000E+00  0.0000E+00  0.0000E+00  0.0000E+00  0.0000E+00  0.0000E+00  0.0000E+00  0.0000E+00  0.0000E+00
       0.0000E+00  0.0000E+00  0.0000E+00  0.0000E+00  0.0000E+00  0.0000E+00  0.0000E+00  0.0000E+00  0.0000E+00  0.0000E+00
       0.0000E+00  0.0000E+00  0.0000E+00  0.0000E+00  0.0000E+00  0.0000E+00  0.0000E+00  0.0000E+00  0.0000E+00  0.0000E+00
       0.0000E+00  0.0000E+00  0.0000E+00  0.0000E+00  0.0000E+00  0.0000E+00  0.0000E+00  0.0000E+00  0.0000E+00  0.0000E+00
       0.0000E+00  0.0000E+00  0.0000E+00  0.0000E+00  0.0000E+00  0.0000E+00  0.0000E+00  0.0000E+00  0.0000E+00  0.0000E+00
       0.0000E+00  0.0000E+00  0.0000E+00  0.0000E+00  0.0000E+00  0.0000E+00  0.0000E+00  0.0000E+00  0.0000E+00  0.0000E+00
       0.0000E+00  0.0000E+00  0.0000E+00  0.0000E+00  0.0000E+00  0.0000E+00  0.0000E+00  0.0000E+00  0.0000E+00  0.0000E+00
       0.0000E+00  0.0000E+00  0.0000E+00  0.0000E+00  0.0000E+00  0.0000E+00  0.0000E+00  0.0000E+00  0.0000E+00  0.0000E+00
       0.0000E+00  0.0000E+00  0.0000E+00  0.0000E+00  0.0000E+00  0.0000E+00  0.0000E+00  0.0000E+00  0.0000E+00  0.0000E+00
       0.0000E+00  0.0000E+00  0.0000E+00  0.0000E+00  0.0000E+00  0.0000E+00  0.0000E+00  0.0000E+00  0.0000E+00  0.0000E+00
       0.0000E+00  0.0000E+00  0.0000E+00  0.0000E+00  0.0000E+00  0.0000E+00  0.0000E+00  0.0000E+00  0.0000E+00  0.0000E+00
       0.0000E+00  0.0000E+00  0.0000E+00  0.0000E+00  0.0000E+00  0.0000E+00  0.0000E+00  0.0000E+00  0.0000E+00  0.0000E+00
       0.0000E+00  0.0000E+00  0.0000E+00  0.0000E+00  0.0000E+00  0.0000E+00  0.0000E+00  0.0000E+00  0.0000E+00  0.0000E+00
       0.0000E+00  0.0000E+00  0.0000E+00  0.0000E+00  0.0000E+00  0.0000E+00  0.0000E+00  0.0000E+00  0.0000E+00  0.0000E+00
       0.0000E+00  0.0000E+00  0.0000E+00  0.0000E+00  0.0000E+00  0.0000E+00  0.0000E+00  0.0000E+00  0.0000E+00  0.0000E+00
       0.0000E+00  0.0000E+00  0.0000E+00  0.0000E+00  0.0000E+00  0.0000E+00  0.0000E+00  0.0000E+00  0.0000E+00  0.0000E+00
       0.0000E+00  0.0000E+00  0.0000E+00  0.0000E+00  0.0000E+00  0.0000E+00  0.0000E+00  0.0000E+00  0.0000E+00  0.0000E+00
       0.0000E+00  0.0000E+00  0.0000E+00  0.0000E+00  0.0000E+00  0.0000E+00  0.0000E+00  0.0000E+00  0.0000E+00  0.0000E+00
       0.0000E+00  0.0000E+00  0.0000E+00  0.0000E+00  0.0000E+00  0.0000E+00  0.0000E+00  0.0000E+00  0.0000E+00  0.0000E+00
       0.0000E+00  0.0000E+00  0.0000E+00  0.0000E+00  0.0000E+00  0.0000E+00  0.0000E+00  0.0000E+00  0.0000E+00  0.0000E+00
