
 *****  Protons in Lexan (0.18GeV, 0cm)                                                   *****

           DATE: 12/21/18,  TIME:  5:19:49

          Total number of particles followed       50000000, for a total weight of  5.0000E+07

1

   Bdrx n.   4  "ocurrent  " , generalized particle n.    1, from region n.     5 to region n.     4
      detector area:  1.0000E+02 cm**2
      this is a one way only estimator
      this is a current like estimator
      linear energy binning from   1.0000E-01 to  2.3000E-01 GeV,   650 bins ( 2.0000E-04 GeV wide)
      linear angular binning from  0.0000E+00 to  6.2832E+00 sr ,     1 bins ( 6.2832E+00 sr wide )
      Data follow in a matrix A(ie,ia), format (1(5x,1p,10(1x,e11.4)))

       1.3449E-04  1.2494E-04  1.3942E-04  1.4053E-04  1.3210E-04  1.3242E-04  1.3751E-04  1.2923E-04  1.3194E-04  1.4053E-04
       1.3846E-04  1.4563E-04  1.3528E-04  1.3846E-04  1.3289E-04  1.3751E-04  1.3624E-04  1.3512E-04  1.3942E-04  1.2621E-04
       1.3767E-04  1.2637E-04  1.3926E-04  1.3560E-04  1.3321E-04  1.4022E-04  1.3353E-04  1.3926E-04  1.3544E-04  1.3178E-04
       1.3799E-04  1.3862E-04  1.4308E-04  1.2414E-04  1.2876E-04  1.3815E-04  1.2939E-04  1.3831E-04  1.3433E-04  1.4006E-04
       1.3687E-04  1.3194E-04  1.3210E-04  1.2955E-04  1.3258E-04  1.4244E-04  1.3385E-04  1.3878E-04  1.2764E-04  1.3687E-04
       1.2971E-04  1.3369E-04  1.3035E-04  1.3114E-04  1.4435E-04  1.3305E-04  1.3544E-04  1.3114E-04  1.2430E-04  1.3194E-04
       1.3974E-04  1.3942E-04  1.2907E-04  1.4356E-04  1.3831E-04  1.3624E-04  1.3528E-04  1.3321E-04  1.3878E-04  1.3958E-04
       1.3417E-04  1.4340E-04  1.3226E-04  1.3815E-04  1.4244E-04  1.3862E-04  1.4165E-04  1.3671E-04  1.3560E-04  1.3528E-04
       1.3655E-04  1.3942E-04  1.4213E-04  1.3640E-04  1.4865E-04  1.3576E-04  1.3449E-04  1.3751E-04  1.3098E-04  1.3974E-04
       1.4022E-04  1.3799E-04  1.3719E-04  1.3735E-04  1.3465E-04  1.3369E-04  1.3783E-04  1.3226E-04  1.3226E-04  1.4037E-04
       1.2685E-04  1.2955E-04  1.3576E-04  1.3496E-04  1.3671E-04  1.3433E-04  1.3910E-04  1.4053E-04  1.3401E-04  1.4467E-04
       1.2828E-04  1.3496E-04  1.3910E-04  1.3401E-04  1.2510E-04  1.2923E-04  1.3305E-04  1.3703E-04  1.3910E-04  1.3942E-04
       1.3194E-04  1.4006E-04  1.3751E-04  1.4149E-04  1.3640E-04  1.3640E-04  1.3655E-04  1.3783E-04  1.3783E-04  1.3114E-04
       1.3624E-04  1.3369E-04  1.2987E-04  1.3926E-04  1.4022E-04  1.3815E-04  1.3703E-04  1.4006E-04  1.3449E-04  1.4085E-04
       1.2701E-04  1.3608E-04  1.3846E-04  1.3274E-04  1.3655E-04  1.3289E-04  1.3512E-04  1.4260E-04  1.2191E-04  1.3719E-04
       1.3560E-04  1.2876E-04  1.4213E-04  1.3862E-04  1.4372E-04  1.4149E-04  1.4133E-04  1.4117E-04  1.2716E-04  1.3703E-04
       1.3655E-04  1.3274E-04  1.4228E-04  1.3894E-04  1.3369E-04  1.3465E-04  1.4165E-04  1.3560E-04  1.3130E-04  1.4053E-04
       1.3130E-04  1.3289E-04  1.3401E-04  1.3783E-04  1.2621E-04  1.3401E-04  1.4053E-04  1.3687E-04  1.3035E-04  1.2828E-04
       1.3226E-04  1.3831E-04  1.3114E-04  1.3337E-04  1.3401E-04  1.3671E-04  1.3433E-04  1.2939E-04  1.3783E-04  1.3735E-04
       1.3719E-04  1.4101E-04  1.3130E-04  1.3210E-04  1.3846E-04  1.3433E-04  1.3687E-04  1.2589E-04  1.2764E-04  1.3353E-04
       1.2876E-04  1.3496E-04  1.2621E-04  1.2971E-04  1.2398E-04  1.2478E-04  1.2844E-04  1.3114E-04  1.2796E-04  1.2923E-04
       1.2621E-04  1.2366E-04  1.2796E-04  1.2144E-04  1.3051E-04  1.2128E-04  1.2382E-04  1.2000E-04  1.2621E-04  1.2048E-04
       1.2016E-04  1.0966E-04  1.1905E-04  1.2892E-04  1.1507E-04  1.2064E-04  1.2892E-04  1.0950E-04  1.1714E-04  1.2207E-04
       1.2048E-04  1.1507E-04  1.2112E-04  1.1491E-04  1.2144E-04  1.1762E-04  1.1411E-04  1.1507E-04  1.1698E-04  1.1189E-04
       1.1157E-04  1.1650E-04  1.1698E-04  1.1618E-04  1.1507E-04  1.2048E-04  1.0568E-04  1.1682E-04  1.0743E-04  1.0838E-04
       1.1348E-04  1.1061E-04  1.1220E-04  1.0679E-04  1.0441E-04  1.1586E-04  1.1284E-04  1.0536E-04  1.1077E-04  1.0297E-04
       1.1109E-04  1.0329E-04  1.0823E-04  1.0775E-04  1.0807E-04  1.0218E-04  9.8835E-05  1.0377E-04  1.0297E-04  9.9472E-05
       9.9313E-05  9.7403E-05  9.7244E-05  1.1061E-04  9.7880E-05  1.0027E-04  9.8676E-05  9.2787E-05  1.0075E-04  9.1514E-05
       9.1992E-05  1.0122E-04  9.3742E-05  9.8199E-05  9.1832E-05  9.4379E-05  8.9127E-05  9.7721E-05  9.3742E-05  9.4061E-05
       9.2310E-05  9.2151E-05  9.0241E-05  9.0718E-05  8.9445E-05  8.2283E-05  8.3716E-05  8.4034E-05  7.9418E-05  8.2124E-05
       8.1965E-05  7.8145E-05  8.1806E-05  8.2124E-05  7.7986E-05  7.2893E-05  7.4325E-05  7.5917E-05  6.6049E-05  6.5572E-05
       7.0506E-05  6.7482E-05  6.2548E-05  6.0161E-05  5.5863E-05  5.7137E-05  5.7932E-05  5.3158E-05  4.4086E-05  4.6792E-05
       4.6632E-05  4.7428E-05  4.2335E-05  3.8197E-05  3.9470E-05  3.4059E-05  3.5014E-05  3.8515E-05  4.2176E-05  3.7720E-05
       4.0107E-05  3.4218E-05  4.2017E-05  4.2972E-05  4.3449E-05  4.3131E-05  5.0134E-05  4.5677E-05  5.1407E-05  5.7614E-05
       6.1115E-05  5.9524E-05  6.7800E-05  7.4325E-05  7.2734E-05  7.6872E-05  8.3556E-05  8.6899E-05  7.9896E-05  8.4670E-05
       9.0877E-05  7.9896E-05  9.6925E-05  1.2128E-04  2.0085E-04  3.6128E-04  7.7540E-04  1.5828E-03  3.3653E-03  6.8524E-03
       1.3673E-02  2.5737E-02  4.6220E-02  7.8496E-02  1.2716E-01  1.9538E-01  2.8212E-01  3.8641E-01  5.0013E-01  6.0962E-01
       7.0069E-01  7.5811E-01  7.7249E-01  7.3984E-01  6.6631E-01  5.6429E-01  4.4836E-01  3.3339E-01  2.3335E-01  1.5311E-01
       9.3885E-02  5.4152E-02  2.9105E-02  1.4707E-02  6.9345E-03  3.0626E-03  1.2516E-03  5.0086E-04  1.7539E-04  6.3344E-05
       1.6075E-05  6.2070E-06  9.5493E-07  6.3662E-07  0.0000E+00  0.0000E+00  0.0000E+00  0.0000E+00  0.0000E+00  0.0000E+00
       0.0000E+00  0.0000E+00  0.0000E+00  0.0000E+00  0.0000E+00  0.0000E+00  0.0000E+00  0.0000E+00  0.0000E+00  0.0000E+00
       0.0000E+00  0.0000E+00  0.0000E+00  0.0000E+00  0.0000E+00  0.0000E+00  0.0000E+00  0.0000E+00  0.0000E+00  0.0000E+00
       0.0000E+00  0.0000E+00  0.0000E+00  0.0000E+00  0.0000E+00  0.0000E+00  0.0000E+00  0.0000E+00  0.0000E+00  0.0000E+00
       0.0000E+00  0.0000E+00  0.0000E+00  0.0000E+00  0.0000E+00  0.0000E+00  0.0000E+00  0.0000E+00  0.0000E+00  0.0000E+00
       0.0000E+00  0.0000E+00  0.0000E+00  0.0000E+00  0.0000E+00  0.0000E+00  0.0000E+00  0.0000E+00  0.0000E+00  0.0000E+00
       0.0000E+00  0.0000E+00  0.0000E+00  0.0000E+00  0.0000E+00  0.0000E+00  0.0000E+00  0.0000E+00  0.0000E+00  0.0000E+00
       0.0000E+00  0.0000E+00  0.0000E+00  0.0000E+00  0.0000E+00  0.0000E+00  0.0000E+00  0.0000E+00  0.0000E+00  0.0000E+00
       0.0000E+00  0.0000E+00  0.0000E+00  0.0000E+00  0.0000E+00  0.0000E+00  0.0000E+00  0.0000E+00  0.0000E+00  0.0000E+00
       0.0000E+00  0.0000E+00  0.0000E+00  0.0000E+00  0.0000E+00  0.0000E+00  0.0000E+00  0.0000E+00  0.0000E+00  0.0000E+00
       0.0000E+00  0.0000E+00  0.0000E+00  0.0000E+00  0.0000E+00  0.0000E+00  0.0000E+00  0.0000E+00  0.0000E+00  0.0000E+00
       0.0000E+00  0.0000E+00  0.0000E+00  0.0000E+00  0.0000E+00  0.0000E+00  0.0000E+00  0.0000E+00  0.0000E+00  0.0000E+00
       0.0000E+00  0.0000E+00  0.0000E+00  0.0000E+00  0.0000E+00  0.0000E+00  0.0000E+00  0.0000E+00  0.0000E+00  0.0000E+00
       0.0000E+00  0.0000E+00  0.0000E+00  0.0000E+00  0.0000E+00  0.0000E+00  0.0000E+00  0.0000E+00  0.0000E+00  0.0000E+00
       0.0000E+00  0.0000E+00  0.0000E+00  0.0000E+00  0.0000E+00  0.0000E+00  0.0000E+00  0.0000E+00  0.0000E+00  0.0000E+00
       0.0000E+00  0.0000E+00  0.0000E+00  0.0000E+00  0.0000E+00  0.0000E+00  0.0000E+00  0.0000E+00  0.0000E+00  0.0000E+00
       0.0000E+00  0.0000E+00  0.0000E+00  0.0000E+00  0.0000E+00  0.0000E+00  0.0000E+00  0.0000E+00  0.0000E+00  0.0000E+00
       0.0000E+00  0.0000E+00  0.0000E+00  0.0000E+00  0.0000E+00  0.0000E+00  0.0000E+00  0.0000E+00  0.0000E+00  0.0000E+00
       0.0000E+00  0.0000E+00  0.0000E+00  0.0000E+00  0.0000E+00  0.0000E+00  0.0000E+00  0.0000E+00  0.0000E+00  0.0000E+00
       0.0000E+00  0.0000E+00  0.0000E+00  0.0000E+00  0.0000E+00  0.0000E+00  0.0000E+00  0.0000E+00  0.0000E+00  0.0000E+00
       0.0000E+00  0.0000E+00  0.0000E+00  0.0000E+00  0.0000E+00  0.0000E+00  0.0000E+00  0.0000E+00  0.0000E+00  0.0000E+00
       0.0000E+00  0.0000E+00  0.0000E+00  0.0000E+00  0.0000E+00  0.0000E+00  0.0000E+00  0.0000E+00  0.0000E+00  0.0000E+00
       0.0000E+00  0.0000E+00  0.0000E+00  0.0000E+00  0.0000E+00  0.0000E+00  0.0000E+00  0.0000E+00  0.0000E+00  0.0000E+00
       0.0000E+00  0.0000E+00  0.0000E+00  0.0000E+00  0.0000E+00  0.0000E+00  0.0000E+00  0.0000E+00  0.0000E+00  0.0000E+00
       0.0000E+00  0.0000E+00  0.0000E+00  0.0000E+00  0.0000E+00  0.0000E+00  0.0000E+00  0.0000E+00  0.0000E+00  0.0000E+00
       0.0000E+00  0.0000E+00  0.0000E+00  0.0000E+00  0.0000E+00  0.0000E+00  0.0000E+00  0.0000E+00  0.0000E+00  0.0000E+00
