
 *****  Protons in Lexan (0.18GeV, 0cm)                                                   *****

           DATE: 12/21/18,  TIME:  5:19:49

          Total number of particles followed       50000000, for a total weight of  5.0000E+07

1

   Res. nuclei n.   1  "Ian       " ,  all         products, region n.     5
      detector volume:  1.0000E+00 cm**3
      Max. Z:  10, Max. N-Z:  11 Min. N-Z: -4
      Data follow in a matrix A(z,n-z-k), k: -5 format (1(5x,1p,10(1x,e11.4)))

       0.0000E+00  0.0000E+00  0.0000E+00  0.0000E+00  0.0000E+00  0.0000E+00  0.0000E+00  0.0000E+00  0.0000E+00  0.0000E+00
       0.0000E+00  0.0000E+00  0.0000E+00  0.0000E+00  0.0000E+00  7.0600E-06  0.0000E+00  3.2000E-07  0.0000E+00  0.0000E+00
       0.0000E+00  0.0000E+00  0.0000E+00  0.0000E+00  5.4580E-05  1.0430E-04  1.2080E-05  2.2740E-05  0.0000E+00  0.0000E+00
       9.3249E-03  1.4826E-03  0.0000E+00  7.0306E-04  0.0000E+00  2.0778E-03  2.9200E-05  5.0238E-04  0.0000E+00  0.0000E+00
       2.3831E-03  1.1532E-02  9.6016E-04  0.0000E+00  7.0286E-04  2.7327E-03  2.3276E-04  3.2766E-04  2.0000E-08  8.0000E-08
       7.4624E-04  0.0000E+00  5.1000E-04  1.3712E-04  1.2486E-03  1.3246E-04  3.1110E-04  5.0000E-07  2.0000E-08  0.0000E+00
       0.0000E+00  3.0720E-05  4.1000E-05  8.7340E-05  1.2060E-05  2.9800E-05  4.2000E-07  5.6000E-07  0.0000E+00  0.0000E+00
       0.0000E+00  0.0000E+00  2.5000E-06  3.4000E-07  8.0000E-07  2.0000E-08  5.8000E-07  0.0000E+00  0.0000E+00  0.0000E+00
       0.0000E+00  4.0000E-08  0.0000E+00  6.0000E-08  0.0000E+00  0.0000E+00  0.0000E+00  0.0000E+00  0.0000E+00  0.0000E+00
       0.0000E+00  0.0000E+00  0.0000E+00  0.0000E+00  0.0000E+00  0.0000E+00  0.0000E+00  0.0000E+00  0.0000E+00  0.0000E+00
       0.0000E+00  0.0000E+00  0.0000E+00  0.0000E+00  0.0000E+00  0.0000E+00  0.0000E+00  0.0000E+00  0.0000E+00  0.0000E+00
       0.0000E+00  0.0000E+00  0.0000E+00  0.0000E+00  0.0000E+00  0.0000E+00  0.0000E+00  0.0000E+00  0.0000E+00  0.0000E+00
       0.0000E+00  0.0000E+00  0.0000E+00  0.0000E+00  0.0000E+00  0.0000E+00  0.0000E+00  0.0000E+00  0.0000E+00  0.0000E+00
       0.0000E+00  0.0000E+00  0.0000E+00  0.0000E+00  0.0000E+00  0.0000E+00  0.0000E+00  0.0000E+00  0.0000E+00  0.0000E+00
       0.0000E+00  0.0000E+00  0.0000E+00  0.0000E+00  0.0000E+00  0.0000E+00  0.0000E+00  0.0000E+00  0.0000E+00  0.0000E+00
       0.0000E+00  0.0000E+00  0.0000E+00  0.0000E+00  0.0000E+00  0.0000E+00  0.0000E+00  0.0000E+00  0.0000E+00  0.0000E+00
