
 *****  Protons in Lexan (0.18GeV, 0cm)                                                   *****

           DATE: 12/21/18,  TIME:  5:19:49

          Total number of particles followed       50000000, for a total weight of  5.0000E+07

1

   Bdrx n.   2  "ofluence  " , generalized particle n.    1, from region n.     5 to region n.     4
      detector area:  1.0000E+02 cm**2
      this is a one way only estimator
      this is a fluence like estimator
      linear energy binning from   1.0000E-01 to  2.3000E-01 GeV,   650 bins ( 2.0000E-04 GeV wide)
      linear angular binning from  0.0000E+00 to  6.2832E+00 sr ,     1 bins ( 6.2832E+00 sr wide )
      Data follow in a matrix A(ie,ia), format (1(5x,1p,10(1x,e11.4)))

       1.8128E-04  1.6769E-04  1.8521E-04  1.8816E-04  1.7499E-04  1.7942E-04  1.8266E-04  1.6992E-04  1.7359E-04  1.8884E-04
       1.8271E-04  1.9228E-04  1.7548E-04  1.8333E-04  1.7275E-04  1.7849E-04  1.7996E-04  1.7394E-04  1.8365E-04  1.6607E-04
       1.8153E-04  1.6708E-04  1.8535E-04  1.7683E-04  1.7365E-04  1.8270E-04  1.7341E-04  1.8363E-04  1.7693E-04  1.7488E-04
       1.7734E-04  1.7694E-04  1.8490E-04  1.5960E-04  1.6561E-04  1.8307E-04  1.6755E-04  1.7686E-04  1.7316E-04  1.7998E-04
       1.7618E-04  1.7281E-04  1.7031E-04  1.6911E-04  1.6957E-04  1.8134E-04  1.7598E-04  1.7987E-04  1.6377E-04  1.7581E-04
       1.6541E-04  1.7341E-04  1.6479E-04  1.6858E-04  1.8429E-04  1.7085E-04  1.7092E-04  1.6387E-04  1.5774E-04  1.6472E-04
       1.7635E-04  1.7495E-04  1.6199E-04  1.7995E-04  1.7570E-04  1.7294E-04  1.6849E-04  1.6977E-04  1.7223E-04  1.7674E-04
       1.6838E-04  1.7694E-04  1.6439E-04  1.7135E-04  1.7694E-04  1.7397E-04  1.7680E-04  1.6910E-04  1.6877E-04  1.6843E-04
       1.7115E-04  1.7250E-04  1.7954E-04  1.6968E-04  1.8704E-04  1.7040E-04  1.6595E-04  1.7239E-04  1.6251E-04  1.7507E-04
       1.6915E-04  1.7052E-04  1.7155E-04  1.6933E-04  1.6707E-04  1.6352E-04  1.7235E-04  1.6192E-04  1.6258E-04  1.7241E-04
       1.5561E-04  1.5808E-04  1.6569E-04  1.6353E-04  1.6897E-04  1.6211E-04  1.7076E-04  1.6964E-04  1.6398E-04  1.7493E-04
       1.5305E-04  1.6648E-04  1.6936E-04  1.6163E-04  1.5154E-04  1.5631E-04  1.6133E-04  1.6508E-04  1.6766E-04  1.6618E-04
       1.5732E-04  1.6835E-04  1.6539E-04  1.6926E-04  1.6312E-04  1.6331E-04  1.6318E-04  1.6383E-04  1.6426E-04  1.5748E-04
       1.6326E-04  1.5858E-04  1.5551E-04  1.6748E-04  1.6772E-04  1.6555E-04  1.6268E-04  1.6837E-04  1.6050E-04  1.6854E-04
       1.5106E-04  1.6007E-04  1.6294E-04  1.5730E-04  1.6287E-04  1.5497E-04  1.6137E-04  1.6705E-04  1.4404E-04  1.6384E-04
       1.5951E-04  1.5264E-04  1.6579E-04  1.6375E-04  1.6785E-04  1.6658E-04  1.6674E-04  1.6735E-04  1.4845E-04  1.5965E-04
       1.5868E-04  1.5633E-04  1.6654E-04  1.6294E-04  1.5761E-04  1.5710E-04  1.6556E-04  1.5652E-04  1.5231E-04  1.6454E-04
       1.5229E-04  1.5343E-04  1.5494E-04  1.5874E-04  1.4484E-04  1.5447E-04  1.6254E-04  1.5872E-04  1.5031E-04  1.4701E-04
       1.5205E-04  1.5838E-04  1.5194E-04  1.5361E-04  1.5443E-04  1.5755E-04  1.5533E-04  1.4917E-04  1.5834E-04  1.5790E-04
       1.5735E-04  1.6216E-04  1.5024E-04  1.5162E-04  1.5771E-04  1.5396E-04  1.5692E-04  1.4350E-04  1.4530E-04  1.5188E-04
       1.4645E-04  1.5389E-04  1.4321E-04  1.4633E-04  1.4022E-04  1.4267E-04  1.4663E-04  1.4732E-04  1.4416E-04  1.4720E-04
       1.4239E-04  1.4101E-04  1.4489E-04  1.3677E-04  1.4761E-04  1.3657E-04  1.4051E-04  1.3515E-04  1.4280E-04  1.3530E-04
       1.3506E-04  1.2296E-04  1.3211E-04  1.4572E-04  1.2853E-04  1.3571E-04  1.4419E-04  1.2256E-04  1.3070E-04  1.3706E-04
       1.3530E-04  1.2905E-04  1.3445E-04  1.2847E-04  1.3450E-04  1.3041E-04  1.2743E-04  1.2796E-04  1.2924E-04  1.2425E-04
       1.2432E-04  1.2929E-04  1.2975E-04  1.2824E-04  1.2607E-04  1.3268E-04  1.1761E-04  1.2886E-04  1.1847E-04  1.2223E-04
       1.2480E-04  1.2154E-04  1.2405E-04  1.1748E-04  1.1429E-04  1.2773E-04  1.2351E-04  1.1514E-04  1.2220E-04  1.1260E-04
       1.2222E-04  1.1266E-04  1.1831E-04  1.1751E-04  1.1767E-04  1.1318E-04  1.0673E-04  1.1335E-04  1.1222E-04  1.1143E-04
       1.0785E-04  1.0574E-04  1.0553E-04  1.1996E-04  1.0486E-04  1.0899E-04  1.0687E-04  1.0014E-04  1.0855E-04  9.8914E-05
       9.8442E-05  1.0807E-04  1.0073E-04  1.0651E-04  9.8892E-05  1.0154E-04  9.6036E-05  1.0599E-04  1.0212E-04  1.0142E-04
       9.8750E-05  9.8125E-05  9.6301E-05  9.7996E-05  9.5819E-05  8.7981E-05  9.0043E-05  8.9760E-05  8.4564E-05  8.7027E-05
       8.7699E-05  8.7487E-05  8.7505E-05  8.7241E-05  8.4286E-05  7.7718E-05  7.8789E-05  8.1116E-05  7.0278E-05  6.9722E-05
       7.5234E-05  7.1695E-05  6.7975E-05  6.8313E-05  5.9481E-05  6.2333E-05  6.3841E-05  5.6669E-05  4.7299E-05  5.0597E-05
       5.0492E-05  5.2258E-05  4.6098E-05  4.2248E-05  4.3108E-05  3.8717E-05  3.8981E-05  4.2076E-05  4.7408E-05  4.1391E-05
       4.4650E-05  3.7620E-05  4.7865E-05  4.7616E-05  4.7933E-05  4.7148E-05  5.6822E-05  4.9123E-05  5.5341E-05  6.2499E-05
       6.5687E-05  6.3272E-05  7.1787E-05  7.9253E-05  7.6336E-05  8.1127E-05  8.8507E-05  9.1708E-05  8.4633E-05  8.9211E-05
       9.6910E-05  8.4003E-05  1.0179E-04  1.2693E-04  2.0814E-04  3.6870E-04  7.8438E-04  1.5941E-03  3.3784E-03  6.8684E-03
       1.3693E-02  2.5762E-02  4.6252E-02  7.8534E-02  1.2720E-01  1.9544E-01  2.8218E-01  3.8648E-01  5.0021E-01  6.0971E-01
       7.0077E-01  7.5819E-01  7.7256E-01  7.3991E-01  6.6637E-01  5.6434E-01  4.4839E-01  3.3341E-01  2.3337E-01  1.5312E-01
       9.3891E-02  5.4155E-02  2.9107E-02  1.4708E-02  6.9350E-03  3.0628E-03  1.2517E-03  5.0089E-04  1.7540E-04  6.3347E-05
       1.6075E-05  6.2075E-06  9.5513E-07  6.3664E-07  0.0000E+00  0.0000E+00  0.0000E+00  0.0000E+00  0.0000E+00  0.0000E+00
       0.0000E+00  0.0000E+00  0.0000E+00  0.0000E+00  0.0000E+00  0.0000E+00  0.0000E+00  0.0000E+00  0.0000E+00  0.0000E+00
       0.0000E+00  0.0000E+00  0.0000E+00  0.0000E+00  0.0000E+00  0.0000E+00  0.0000E+00  0.0000E+00  0.0000E+00  0.0000E+00
       0.0000E+00  0.0000E+00  0.0000E+00  0.0000E+00  0.0000E+00  0.0000E+00  0.0000E+00  0.0000E+00  0.0000E+00  0.0000E+00
       0.0000E+00  0.0000E+00  0.0000E+00  0.0000E+00  0.0000E+00  0.0000E+00  0.0000E+00  0.0000E+00  0.0000E+00  0.0000E+00
       0.0000E+00  0.0000E+00  0.0000E+00  0.0000E+00  0.0000E+00  0.0000E+00  0.0000E+00  0.0000E+00  0.0000E+00  0.0000E+00
       0.0000E+00  0.0000E+00  0.0000E+00  0.0000E+00  0.0000E+00  0.0000E+00  0.0000E+00  0.0000E+00  0.0000E+00  0.0000E+00
       0.0000E+00  0.0000E+00  0.0000E+00  0.0000E+00  0.0000E+00  0.0000E+00  0.0000E+00  0.0000E+00  0.0000E+00  0.0000E+00
       0.0000E+00  0.0000E+00  0.0000E+00  0.0000E+00  0.0000E+00  0.0000E+00  0.0000E+00  0.0000E+00  0.0000E+00  0.0000E+00
       0.0000E+00  0.0000E+00  0.0000E+00  0.0000E+00  0.0000E+00  0.0000E+00  0.0000E+00  0.0000E+00  0.0000E+00  0.0000E+00
       0.0000E+00  0.0000E+00  0.0000E+00  0.0000E+00  0.0000E+00  0.0000E+00  0.0000E+00  0.0000E+00  0.0000E+00  0.0000E+00
       0.0000E+00  0.0000E+00  0.0000E+00  0.0000E+00  0.0000E+00  0.0000E+00  0.0000E+00  0.0000E+00  0.0000E+00  0.0000E+00
       0.0000E+00  0.0000E+00  0.0000E+00  0.0000E+00  0.0000E+00  0.0000E+00  0.0000E+00  0.0000E+00  0.0000E+00  0.0000E+00
       0.0000E+00  0.0000E+00  0.0000E+00  0.0000E+00  0.0000E+00  0.0000E+00  0.0000E+00  0.0000E+00  0.0000E+00  0.0000E+00
       0.0000E+00  0.0000E+00  0.0000E+00  0.0000E+00  0.0000E+00  0.0000E+00  0.0000E+00  0.0000E+00  0.0000E+00  0.0000E+00
       0.0000E+00  0.0000E+00  0.0000E+00  0.0000E+00  0.0000E+00  0.0000E+00  0.0000E+00  0.0000E+00  0.0000E+00  0.0000E+00
       0.0000E+00  0.0000E+00  0.0000E+00  0.0000E+00  0.0000E+00  0.0000E+00  0.0000E+00  0.0000E+00  0.0000E+00  0.0000E+00
       0.0000E+00  0.0000E+00  0.0000E+00  0.0000E+00  0.0000E+00  0.0000E+00  0.0000E+00  0.0000E+00  0.0000E+00  0.0000E+00
       0.0000E+00  0.0000E+00  0.0000E+00  0.0000E+00  0.0000E+00  0.0000E+00  0.0000E+00  0.0000E+00  0.0000E+00  0.0000E+00
       0.0000E+00  0.0000E+00  0.0000E+00  0.0000E+00  0.0000E+00  0.0000E+00  0.0000E+00  0.0000E+00  0.0000E+00  0.0000E+00
       0.0000E+00  0.0000E+00  0.0000E+00  0.0000E+00  0.0000E+00  0.0000E+00  0.0000E+00  0.0000E+00  0.0000E+00  0.0000E+00
       0.0000E+00  0.0000E+00  0.0000E+00  0.0000E+00  0.0000E+00  0.0000E+00  0.0000E+00  0.0000E+00  0.0000E+00  0.0000E+00
       0.0000E+00  0.0000E+00  0.0000E+00  0.0000E+00  0.0000E+00  0.0000E+00  0.0000E+00  0.0000E+00  0.0000E+00  0.0000E+00
       0.0000E+00  0.0000E+00  0.0000E+00  0.0000E+00  0.0000E+00  0.0000E+00  0.0000E+00  0.0000E+00  0.0000E+00  0.0000E+00
       0.0000E+00  0.0000E+00  0.0000E+00  0.0000E+00  0.0000E+00  0.0000E+00  0.0000E+00  0.0000E+00  0.0000E+00  0.0000E+00
       0.0000E+00  0.0000E+00  0.0000E+00  0.0000E+00  0.0000E+00  0.0000E+00  0.0000E+00  0.0000E+00  0.0000E+00  0.0000E+00
1

   Bdrx n.   6  "ofluence  " , generalized particle n.    1, from region n.     5 to region n.     4
      detector area:  1.0000E+02 cm**2
      this is a one way only estimator
      this is a fluence like estimator
      linear energy binning from   0.0000E+00 to  3.0000E+02 GeV,     1 bins ( 3.0000E+02 GeV wide)
      linear angular binning from  0.0000E+00 to  6.2832E+00 sr ,     1 bins ( 6.2832E+00 sr wide )
      Data follow in a matrix A(ie,ia), format (1(5x,1p,10(1x,e11.4)))

       5.3321E-06
