
 *****  Protons in Lexan (0.23GeV, 5.0cm)                                                 *****

           DATE: 12/ 1/18,  TIME: 12:19:39

          Total number of particles followed       10000000, for a total weight of  1.0000E+07

1

   Res. nuclei n.   1  "Ian       " ,  all         products, region n.     5
      detector volume:  1.0000E+00 cm**3
      Max. Z:  10, Max. N-Z:  11 Min. N-Z: -4
      Data follow in a matrix A(z,n-z-k), k: -5 format (1(5x,1p,10(1x,e11.4)))

       0.0000E+00  0.0000E+00  0.0000E+00  0.0000E+00  0.0000E+00  0.0000E+00  0.0000E+00  0.0000E+00  0.0000E+00  0.0000E+00
       0.0000E+00  0.0000E+00  0.0000E+00  0.0000E+00  0.0000E+00  3.6200E-05  0.0000E+00  2.3000E-06  0.0000E+00  0.0000E+00
       0.0000E+00  0.0000E+00  0.0000E+00  0.0000E+00  2.5960E-04  5.4090E-04  5.9100E-05  1.2500E-04  0.0000E+00  0.0000E+00
       8.4400E-02  7.2789E-03  0.0000E+00  3.4346E-03  0.0000E+00  1.0368E-02  1.5070E-04  2.5161E-03  0.0000E+00  0.0000E+00
       2.4717E-02  5.8320E-02  4.6732E-03  0.0000E+00  3.6223E-03  1.3639E-02  1.2093E-03  1.5671E-03  0.0000E+00  1.0000E-06
       3.9841E-03  0.0000E+00  2.6801E-03  8.0242E-04  7.0096E-03  6.8163E-04  1.7305E-03  2.1538E-06  2.0000E-07  0.0000E+00
       0.0000E+00  1.6420E-04  2.3110E-04  5.0660E-04  8.9562E-05  1.8120E-04  7.4776E-06  2.6000E-06  0.0000E+00  0.0000E+00
       0.0000E+00  0.0000E+00  2.0600E-05  2.5000E-06  6.8000E-06  2.0000E-07  1.7000E-06  0.0000E+00  0.0000E+00  0.0000E+00
       0.0000E+00  5.0000E-07  0.0000E+00  0.0000E+00  0.0000E+00  0.0000E+00  0.0000E+00  0.0000E+00  0.0000E+00  0.0000E+00
       0.0000E+00  0.0000E+00  0.0000E+00  0.0000E+00  0.0000E+00  0.0000E+00  0.0000E+00  0.0000E+00  0.0000E+00  0.0000E+00
       0.0000E+00  0.0000E+00  0.0000E+00  0.0000E+00  0.0000E+00  0.0000E+00  0.0000E+00  0.0000E+00  0.0000E+00  0.0000E+00
       0.0000E+00  0.0000E+00  0.0000E+00  0.0000E+00  0.0000E+00  0.0000E+00  0.0000E+00  0.0000E+00  0.0000E+00  0.0000E+00
       0.0000E+00  0.0000E+00  0.0000E+00  0.0000E+00  0.0000E+00  0.0000E+00  0.0000E+00  0.0000E+00  0.0000E+00  0.0000E+00
       0.0000E+00  0.0000E+00  0.0000E+00  0.0000E+00  0.0000E+00  0.0000E+00  0.0000E+00  0.0000E+00  0.0000E+00  0.0000E+00
       0.0000E+00  0.0000E+00  0.0000E+00  0.0000E+00  0.0000E+00  0.0000E+00  0.0000E+00  0.0000E+00  0.0000E+00  0.0000E+00
       0.0000E+00  0.0000E+00  0.0000E+00  0.0000E+00  0.0000E+00  0.0000E+00  0.0000E+00  0.0000E+00  0.0000E+00  0.0000E+00
