
 *****  Protons in Lexan (0.25GeV, 2cm)                                                   *****

           DATE: 12/19/18,  TIME: 10:25:16

          Total number of particles followed       16666666, for a total weight of  1.6667E+07

1

   Bdrx n.   2  "ofluence  " , generalized particle n.    1, from region n.     5 to region n.     4
      detector area:  1.0000E+02 cm**2
      this is a one way only estimator
      this is a fluence like estimator
      linear energy binning from   1.7000E-01 to  3.0000E-01 GeV,   650 bins ( 2.0000E-04 GeV wide)
      linear angular binning from  0.0000E+00 to  6.2832E+00 sr ,     1 bins ( 6.2832E+00 sr wide )
      Data follow in a matrix A(ie,ia), format (1(5x,1p,10(1x,e11.4)))

       3.4938E-04  3.4906E-04  3.5714E-04  3.4824E-04  3.6366E-04  3.4411E-04  3.7390E-04  3.4347E-04  3.3795E-04  3.4373E-04
       3.5918E-04  3.5048E-04  3.6997E-04  3.4483E-04  3.5688E-04  3.5262E-04  3.4454E-04  3.4695E-04  3.4617E-04  3.2900E-04
       3.3178E-04  3.4245E-04  3.3592E-04  3.6848E-04  3.4608E-04  3.5823E-04  3.7037E-04  3.2122E-04  3.4511E-04  3.4535E-04
       3.4068E-04  3.4273E-04  3.2764E-04  3.2577E-04  3.4283E-04  3.3305E-04  3.4580E-04  3.4449E-04  3.4753E-04  3.3961E-04
       3.4081E-04  3.1789E-04  3.2698E-04  3.4271E-04  3.5704E-04  3.3718E-04  3.3431E-04  3.3325E-04  3.3841E-04  3.4671E-04
       3.1112E-04  3.5163E-04  3.5920E-04  3.5283E-04  3.3350E-04  3.4392E-04  3.5519E-04  3.2613E-04  3.2996E-04  3.5275E-04
       3.4705E-04  3.5058E-04  3.3141E-04  3.2895E-04  3.5085E-04  3.2908E-04  3.6999E-04  3.2642E-04  3.2222E-04  3.6397E-04
       3.1961E-04  3.3145E-04  3.3317E-04  3.1106E-04  3.1866E-04  3.3928E-04  3.2526E-04  3.2781E-04  3.2987E-04  3.2595E-04
       3.1259E-04  3.2431E-04  3.3547E-04  3.4543E-04  3.2496E-04  3.1378E-04  3.3388E-04  3.2961E-04  3.0648E-04  3.2402E-04
       3.5144E-04  3.1380E-04  3.4121E-04  3.3743E-04  3.3624E-04  3.1951E-04  3.2946E-04  3.2082E-04  3.2372E-04  3.3296E-04
       3.3692E-04  3.3672E-04  3.4634E-04  3.4005E-04  3.2755E-04  3.0871E-04  3.1880E-04  3.3160E-04  3.5262E-04  3.5931E-04
       3.4446E-04  3.6372E-04  3.2724E-04  3.0850E-04  3.2104E-04  3.2906E-04  3.3522E-04  3.2758E-04  3.2360E-04  3.2848E-04
       3.3170E-04  3.2453E-04  3.3210E-04  3.3520E-04  3.2656E-04  3.0649E-04  3.1990E-04  3.2581E-04  3.1749E-04  3.0524E-04
       3.4317E-04  3.2708E-04  3.5214E-04  3.3306E-04  3.4212E-04  3.3479E-04  3.1726E-04  3.1014E-04  3.4736E-04  3.2375E-04
       3.2925E-04  2.9618E-04  3.0992E-04  3.2970E-04  3.2663E-04  3.3924E-04  3.1311E-04  3.2889E-04  3.1417E-04  3.2458E-04
       3.0500E-04  3.1496E-04  3.1190E-04  2.9166E-04  3.1300E-04  3.1967E-04  3.0820E-04  2.9392E-04  3.2712E-04  3.2082E-04
       3.2209E-04  3.0775E-04  3.0643E-04  2.7691E-04  3.0803E-04  3.1516E-04  3.0593E-04  2.9447E-04  2.8620E-04  2.9673E-04
       2.6881E-04  3.1237E-04  2.6537E-04  2.8013E-04  2.9224E-04  3.0342E-04  2.6229E-04  2.9222E-04  2.8189E-04  2.6024E-04
       2.7707E-04  2.9896E-04  2.9259E-04  2.5218E-04  2.9423E-04  2.8198E-04  2.7421E-04  2.7082E-04  2.6508E-04  2.7021E-04
       2.5732E-04  2.7170E-04  2.4633E-04  2.4993E-04  2.7337E-04  2.5780E-04  2.5702E-04  2.6716E-04  2.4738E-04  2.6110E-04
       2.6295E-04  2.5143E-04  2.4593E-04  2.4149E-04  2.4653E-04  2.5696E-04  2.6693E-04  2.6818E-04  2.6308E-04  2.4605E-04
       2.4425E-04  2.7028E-04  2.7739E-04  2.4547E-04  2.5672E-04  2.5287E-04  2.6341E-04  2.4725E-04  2.6479E-04  2.3699E-04
       2.5694E-04  2.5346E-04  2.4345E-04  2.2884E-04  2.2380E-04  2.2094E-04  2.3998E-04  2.3170E-04  2.3186E-04  2.4132E-04
       2.1911E-04  2.2638E-04  2.3934E-04  2.3079E-04  2.2612E-04  2.1720E-04  2.2190E-04  2.3531E-04  2.2161E-04  2.1393E-04
       2.2285E-04  2.2442E-04  2.0137E-04  2.0227E-04  1.9772E-04  2.0908E-04  1.9410E-04  2.0579E-04  2.1404E-04  2.0333E-04
       1.9190E-04  2.0051E-04  1.7875E-04  2.0559E-04  1.8726E-04  1.8436E-04  1.8757E-04  1.6424E-04  1.7583E-04  1.8277E-04
       1.6433E-04  1.7871E-04  1.6536E-04  1.6258E-04  1.5081E-04  1.3266E-04  1.3986E-04  1.4573E-04  1.4408E-04  1.4683E-04
       1.3406E-04  1.4449E-04  1.1179E-04  1.3168E-04  1.2791E-04  1.1522E-04  1.1417E-04  1.1515E-04  1.0947E-04  1.1062E-04
       1.0363E-04  9.0837E-05  8.8008E-05  1.0191E-04  9.2431E-05  8.1732E-05  8.5763E-05  9.5740E-05  1.0352E-04  9.2334E-05
       8.3684E-05  9.5079E-05  9.4875E-05  1.2242E-04  1.1617E-04  1.1644E-04  1.2143E-04  1.4534E-04  1.5315E-04  1.3246E-04
       1.4336E-04  1.4494E-04  1.8788E-04  1.9522E-04  2.0649E-04  2.6269E-04  3.3084E-04  4.8294E-04  6.7616E-04  1.0349E-03
       1.6573E-03  2.6398E-03  4.0341E-03  6.5096E-03  9.8695E-03  1.4854E-02  2.2355E-02  3.2083E-02  4.6299E-02  6.4381E-02
       8.8062E-02  1.1681E-01  1.5123E-01  1.9157E-01  2.3710E-01  2.8628E-01  3.3527E-01  3.8379E-01  4.2747E-01  4.6469E-01
       4.9110E-01  5.0464E-01  5.0434E-01  4.9052E-01  4.6344E-01  4.2686E-01  3.8103E-01  3.3088E-01  2.7884E-01  2.2880E-01
       1.8175E-01  1.4007E-01  1.0558E-01  7.5972E-02  5.3508E-02  3.7035E-02  2.4331E-02  1.5850E-02  9.6339E-03  5.8768E-03
       3.4171E-03  1.9626E-03  1.1226E-03  5.5104E-04  2.8841E-04  1.3418E-04  7.3535E-05  2.9606E-05  2.0055E-05  8.1174E-06
       1.9099E-06  1.4325E-06  0.0000E+00  4.7750E-07  0.0000E+00  0.0000E+00  0.0000E+00  0.0000E+00  0.0000E+00  0.0000E+00
       0.0000E+00  0.0000E+00  0.0000E+00  0.0000E+00  0.0000E+00  0.0000E+00  0.0000E+00  0.0000E+00  0.0000E+00  0.0000E+00
       0.0000E+00  0.0000E+00  0.0000E+00  0.0000E+00  0.0000E+00  0.0000E+00  0.0000E+00  0.0000E+00  0.0000E+00  0.0000E+00
       0.0000E+00  0.0000E+00  0.0000E+00  0.0000E+00  0.0000E+00  0.0000E+00  0.0000E+00  0.0000E+00  0.0000E+00  0.0000E+00
       0.0000E+00  0.0000E+00  0.0000E+00  0.0000E+00  0.0000E+00  0.0000E+00  0.0000E+00  0.0000E+00  0.0000E+00  0.0000E+00
       0.0000E+00  0.0000E+00  0.0000E+00  0.0000E+00  0.0000E+00  0.0000E+00  0.0000E+00  0.0000E+00  0.0000E+00  0.0000E+00
       0.0000E+00  0.0000E+00  0.0000E+00  0.0000E+00  0.0000E+00  0.0000E+00  0.0000E+00  0.0000E+00  0.0000E+00  0.0000E+00
       0.0000E+00  0.0000E+00  0.0000E+00  0.0000E+00  0.0000E+00  0.0000E+00  0.0000E+00  0.0000E+00  0.0000E+00  0.0000E+00
       0.0000E+00  0.0000E+00  0.0000E+00  0.0000E+00  0.0000E+00  0.0000E+00  0.0000E+00  0.0000E+00  0.0000E+00  0.0000E+00
       0.0000E+00  0.0000E+00  0.0000E+00  0.0000E+00  0.0000E+00  0.0000E+00  0.0000E+00  0.0000E+00  0.0000E+00  0.0000E+00
       0.0000E+00  0.0000E+00  0.0000E+00  0.0000E+00  0.0000E+00  0.0000E+00  0.0000E+00  0.0000E+00  0.0000E+00  0.0000E+00
       0.0000E+00  0.0000E+00  0.0000E+00  0.0000E+00  0.0000E+00  0.0000E+00  0.0000E+00  0.0000E+00  0.0000E+00  0.0000E+00
       0.0000E+00  0.0000E+00  0.0000E+00  0.0000E+00  0.0000E+00  0.0000E+00  0.0000E+00  0.0000E+00  0.0000E+00  0.0000E+00
       0.0000E+00  0.0000E+00  0.0000E+00  0.0000E+00  0.0000E+00  0.0000E+00  0.0000E+00  0.0000E+00  0.0000E+00  0.0000E+00
       0.0000E+00  0.0000E+00  0.0000E+00  0.0000E+00  0.0000E+00  0.0000E+00  0.0000E+00  0.0000E+00  0.0000E+00  0.0000E+00
       0.0000E+00  0.0000E+00  0.0000E+00  0.0000E+00  0.0000E+00  0.0000E+00  0.0000E+00  0.0000E+00  0.0000E+00  0.0000E+00
       0.0000E+00  0.0000E+00  0.0000E+00  0.0000E+00  0.0000E+00  0.0000E+00  0.0000E+00  0.0000E+00  0.0000E+00  0.0000E+00
       0.0000E+00  0.0000E+00  0.0000E+00  0.0000E+00  0.0000E+00  0.0000E+00  0.0000E+00  0.0000E+00  0.0000E+00  0.0000E+00
       0.0000E+00  0.0000E+00  0.0000E+00  0.0000E+00  0.0000E+00  0.0000E+00  0.0000E+00  0.0000E+00  0.0000E+00  0.0000E+00
       0.0000E+00  0.0000E+00  0.0000E+00  0.0000E+00  0.0000E+00  0.0000E+00  0.0000E+00  0.0000E+00  0.0000E+00  0.0000E+00
       0.0000E+00  0.0000E+00  0.0000E+00  0.0000E+00  0.0000E+00  0.0000E+00  0.0000E+00  0.0000E+00  0.0000E+00  0.0000E+00
       0.0000E+00  0.0000E+00  0.0000E+00  0.0000E+00  0.0000E+00  0.0000E+00  0.0000E+00  0.0000E+00  0.0000E+00  0.0000E+00
       0.0000E+00  0.0000E+00  0.0000E+00  0.0000E+00  0.0000E+00  0.0000E+00  0.0000E+00  0.0000E+00  0.0000E+00  0.0000E+00
       0.0000E+00  0.0000E+00  0.0000E+00  0.0000E+00  0.0000E+00  0.0000E+00  0.0000E+00  0.0000E+00  0.0000E+00  0.0000E+00
       0.0000E+00  0.0000E+00  0.0000E+00  0.0000E+00  0.0000E+00  0.0000E+00  0.0000E+00  0.0000E+00  0.0000E+00  0.0000E+00
       0.0000E+00  0.0000E+00  0.0000E+00  0.0000E+00  0.0000E+00  0.0000E+00  0.0000E+00  0.0000E+00  0.0000E+00  0.0000E+00
       0.0000E+00  0.0000E+00  0.0000E+00  0.0000E+00  0.0000E+00  0.0000E+00  0.0000E+00  0.0000E+00  0.0000E+00  0.0000E+00
       0.0000E+00  0.0000E+00  0.0000E+00  0.0000E+00  0.0000E+00  0.0000E+00  0.0000E+00  0.0000E+00  0.0000E+00  0.0000E+00
       0.0000E+00  0.0000E+00  0.0000E+00  0.0000E+00  0.0000E+00  0.0000E+00  0.0000E+00  0.0000E+00  0.0000E+00  0.0000E+00
1

   Bdrx n.   6  "ofluence  " , generalized particle n.    1, from region n.     5 to region n.     4
      detector area:  1.0000E+02 cm**2
      this is a one way only estimator
      this is a fluence like estimator
      linear energy binning from   0.0000E+00 to  3.0000E+02 GeV,     1 bins ( 3.0000E+02 GeV wide)
      linear angular binning from  0.0000E+00 to  6.2832E+00 sr ,     1 bins ( 6.2832E+00 sr wide )
      Data follow in a matrix A(ie,ia), format (1(5x,1p,10(1x,e11.4)))

       5.3625E-06
