
 *****  Protons in Lexan (0.25GeV, 2cm)                                                   *****

           DATE: 12/19/18,  TIME: 10:25:16

          Total number of particles followed       16666666, for a total weight of  1.6667E+07

1

   Bdrx n.   4  "ocurrent  " , generalized particle n.    1, from region n.     5 to region n.     4
      detector area:  1.0000E+02 cm**2
      this is a one way only estimator
      this is a current like estimator
      linear energy binning from   1.7000E-01 to  3.0000E-01 GeV,   650 bins ( 2.0000E-04 GeV wide)
      linear angular binning from  0.0000E+00 to  6.2832E+00 sr ,     1 bins ( 6.2832E+00 sr wide )
      Data follow in a matrix A(ie,ia), format (1(5x,1p,10(1x,e11.4)))

       2.9507E-04  2.9937E-04  3.0510E-04  2.9746E-04  3.0796E-04  2.9364E-04  3.1560E-04  2.9412E-04  2.8696E-04  2.9221E-04
       3.0558E-04  2.9651E-04  3.1131E-04  2.9507E-04  3.0367E-04  3.0176E-04  2.9507E-04  2.9746E-04  2.9555E-04  2.8409E-04
       2.8505E-04  2.9364E-04  2.8743E-04  3.1274E-04  3.0033E-04  3.0940E-04  3.1847E-04  2.7788E-04  2.9842E-04  2.9746E-04
       2.9507E-04  2.9603E-04  2.8600E-04  2.7884E-04  2.9507E-04  2.8934E-04  2.9746E-04  2.9507E-04  3.0176E-04  2.9460E-04
       2.9460E-04  2.7359E-04  2.8505E-04  2.9555E-04  3.1083E-04  2.9316E-04  2.9125E-04  2.8934E-04  2.9364E-04  3.0176E-04
       2.7025E-04  3.0510E-04  3.1083E-04  3.0844E-04  2.9078E-04  2.9937E-04  3.0940E-04  2.8457E-04  2.8839E-04  3.0844E-04
       3.0367E-04  3.0510E-04  2.8839E-04  2.8648E-04  3.0605E-04  2.8791E-04  3.2515E-04  2.8505E-04  2.8123E-04  3.1704E-04
       2.8170E-04  2.9269E-04  2.9269E-04  2.7597E-04  2.7932E-04  2.9794E-04  2.8600E-04  2.8839E-04  2.8982E-04  2.8505E-04
       2.7454E-04  2.8409E-04  2.9460E-04  2.9985E-04  2.8791E-04  2.7741E-04  2.9698E-04  2.9078E-04  2.7215E-04  2.8743E-04
       3.1226E-04  2.7597E-04  3.0128E-04  3.0033E-04  2.9889E-04  2.8457E-04  2.9125E-04  2.8457E-04  2.8934E-04  2.9507E-04
       2.9746E-04  2.9937E-04  3.0701E-04  2.9985E-04  2.9078E-04  2.7693E-04  2.8552E-04  2.9364E-04  3.1417E-04  3.1847E-04
       3.0844E-04  3.2515E-04  2.9030E-04  2.7597E-04  2.8791E-04  2.9364E-04  3.0080E-04  2.9412E-04  2.9030E-04  2.9364E-04
       2.9937E-04  2.9316E-04  2.9746E-04  3.0128E-04  2.9460E-04  2.7502E-04  2.8791E-04  2.9460E-04  2.8600E-04  2.7359E-04
       3.0892E-04  2.9555E-04  3.1751E-04  2.9985E-04  3.0940E-04  3.0319E-04  2.8600E-04  2.8075E-04  3.1226E-04  2.9125E-04
       2.9651E-04  2.6881E-04  2.7979E-04  2.9937E-04  2.9603E-04  3.0558E-04  2.8505E-04  2.9794E-04  2.8457E-04  2.9412E-04
       2.7693E-04  2.8696E-04  2.8314E-04  2.6499E-04  2.8552E-04  2.9078E-04  2.8170E-04  2.6786E-04  2.9889E-04  2.9460E-04
       2.9364E-04  2.7979E-04  2.7836E-04  2.5449E-04  2.8027E-04  2.8887E-04  2.7932E-04  2.6977E-04  2.6356E-04  2.7072E-04
       2.4637E-04  2.8600E-04  2.4351E-04  2.5688E-04  2.6834E-04  2.7884E-04  2.4160E-04  2.6929E-04  2.5974E-04  2.3921E-04
       2.5401E-04  2.7263E-04  2.6881E-04  2.3253E-04  2.6881E-04  2.5926E-04  2.5258E-04  2.4924E-04  2.4542E-04  2.4780E-04
       2.3730E-04  2.4971E-04  2.2680E-04  2.3109E-04  2.5258E-04  2.3825E-04  2.3778E-04  2.4876E-04  2.3062E-04  2.4351E-04
       2.4542E-04  2.3300E-04  2.2775E-04  2.2489E-04  2.3062E-04  2.3778E-04  2.4971E-04  2.4971E-04  2.4207E-04  2.2966E-04
       2.2918E-04  2.5306E-04  2.5497E-04  2.2918E-04  2.3873E-04  2.3682E-04  2.4589E-04  2.3062E-04  2.4733E-04  2.2059E-04
       2.4160E-04  2.3873E-04  2.2584E-04  2.1486E-04  2.0913E-04  2.0722E-04  2.2680E-04  2.1772E-04  2.1725E-04  2.2680E-04
       2.0579E-04  2.1247E-04  2.2584E-04  2.1772E-04  2.1343E-04  2.0626E-04  2.0865E-04  2.2250E-04  2.0961E-04  2.0292E-04
       2.1152E-04  2.1343E-04  1.9003E-04  1.9146E-04  1.8717E-04  1.9767E-04  1.8382E-04  1.9576E-04  2.0292E-04  1.9337E-04
       1.8239E-04  1.9099E-04  1.7093E-04  1.9576E-04  1.7809E-04  1.7666E-04  1.7857E-04  1.5613E-04  1.6520E-04  1.7523E-04
       1.5661E-04  1.6998E-04  1.5756E-04  1.5565E-04  1.4419E-04  1.2796E-04  1.3226E-04  1.3846E-04  1.3846E-04  1.4037E-04
       1.2701E-04  1.3703E-04  1.0647E-04  1.2605E-04  1.2128E-04  1.0982E-04  1.0743E-04  1.0982E-04  1.0409E-04  1.0409E-04
       9.6448E-05  8.6421E-05  8.3556E-05  9.5016E-05  8.7376E-05  7.6394E-05  7.9259E-05  8.8808E-05  9.7403E-05  8.6421E-05
       7.8304E-05  8.9286E-05  8.8808E-05  1.0791E-04  1.0982E-04  1.0791E-04  1.1459E-04  1.3846E-04  1.2462E-04  1.2653E-04
       1.3703E-04  1.3655E-04  1.7762E-04  1.8812E-04  1.9815E-04  2.5544E-04  3.2324E-04  4.7221E-04  6.6654E-04  1.0251E-03
       1.6449E-03  2.6289E-03  4.0203E-03  6.4954E-03  9.8482E-03  1.4834E-02  2.2331E-02  3.2055E-02  4.6266E-02  6.4338E-02
       8.8016E-02  1.1676E-01  1.5117E-01  1.9150E-01  2.3703E-01  2.8620E-01  3.3518E-01  3.8371E-01  4.2737E-01  4.6459E-01
       4.9100E-01  5.0455E-01  5.0425E-01  4.9044E-01  4.6337E-01  4.2679E-01  3.8097E-01  3.3083E-01  2.7880E-01  2.2877E-01
       1.8172E-01  1.4005E-01  1.0557E-01  7.5963E-02  5.3501E-02  3.7031E-02  2.4328E-02  1.5848E-02  9.6329E-03  5.8762E-03
       3.4167E-03  1.9624E-03  1.1225E-03  5.5099E-04  2.8839E-04  1.3417E-04  7.3530E-05  2.9603E-05  2.0054E-05  8.1169E-06
       1.9099E-06  1.4324E-06  0.0000E+00  4.7746E-07  0.0000E+00  0.0000E+00  0.0000E+00  0.0000E+00  0.0000E+00  0.0000E+00
       0.0000E+00  0.0000E+00  0.0000E+00  0.0000E+00  0.0000E+00  0.0000E+00  0.0000E+00  0.0000E+00  0.0000E+00  0.0000E+00
       0.0000E+00  0.0000E+00  0.0000E+00  0.0000E+00  0.0000E+00  0.0000E+00  0.0000E+00  0.0000E+00  0.0000E+00  0.0000E+00
       0.0000E+00  0.0000E+00  0.0000E+00  0.0000E+00  0.0000E+00  0.0000E+00  0.0000E+00  0.0000E+00  0.0000E+00  0.0000E+00
       0.0000E+00  0.0000E+00  0.0000E+00  0.0000E+00  0.0000E+00  0.0000E+00  0.0000E+00  0.0000E+00  0.0000E+00  0.0000E+00
       0.0000E+00  0.0000E+00  0.0000E+00  0.0000E+00  0.0000E+00  0.0000E+00  0.0000E+00  0.0000E+00  0.0000E+00  0.0000E+00
       0.0000E+00  0.0000E+00  0.0000E+00  0.0000E+00  0.0000E+00  0.0000E+00  0.0000E+00  0.0000E+00  0.0000E+00  0.0000E+00
       0.0000E+00  0.0000E+00  0.0000E+00  0.0000E+00  0.0000E+00  0.0000E+00  0.0000E+00  0.0000E+00  0.0000E+00  0.0000E+00
       0.0000E+00  0.0000E+00  0.0000E+00  0.0000E+00  0.0000E+00  0.0000E+00  0.0000E+00  0.0000E+00  0.0000E+00  0.0000E+00
       0.0000E+00  0.0000E+00  0.0000E+00  0.0000E+00  0.0000E+00  0.0000E+00  0.0000E+00  0.0000E+00  0.0000E+00  0.0000E+00
       0.0000E+00  0.0000E+00  0.0000E+00  0.0000E+00  0.0000E+00  0.0000E+00  0.0000E+00  0.0000E+00  0.0000E+00  0.0000E+00
       0.0000E+00  0.0000E+00  0.0000E+00  0.0000E+00  0.0000E+00  0.0000E+00  0.0000E+00  0.0000E+00  0.0000E+00  0.0000E+00
       0.0000E+00  0.0000E+00  0.0000E+00  0.0000E+00  0.0000E+00  0.0000E+00  0.0000E+00  0.0000E+00  0.0000E+00  0.0000E+00
       0.0000E+00  0.0000E+00  0.0000E+00  0.0000E+00  0.0000E+00  0.0000E+00  0.0000E+00  0.0000E+00  0.0000E+00  0.0000E+00
       0.0000E+00  0.0000E+00  0.0000E+00  0.0000E+00  0.0000E+00  0.0000E+00  0.0000E+00  0.0000E+00  0.0000E+00  0.0000E+00
       0.0000E+00  0.0000E+00  0.0000E+00  0.0000E+00  0.0000E+00  0.0000E+00  0.0000E+00  0.0000E+00  0.0000E+00  0.0000E+00
       0.0000E+00  0.0000E+00  0.0000E+00  0.0000E+00  0.0000E+00  0.0000E+00  0.0000E+00  0.0000E+00  0.0000E+00  0.0000E+00
       0.0000E+00  0.0000E+00  0.0000E+00  0.0000E+00  0.0000E+00  0.0000E+00  0.0000E+00  0.0000E+00  0.0000E+00  0.0000E+00
       0.0000E+00  0.0000E+00  0.0000E+00  0.0000E+00  0.0000E+00  0.0000E+00  0.0000E+00  0.0000E+00  0.0000E+00  0.0000E+00
       0.0000E+00  0.0000E+00  0.0000E+00  0.0000E+00  0.0000E+00  0.0000E+00  0.0000E+00  0.0000E+00  0.0000E+00  0.0000E+00
       0.0000E+00  0.0000E+00  0.0000E+00  0.0000E+00  0.0000E+00  0.0000E+00  0.0000E+00  0.0000E+00  0.0000E+00  0.0000E+00
       0.0000E+00  0.0000E+00  0.0000E+00  0.0000E+00  0.0000E+00  0.0000E+00  0.0000E+00  0.0000E+00  0.0000E+00  0.0000E+00
       0.0000E+00  0.0000E+00  0.0000E+00  0.0000E+00  0.0000E+00  0.0000E+00  0.0000E+00  0.0000E+00  0.0000E+00  0.0000E+00
       0.0000E+00  0.0000E+00  0.0000E+00  0.0000E+00  0.0000E+00  0.0000E+00  0.0000E+00  0.0000E+00  0.0000E+00  0.0000E+00
       0.0000E+00  0.0000E+00  0.0000E+00  0.0000E+00  0.0000E+00  0.0000E+00  0.0000E+00  0.0000E+00  0.0000E+00  0.0000E+00
       0.0000E+00  0.0000E+00  0.0000E+00  0.0000E+00  0.0000E+00  0.0000E+00  0.0000E+00  0.0000E+00  0.0000E+00  0.0000E+00
       0.0000E+00  0.0000E+00  0.0000E+00  0.0000E+00  0.0000E+00  0.0000E+00  0.0000E+00  0.0000E+00  0.0000E+00  0.0000E+00
       0.0000E+00  0.0000E+00  0.0000E+00  0.0000E+00  0.0000E+00  0.0000E+00  0.0000E+00  0.0000E+00  0.0000E+00  0.0000E+00
       0.0000E+00  0.0000E+00  0.0000E+00  0.0000E+00  0.0000E+00  0.0000E+00  0.0000E+00  0.0000E+00  0.0000E+00  0.0000E+00
