
 *****  Protons in Lexan (0.25GeV, 2cm)                                                   *****

           DATE: 12/19/18,  TIME: 10:25:16

          Total number of particles followed       16666666, for a total weight of  1.6667E+07

1

   Res. nuclei n.   1  "Ian       " ,  all         products, region n.     5
      detector volume:  1.0000E+00 cm**3
      Max. Z:  10, Max. N-Z:  11 Min. N-Z: -4
      Data follow in a matrix A(z,n-z-k), k: -5 format (1(5x,1p,10(1x,e11.4)))

       0.0000E+00  0.0000E+00  0.0000E+00  0.0000E+00  0.0000E+00  0.0000E+00  0.0000E+00  0.0000E+00  0.0000E+00  0.0000E+00
       0.0000E+00  0.0000E+00  0.0000E+00  0.0000E+00  0.0000E+00  2.2380E-05  0.0000E+00  9.0000E-07  0.0000E+00  0.0000E+00
       0.0000E+00  0.0000E+00  0.0000E+00  0.0000E+00  1.5372E-04  3.3402E-04  3.1860E-05  7.5780E-05  0.0000E+00  0.0000E+00
       3.8114E-02  4.2585E-03  0.0000E+00  2.0251E-03  0.0000E+00  6.1872E-03  8.9160E-05  1.5209E-03  6.0000E-08  0.0000E+00
       9.3742E-03  3.3966E-02  2.7521E-03  0.0000E+00  2.2278E-03  7.2068E-03  7.2152E-04  8.4703E-04  6.0000E-08  2.4000E-07
       2.3807E-03  0.0000E+00  1.6381E-03  4.6709E-04  4.3506E-03  3.8785E-04  1.0830E-03  1.1803E-06  1.2000E-07  0.0000E+00
       0.0000E+00  9.9720E-05  1.3578E-04  3.1716E-04  5.0592E-05  1.0872E-04  3.2277E-06  1.2000E-06  0.0000E+00  0.0000E+00
       0.0000E+00  0.0000E+00  1.1940E-05  8.4000E-07  2.7000E-06  3.0000E-07  1.4400E-06  0.0000E+00  0.0000E+00  0.0000E+00
       0.0000E+00  2.4000E-07  0.0000E+00  6.0000E-08  0.0000E+00  1.2000E-07  0.0000E+00  0.0000E+00  0.0000E+00  0.0000E+00
       0.0000E+00  0.0000E+00  0.0000E+00  0.0000E+00  0.0000E+00  0.0000E+00  0.0000E+00  0.0000E+00  0.0000E+00  0.0000E+00
       0.0000E+00  0.0000E+00  0.0000E+00  0.0000E+00  0.0000E+00  0.0000E+00  0.0000E+00  0.0000E+00  0.0000E+00  0.0000E+00
       0.0000E+00  0.0000E+00  0.0000E+00  0.0000E+00  0.0000E+00  0.0000E+00  0.0000E+00  0.0000E+00  0.0000E+00  0.0000E+00
       0.0000E+00  0.0000E+00  0.0000E+00  0.0000E+00  0.0000E+00  0.0000E+00  0.0000E+00  0.0000E+00  0.0000E+00  0.0000E+00
       0.0000E+00  0.0000E+00  0.0000E+00  0.0000E+00  0.0000E+00  0.0000E+00  0.0000E+00  0.0000E+00  0.0000E+00  0.0000E+00
       0.0000E+00  0.0000E+00  0.0000E+00  0.0000E+00  0.0000E+00  0.0000E+00  0.0000E+00  0.0000E+00  0.0000E+00  0.0000E+00
       0.0000E+00  0.0000E+00  0.0000E+00  0.0000E+00  0.0000E+00  0.0000E+00  0.0000E+00  0.0000E+00  0.0000E+00  0.0000E+00
