
 *****  Protons in Lexan (0.23GeV, 2.0cm)                                                 *****

           DATE: 12/ 1/18,  TIME:  4:49:29

          Total number of particles followed       10000000, for a total weight of  1.0000E+07

1

   Bdrx n.   4  "ocurrent  " , generalized particle n.    1, from region n.     5 to region n.     4
      detector area:  1.0000E+02 cm**2
      this is a one way only estimator
      this is a current like estimator
      linear energy binning from   1.5000E-01 to  2.8000E-01 GeV,   650 bins ( 2.0000E-04 GeV wide)
      linear angular binning from  0.0000E+00 to  6.2832E+00 sr ,     1 bins ( 6.2832E+00 sr wide )
      Data follow in a matrix A(ie,ia), format (1(5x,1p,10(1x,e11.4)))

       2.0292E-04  2.1008E-04  2.0133E-04  1.9735E-04  1.9576E-04  2.1645E-04  2.2839E-04  2.3475E-04  2.1884E-04  2.1486E-04
       2.0690E-04  2.2361E-04  2.3635E-04  2.1963E-04  2.0054E-04  2.1168E-04  2.0292E-04  2.0531E-04  2.1406E-04  2.0054E-04
       1.9417E-04  2.2839E-04  2.2520E-04  2.1565E-04  2.2123E-04  2.3316E-04  1.9099E-04  1.9337E-04  2.1088E-04  2.3635E-04
       2.2282E-04  2.2918E-04  2.1168E-04  2.1486E-04  2.0133E-04  2.0531E-04  2.1088E-04  1.9894E-04  2.1804E-04  2.1804E-04
       2.1645E-04  2.0770E-04  2.1008E-04  2.2282E-04  2.1963E-04  2.3157E-04  2.1168E-04  2.1327E-04  1.9894E-04  1.9815E-04
       2.2361E-04  2.2520E-04  2.1645E-04  2.2680E-04  2.3873E-04  2.1008E-04  2.2361E-04  2.2043E-04  2.4032E-04  2.1247E-04
       2.2043E-04  2.2043E-04  2.1725E-04  2.1884E-04  2.1008E-04  2.3635E-04  2.1565E-04  1.8223E-04  1.8462E-04  2.2361E-04
       2.1725E-04  2.1406E-04  2.2043E-04  2.3635E-04  1.9576E-04  2.2123E-04  2.0690E-04  2.0054E-04  2.2282E-04  2.0531E-04
       2.1247E-04  2.1963E-04  2.1247E-04  2.2123E-04  2.1247E-04  2.0849E-04  1.9417E-04  2.2998E-04  2.2282E-04  2.3555E-04
       2.1008E-04  2.0292E-04  2.0372E-04  2.2043E-04  2.4510E-04  2.1963E-04  2.1884E-04  2.2202E-04  2.0770E-04  2.0849E-04
       1.7825E-04  2.0849E-04  2.2600E-04  2.0292E-04  2.2520E-04  2.0213E-04  2.1008E-04  2.2680E-04  2.1645E-04  2.2202E-04
       2.1486E-04  1.9417E-04  1.9178E-04  2.1406E-04  2.0770E-04  2.2600E-04  2.1725E-04  2.2282E-04  2.0372E-04  2.0770E-04
       2.3157E-04  2.0690E-04  2.0451E-04  2.2282E-04  2.0770E-04  2.3077E-04  2.1804E-04  2.2202E-04  2.0849E-04  2.0292E-04
       2.1247E-04  2.1247E-04  1.9974E-04  2.3157E-04  1.9258E-04  2.0372E-04  2.0690E-04  2.0770E-04  2.2361E-04  2.2282E-04
       2.1327E-04  2.1565E-04  2.3396E-04  2.0451E-04  2.2123E-04  2.1168E-04  2.0054E-04  2.2441E-04  2.3316E-04  2.0451E-04
       2.0451E-04  2.0133E-04  2.0451E-04  2.0849E-04  2.2441E-04  2.1168E-04  2.3714E-04  2.0133E-04  1.9894E-04  2.0770E-04
       2.0849E-04  2.2361E-04  2.0531E-04  1.9576E-04  1.9576E-04  1.9815E-04  2.1884E-04  2.0849E-04  1.9974E-04  1.9099E-04
       1.9417E-04  2.1327E-04  1.8939E-04  2.1247E-04  2.0770E-04  2.0292E-04  2.2520E-04  2.0372E-04  1.9894E-04  2.1327E-04
       2.0690E-04  2.0372E-04  2.0213E-04  1.9337E-04  2.0690E-04  2.0213E-04  2.2600E-04  1.9576E-04  1.8860E-04  2.0133E-04
       2.0133E-04  1.9974E-04  1.9894E-04  2.0451E-04  2.1168E-04  1.9974E-04  1.9894E-04  2.1247E-04  1.8780E-04  1.8780E-04
       1.9099E-04  1.8621E-04  1.9178E-04  1.8303E-04  1.9417E-04  1.9178E-04  1.7666E-04  1.9337E-04  1.6950E-04  1.9735E-04
       1.7189E-04  1.7985E-04  1.6154E-04  1.7348E-04  1.9576E-04  1.5199E-04  1.5677E-04  1.8780E-04  1.7905E-04  1.6154E-04
       1.7268E-04  1.7985E-04  1.7985E-04  1.6870E-04  1.6313E-04  1.7348E-04  1.9019E-04  1.7905E-04  1.9019E-04  1.8621E-04
       1.7268E-04  1.7825E-04  1.7825E-04  1.7825E-04  1.7587E-04  1.7189E-04  1.8223E-04  1.6950E-04  1.7905E-04  1.5677E-04
       1.7587E-04  1.7189E-04  1.4881E-04  1.7030E-04  1.7030E-04  1.7348E-04  1.7348E-04  1.5438E-04  1.4801E-04  1.3926E-04
       1.5279E-04  1.4085E-04  1.4881E-04  1.4563E-04  1.5120E-04  1.7109E-04  1.5677E-04  1.5120E-04  1.3051E-04  1.5120E-04
       1.4801E-04  1.4563E-04  1.4483E-04  1.5438E-04  1.3051E-04  1.3130E-04  1.6075E-04  1.5199E-04  1.2892E-04  1.3369E-04
       1.4085E-04  1.3767E-04  1.3289E-04  1.4483E-04  1.2175E-04  1.2732E-04  1.2732E-04  1.5199E-04  1.3926E-04  1.0345E-04
       1.2812E-04  1.3051E-04  1.2971E-04  1.2335E-04  1.3289E-04  1.0902E-04  9.7085E-05  1.1300E-04  1.0663E-04  1.0027E-04
       1.1061E-04  1.2175E-04  7.8782E-05  9.3106E-05  7.7986E-05  7.6394E-05  7.7986E-05  6.8437E-05  7.5599E-05  7.7986E-05
       6.9232E-05  5.8092E-05  5.4908E-05  7.0824E-05  7.4007E-05  5.8887E-05  5.4113E-05  4.6951E-05  6.3662E-05  5.6500E-05
       6.0479E-05  6.7641E-05  5.8092E-05  6.6845E-05  7.4007E-05  7.0028E-05  7.8782E-05  7.3211E-05  8.1965E-05  8.7535E-05
       1.0106E-04  1.0584E-04  9.7085E-05  9.9472E-05  1.2414E-04  1.3210E-04  1.2175E-04  1.5677E-04  1.8780E-04  2.4351E-04
       3.6526E-04  5.7535E-04  1.0130E-03  1.7626E-03  2.8465E-03  5.0587E-03  8.4360E-03  1.3639E-02  2.1756E-02  3.3754E-02
       5.0892E-02  7.4161E-02  1.0500E-01  1.4531E-01  1.9291E-01  2.4849E-01  3.1134E-01  3.7515E-01  4.3753E-01  4.9523E-01
       5.4025E-01  5.6964E-01  5.7961E-01  5.7013E-01  5.4004E-01  4.9302E-01  4.3612E-01  3.7150E-01  3.0397E-01  2.3975E-01
       1.8295E-01  1.3341E-01  9.4200E-02  6.4099E-02  4.2100E-02  2.6500E-02  1.5941E-02  9.3862E-03  5.1598E-03  2.7971E-03
       1.4507E-03  7.0028E-04  3.5571E-04  1.4642E-04  7.0028E-05  3.1035E-05  1.1937E-05  4.7746E-06  2.3873E-06  7.9577E-07
       0.0000E+00  0.0000E+00  0.0000E+00  0.0000E+00  0.0000E+00  0.0000E+00  0.0000E+00  0.0000E+00  0.0000E+00  0.0000E+00
       0.0000E+00  0.0000E+00  0.0000E+00  0.0000E+00  0.0000E+00  0.0000E+00  0.0000E+00  0.0000E+00  0.0000E+00  0.0000E+00
       0.0000E+00  0.0000E+00  0.0000E+00  0.0000E+00  0.0000E+00  0.0000E+00  0.0000E+00  0.0000E+00  0.0000E+00  0.0000E+00
       0.0000E+00  0.0000E+00  0.0000E+00  0.0000E+00  0.0000E+00  0.0000E+00  0.0000E+00  0.0000E+00  0.0000E+00  0.0000E+00
       0.0000E+00  0.0000E+00  0.0000E+00  0.0000E+00  0.0000E+00  0.0000E+00  0.0000E+00  0.0000E+00  0.0000E+00  0.0000E+00
       0.0000E+00  0.0000E+00  0.0000E+00  0.0000E+00  0.0000E+00  0.0000E+00  0.0000E+00  0.0000E+00  0.0000E+00  0.0000E+00
       0.0000E+00  0.0000E+00  0.0000E+00  0.0000E+00  0.0000E+00  0.0000E+00  0.0000E+00  0.0000E+00  0.0000E+00  0.0000E+00
       0.0000E+00  0.0000E+00  0.0000E+00  0.0000E+00  0.0000E+00  0.0000E+00  0.0000E+00  0.0000E+00  0.0000E+00  0.0000E+00
       0.0000E+00  0.0000E+00  0.0000E+00  0.0000E+00  0.0000E+00  0.0000E+00  0.0000E+00  0.0000E+00  0.0000E+00  0.0000E+00
       0.0000E+00  0.0000E+00  0.0000E+00  0.0000E+00  0.0000E+00  0.0000E+00  0.0000E+00  0.0000E+00  0.0000E+00  0.0000E+00
       0.0000E+00  0.0000E+00  0.0000E+00  0.0000E+00  0.0000E+00  0.0000E+00  0.0000E+00  0.0000E+00  0.0000E+00  0.0000E+00
       0.0000E+00  0.0000E+00  0.0000E+00  0.0000E+00  0.0000E+00  0.0000E+00  0.0000E+00  0.0000E+00  0.0000E+00  0.0000E+00
       0.0000E+00  0.0000E+00  0.0000E+00  0.0000E+00  0.0000E+00  0.0000E+00  0.0000E+00  0.0000E+00  0.0000E+00  0.0000E+00
       0.0000E+00  0.0000E+00  0.0000E+00  0.0000E+00  0.0000E+00  0.0000E+00  0.0000E+00  0.0000E+00  0.0000E+00  0.0000E+00
       0.0000E+00  0.0000E+00  0.0000E+00  0.0000E+00  0.0000E+00  0.0000E+00  0.0000E+00  0.0000E+00  0.0000E+00  0.0000E+00
       0.0000E+00  0.0000E+00  0.0000E+00  0.0000E+00  0.0000E+00  0.0000E+00  0.0000E+00  0.0000E+00  0.0000E+00  0.0000E+00
       0.0000E+00  0.0000E+00  0.0000E+00  0.0000E+00  0.0000E+00  0.0000E+00  0.0000E+00  0.0000E+00  0.0000E+00  0.0000E+00
       0.0000E+00  0.0000E+00  0.0000E+00  0.0000E+00  0.0000E+00  0.0000E+00  0.0000E+00  0.0000E+00  0.0000E+00  0.0000E+00
       0.0000E+00  0.0000E+00  0.0000E+00  0.0000E+00  0.0000E+00  0.0000E+00  0.0000E+00  0.0000E+00  0.0000E+00  0.0000E+00
       0.0000E+00  0.0000E+00  0.0000E+00  0.0000E+00  0.0000E+00  0.0000E+00  0.0000E+00  0.0000E+00  0.0000E+00  0.0000E+00
       0.0000E+00  0.0000E+00  0.0000E+00  0.0000E+00  0.0000E+00  0.0000E+00  0.0000E+00  0.0000E+00  0.0000E+00  0.0000E+00
       0.0000E+00  0.0000E+00  0.0000E+00  0.0000E+00  0.0000E+00  0.0000E+00  0.0000E+00  0.0000E+00  0.0000E+00  0.0000E+00
       0.0000E+00  0.0000E+00  0.0000E+00  0.0000E+00  0.0000E+00  0.0000E+00  0.0000E+00  0.0000E+00  0.0000E+00  0.0000E+00
       0.0000E+00  0.0000E+00  0.0000E+00  0.0000E+00  0.0000E+00  0.0000E+00  0.0000E+00  0.0000E+00  0.0000E+00  0.0000E+00
       0.0000E+00  0.0000E+00  0.0000E+00  0.0000E+00  0.0000E+00  0.0000E+00  0.0000E+00  0.0000E+00  0.0000E+00  0.0000E+00
       0.0000E+00  0.0000E+00  0.0000E+00  0.0000E+00  0.0000E+00  0.0000E+00  0.0000E+00  0.0000E+00  0.0000E+00  0.0000E+00
       0.0000E+00  0.0000E+00  0.0000E+00  0.0000E+00  0.0000E+00  0.0000E+00  0.0000E+00  0.0000E+00  0.0000E+00  0.0000E+00
