
 *****  Protons in Lexan (0.25GeV, 0cm)                                                   *****

           DATE: 12/20/18,  TIME: 16:50:44

          Total number of particles followed       50000000, for a total weight of  5.0000E+07

1

   Res. nuclei n.   1  "Ian       " ,  all         products, region n.     5
      detector volume:  1.0000E+00 cm**3
      Max. Z:  10, Max. N-Z:  11 Min. N-Z: -4
      Data follow in a matrix A(z,n-z-k), k: -5 format (1(5x,1p,10(1x,e11.4)))

       0.0000E+00  0.0000E+00  0.0000E+00  0.0000E+00  0.0000E+00  0.0000E+00  0.0000E+00  0.0000E+00  0.0000E+00  0.0000E+00
       0.0000E+00  0.0000E+00  0.0000E+00  0.0000E+00  0.0000E+00  6.7200E-06  0.0000E+00  4.6000E-07  0.0000E+00  0.0000E+00
       0.0000E+00  0.0000E+00  0.0000E+00  0.0000E+00  4.8120E-05  1.1252E-04  9.7600E-06  2.6500E-05  0.0000E+00  0.0000E+00
       8.6703E-03  1.3889E-03  0.0000E+00  6.7054E-04  0.0000E+00  2.0333E-03  2.8980E-05  4.9646E-04  0.0000E+00  2.0000E-08
       2.2676E-03  1.0898E-02  9.0190E-04  0.0000E+00  7.4324E-04  2.1359E-03  2.3910E-04  2.5108E-04  0.0000E+00  2.2000E-07
       7.6716E-04  0.0000E+00  5.3890E-04  1.4752E-04  1.4284E-03  1.2476E-04  3.5240E-04  3.6000E-07  2.0000E-08  0.0000E+00
       0.0000E+00  3.3200E-05  4.3680E-05  1.0492E-04  1.5080E-05  3.6320E-05  5.6000E-07  5.2000E-07  0.0000E+00  0.0000E+00
       0.0000E+00  0.0000E+00  3.6600E-06  5.6000E-07  1.0800E-06  8.0000E-08  3.6000E-07  0.0000E+00  0.0000E+00  0.0000E+00
       0.0000E+00  1.4000E-07  0.0000E+00  2.0000E-08  0.0000E+00  2.0000E-08  0.0000E+00  0.0000E+00  0.0000E+00  0.0000E+00
       0.0000E+00  0.0000E+00  0.0000E+00  0.0000E+00  0.0000E+00  0.0000E+00  0.0000E+00  0.0000E+00  0.0000E+00  0.0000E+00
       0.0000E+00  0.0000E+00  0.0000E+00  0.0000E+00  0.0000E+00  0.0000E+00  0.0000E+00  0.0000E+00  0.0000E+00  0.0000E+00
       0.0000E+00  0.0000E+00  0.0000E+00  0.0000E+00  0.0000E+00  0.0000E+00  0.0000E+00  0.0000E+00  0.0000E+00  0.0000E+00
       0.0000E+00  0.0000E+00  0.0000E+00  0.0000E+00  0.0000E+00  0.0000E+00  0.0000E+00  0.0000E+00  0.0000E+00  0.0000E+00
       0.0000E+00  0.0000E+00  0.0000E+00  0.0000E+00  0.0000E+00  0.0000E+00  0.0000E+00  0.0000E+00  0.0000E+00  0.0000E+00
       0.0000E+00  0.0000E+00  0.0000E+00  0.0000E+00  0.0000E+00  0.0000E+00  0.0000E+00  0.0000E+00  0.0000E+00  0.0000E+00
       0.0000E+00  0.0000E+00  0.0000E+00  0.0000E+00  0.0000E+00  0.0000E+00  0.0000E+00  0.0000E+00  0.0000E+00  0.0000E+00
