
 *****  Protons in Lexan (0.25GeV, 0cm)                                                   *****

           DATE: 12/20/18,  TIME: 16:50:44

          Total number of particles followed       50000000, for a total weight of  5.0000E+07

1

   Bdrx n.   2  "ofluence  " , generalized particle n.    1, from region n.     5 to region n.     4
      detector area:  1.0000E+02 cm**2
      this is a one way only estimator
      this is a fluence like estimator
      linear energy binning from   1.7000E-01 to  3.0000E-01 GeV,   650 bins ( 2.0000E-04 GeV wide)
      linear angular binning from  0.0000E+00 to  6.2832E+00 sr ,     1 bins ( 6.2832E+00 sr wide )
      Data follow in a matrix A(ie,ia), format (1(5x,1p,10(1x,e11.4)))

       1.3042E-04  1.3026E-04  1.2283E-04  1.3279E-04  1.1838E-04  1.2975E-04  1.2208E-04  1.2491E-04  1.2602E-04  1.2602E-04
       1.3091E-04  1.1769E-04  1.2115E-04  1.3201E-04  1.2414E-04  1.2749E-04  1.2865E-04  1.2429E-04  1.2908E-04  1.2490E-04
       1.3078E-04  1.2401E-04  1.1951E-04  1.2427E-04  1.2444E-04  1.2834E-04  1.2374E-04  1.2639E-04  1.2309E-04  1.2967E-04
       1.1619E-04  1.2371E-04  1.1741E-04  1.2076E-04  1.2542E-04  1.2592E-04  1.2592E-04  1.2412E-04  1.2857E-04  1.1781E-04
       1.1896E-04  1.1979E-04  1.1804E-04  1.2060E-04  1.2219E-04  1.2631E-04  1.2381E-04  1.2506E-04  1.1374E-04  1.1236E-04
       1.2068E-04  1.3224E-04  1.2815E-04  1.2380E-04  1.1559E-04  1.1072E-04  1.1956E-04  1.2410E-04  1.1277E-04  1.2017E-04
       1.1630E-04  1.1841E-04  1.1865E-04  1.1650E-04  1.1232E-04  1.1802E-04  1.2381E-04  1.1925E-04  1.2073E-04  1.2094E-04
       1.2167E-04  1.1769E-04  1.2232E-04  1.1429E-04  1.0694E-04  1.1784E-04  1.2185E-04  1.2051E-04  1.1972E-04  1.1252E-04
       1.3037E-04  1.2576E-04  1.1850E-04  1.2906E-04  1.1454E-04  1.2477E-04  1.2138E-04  1.2554E-04  1.2419E-04  1.1578E-04
       1.1550E-04  1.2115E-04  1.1744E-04  1.2137E-04  1.2297E-04  1.1341E-04  1.2004E-04  1.1007E-04  1.1446E-04  1.1946E-04
       1.1789E-04  1.2001E-04  1.2186E-04  1.0695E-04  1.1776E-04  1.2106E-04  1.1907E-04  1.1451E-04  1.2311E-04  1.2781E-04
       1.1741E-04  1.1549E-04  1.1904E-04  1.1537E-04  1.1990E-04  1.1043E-04  1.1879E-04  1.1077E-04  1.1427E-04  1.2611E-04
       1.1235E-04  1.2422E-04  1.2591E-04  1.1337E-04  1.2204E-04  1.2181E-04  1.1463E-04  1.1698E-04  1.2183E-04  1.2129E-04
       1.1660E-04  1.1693E-04  1.2123E-04  1.1320E-04  1.1667E-04  1.1122E-04  1.1846E-04  1.1621E-04  1.1084E-04  1.1704E-04
       1.1614E-04  1.0934E-04  1.1391E-04  1.1538E-04  1.1284E-04  1.2035E-04  1.1562E-04  1.1557E-04  1.0864E-04  1.1375E-04
       1.1355E-04  1.1575E-04  1.1653E-04  1.1746E-04  1.1298E-04  1.1927E-04  1.2537E-04  1.1462E-04  1.0599E-04  1.1342E-04
       1.1405E-04  1.1114E-04  1.0703E-04  1.1904E-04  1.1313E-04  1.1844E-04  1.1458E-04  1.1957E-04  1.1279E-04  1.1242E-04
       1.2007E-04  1.1311E-04  1.1889E-04  1.2285E-04  1.1516E-04  1.1100E-04  1.2152E-04  1.1578E-04  1.1279E-04  1.1541E-04
       1.1649E-04  1.1502E-04  1.1549E-04  1.0303E-04  1.0898E-04  1.0614E-04  1.0839E-04  1.0983E-04  1.1282E-04  1.0529E-04
       1.1801E-04  1.1536E-04  1.0843E-04  1.1698E-04  1.1303E-04  1.1616E-04  1.1222E-04  1.1471E-04  1.1258E-04  1.1263E-04
       1.0299E-04  1.1408E-04  1.0443E-04  1.0806E-04  1.0979E-04  1.1307E-04  1.1127E-04  1.1121E-04  1.0997E-04  1.1141E-04
       1.1040E-04  1.0854E-04  1.0221E-04  1.0680E-04  1.1378E-04  1.0463E-04  1.0550E-04  1.0307E-04  9.8074E-05  1.0415E-04
       9.8164E-05  1.0347E-04  9.7314E-05  1.0375E-04  9.4976E-05  1.1099E-04  9.9887E-05  9.0556E-05  9.6529E-05  9.8989E-05
       1.0032E-04  9.4565E-05  9.9058E-05  9.2935E-05  9.7367E-05  9.3396E-05  9.8270E-05  9.4901E-05  9.6356E-05  9.1809E-05
       9.4115E-05  9.4158E-05  9.7253E-05  9.2929E-05  9.0123E-05  9.1018E-05  8.9360E-05  8.9474E-05  9.7415E-05  9.2909E-05
       9.2435E-05  9.0097E-05  9.0415E-05  8.6903E-05  8.3770E-05  8.0050E-05  8.4917E-05  9.0002E-05  8.7165E-05  8.8139E-05
       8.6624E-05  8.9093E-05  8.0492E-05  8.5092E-05  8.9122E-05  8.2250E-05  8.4255E-05  8.9719E-05  8.3105E-05  8.1401E-05
       8.2757E-05  8.1731E-05  8.4576E-05  8.1956E-05  8.3068E-05  8.3050E-05  8.5294E-05  8.2140E-05  7.9744E-05  7.8688E-05
       8.2032E-05  7.7546E-05  7.4156E-05  7.1511E-05  7.5610E-05  7.8177E-05  7.1029E-05  7.4529E-05  6.9975E-05  6.6954E-05
       6.9807E-05  7.1117E-05  6.9528E-05  7.6238E-05  6.2492E-05  6.3595E-05  5.9008E-05  6.9531E-05  7.5149E-05  6.6897E-05
       7.0702E-05  6.1782E-05  6.2452E-05  6.7688E-05  6.5078E-05  5.8846E-05  6.1838E-05  5.6074E-05  5.6346E-05  5.2633E-05
       5.8134E-05  5.8222E-05  5.3627E-05  5.0531E-05  5.4206E-05  5.0867E-05  4.9367E-05  4.2110E-05  4.7800E-05  5.1059E-05
       4.5740E-05  4.0401E-05  4.0123E-05  4.2434E-05  3.8428E-05  3.3257E-05  3.3813E-05  3.0946E-05  3.3496E-05  2.9114E-05
       2.7645E-05  2.7295E-05  3.5062E-05  2.8012E-05  3.1223E-05  3.3491E-05  3.4815E-05  3.6915E-05  3.5518E-05  3.4863E-05
       3.2775E-05  3.6572E-05  3.7697E-05  4.2256E-05  4.5284E-05  4.4831E-05  4.5205E-05  4.8878E-05  5.6015E-05  5.8833E-05
       6.1340E-05  6.3753E-05  7.4262E-05  9.9937E-05  1.4140E-04  2.2902E-04  3.9740E-04  7.0753E-04  1.3131E-03  2.3443E-03
       4.1509E-03  7.1435E-03  1.2030E-02  1.9551E-02  3.0708E-02  4.7236E-02  7.0138E-02  1.0055E-01  1.3955E-01  1.8791E-01
       2.4396E-01  3.0654E-01  3.7302E-01  4.3739E-01  4.9634E-01  5.4265E-01  5.7502E-01  5.8728E-01  5.7980E-01  5.5183E-01
       5.0650E-01  4.4921E-01  3.8369E-01  3.1671E-01  2.5154E-01  1.9317E-01  1.4290E-01  1.0202E-01  7.0267E-02  4.6518E-02
       2.9679E-02  1.8442E-02  1.0938E-02  6.2607E-03  3.4451E-03  1.8081E-03  9.1883E-04  4.5313E-04  2.2553E-04  9.9794E-05
       4.6156E-05  1.7031E-05  8.1171E-06  4.6156E-06  6.3664E-07  4.7749E-07  7.9582E-07  1.5916E-07  0.0000E+00  0.0000E+00
       0.0000E+00  0.0000E+00  0.0000E+00  0.0000E+00  0.0000E+00  0.0000E+00  0.0000E+00  0.0000E+00  0.0000E+00  0.0000E+00
       0.0000E+00  0.0000E+00  0.0000E+00  0.0000E+00  0.0000E+00  0.0000E+00  0.0000E+00  0.0000E+00  0.0000E+00  0.0000E+00
       0.0000E+00  0.0000E+00  0.0000E+00  0.0000E+00  0.0000E+00  0.0000E+00  0.0000E+00  0.0000E+00  0.0000E+00  0.0000E+00
       0.0000E+00  0.0000E+00  0.0000E+00  0.0000E+00  0.0000E+00  0.0000E+00  0.0000E+00  0.0000E+00  0.0000E+00  0.0000E+00
       0.0000E+00  0.0000E+00  0.0000E+00  0.0000E+00  0.0000E+00  0.0000E+00  0.0000E+00  0.0000E+00  0.0000E+00  0.0000E+00
       0.0000E+00  0.0000E+00  0.0000E+00  0.0000E+00  0.0000E+00  0.0000E+00  0.0000E+00  0.0000E+00  0.0000E+00  0.0000E+00
       0.0000E+00  0.0000E+00  0.0000E+00  0.0000E+00  0.0000E+00  0.0000E+00  0.0000E+00  0.0000E+00  0.0000E+00  0.0000E+00
       0.0000E+00  0.0000E+00  0.0000E+00  0.0000E+00  0.0000E+00  0.0000E+00  0.0000E+00  0.0000E+00  0.0000E+00  0.0000E+00
       0.0000E+00  0.0000E+00  0.0000E+00  0.0000E+00  0.0000E+00  0.0000E+00  0.0000E+00  0.0000E+00  0.0000E+00  0.0000E+00
       0.0000E+00  0.0000E+00  0.0000E+00  0.0000E+00  0.0000E+00  0.0000E+00  0.0000E+00  0.0000E+00  0.0000E+00  0.0000E+00
       0.0000E+00  0.0000E+00  0.0000E+00  0.0000E+00  0.0000E+00  0.0000E+00  0.0000E+00  0.0000E+00  0.0000E+00  0.0000E+00
       0.0000E+00  0.0000E+00  0.0000E+00  0.0000E+00  0.0000E+00  0.0000E+00  0.0000E+00  0.0000E+00  0.0000E+00  0.0000E+00
       0.0000E+00  0.0000E+00  0.0000E+00  0.0000E+00  0.0000E+00  0.0000E+00  0.0000E+00  0.0000E+00  0.0000E+00  0.0000E+00
       0.0000E+00  0.0000E+00  0.0000E+00  0.0000E+00  0.0000E+00  0.0000E+00  0.0000E+00  0.0000E+00  0.0000E+00  0.0000E+00
       0.0000E+00  0.0000E+00  0.0000E+00  0.0000E+00  0.0000E+00  0.0000E+00  0.0000E+00  0.0000E+00  0.0000E+00  0.0000E+00
       0.0000E+00  0.0000E+00  0.0000E+00  0.0000E+00  0.0000E+00  0.0000E+00  0.0000E+00  0.0000E+00  0.0000E+00  0.0000E+00
       0.0000E+00  0.0000E+00  0.0000E+00  0.0000E+00  0.0000E+00  0.0000E+00  0.0000E+00  0.0000E+00  0.0000E+00  0.0000E+00
       0.0000E+00  0.0000E+00  0.0000E+00  0.0000E+00  0.0000E+00  0.0000E+00  0.0000E+00  0.0000E+00  0.0000E+00  0.0000E+00
       0.0000E+00  0.0000E+00  0.0000E+00  0.0000E+00  0.0000E+00  0.0000E+00  0.0000E+00  0.0000E+00  0.0000E+00  0.0000E+00
       0.0000E+00  0.0000E+00  0.0000E+00  0.0000E+00  0.0000E+00  0.0000E+00  0.0000E+00  0.0000E+00  0.0000E+00  0.0000E+00
       0.0000E+00  0.0000E+00  0.0000E+00  0.0000E+00  0.0000E+00  0.0000E+00  0.0000E+00  0.0000E+00  0.0000E+00  0.0000E+00
       0.0000E+00  0.0000E+00  0.0000E+00  0.0000E+00  0.0000E+00  0.0000E+00  0.0000E+00  0.0000E+00  0.0000E+00  0.0000E+00
       0.0000E+00  0.0000E+00  0.0000E+00  0.0000E+00  0.0000E+00  0.0000E+00  0.0000E+00  0.0000E+00  0.0000E+00  0.0000E+00
       0.0000E+00  0.0000E+00  0.0000E+00  0.0000E+00  0.0000E+00  0.0000E+00  0.0000E+00  0.0000E+00  0.0000E+00  0.0000E+00
1

   Bdrx n.   6  "ofluence  " , generalized particle n.    1, from region n.     5 to region n.     4
      detector area:  1.0000E+02 cm**2
      this is a one way only estimator
      this is a fluence like estimator
      linear energy binning from   0.0000E+00 to  3.0000E+02 GeV,     1 bins ( 3.0000E+02 GeV wide)
      linear angular binning from  0.0000E+00 to  6.2832E+00 sr ,     1 bins ( 6.2832E+00 sr wide )
      Data follow in a matrix A(ie,ia), format (1(5x,1p,10(1x,e11.4)))

       5.3506E-06
