
 *****  Protons in Lexan (0.25GeV, 0cm)                                                   *****

           DATE: 12/20/18,  TIME: 16:50:44

          Total number of particles followed       50000000, for a total weight of  5.0000E+07

1

   Bdrx n.   4  "ocurrent  " , generalized particle n.    1, from region n.     5 to region n.     4
      detector area:  1.0000E+02 cm**2
      this is a one way only estimator
      this is a current like estimator
      linear energy binning from   1.7000E-01 to  3.0000E-01 GeV,   650 bins ( 2.0000E-04 GeV wide)
      linear angular binning from  0.0000E+00 to  6.2832E+00 sr ,     1 bins ( 6.2832E+00 sr wide )
      Data follow in a matrix A(ie,ia), format (1(5x,1p,10(1x,e11.4)))

       1.0918E-04  1.0759E-04  1.0027E-04  1.0950E-04  9.7244E-05  1.0759E-04  1.0186E-04  1.0377E-04  1.0441E-04  1.0377E-04
       1.0870E-04  9.8835E-05  1.0059E-04  1.0918E-04  1.0250E-04  1.0488E-04  1.0823E-04  1.0329E-04  1.0791E-04  1.0329E-04
       1.0934E-04  1.0218E-04  1.0011E-04  1.0361E-04  1.0345E-04  1.0854E-04  1.0345E-04  1.0647E-04  1.0377E-04  1.0966E-04
       9.6766E-05  1.0377E-04  9.7085E-05  1.0186E-04  1.0504E-04  1.0663E-04  1.0520E-04  1.0441E-04  1.0663E-04  9.8517E-05
       1.0122E-04  1.0122E-04  9.8835E-05  1.0106E-04  1.0345E-04  1.0600E-04  1.0456E-04  1.0568E-04  9.5334E-05  9.4379E-05
       1.0313E-04  1.1141E-04  1.0775E-04  1.0472E-04  9.9790E-05  9.3583E-05  1.0170E-04  1.0536E-04  9.4856E-05  1.0202E-04
       9.8994E-05  9.8676E-05  1.0011E-04  1.0043E-04  9.5811E-05  1.0075E-04  1.0456E-04  1.0265E-04  1.0313E-04  1.0313E-04
       1.0520E-04  1.0122E-04  1.0425E-04  9.7244E-05  9.2310E-05  1.0075E-04  1.0472E-04  1.0329E-04  1.0329E-04  9.6289E-05
       1.1220E-04  1.0775E-04  1.0234E-04  1.1029E-04  9.8199E-05  1.0695E-04  1.0520E-04  1.0791E-04  1.0663E-04  9.9949E-05
       1.0043E-04  1.0536E-04  1.0138E-04  1.0488E-04  1.0647E-04  9.9154E-05  1.0441E-04  9.5811E-05  9.9154E-05  1.0456E-04
       1.0154E-04  1.0425E-04  1.0616E-04  9.3265E-05  1.0281E-04  1.0568E-04  1.0361E-04  9.9631E-05  1.0743E-04  1.1189E-04
       1.0218E-04  1.0154E-04  1.0345E-04  1.0027E-04  1.0504E-04  9.6607E-05  1.0393E-04  9.7085E-05  1.0011E-04  1.1093E-04
       9.9154E-05  1.0950E-04  1.1109E-04  9.9313E-05  1.0695E-04  1.0711E-04  1.0075E-04  1.0345E-04  1.0711E-04  1.0584E-04
       1.0106E-04  1.0281E-04  1.0632E-04  9.9631E-05  1.0265E-04  9.7880E-05  1.0504E-04  1.0202E-04  9.8358E-05  1.0345E-04
       1.0297E-04  9.6607E-05  1.0106E-04  1.0154E-04  9.9313E-05  1.0584E-04  1.0218E-04  1.0170E-04  9.5970E-05  1.0090E-04
       1.0011E-04  1.0297E-04  1.0313E-04  1.0456E-04  9.9949E-05  1.0600E-04  1.1205E-04  1.0170E-04  9.4220E-05  1.0170E-04
       1.0154E-04  9.9631E-05  9.5493E-05  1.0600E-04  1.0138E-04  1.0647E-04  1.0250E-04  1.0711E-04  1.0075E-04  9.9949E-05
       1.0727E-04  1.0186E-04  1.0679E-04  1.0950E-04  1.0313E-04  9.9313E-05  1.0934E-04  1.0329E-04  1.0138E-04  1.0345E-04
       1.0488E-04  1.0345E-04  1.0425E-04  9.2628E-05  9.8676E-05  9.5334E-05  9.8358E-05  9.9631E-05  1.0170E-04  9.5334E-05
       1.0711E-04  1.0361E-04  9.7721E-05  1.0536E-04  1.0265E-04  1.0536E-04  1.0154E-04  1.0441E-04  1.0297E-04  1.0234E-04
       9.3742E-05  1.0409E-04  9.4856E-05  9.8676E-05  9.9790E-05  1.0265E-04  1.0154E-04  1.0186E-04  1.0075E-04  1.0106E-04
       1.0075E-04  9.9154E-05  9.3106E-05  9.7880E-05  1.0425E-04  9.6130E-05  9.6289E-05  9.4061E-05  8.9763E-05  9.5493E-05
       8.9923E-05  9.4697E-05  8.9923E-05  9.5334E-05  8.7058E-05  1.0202E-04  9.1992E-05  8.2920E-05  8.8649E-05  9.1196E-05
       9.2628E-05  8.7217E-05  9.1037E-05  8.4830E-05  8.9763E-05  8.5944E-05  9.0877E-05  8.7376E-05  8.9763E-05  8.4830E-05
       8.6739E-05  8.7058E-05  8.9923E-05  8.5625E-05  8.3397E-05  8.4352E-05  8.2601E-05  8.2442E-05  9.0400E-05  8.6103E-05
       8.5625E-05  8.1806E-05  8.4034E-05  8.0692E-05  7.7827E-05  7.4166E-05  7.8782E-05  8.3875E-05  8.1328E-05  8.2124E-05
       8.0532E-05  8.3397E-05  7.4962E-05  7.9259E-05  8.2601E-05  7.7031E-05  7.8463E-05  8.4193E-05  7.7508E-05  7.6554E-05
       7.7668E-05  7.6554E-05  7.9259E-05  7.6872E-05  7.8145E-05  7.7827E-05  8.0214E-05  7.7349E-05  7.5121E-05  7.4007E-05
       7.7349E-05  7.3052E-05  7.0187E-05  6.7959E-05  7.1301E-05  7.3848E-05  6.7163E-05  7.0506E-05  6.6208E-05  6.3662E-05
       6.6208E-05  6.7800E-05  6.6208E-05  7.2734E-05  5.9365E-05  6.0479E-05  5.5704E-05  6.6368E-05  7.0187E-05  6.3821E-05
       6.7641E-05  5.8887E-05  5.9524E-05  6.4617E-05  6.2070E-05  5.6341E-05  5.9206E-05  5.3317E-05  5.4113E-05  5.0452E-05
       5.5545E-05  5.3794E-05  5.1407E-05  4.8224E-05  5.1725E-05  4.8701E-05  4.7110E-05  3.9630E-05  4.5677E-05  4.8701E-05
       4.3768E-05  3.8038E-05  3.8356E-05  3.8197E-05  3.6446E-05  3.1354E-05  3.1831E-05  2.9285E-05  3.1354E-05  2.7375E-05
       2.5783E-05  2.5783E-05  3.2786E-05  2.6101E-05  2.8648E-05  3.1513E-05  3.2786E-05  3.5173E-05  3.3582E-05  3.2945E-05
       3.0876E-05  3.3582E-05  3.5651E-05  4.0107E-05  4.3449E-05  4.2017E-05  4.2017E-05  4.6792E-05  5.3158E-05  5.6182E-05
       5.8251E-05  6.0956E-05  7.2256E-05  9.6607E-05  1.3862E-04  2.2632E-04  3.9439E-04  7.0394E-04  1.3090E-03  2.3401E-03
       4.1466E-03  7.1378E-03  1.2024E-02  1.9542E-02  3.0699E-02  4.7224E-02  7.0123E-02  1.0053E-01  1.3953E-01  1.8788E-01
       2.4393E-01  3.0651E-01  3.7299E-01  4.3735E-01  4.9630E-01  5.4262E-01  5.7498E-01  5.8725E-01  5.7976E-01  5.5180E-01
       5.0647E-01  4.4919E-01  3.8367E-01  3.1669E-01  2.5153E-01  1.9316E-01  1.4289E-01  1.0201E-01  7.0264E-02  4.6516E-02
       2.9678E-02  1.8441E-02  1.0938E-02  6.2605E-03  3.4449E-03  1.8080E-03  9.1880E-04  4.5311E-04  2.2552E-04  9.9790E-05
       4.6155E-05  1.7030E-05  8.1169E-06  4.6155E-06  6.3662E-07  4.7746E-07  7.9577E-07  1.5915E-07  0.0000E+00  0.0000E+00
       0.0000E+00  0.0000E+00  0.0000E+00  0.0000E+00  0.0000E+00  0.0000E+00  0.0000E+00  0.0000E+00  0.0000E+00  0.0000E+00
       0.0000E+00  0.0000E+00  0.0000E+00  0.0000E+00  0.0000E+00  0.0000E+00  0.0000E+00  0.0000E+00  0.0000E+00  0.0000E+00
       0.0000E+00  0.0000E+00  0.0000E+00  0.0000E+00  0.0000E+00  0.0000E+00  0.0000E+00  0.0000E+00  0.0000E+00  0.0000E+00
       0.0000E+00  0.0000E+00  0.0000E+00  0.0000E+00  0.0000E+00  0.0000E+00  0.0000E+00  0.0000E+00  0.0000E+00  0.0000E+00
       0.0000E+00  0.0000E+00  0.0000E+00  0.0000E+00  0.0000E+00  0.0000E+00  0.0000E+00  0.0000E+00  0.0000E+00  0.0000E+00
       0.0000E+00  0.0000E+00  0.0000E+00  0.0000E+00  0.0000E+00  0.0000E+00  0.0000E+00  0.0000E+00  0.0000E+00  0.0000E+00
       0.0000E+00  0.0000E+00  0.0000E+00  0.0000E+00  0.0000E+00  0.0000E+00  0.0000E+00  0.0000E+00  0.0000E+00  0.0000E+00
       0.0000E+00  0.0000E+00  0.0000E+00  0.0000E+00  0.0000E+00  0.0000E+00  0.0000E+00  0.0000E+00  0.0000E+00  0.0000E+00
       0.0000E+00  0.0000E+00  0.0000E+00  0.0000E+00  0.0000E+00  0.0000E+00  0.0000E+00  0.0000E+00  0.0000E+00  0.0000E+00
       0.0000E+00  0.0000E+00  0.0000E+00  0.0000E+00  0.0000E+00  0.0000E+00  0.0000E+00  0.0000E+00  0.0000E+00  0.0000E+00
       0.0000E+00  0.0000E+00  0.0000E+00  0.0000E+00  0.0000E+00  0.0000E+00  0.0000E+00  0.0000E+00  0.0000E+00  0.0000E+00
       0.0000E+00  0.0000E+00  0.0000E+00  0.0000E+00  0.0000E+00  0.0000E+00  0.0000E+00  0.0000E+00  0.0000E+00  0.0000E+00
       0.0000E+00  0.0000E+00  0.0000E+00  0.0000E+00  0.0000E+00  0.0000E+00  0.0000E+00  0.0000E+00  0.0000E+00  0.0000E+00
       0.0000E+00  0.0000E+00  0.0000E+00  0.0000E+00  0.0000E+00  0.0000E+00  0.0000E+00  0.0000E+00  0.0000E+00  0.0000E+00
       0.0000E+00  0.0000E+00  0.0000E+00  0.0000E+00  0.0000E+00  0.0000E+00  0.0000E+00  0.0000E+00  0.0000E+00  0.0000E+00
       0.0000E+00  0.0000E+00  0.0000E+00  0.0000E+00  0.0000E+00  0.0000E+00  0.0000E+00  0.0000E+00  0.0000E+00  0.0000E+00
       0.0000E+00  0.0000E+00  0.0000E+00  0.0000E+00  0.0000E+00  0.0000E+00  0.0000E+00  0.0000E+00  0.0000E+00  0.0000E+00
       0.0000E+00  0.0000E+00  0.0000E+00  0.0000E+00  0.0000E+00  0.0000E+00  0.0000E+00  0.0000E+00  0.0000E+00  0.0000E+00
       0.0000E+00  0.0000E+00  0.0000E+00  0.0000E+00  0.0000E+00  0.0000E+00  0.0000E+00  0.0000E+00  0.0000E+00  0.0000E+00
       0.0000E+00  0.0000E+00  0.0000E+00  0.0000E+00  0.0000E+00  0.0000E+00  0.0000E+00  0.0000E+00  0.0000E+00  0.0000E+00
       0.0000E+00  0.0000E+00  0.0000E+00  0.0000E+00  0.0000E+00  0.0000E+00  0.0000E+00  0.0000E+00  0.0000E+00  0.0000E+00
       0.0000E+00  0.0000E+00  0.0000E+00  0.0000E+00  0.0000E+00  0.0000E+00  0.0000E+00  0.0000E+00  0.0000E+00  0.0000E+00
       0.0000E+00  0.0000E+00  0.0000E+00  0.0000E+00  0.0000E+00  0.0000E+00  0.0000E+00  0.0000E+00  0.0000E+00  0.0000E+00
       0.0000E+00  0.0000E+00  0.0000E+00  0.0000E+00  0.0000E+00  0.0000E+00  0.0000E+00  0.0000E+00  0.0000E+00  0.0000E+00
