
 *****  Protons in Lexan (0.19GeV, 2cm)                                                   *****

           DATE: 12/19/18,  TIME: 18:59:54

          Total number of particles followed       16666666, for a total weight of  1.6667E+07

1

   Bdrx n.   2  "ofluence  " , generalized particle n.    1, from region n.     5 to region n.     4
      detector area:  1.0000E+02 cm**2
      this is a one way only estimator
      this is a fluence like estimator
      linear energy binning from   1.1000E-01 to  2.4000E-01 GeV,   650 bins ( 2.0000E-04 GeV wide)
      linear angular binning from  0.0000E+00 to  6.2832E+00 sr ,     1 bins ( 6.2832E+00 sr wide )
      Data follow in a matrix A(ie,ia), format (1(5x,1p,10(1x,e11.4)))

       4.4656E-04  4.4096E-04  4.7012E-04  4.2061E-04  4.3293E-04  4.5645E-04  4.1721E-04  4.4281E-04  4.5721E-04  4.4245E-04
       4.2809E-04  4.5750E-04  4.3589E-04  4.4215E-04  4.4193E-04  4.3889E-04  4.6077E-04  4.1878E-04  4.2261E-04  4.0708E-04
       4.3539E-04  4.3429E-04  4.1946E-04  4.2134E-04  4.4536E-04  4.3757E-04  4.2480E-04  4.3819E-04  4.3521E-04  4.4764E-04
       4.4931E-04  4.5516E-04  4.2843E-04  4.2021E-04  4.5229E-04  4.1371E-04  4.4816E-04  4.5195E-04  4.3559E-04  4.2859E-04
       4.4035E-04  4.5324E-04  4.1054E-04  4.2248E-04  4.5436E-04  4.1430E-04  4.4837E-04  4.3878E-04  4.1149E-04  3.9904E-04
       4.3487E-04  4.1603E-04  4.1702E-04  4.1529E-04  4.2641E-04  4.6129E-04  4.2829E-04  4.2746E-04  4.3481E-04  4.2742E-04
       4.2592E-04  4.2684E-04  4.4369E-04  4.5443E-04  4.3877E-04  4.4093E-04  4.3721E-04  4.1275E-04  4.4064E-04  4.3566E-04
       4.2688E-04  4.2722E-04  4.4437E-04  4.4214E-04  4.1764E-04  4.6145E-04  4.2826E-04  4.5121E-04  4.2357E-04  4.2382E-04
       4.6062E-04  4.1577E-04  4.4442E-04  4.4577E-04  4.2801E-04  4.2819E-04  4.2656E-04  4.2688E-04  4.2830E-04  4.2523E-04
       4.0266E-04  4.4459E-04  4.2890E-04  4.7081E-04  4.4907E-04  4.0561E-04  4.1357E-04  4.2359E-04  4.1770E-04  4.0672E-04
       4.0109E-04  4.1106E-04  4.1323E-04  4.3252E-04  4.0375E-04  4.2779E-04  4.2115E-04  4.0325E-04  3.9341E-04  4.2914E-04
       4.1325E-04  4.2846E-04  4.0907E-04  4.0661E-04  4.3871E-04  4.0448E-04  4.1101E-04  4.2462E-04  4.3000E-04  3.8938E-04
       4.2297E-04  4.0150E-04  4.2427E-04  4.0878E-04  3.6800E-04  4.3185E-04  3.9420E-04  4.0733E-04  3.9063E-04  4.1367E-04
       3.9911E-04  4.1166E-04  4.1427E-04  4.0177E-04  3.8379E-04  3.9259E-04  4.0833E-04  4.0881E-04  3.8240E-04  3.9609E-04
       3.9157E-04  4.1042E-04  3.9165E-04  3.8991E-04  3.9708E-04  3.6538E-04  3.6450E-04  3.8418E-04  3.7224E-04  3.7609E-04
       3.9547E-04  4.1626E-04  3.5734E-04  3.7330E-04  3.7448E-04  3.6225E-04  3.9426E-04  3.8280E-04  3.5579E-04  3.6098E-04
       3.7069E-04  4.0041E-04  3.6932E-04  3.7044E-04  3.7828E-04  3.5294E-04  3.6759E-04  3.4533E-04  3.5526E-04  3.6370E-04
       3.3644E-04  3.5142E-04  3.3850E-04  3.5681E-04  3.7184E-04  3.3605E-04  3.4644E-04  3.6401E-04  3.4584E-04  3.6733E-04
       3.4857E-04  3.3768E-04  3.4246E-04  3.7031E-04  3.2985E-04  3.3409E-04  3.6177E-04  3.1611E-04  3.3666E-04  3.6140E-04
       3.2317E-04  3.2166E-04  3.1803E-04  3.3647E-04  3.2847E-04  3.2330E-04  3.1409E-04  2.9466E-04  3.0582E-04  2.9981E-04
       3.2587E-04  3.2455E-04  3.3088E-04  3.0555E-04  3.1640E-04  3.1295E-04  3.0588E-04  3.1966E-04  3.2162E-04  3.1157E-04
       2.8973E-04  2.6694E-04  2.9692E-04  3.2135E-04  2.9849E-04  2.9207E-04  2.6761E-04  2.8361E-04  2.8500E-04  2.9643E-04
       2.7305E-04  2.7095E-04  2.8315E-04  2.7322E-04  2.7138E-04  2.6027E-04  2.7598E-04  2.7141E-04  2.6667E-04  2.6400E-04
       2.6867E-04  2.4721E-04  2.5908E-04  2.6004E-04  2.6473E-04  2.6217E-04  2.4377E-04  2.4676E-04  2.5406E-04  2.2170E-04
       2.2694E-04  2.3423E-04  2.3790E-04  2.0238E-04  2.2913E-04  2.1001E-04  2.1998E-04  2.0699E-04  2.2195E-04  2.1412E-04
       2.1777E-04  2.2772E-04  2.1095E-04  1.9123E-04  1.9218E-04  1.7769E-04  1.9710E-04  1.8005E-04  1.4473E-04  1.6803E-04
       1.6205E-04  1.5569E-04  1.6216E-04  1.3635E-04  1.3005E-04  1.3454E-04  1.4260E-04  1.2585E-04  1.2368E-04  1.1393E-04
       1.0836E-04  1.2151E-04  1.1918E-04  1.0830E-04  1.4136E-04  1.1781E-04  1.3936E-04  1.2537E-04  1.3212E-04  1.4105E-04
       1.3928E-04  1.5266E-04  1.6529E-04  1.5462E-04  1.8322E-04  1.6272E-04  1.9593E-04  1.9594E-04  2.1800E-04  2.4173E-04
       2.1927E-04  2.4685E-04  2.4981E-04  2.8746E-04  3.1780E-04  3.5702E-04  4.5676E-04  6.3955E-04  1.0212E-03  1.6773E-03
       2.6976E-03  4.6167E-03  7.6832E-03  1.2655E-02  2.0289E-02  3.2266E-02  4.8841E-02  7.2758E-02  1.0459E-01  1.4613E-01
       1.9702E-01  2.5698E-01  3.2352E-01  3.9311E-01  4.6112E-01  5.2193E-01  5.6819E-01  5.9461E-01  6.0079E-01  5.8282E-01
       5.4231E-01  4.8564E-01  4.1776E-01  3.4361E-01  2.7171E-01  2.0600E-01  1.4904E-01  1.0386E-01  6.8802E-02  4.3623E-02
       2.6556E-02  1.5223E-02  8.4980E-03  4.4054E-03  2.2809E-03  1.0802E-03  5.1289E-04  2.1966E-04  9.6940E-05  2.6264E-05
       1.0028E-05  4.2975E-06  9.5529E-07  0.0000E+00  4.7783E-07  0.0000E+00  0.0000E+00  0.0000E+00  0.0000E+00  0.0000E+00
       0.0000E+00  0.0000E+00  0.0000E+00  0.0000E+00  0.0000E+00  0.0000E+00  0.0000E+00  0.0000E+00  0.0000E+00  0.0000E+00
       0.0000E+00  0.0000E+00  0.0000E+00  0.0000E+00  0.0000E+00  0.0000E+00  0.0000E+00  0.0000E+00  0.0000E+00  0.0000E+00
       0.0000E+00  0.0000E+00  0.0000E+00  0.0000E+00  0.0000E+00  0.0000E+00  0.0000E+00  0.0000E+00  0.0000E+00  0.0000E+00
       0.0000E+00  0.0000E+00  0.0000E+00  0.0000E+00  0.0000E+00  0.0000E+00  0.0000E+00  0.0000E+00  0.0000E+00  0.0000E+00
       0.0000E+00  0.0000E+00  0.0000E+00  0.0000E+00  0.0000E+00  0.0000E+00  0.0000E+00  0.0000E+00  0.0000E+00  0.0000E+00
       0.0000E+00  0.0000E+00  0.0000E+00  0.0000E+00  0.0000E+00  0.0000E+00  0.0000E+00  0.0000E+00  0.0000E+00  0.0000E+00
       0.0000E+00  0.0000E+00  0.0000E+00  0.0000E+00  0.0000E+00  0.0000E+00  0.0000E+00  0.0000E+00  0.0000E+00  0.0000E+00
       0.0000E+00  0.0000E+00  0.0000E+00  0.0000E+00  0.0000E+00  0.0000E+00  0.0000E+00  0.0000E+00  0.0000E+00  0.0000E+00
       0.0000E+00  0.0000E+00  0.0000E+00  0.0000E+00  0.0000E+00  0.0000E+00  0.0000E+00  0.0000E+00  0.0000E+00  0.0000E+00
       0.0000E+00  0.0000E+00  0.0000E+00  0.0000E+00  0.0000E+00  0.0000E+00  0.0000E+00  0.0000E+00  0.0000E+00  0.0000E+00
       0.0000E+00  0.0000E+00  0.0000E+00  0.0000E+00  0.0000E+00  0.0000E+00  0.0000E+00  0.0000E+00  0.0000E+00  0.0000E+00
       0.0000E+00  0.0000E+00  0.0000E+00  0.0000E+00  0.0000E+00  0.0000E+00  0.0000E+00  0.0000E+00  0.0000E+00  0.0000E+00
       0.0000E+00  0.0000E+00  0.0000E+00  0.0000E+00  0.0000E+00  0.0000E+00  0.0000E+00  0.0000E+00  0.0000E+00  0.0000E+00
       0.0000E+00  0.0000E+00  0.0000E+00  0.0000E+00  0.0000E+00  0.0000E+00  0.0000E+00  0.0000E+00  0.0000E+00  0.0000E+00
       0.0000E+00  0.0000E+00  0.0000E+00  0.0000E+00  0.0000E+00  0.0000E+00  0.0000E+00  0.0000E+00  0.0000E+00  0.0000E+00
       0.0000E+00  0.0000E+00  0.0000E+00  0.0000E+00  0.0000E+00  0.0000E+00  0.0000E+00  0.0000E+00  0.0000E+00  0.0000E+00
       0.0000E+00  0.0000E+00  0.0000E+00  0.0000E+00  0.0000E+00  0.0000E+00  0.0000E+00  0.0000E+00  0.0000E+00  0.0000E+00
       0.0000E+00  0.0000E+00  0.0000E+00  0.0000E+00  0.0000E+00  0.0000E+00  0.0000E+00  0.0000E+00  0.0000E+00  0.0000E+00
       0.0000E+00  0.0000E+00  0.0000E+00  0.0000E+00  0.0000E+00  0.0000E+00  0.0000E+00  0.0000E+00  0.0000E+00  0.0000E+00
       0.0000E+00  0.0000E+00  0.0000E+00  0.0000E+00  0.0000E+00  0.0000E+00  0.0000E+00  0.0000E+00  0.0000E+00  0.0000E+00
       0.0000E+00  0.0000E+00  0.0000E+00  0.0000E+00  0.0000E+00  0.0000E+00  0.0000E+00  0.0000E+00  0.0000E+00  0.0000E+00
       0.0000E+00  0.0000E+00  0.0000E+00  0.0000E+00  0.0000E+00  0.0000E+00  0.0000E+00  0.0000E+00  0.0000E+00  0.0000E+00
       0.0000E+00  0.0000E+00  0.0000E+00  0.0000E+00  0.0000E+00  0.0000E+00  0.0000E+00  0.0000E+00  0.0000E+00  0.0000E+00
       0.0000E+00  0.0000E+00  0.0000E+00  0.0000E+00  0.0000E+00  0.0000E+00  0.0000E+00  0.0000E+00  0.0000E+00  0.0000E+00
       0.0000E+00  0.0000E+00  0.0000E+00  0.0000E+00  0.0000E+00  0.0000E+00  0.0000E+00  0.0000E+00  0.0000E+00  0.0000E+00
       0.0000E+00  0.0000E+00  0.0000E+00  0.0000E+00  0.0000E+00  0.0000E+00  0.0000E+00  0.0000E+00  0.0000E+00  0.0000E+00
       0.0000E+00  0.0000E+00  0.0000E+00  0.0000E+00  0.0000E+00  0.0000E+00  0.0000E+00  0.0000E+00  0.0000E+00  0.0000E+00
       0.0000E+00  0.0000E+00  0.0000E+00  0.0000E+00  0.0000E+00  0.0000E+00  0.0000E+00  0.0000E+00  0.0000E+00  0.0000E+00
       0.0000E+00  0.0000E+00  0.0000E+00  0.0000E+00  0.0000E+00  0.0000E+00  0.0000E+00  0.0000E+00  0.0000E+00  0.0000E+00
       0.0000E+00  0.0000E+00  0.0000E+00  0.0000E+00  0.0000E+00  0.0000E+00  0.0000E+00  0.0000E+00  0.0000E+00  0.0000E+00
1

   Bdrx n.   6  "ofluence  " , generalized particle n.    1, from region n.     5 to region n.     4
      detector area:  1.0000E+02 cm**2
      this is a one way only estimator
      this is a fluence like estimator
      linear energy binning from   0.0000E+00 to  3.0000E+02 GeV,     1 bins ( 3.0000E+02 GeV wide)
      linear angular binning from  0.0000E+00 to  6.2832E+00 sr ,     1 bins ( 6.2832E+00 sr wide )
      Data follow in a matrix A(ie,ia), format (1(5x,1p,10(1x,e11.4)))

       5.3157E-06
