
 *****  Protons in Lexan (0.19GeV, 2cm)                                                   *****

           DATE: 12/19/18,  TIME: 18:59:54

          Total number of particles followed       16666666, for a total weight of  1.6667E+07

1

   Res. nuclei n.   1  "Ian       " ,  all         products, region n.     5
      detector volume:  1.0000E+00 cm**3
      Max. Z:  10, Max. N-Z:  11 Min. N-Z: -4
      Data follow in a matrix A(z,n-z-k), k: -5 format (1(5x,1p,10(1x,e11.4)))

       0.0000E+00  0.0000E+00  0.0000E+00  0.0000E+00  0.0000E+00  0.0000E+00  0.0000E+00  0.0000E+00  0.0000E+00  0.0000E+00
       0.0000E+00  0.0000E+00  0.0000E+00  0.0000E+00  0.0000E+00  2.0460E-05  0.0000E+00  1.0800E-06  0.0000E+00  0.0000E+00
       0.0000E+00  0.0000E+00  0.0000E+00  0.0000E+00  1.6356E-04  3.1026E-04  3.3060E-05  6.7080E-05  0.0000E+00  0.0000E+00
       4.0188E-02  4.5018E-03  0.0000E+00  2.1155E-03  0.0000E+00  6.2733E-03  8.6760E-05  1.4968E-03  6.0000E-08  0.0000E+00
       9.6481E-03  3.5456E-02  2.8970E-03  0.0000E+00  2.1215E-03  8.7933E-03  7.0590E-04  1.0227E-03  1.8000E-07  3.6000E-07
       2.3376E-03  0.0000E+00  1.5597E-03  4.4394E-04  3.8904E-03  4.0988E-04  9.5398E-04  1.4836E-06  0.0000E+00  0.0000E+00
       0.0000E+00  9.5940E-05  1.3134E-04  2.7318E-04  4.5472E-05  9.6960E-05  2.5836E-06  1.2600E-06  0.0000E+00  0.0000E+00
       0.0000E+00  0.0000E+00  7.3800E-06  1.3800E-06  2.1000E-06  1.8000E-07  1.5000E-06  0.0000E+00  0.0000E+00  0.0000E+00
       0.0000E+00  1.2000E-07  0.0000E+00  1.2000E-07  6.0000E-08  6.0000E-08  0.0000E+00  0.0000E+00  0.0000E+00  0.0000E+00
       0.0000E+00  0.0000E+00  0.0000E+00  0.0000E+00  0.0000E+00  0.0000E+00  0.0000E+00  0.0000E+00  0.0000E+00  0.0000E+00
       0.0000E+00  0.0000E+00  0.0000E+00  0.0000E+00  0.0000E+00  0.0000E+00  0.0000E+00  0.0000E+00  0.0000E+00  0.0000E+00
       0.0000E+00  0.0000E+00  0.0000E+00  0.0000E+00  0.0000E+00  0.0000E+00  0.0000E+00  0.0000E+00  0.0000E+00  0.0000E+00
       0.0000E+00  0.0000E+00  0.0000E+00  0.0000E+00  0.0000E+00  0.0000E+00  0.0000E+00  0.0000E+00  0.0000E+00  0.0000E+00
       0.0000E+00  0.0000E+00  0.0000E+00  0.0000E+00  0.0000E+00  0.0000E+00  0.0000E+00  0.0000E+00  0.0000E+00  0.0000E+00
       0.0000E+00  0.0000E+00  0.0000E+00  0.0000E+00  0.0000E+00  0.0000E+00  0.0000E+00  0.0000E+00  0.0000E+00  0.0000E+00
       0.0000E+00  0.0000E+00  0.0000E+00  0.0000E+00  0.0000E+00  0.0000E+00  0.0000E+00  0.0000E+00  0.0000E+00  0.0000E+00
