
 *****  Protons in Lexan (0.19GeV, 2cm)                                                   *****

           DATE: 12/19/18,  TIME: 18:59:54

          Total number of particles followed       16666666, for a total weight of  1.6667E+07

1

   Bdrx n.   4  "ocurrent  " , generalized particle n.    1, from region n.     5 to region n.     4
      detector area:  1.0000E+02 cm**2
      this is a one way only estimator
      this is a current like estimator
      linear energy binning from   1.1000E-01 to  2.4000E-01 GeV,   650 bins ( 2.0000E-04 GeV wide)
      linear angular binning from  0.0000E+00 to  6.2832E+00 sr ,     1 bins ( 6.2832E+00 sr wide )
      Data follow in a matrix A(ie,ia), format (1(5x,1p,10(1x,e11.4)))

       3.6144E-04  3.5380E-04  3.7720E-04  3.4139E-04  3.5428E-04  3.7147E-04  3.3566E-04  3.6049E-04  3.7385E-04  3.6049E-04
       3.4759E-04  3.7195E-04  3.5858E-04  3.6622E-04  3.6526E-04  3.5953E-04  3.7958E-04  3.4473E-04  3.4664E-04  3.3709E-04
       3.6001E-04  3.6096E-04  3.5094E-04  3.4712E-04  3.6717E-04  3.5858E-04  3.4998E-04  3.6192E-04  3.5667E-04  3.7099E-04
       3.7004E-04  3.7338E-04  3.5046E-04  3.4807E-04  3.7433E-04  3.4712E-04  3.7433E-04  3.7385E-04  3.6001E-04  3.5762E-04
       3.6669E-04  3.7815E-04  3.4616E-04  3.5285E-04  3.8245E-04  3.4807E-04  3.7195E-04  3.6622E-04  3.4712E-04  3.3614E-04
       3.6240E-04  3.4568E-04  3.5428E-04  3.4855E-04  3.6192E-04  3.8913E-04  3.6335E-04  3.5810E-04  3.6669E-04  3.6240E-04
       3.5714E-04  3.5858E-04  3.7720E-04  3.7863E-04  3.7004E-04  3.7338E-04  3.6669E-04  3.4855E-04  3.7242E-04  3.7290E-04
       3.6431E-04  3.6431E-04  3.7863E-04  3.7195E-04  3.5667E-04  3.8913E-04  3.6383E-04  3.8340E-04  3.6431E-04  3.5858E-04
       3.9343E-04  3.5523E-04  3.8006E-04  3.7958E-04  3.6431E-04  3.6908E-04  3.6717E-04  3.6383E-04  3.7147E-04  3.6813E-04
       3.5046E-04  3.8102E-04  3.7099E-04  4.0728E-04  3.8722E-04  3.4855E-04  3.5619E-04  3.6717E-04  3.6431E-04  3.5667E-04
       3.5094E-04  3.5810E-04  3.6049E-04  3.7290E-04  3.5571E-04  3.7242E-04  3.6526E-04  3.4998E-04  3.4091E-04  3.6956E-04
       3.6431E-04  3.7242E-04  3.5476E-04  3.5523E-04  3.8340E-04  3.5141E-04  3.5905E-04  3.7004E-04  3.7863E-04  3.4091E-04
       3.7099E-04  3.5476E-04  3.7147E-04  3.6049E-04  3.2229E-04  3.7958E-04  3.4855E-04  3.6001E-04  3.4616E-04  3.6669E-04
       3.5094E-04  3.6144E-04  3.6860E-04  3.5523E-04  3.3900E-04  3.4807E-04  3.6287E-04  3.6144E-04  3.4234E-04  3.5285E-04
       3.4807E-04  3.6192E-04  3.4616E-04  3.4521E-04  3.5332E-04  3.2945E-04  3.2515E-04  3.4139E-04  3.3279E-04  3.3375E-04
       3.5189E-04  3.6860E-04  3.2038E-04  3.3566E-04  3.3136E-04  3.2420E-04  3.5094E-04  3.4330E-04  3.1942E-04  3.2468E-04
       3.2468E-04  3.6049E-04  3.3184E-04  3.3184E-04  3.4091E-04  3.1656E-04  3.3041E-04  3.1226E-04  3.1847E-04  3.2659E-04
       3.0558E-04  3.1942E-04  3.0844E-04  3.2372E-04  3.3709E-04  3.0367E-04  3.1226E-04  3.2945E-04  3.1369E-04  3.3232E-04
       3.0701E-04  3.0558E-04  3.0987E-04  3.3518E-04  3.0080E-04  3.0415E-04  3.2897E-04  2.8600E-04  3.0605E-04  3.2850E-04
       2.9603E-04  2.9221E-04  2.8934E-04  3.0844E-04  2.9842E-04  2.9651E-04  2.8887E-04  2.7025E-04  2.8170E-04  2.7454E-04
       2.9985E-04  2.9364E-04  3.0080E-04  2.8123E-04  2.9030E-04  2.8934E-04  2.7979E-04  2.9603E-04  2.9651E-04  2.8648E-04
       2.6547E-04  2.4637E-04  2.7406E-04  2.9698E-04  2.7454E-04  2.7072E-04  2.3539E-04  2.6404E-04  2.6452E-04  2.7454E-04
       2.5353E-04  2.5162E-04  2.6356E-04  2.5449E-04  2.5258E-04  2.4255E-04  2.5640E-04  2.5449E-04  2.4876E-04  2.4780E-04
       2.5019E-04  2.2871E-04  2.4207E-04  2.4446E-04  2.4780E-04  2.4637E-04  2.2632E-04  2.3109E-04  2.3825E-04  2.0770E-04
       2.1343E-04  2.1916E-04  2.2250E-04  1.9194E-04  2.1534E-04  1.9910E-04  2.0626E-04  1.9624E-04  2.0913E-04  2.0197E-04
       2.0531E-04  2.1581E-04  1.9194E-04  1.8144E-04  1.8239E-04  1.6759E-04  1.8526E-04  1.6711E-04  1.3465E-04  1.5947E-04
       1.4992E-04  1.4563E-04  1.4992E-04  1.2557E-04  1.2223E-04  1.2510E-04  1.3035E-04  1.1459E-04  1.1459E-04  1.0456E-04
       9.8358E-05  1.0934E-04  1.0886E-04  9.7880E-05  1.2796E-04  1.0743E-04  1.2748E-04  1.1507E-04  1.2223E-04  1.3035E-04
       1.2939E-04  1.4324E-04  1.5183E-04  1.4467E-04  1.7141E-04  1.5279E-04  1.8430E-04  1.8478E-04  2.0483E-04  2.2871E-04
       2.0817E-04  2.3348E-04  2.3778E-04  2.7311E-04  3.0415E-04  3.4234E-04  4.4022E-04  6.2261E-04  1.0008E-03  1.6544E-03
       2.6690E-03  4.5841E-03  7.6418E-03  1.2613E-02  2.0236E-02  3.2204E-02  4.8768E-02  7.2673E-02  1.0449E-01  1.4601E-01
       1.9689E-01  2.5683E-01  3.2336E-01  3.9293E-01  4.6094E-01  5.2174E-01  5.6801E-01  5.9443E-01  6.0062E-01  5.8267E-01
       5.4218E-01  4.8552E-01  4.1767E-01  3.4354E-01  2.7165E-01  2.0595E-01  1.4901E-01  1.0384E-01  6.8788E-02  4.3615E-02
       2.6551E-02  1.5220E-02  8.4965E-03  4.4046E-03  2.2804E-03  1.0800E-03  5.1280E-04  2.1963E-04  9.6925E-05  2.6261E-05
       1.0027E-05  4.2972E-06  9.5493E-07  0.0000E+00  4.7746E-07  0.0000E+00  0.0000E+00  0.0000E+00  0.0000E+00  0.0000E+00
       0.0000E+00  0.0000E+00  0.0000E+00  0.0000E+00  0.0000E+00  0.0000E+00  0.0000E+00  0.0000E+00  0.0000E+00  0.0000E+00
       0.0000E+00  0.0000E+00  0.0000E+00  0.0000E+00  0.0000E+00  0.0000E+00  0.0000E+00  0.0000E+00  0.0000E+00  0.0000E+00
       0.0000E+00  0.0000E+00  0.0000E+00  0.0000E+00  0.0000E+00  0.0000E+00  0.0000E+00  0.0000E+00  0.0000E+00  0.0000E+00
       0.0000E+00  0.0000E+00  0.0000E+00  0.0000E+00  0.0000E+00  0.0000E+00  0.0000E+00  0.0000E+00  0.0000E+00  0.0000E+00
       0.0000E+00  0.0000E+00  0.0000E+00  0.0000E+00  0.0000E+00  0.0000E+00  0.0000E+00  0.0000E+00  0.0000E+00  0.0000E+00
       0.0000E+00  0.0000E+00  0.0000E+00  0.0000E+00  0.0000E+00  0.0000E+00  0.0000E+00  0.0000E+00  0.0000E+00  0.0000E+00
       0.0000E+00  0.0000E+00  0.0000E+00  0.0000E+00  0.0000E+00  0.0000E+00  0.0000E+00  0.0000E+00  0.0000E+00  0.0000E+00
       0.0000E+00  0.0000E+00  0.0000E+00  0.0000E+00  0.0000E+00  0.0000E+00  0.0000E+00  0.0000E+00  0.0000E+00  0.0000E+00
       0.0000E+00  0.0000E+00  0.0000E+00  0.0000E+00  0.0000E+00  0.0000E+00  0.0000E+00  0.0000E+00  0.0000E+00  0.0000E+00
       0.0000E+00  0.0000E+00  0.0000E+00  0.0000E+00  0.0000E+00  0.0000E+00  0.0000E+00  0.0000E+00  0.0000E+00  0.0000E+00
       0.0000E+00  0.0000E+00  0.0000E+00  0.0000E+00  0.0000E+00  0.0000E+00  0.0000E+00  0.0000E+00  0.0000E+00  0.0000E+00
       0.0000E+00  0.0000E+00  0.0000E+00  0.0000E+00  0.0000E+00  0.0000E+00  0.0000E+00  0.0000E+00  0.0000E+00  0.0000E+00
       0.0000E+00  0.0000E+00  0.0000E+00  0.0000E+00  0.0000E+00  0.0000E+00  0.0000E+00  0.0000E+00  0.0000E+00  0.0000E+00
       0.0000E+00  0.0000E+00  0.0000E+00  0.0000E+00  0.0000E+00  0.0000E+00  0.0000E+00  0.0000E+00  0.0000E+00  0.0000E+00
       0.0000E+00  0.0000E+00  0.0000E+00  0.0000E+00  0.0000E+00  0.0000E+00  0.0000E+00  0.0000E+00  0.0000E+00  0.0000E+00
       0.0000E+00  0.0000E+00  0.0000E+00  0.0000E+00  0.0000E+00  0.0000E+00  0.0000E+00  0.0000E+00  0.0000E+00  0.0000E+00
       0.0000E+00  0.0000E+00  0.0000E+00  0.0000E+00  0.0000E+00  0.0000E+00  0.0000E+00  0.0000E+00  0.0000E+00  0.0000E+00
       0.0000E+00  0.0000E+00  0.0000E+00  0.0000E+00  0.0000E+00  0.0000E+00  0.0000E+00  0.0000E+00  0.0000E+00  0.0000E+00
       0.0000E+00  0.0000E+00  0.0000E+00  0.0000E+00  0.0000E+00  0.0000E+00  0.0000E+00  0.0000E+00  0.0000E+00  0.0000E+00
       0.0000E+00  0.0000E+00  0.0000E+00  0.0000E+00  0.0000E+00  0.0000E+00  0.0000E+00  0.0000E+00  0.0000E+00  0.0000E+00
       0.0000E+00  0.0000E+00  0.0000E+00  0.0000E+00  0.0000E+00  0.0000E+00  0.0000E+00  0.0000E+00  0.0000E+00  0.0000E+00
       0.0000E+00  0.0000E+00  0.0000E+00  0.0000E+00  0.0000E+00  0.0000E+00  0.0000E+00  0.0000E+00  0.0000E+00  0.0000E+00
       0.0000E+00  0.0000E+00  0.0000E+00  0.0000E+00  0.0000E+00  0.0000E+00  0.0000E+00  0.0000E+00  0.0000E+00  0.0000E+00
       0.0000E+00  0.0000E+00  0.0000E+00  0.0000E+00  0.0000E+00  0.0000E+00  0.0000E+00  0.0000E+00  0.0000E+00  0.0000E+00
       0.0000E+00  0.0000E+00  0.0000E+00  0.0000E+00  0.0000E+00  0.0000E+00  0.0000E+00  0.0000E+00  0.0000E+00  0.0000E+00
       0.0000E+00  0.0000E+00  0.0000E+00  0.0000E+00  0.0000E+00  0.0000E+00  0.0000E+00  0.0000E+00  0.0000E+00  0.0000E+00
       0.0000E+00  0.0000E+00  0.0000E+00  0.0000E+00  0.0000E+00  0.0000E+00  0.0000E+00  0.0000E+00  0.0000E+00  0.0000E+00
       0.0000E+00  0.0000E+00  0.0000E+00  0.0000E+00  0.0000E+00  0.0000E+00  0.0000E+00  0.0000E+00  0.0000E+00  0.0000E+00
       0.0000E+00  0.0000E+00  0.0000E+00  0.0000E+00  0.0000E+00  0.0000E+00  0.0000E+00  0.0000E+00  0.0000E+00  0.0000E+00
       0.0000E+00  0.0000E+00  0.0000E+00  0.0000E+00  0.0000E+00  0.0000E+00  0.0000E+00  0.0000E+00  0.0000E+00  0.0000E+00
