
 *****  Protons in Lexan (0.10GeV, 1.0cm)                                                 *****

           DATE: 12/13/18,  TIME:  8:26: 4

          Total number of particles followed        1000000, for a total weight of  1.0000E+06

1

   Res. nuclei n.   1  "Ian       " ,  all         products, region n.     5
      detector volume:  1.0000E+00 cm**3
      Max. Z:  10, Max. N-Z:  11 Min. N-Z: -4
      Data follow in a matrix A(z,n-z-k), k: -5 format (1(5x,1p,10(1x,e11.4)))

       0.0000E+00  0.0000E+00  0.0000E+00  0.0000E+00  0.0000E+00  0.0000E+00  0.0000E+00  0.0000E+00  0.0000E+00  0.0000E+00
       0.0000E+00  0.0000E+00  0.0000E+00  0.0000E+00  0.0000E+00  9.0000E-06  0.0000E+00  2.0000E-06  0.0000E+00  0.0000E+00
       0.0000E+00  0.0000E+00  0.0000E+00  0.0000E+00  1.0700E-04  1.6400E-04  6.7000E-05  1.4100E-04  0.0000E+00  0.0000E+00
       1.5886E+00  2.9390E-03  0.0000E+00  9.1100E-04  0.0000E+00  3.8240E-03  7.0100E-04  1.2497E-02  1.0000E-06  0.0000E+00
       5.0958E-01  7.2295E-02  2.4580E-03  0.0000E+00  1.5860E-03  2.5790E-02  6.3330E-03  3.5999E-02  1.0000E-05  0.0000E+00
       1.1380E-03  0.0000E+00  6.6200E-04  4.3271E-04  3.1900E-03  2.8940E-03  1.1339E-02  3.5561E-05  0.0000E+00  0.0000E+00
       0.0000E+00  2.3000E-05  3.3000E-05  1.7400E-04  6.2000E-05  6.9200E-04  4.8519E-05  5.2000E-05  0.0000E+00  0.0000E+00
       0.0000E+00  0.0000E+00  1.0000E-06  0.0000E+00  4.0000E-06  1.0000E-06  5.0000E-06  0.0000E+00  0.0000E+00  0.0000E+00
       0.0000E+00  0.0000E+00  0.0000E+00  0.0000E+00  0.0000E+00  0.0000E+00  0.0000E+00  0.0000E+00  0.0000E+00  0.0000E+00
       0.0000E+00  0.0000E+00  0.0000E+00  0.0000E+00  0.0000E+00  0.0000E+00  0.0000E+00  0.0000E+00  0.0000E+00  0.0000E+00
       0.0000E+00  0.0000E+00  0.0000E+00  0.0000E+00  0.0000E+00  0.0000E+00  0.0000E+00  0.0000E+00  0.0000E+00  0.0000E+00
       0.0000E+00  0.0000E+00  0.0000E+00  0.0000E+00  0.0000E+00  0.0000E+00  0.0000E+00  0.0000E+00  0.0000E+00  0.0000E+00
       0.0000E+00  0.0000E+00  0.0000E+00  0.0000E+00  0.0000E+00  0.0000E+00  0.0000E+00  0.0000E+00  0.0000E+00  0.0000E+00
       0.0000E+00  0.0000E+00  0.0000E+00  0.0000E+00  0.0000E+00  0.0000E+00  0.0000E+00  0.0000E+00  0.0000E+00  0.0000E+00
       0.0000E+00  0.0000E+00  0.0000E+00  0.0000E+00  0.0000E+00  0.0000E+00  0.0000E+00  0.0000E+00  0.0000E+00  0.0000E+00
       0.0000E+00  0.0000E+00  0.0000E+00  0.0000E+00  0.0000E+00  0.0000E+00  0.0000E+00  0.0000E+00  0.0000E+00  0.0000E+00
