
 *****  Protons in Lexan (0.23GeV, 3.0cm)                                                 *****

           DATE: 12/ 1/18,  TIME: 10:31:36

          Total number of particles followed       10000000, for a total weight of  1.0000E+07

1

   Bdrx n.   2  "ofluence  " , generalized particle n.    1, from region n.     5 to region n.     4
      detector area:  1.0000E+02 cm**2
      this is a one way only estimator
      this is a fluence like estimator
      linear energy binning from   1.5000E-01 to  2.8000E-01 GeV,   650 bins ( 2.0000E-04 GeV wide)
      linear angular binning from  0.0000E+00 to  6.2832E+00 sr ,     1 bins ( 6.2832E+00 sr wide )
      Data follow in a matrix A(ie,ia), format (1(5x,1p,10(1x,e11.4)))

       3.6726E-04  3.7405E-04  4.0841E-04  3.8466E-04  3.2661E-04  4.0973E-04  3.8688E-04  3.7196E-04  4.1100E-04  3.4930E-04
       3.9159E-04  3.5083E-04  3.7014E-04  3.7677E-04  3.9491E-04  3.8421E-04  3.6102E-04  3.5410E-04  3.7324E-04  3.5121E-04
       3.9022E-04  3.6425E-04  3.8481E-04  3.5285E-04  3.7607E-04  3.3386E-04  3.7211E-04  3.6240E-04  3.5342E-04  3.6171E-04
       3.8442E-04  3.8848E-04  3.6093E-04  4.3420E-04  3.5537E-04  3.6526E-04  3.6759E-04  3.7146E-04  3.3998E-04  3.7600E-04
       3.6995E-04  3.5471E-04  3.6680E-04  3.7897E-04  3.7064E-04  3.4910E-04  3.7679E-04  3.7982E-04  3.6367E-04  3.3998E-04
       3.4516E-04  3.7074E-04  3.9729E-04  3.7860E-04  3.6769E-04  3.5559E-04  3.4591E-04  3.3482E-04  3.5603E-04  3.3720E-04
       3.5253E-04  3.7504E-04  3.7404E-04  3.6442E-04  3.8604E-04  3.6366E-04  3.3094E-04  3.6344E-04  3.5958E-04  3.8438E-04
       3.7389E-04  3.8587E-04  3.3555E-04  3.6991E-04  3.4067E-04  3.8903E-04  3.5736E-04  3.6898E-04  3.2223E-04  3.4638E-04
       3.3509E-04  3.4392E-04  3.7375E-04  3.7202E-04  3.7247E-04  3.7006E-04  3.3152E-04  3.8334E-04  3.8856E-04  3.8393E-04
       3.5735E-04  3.5371E-04  3.4713E-04  3.5924E-04  3.4164E-04  3.5903E-04  3.3880E-04  3.8207E-04  3.3837E-04  3.8476E-04
       3.6502E-04  3.7572E-04  3.5704E-04  3.5511E-04  3.5955E-04  3.8368E-04  3.7636E-04  3.7171E-04  3.6575E-04  3.4075E-04
       3.5115E-04  3.6705E-04  3.3133E-04  3.7042E-04  3.4065E-04  3.3353E-04  3.5680E-04  3.5634E-04  3.4498E-04  3.2966E-04
       3.8473E-04  3.2393E-04  3.2687E-04  3.3119E-04  3.3758E-04  3.3285E-04  3.5434E-04  3.5797E-04  3.4982E-04  3.5516E-04
       3.2456E-04  3.4298E-04  3.4267E-04  3.3222E-04  3.3171E-04  3.2083E-04  3.4594E-04  3.5188E-04  3.5273E-04  3.1783E-04
       3.1559E-04  3.1693E-04  3.4654E-04  3.3942E-04  3.5262E-04  3.2947E-04  3.3921E-04  3.3050E-04  3.2139E-04  3.3090E-04
       3.2216E-04  3.2065E-04  3.4311E-04  3.0417E-04  3.1200E-04  3.0864E-04  3.2308E-04  3.3679E-04  3.3176E-04  3.3018E-04
       3.2437E-04  3.2470E-04  3.2731E-04  3.3635E-04  3.1685E-04  3.1492E-04  3.0221E-04  3.1047E-04  3.2461E-04  2.9251E-04
       3.1194E-04  3.4103E-04  2.9105E-04  2.9215E-04  3.0762E-04  3.1822E-04  3.2907E-04  2.9998E-04  3.1380E-04  2.9213E-04
       3.1425E-04  2.8308E-04  3.0014E-04  2.8576E-04  2.8987E-04  3.0552E-04  2.5200E-04  2.8702E-04  2.8001E-04  2.9636E-04
       2.7949E-04  3.1547E-04  2.7312E-04  2.8183E-04  3.0182E-04  2.9702E-04  3.0338E-04  2.7402E-04  2.9375E-04  2.7138E-04
       2.6208E-04  2.8231E-04  2.9647E-04  2.8163E-04  2.7972E-04  2.7434E-04  2.5637E-04  3.0116E-04  2.7446E-04  2.3908E-04
       2.6767E-04  2.6169E-04  2.5274E-04  2.4689E-04  2.5250E-04  2.6849E-04  2.5615E-04  2.7292E-04  2.3400E-04  2.5317E-04
       2.4517E-04  2.5832E-04  2.4357E-04  2.3069E-04  2.4552E-04  2.4569E-04  2.3237E-04  2.4634E-04  2.4154E-04  2.3825E-04
       2.0877E-04  2.4543E-04  2.4209E-04  2.3630E-04  2.4154E-04  2.0987E-04  2.1544E-04  2.0211E-04  2.1788E-04  2.3941E-04
       2.2693E-04  2.0457E-04  2.3727E-04  2.3870E-04  2.3361E-04  2.0267E-04  2.1250E-04  1.9805E-04  1.8857E-04  2.0136E-04
       1.8772E-04  2.0775E-04  2.0093E-04  2.0911E-04  2.0783E-04  1.8714E-04  1.8045E-04  2.0629E-04  1.9733E-04  2.0023E-04
       1.6573E-04  1.6850E-04  1.5520E-04  1.3824E-04  1.6291E-04  1.6647E-04  1.4736E-04  1.3506E-04  1.4738E-04  1.5361E-04
       1.5825E-04  1.2391E-04  1.0924E-04  1.1883E-04  1.2415E-04  9.3000E-05  1.1098E-04  9.5611E-05  1.0558E-04  1.0441E-04
       9.0575E-05  1.1612E-04  1.3412E-04  9.1188E-05  1.0886E-04  1.0632E-04  1.1560E-04  1.2157E-04  9.8317E-05  1.0604E-04
       1.2076E-04  1.1920E-04  1.1162E-04  1.3125E-04  1.3316E-04  1.5011E-04  1.5072E-04  1.6697E-04  1.5562E-04  1.8053E-04
       2.0151E-04  1.9043E-04  2.3256E-04  3.0923E-04  3.8808E-04  6.4922E-04  9.5704E-04  1.4454E-03  2.2801E-03  3.8585E-03
       6.1721E-03  9.5901E-03  1.5102E-02  2.3035E-02  3.4021E-02  4.9573E-02  7.0784E-02  9.7136E-02  1.3055E-01  1.7067E-01
       2.1764E-01  2.6946E-01  3.2456E-01  3.8063E-01  4.3176E-01  4.7711E-01  5.1168E-01  5.2990E-01  5.3575E-01  5.2339E-01
       4.9509E-01  4.5409E-01  4.0306E-01  3.4708E-01  2.8949E-01  2.3190E-01  1.8087E-01  1.3628E-01  9.8655E-02  6.9310E-02
       4.6934E-02  3.0777E-02  1.9572E-02  1.2110E-02  7.2552E-03  3.9666E-03  2.2085E-03  1.1787E-03  6.0087E-04  3.3187E-04
       1.3768E-04  6.5260E-05  2.8651E-05  1.7508E-05  2.3874E-06  1.5916E-06  1.5917E-06  0.0000E+00  0.0000E+00  0.0000E+00
       0.0000E+00  0.0000E+00  0.0000E+00  0.0000E+00  0.0000E+00  0.0000E+00  0.0000E+00  0.0000E+00  0.0000E+00  0.0000E+00
       0.0000E+00  0.0000E+00  0.0000E+00  0.0000E+00  0.0000E+00  0.0000E+00  0.0000E+00  0.0000E+00  0.0000E+00  0.0000E+00
       0.0000E+00  0.0000E+00  0.0000E+00  0.0000E+00  0.0000E+00  0.0000E+00  0.0000E+00  0.0000E+00  0.0000E+00  0.0000E+00
       0.0000E+00  0.0000E+00  0.0000E+00  0.0000E+00  0.0000E+00  0.0000E+00  0.0000E+00  0.0000E+00  0.0000E+00  0.0000E+00
       0.0000E+00  0.0000E+00  0.0000E+00  0.0000E+00  0.0000E+00  0.0000E+00  0.0000E+00  0.0000E+00  0.0000E+00  0.0000E+00
       0.0000E+00  0.0000E+00  0.0000E+00  0.0000E+00  0.0000E+00  0.0000E+00  0.0000E+00  0.0000E+00  0.0000E+00  0.0000E+00
       0.0000E+00  0.0000E+00  0.0000E+00  0.0000E+00  0.0000E+00  0.0000E+00  0.0000E+00  0.0000E+00  0.0000E+00  0.0000E+00
       0.0000E+00  0.0000E+00  0.0000E+00  0.0000E+00  0.0000E+00  0.0000E+00  0.0000E+00  0.0000E+00  0.0000E+00  0.0000E+00
       0.0000E+00  0.0000E+00  0.0000E+00  0.0000E+00  0.0000E+00  0.0000E+00  0.0000E+00  0.0000E+00  0.0000E+00  0.0000E+00
       0.0000E+00  0.0000E+00  0.0000E+00  0.0000E+00  0.0000E+00  0.0000E+00  0.0000E+00  0.0000E+00  0.0000E+00  0.0000E+00
       0.0000E+00  0.0000E+00  0.0000E+00  0.0000E+00  0.0000E+00  0.0000E+00  0.0000E+00  0.0000E+00  0.0000E+00  0.0000E+00
       0.0000E+00  0.0000E+00  0.0000E+00  0.0000E+00  0.0000E+00  0.0000E+00  0.0000E+00  0.0000E+00  0.0000E+00  0.0000E+00
       0.0000E+00  0.0000E+00  0.0000E+00  0.0000E+00  0.0000E+00  0.0000E+00  0.0000E+00  0.0000E+00  0.0000E+00  0.0000E+00
       0.0000E+00  0.0000E+00  0.0000E+00  0.0000E+00  0.0000E+00  0.0000E+00  0.0000E+00  0.0000E+00  0.0000E+00  0.0000E+00
       0.0000E+00  0.0000E+00  0.0000E+00  0.0000E+00  0.0000E+00  0.0000E+00  0.0000E+00  0.0000E+00  0.0000E+00  0.0000E+00
       0.0000E+00  0.0000E+00  0.0000E+00  0.0000E+00  0.0000E+00  0.0000E+00  0.0000E+00  0.0000E+00  0.0000E+00  0.0000E+00
       0.0000E+00  0.0000E+00  0.0000E+00  0.0000E+00  0.0000E+00  0.0000E+00  0.0000E+00  0.0000E+00  0.0000E+00  0.0000E+00
       0.0000E+00  0.0000E+00  0.0000E+00  0.0000E+00  0.0000E+00  0.0000E+00  0.0000E+00  0.0000E+00  0.0000E+00  0.0000E+00
       0.0000E+00  0.0000E+00  0.0000E+00  0.0000E+00  0.0000E+00  0.0000E+00  0.0000E+00  0.0000E+00  0.0000E+00  0.0000E+00
       0.0000E+00  0.0000E+00  0.0000E+00  0.0000E+00  0.0000E+00  0.0000E+00  0.0000E+00  0.0000E+00  0.0000E+00  0.0000E+00
       0.0000E+00  0.0000E+00  0.0000E+00  0.0000E+00  0.0000E+00  0.0000E+00  0.0000E+00  0.0000E+00  0.0000E+00  0.0000E+00
       0.0000E+00  0.0000E+00  0.0000E+00  0.0000E+00  0.0000E+00  0.0000E+00  0.0000E+00  0.0000E+00  0.0000E+00  0.0000E+00
       0.0000E+00  0.0000E+00  0.0000E+00  0.0000E+00  0.0000E+00  0.0000E+00  0.0000E+00  0.0000E+00  0.0000E+00  0.0000E+00
       0.0000E+00  0.0000E+00  0.0000E+00  0.0000E+00  0.0000E+00  0.0000E+00  0.0000E+00  0.0000E+00  0.0000E+00  0.0000E+00
       0.0000E+00  0.0000E+00  0.0000E+00  0.0000E+00  0.0000E+00  0.0000E+00  0.0000E+00  0.0000E+00  0.0000E+00  0.0000E+00
       0.0000E+00  0.0000E+00  0.0000E+00  0.0000E+00  0.0000E+00  0.0000E+00  0.0000E+00  0.0000E+00  0.0000E+00  0.0000E+00
       0.0000E+00  0.0000E+00  0.0000E+00  0.0000E+00  0.0000E+00  0.0000E+00  0.0000E+00  0.0000E+00  0.0000E+00  0.0000E+00
       0.0000E+00  0.0000E+00  0.0000E+00  0.0000E+00  0.0000E+00  0.0000E+00  0.0000E+00  0.0000E+00  0.0000E+00  0.0000E+00
       0.0000E+00  0.0000E+00  0.0000E+00  0.0000E+00  0.0000E+00  0.0000E+00  0.0000E+00  0.0000E+00  0.0000E+00  0.0000E+00
1

   Bdrx n.   6  "ofluence  " , generalized particle n.    1, from region n.     5 to region n.     4
      detector area:  1.0000E+02 cm**2
      this is a one way only estimator
      this is a fluence like estimator
      linear energy binning from   0.0000E+00 to  3.0000E+02 GeV,     1 bins ( 3.0000E+02 GeV wide)
      linear angular binning from  0.0000E+00 to  6.2832E+00 sr ,     1 bins ( 6.2832E+00 sr wide )
      Data follow in a matrix A(ie,ia), format (1(5x,1p,10(1x,e11.4)))

       5.3491E-06
