
 *****  Protons in Lexan (0.23GeV, 3.0cm)                                                 *****

           DATE: 12/ 1/18,  TIME: 10:31:36

          Total number of particles followed       10000000, for a total weight of  1.0000E+07

1

   Res. nuclei n.   1  "Ian       " ,  all         products, region n.     5
      detector volume:  1.0000E+00 cm**3
      Max. Z:  10, Max. N-Z:  11 Min. N-Z: -4
      Data follow in a matrix A(z,n-z-k), k: -5 format (1(5x,1p,10(1x,e11.4)))

       0.0000E+00  0.0000E+00  0.0000E+00  0.0000E+00  0.0000E+00  0.0000E+00  0.0000E+00  0.0000E+00  0.0000E+00  0.0000E+00
       0.0000E+00  0.0000E+00  0.0000E+00  0.0000E+00  0.0000E+00  2.0500E-05  0.0000E+00  1.2000E-06  0.0000E+00  0.0000E+00
       0.0000E+00  0.0000E+00  0.0000E+00  0.0000E+00  1.5630E-04  3.2790E-04  3.4700E-05  7.0500E-05  0.0000E+00  0.0000E+00
       3.8250E-02  4.2504E-03  0.0000E+00  2.0426E-03  0.0000E+00  6.2168E-03  8.4200E-05  1.5125E-03  0.0000E+00  0.0000E+00
       9.2559E-03  3.4018E-02  2.7950E-03  0.0000E+00  2.1768E-03  7.4868E-03  7.2650E-04  8.7846E-04  1.0000E-07  3.0000E-07
       2.3419E-03  0.0000E+00  1.5977E-03  4.5574E-04  4.1956E-03  3.9615E-04  1.0525E-03  1.1191E-06  0.0000E+00  0.0000E+00
       0.0000E+00  9.9300E-05  1.3210E-04  2.9750E-04  4.4865E-05  1.0290E-04  3.5746E-06  1.9000E-06  0.0000E+00  0.0000E+00
       0.0000E+00  0.0000E+00  9.2000E-06  1.8000E-06  2.4000E-06  1.0000E-07  1.7000E-06  0.0000E+00  0.0000E+00  0.0000E+00
       0.0000E+00  3.0000E-07  0.0000E+00  1.0000E-07  0.0000E+00  1.0000E-07  0.0000E+00  0.0000E+00  0.0000E+00  0.0000E+00
       0.0000E+00  0.0000E+00  0.0000E+00  0.0000E+00  0.0000E+00  0.0000E+00  0.0000E+00  0.0000E+00  0.0000E+00  0.0000E+00
       0.0000E+00  0.0000E+00  0.0000E+00  0.0000E+00  0.0000E+00  0.0000E+00  0.0000E+00  0.0000E+00  0.0000E+00  0.0000E+00
       0.0000E+00  0.0000E+00  0.0000E+00  0.0000E+00  0.0000E+00  0.0000E+00  0.0000E+00  0.0000E+00  0.0000E+00  0.0000E+00
       0.0000E+00  0.0000E+00  0.0000E+00  0.0000E+00  0.0000E+00  0.0000E+00  0.0000E+00  0.0000E+00  0.0000E+00  0.0000E+00
       0.0000E+00  0.0000E+00  0.0000E+00  0.0000E+00  0.0000E+00  0.0000E+00  0.0000E+00  0.0000E+00  0.0000E+00  0.0000E+00
       0.0000E+00  0.0000E+00  0.0000E+00  0.0000E+00  0.0000E+00  0.0000E+00  0.0000E+00  0.0000E+00  0.0000E+00  0.0000E+00
       0.0000E+00  0.0000E+00  0.0000E+00  0.0000E+00  0.0000E+00  0.0000E+00  0.0000E+00  0.0000E+00  0.0000E+00  0.0000E+00
