
 *****  Protons in Lexan (0.21GeV, 0cm)                                                   *****

           DATE: 12/21/18,  TIME:  4:45:36

          Total number of particles followed       50000000, for a total weight of  5.0000E+07

1

   Bdrx n.   2  "ofluence  " , generalized particle n.    1, from region n.     5 to region n.     4
      detector area:  1.0000E+02 cm**2
      this is a one way only estimator
      this is a fluence like estimator
      linear energy binning from   1.3000E-01 to  2.6000E-01 GeV,   650 bins ( 2.0000E-04 GeV wide)
      linear angular binning from  0.0000E+00 to  6.2832E+00 sr ,     1 bins ( 6.2832E+00 sr wide )
      Data follow in a matrix A(ie,ia), format (1(5x,1p,10(1x,e11.4)))

       1.4674E-04  1.5276E-04  1.4387E-04  1.5646E-04  1.6385E-04  1.5863E-04  1.5256E-04  1.5549E-04  1.5404E-04  1.5616E-04
       1.4748E-04  1.5643E-04  1.5677E-04  1.4552E-04  1.4513E-04  1.4478E-04  1.5180E-04  1.6009E-04  1.4880E-04  1.5487E-04
       1.4485E-04  1.5476E-04  1.4670E-04  1.5435E-04  1.4359E-04  1.6026E-04  1.4718E-04  1.4580E-04  1.4593E-04  1.4568E-04
       1.5434E-04  1.4858E-04  1.4901E-04  1.3903E-04  1.4760E-04  1.5838E-04  1.5247E-04  1.4490E-04  1.5158E-04  1.4493E-04
       1.5562E-04  1.4955E-04  1.5445E-04  1.3996E-04  1.4325E-04  1.5034E-04  1.4635E-04  1.3976E-04  1.4688E-04  1.5179E-04
       1.4326E-04  1.4908E-04  1.5760E-04  1.4134E-04  1.4482E-04  1.4577E-04  1.5062E-04  1.4810E-04  1.4088E-04  1.5354E-04
       1.4498E-04  1.4311E-04  1.5166E-04  1.4615E-04  1.3433E-04  1.4032E-04  1.4778E-04  1.4685E-04  1.5404E-04  1.3853E-04
       1.5210E-04  1.5326E-04  1.4877E-04  1.5084E-04  1.4695E-04  1.4241E-04  1.4258E-04  1.5031E-04  1.4634E-04  1.4959E-04
       1.4017E-04  1.4863E-04  1.3828E-04  1.4714E-04  1.5387E-04  1.3425E-04  1.4331E-04  1.4607E-04  1.3985E-04  1.4353E-04
       1.4476E-04  1.4215E-04  1.3456E-04  1.3678E-04  1.3899E-04  1.3687E-04  1.4244E-04  1.3822E-04  1.4513E-04  1.4193E-04
       1.3475E-04  1.4133E-04  1.4353E-04  1.4301E-04  1.4618E-04  1.3781E-04  1.4027E-04  1.3220E-04  1.2966E-04  1.3832E-04
       1.4576E-04  1.4355E-04  1.3695E-04  1.3318E-04  1.3065E-04  1.3347E-04  1.4430E-04  1.3592E-04  1.3840E-04  1.3079E-04
       1.3992E-04  1.3375E-04  1.4120E-04  1.3026E-04  1.3976E-04  1.4094E-04  1.3494E-04  1.3569E-04  1.3542E-04  1.4074E-04
       1.4300E-04  1.3892E-04  1.3840E-04  1.4414E-04  1.3409E-04  1.3987E-04  1.3401E-04  1.4408E-04  1.3486E-04  1.4093E-04
       1.4586E-04  1.4160E-04  1.3742E-04  1.3848E-04  1.3830E-04  1.4762E-04  1.3302E-04  1.4937E-04  1.3836E-04  1.3698E-04
       1.4861E-04  1.4159E-04  1.2832E-04  1.3915E-04  1.4082E-04  1.3922E-04  1.4159E-04  1.3524E-04  1.3637E-04  1.4146E-04
       1.4191E-04  1.2964E-04  1.3512E-04  1.3649E-04  1.2858E-04  1.3759E-04  1.3902E-04  1.3676E-04  1.2678E-04  1.3323E-04
       1.3604E-04  1.4055E-04  1.2992E-04  1.3418E-04  1.5150E-04  1.3399E-04  1.3313E-04  1.3061E-04  1.2988E-04  1.3749E-04
       1.3329E-04  1.3347E-04  1.2683E-04  1.3056E-04  1.2902E-04  1.2466E-04  1.2863E-04  1.3156E-04  1.3030E-04  1.4059E-04
       1.3110E-04  1.3131E-04  1.2941E-04  1.2849E-04  1.3056E-04  1.2395E-04  1.3530E-04  1.2593E-04  1.3177E-04  1.2693E-04
       1.2733E-04  1.3586E-04  1.2929E-04  1.3232E-04  1.3278E-04  1.2495E-04  1.2657E-04  1.2736E-04  1.2305E-04  1.1294E-04
       1.2559E-04  1.2767E-04  1.1169E-04  1.2680E-04  1.2934E-04  1.2605E-04  1.1714E-04  1.2187E-04  1.1761E-04  1.2357E-04
       1.1939E-04  1.1830E-04  1.2266E-04  1.1069E-04  1.2393E-04  1.1304E-04  1.1398E-04  1.1324E-04  1.1522E-04  1.1099E-04
       1.1532E-04  1.1850E-04  1.1707E-04  1.1749E-04  1.1478E-04  1.0893E-04  1.1228E-04  1.2220E-04  1.1041E-04  1.0786E-04
       1.0515E-04  1.0493E-04  1.1702E-04  1.0599E-04  1.0992E-04  1.0956E-04  1.0970E-04  1.0955E-04  1.0739E-04  9.4613E-05
       1.0171E-04  1.0186E-04  1.0304E-04  1.0043E-04  1.0136E-04  1.0266E-04  1.0405E-04  9.6548E-05  1.0152E-04  9.8280E-05
       1.0121E-04  1.0811E-04  1.0551E-04  9.9718E-05  9.8407E-05  1.0356E-04  9.4615E-05  9.5056E-05  9.5564E-05  9.5294E-05
       8.8862E-05  1.0070E-04  9.5640E-05  9.3892E-05  9.1011E-05  8.7021E-05  9.5472E-05  9.1541E-05  8.5849E-05  9.3417E-05
       8.9302E-05  9.0189E-05  9.2681E-05  8.5243E-05  8.9782E-05  8.6337E-05  8.6722E-05  8.9718E-05  8.6847E-05  8.5987E-05
       8.4413E-05  7.9960E-05  7.8818E-05  8.0946E-05  7.1754E-05  7.9391E-05  8.0407E-05  7.8803E-05  7.5085E-05  7.0094E-05
       7.0361E-05  6.8535E-05  7.8432E-05  6.7642E-05  7.4135E-05  6.3513E-05  6.4976E-05  6.4941E-05  6.5369E-05  7.0536E-05
       6.7433E-05  6.3006E-05  5.9047E-05  5.4999E-05  5.7788E-05  6.0819E-05  5.7368E-05  4.9382E-05  4.9689E-05  4.8993E-05
       5.1862E-05  4.5907E-05  4.0135E-05  4.4010E-05  4.1639E-05  3.4141E-05  3.8361E-05  3.6331E-05  3.4431E-05  3.5939E-05
       3.2851E-05  3.6357E-05  3.2218E-05  3.5935E-05  3.8342E-05  3.9069E-05  3.8541E-05  3.9047E-05  4.8321E-05  4.4170E-05
       4.9240E-05  4.6374E-05  5.6456E-05  5.7613E-05  5.7638E-05  6.4750E-05  6.1993E-05  6.3215E-05  6.6034E-05  7.2597E-05
       7.1822E-05  7.5684E-05  7.7871E-05  9.5087E-05  1.4289E-04  2.2699E-04  3.9490E-04  7.7344E-04  1.5418E-03  3.0326E-03
       5.8282E-03  1.0740E-02  1.9124E-02  3.2571E-02  5.3523E-02  8.4277E-02  1.2717E-01  1.8372E-01  2.5433E-01  3.3481E-01
       4.2323E-01  5.0992E-01  5.8827E-01  6.4676E-01  6.7821E-01  6.7849E-01  6.4724E-01  5.8778E-01  5.0959E-01  4.1984E-01
       3.2996E-01  2.4652E-01  1.7542E-01  1.1862E-01  7.6633E-02  4.6883E-02  2.7279E-02  1.5186E-02  7.9550E-03  3.9748E-03
       1.8907E-03  8.6028E-04  3.6973E-04  1.4611E-04  6.1118E-05  2.2123E-05  7.6397E-06  2.8649E-06  0.0000E+00  4.7748E-07
       0.0000E+00  1.5916E-07  0.0000E+00  0.0000E+00  0.0000E+00  0.0000E+00  0.0000E+00  0.0000E+00  0.0000E+00  0.0000E+00
       0.0000E+00  0.0000E+00  0.0000E+00  0.0000E+00  0.0000E+00  0.0000E+00  0.0000E+00  0.0000E+00  0.0000E+00  0.0000E+00
       0.0000E+00  0.0000E+00  0.0000E+00  0.0000E+00  0.0000E+00  0.0000E+00  0.0000E+00  0.0000E+00  0.0000E+00  0.0000E+00
       0.0000E+00  0.0000E+00  0.0000E+00  0.0000E+00  0.0000E+00  0.0000E+00  0.0000E+00  0.0000E+00  0.0000E+00  0.0000E+00
       0.0000E+00  0.0000E+00  0.0000E+00  0.0000E+00  0.0000E+00  0.0000E+00  0.0000E+00  0.0000E+00  0.0000E+00  0.0000E+00
       0.0000E+00  0.0000E+00  0.0000E+00  0.0000E+00  0.0000E+00  0.0000E+00  0.0000E+00  0.0000E+00  0.0000E+00  0.0000E+00
       0.0000E+00  0.0000E+00  0.0000E+00  0.0000E+00  0.0000E+00  0.0000E+00  0.0000E+00  0.0000E+00  0.0000E+00  0.0000E+00
       0.0000E+00  0.0000E+00  0.0000E+00  0.0000E+00  0.0000E+00  0.0000E+00  0.0000E+00  0.0000E+00  0.0000E+00  0.0000E+00
       0.0000E+00  0.0000E+00  0.0000E+00  0.0000E+00  0.0000E+00  0.0000E+00  0.0000E+00  0.0000E+00  0.0000E+00  0.0000E+00
       0.0000E+00  0.0000E+00  0.0000E+00  0.0000E+00  0.0000E+00  0.0000E+00  0.0000E+00  0.0000E+00  0.0000E+00  0.0000E+00
       0.0000E+00  0.0000E+00  0.0000E+00  0.0000E+00  0.0000E+00  0.0000E+00  0.0000E+00  0.0000E+00  0.0000E+00  0.0000E+00
       0.0000E+00  0.0000E+00  0.0000E+00  0.0000E+00  0.0000E+00  0.0000E+00  0.0000E+00  0.0000E+00  0.0000E+00  0.0000E+00
       0.0000E+00  0.0000E+00  0.0000E+00  0.0000E+00  0.0000E+00  0.0000E+00  0.0000E+00  0.0000E+00  0.0000E+00  0.0000E+00
       0.0000E+00  0.0000E+00  0.0000E+00  0.0000E+00  0.0000E+00  0.0000E+00  0.0000E+00  0.0000E+00  0.0000E+00  0.0000E+00
       0.0000E+00  0.0000E+00  0.0000E+00  0.0000E+00  0.0000E+00  0.0000E+00  0.0000E+00  0.0000E+00  0.0000E+00  0.0000E+00
       0.0000E+00  0.0000E+00  0.0000E+00  0.0000E+00  0.0000E+00  0.0000E+00  0.0000E+00  0.0000E+00  0.0000E+00  0.0000E+00
       0.0000E+00  0.0000E+00  0.0000E+00  0.0000E+00  0.0000E+00  0.0000E+00  0.0000E+00  0.0000E+00  0.0000E+00  0.0000E+00
       0.0000E+00  0.0000E+00  0.0000E+00  0.0000E+00  0.0000E+00  0.0000E+00  0.0000E+00  0.0000E+00  0.0000E+00  0.0000E+00
       0.0000E+00  0.0000E+00  0.0000E+00  0.0000E+00  0.0000E+00  0.0000E+00  0.0000E+00  0.0000E+00  0.0000E+00  0.0000E+00
       0.0000E+00  0.0000E+00  0.0000E+00  0.0000E+00  0.0000E+00  0.0000E+00  0.0000E+00  0.0000E+00  0.0000E+00  0.0000E+00
       0.0000E+00  0.0000E+00  0.0000E+00  0.0000E+00  0.0000E+00  0.0000E+00  0.0000E+00  0.0000E+00  0.0000E+00  0.0000E+00
       0.0000E+00  0.0000E+00  0.0000E+00  0.0000E+00  0.0000E+00  0.0000E+00  0.0000E+00  0.0000E+00  0.0000E+00  0.0000E+00
       0.0000E+00  0.0000E+00  0.0000E+00  0.0000E+00  0.0000E+00  0.0000E+00  0.0000E+00  0.0000E+00  0.0000E+00  0.0000E+00
       0.0000E+00  0.0000E+00  0.0000E+00  0.0000E+00  0.0000E+00  0.0000E+00  0.0000E+00  0.0000E+00  0.0000E+00  0.0000E+00
       0.0000E+00  0.0000E+00  0.0000E+00  0.0000E+00  0.0000E+00  0.0000E+00  0.0000E+00  0.0000E+00  0.0000E+00  0.0000E+00
1

   Bdrx n.   6  "ofluence  " , generalized particle n.    1, from region n.     5 to region n.     4
      detector area:  1.0000E+02 cm**2
      this is a one way only estimator
      this is a fluence like estimator
      linear energy binning from   0.0000E+00 to  3.0000E+02 GeV,     1 bins ( 3.0000E+02 GeV wide)
      linear angular binning from  0.0000E+00 to  6.2832E+00 sr ,     1 bins ( 6.2832E+00 sr wide )
      Data follow in a matrix A(ie,ia), format (1(5x,1p,10(1x,e11.4)))

       5.3412E-06
