
 *****  Protons in Lexan (0.21GeV, 0cm)                                                   *****

           DATE: 12/21/18,  TIME:  4:45:36

          Total number of particles followed       50000000, for a total weight of  5.0000E+07

1

   Res. nuclei n.   1  "Ian       " ,  all         products, region n.     5
      detector volume:  1.0000E+00 cm**3
      Max. Z:  10, Max. N-Z:  11 Min. N-Z: -4
      Data follow in a matrix A(z,n-z-k), k: -5 format (1(5x,1p,10(1x,e11.4)))

       0.0000E+00  0.0000E+00  0.0000E+00  0.0000E+00  0.0000E+00  0.0000E+00  0.0000E+00  0.0000E+00  0.0000E+00  0.0000E+00
       0.0000E+00  0.0000E+00  0.0000E+00  0.0000E+00  0.0000E+00  8.0800E-06  0.0000E+00  2.8000E-07  0.0000E+00  0.0000E+00
       0.0000E+00  0.0000E+00  0.0000E+00  0.0000E+00  5.1580E-05  1.0836E-04  1.1160E-05  2.3600E-05  0.0000E+00  0.0000E+00
       9.0219E-03  1.4359E-03  0.0000E+00  6.8428E-04  0.0000E+00  2.0644E-03  2.7220E-05  5.0598E-04  0.0000E+00  0.0000E+00
       2.3222E-03  1.1159E-02  9.2474E-04  0.0000E+00  7.1064E-04  2.3702E-03  2.3700E-04  2.7734E-04  0.0000E+00  8.0000E-08
       7.4166E-04  0.0000E+00  5.2394E-04  1.4224E-04  1.3239E-03  1.2804E-04  3.2446E-04  5.6000E-07  0.0000E+00  0.0000E+00
       0.0000E+00  3.0800E-05  4.2280E-05  9.2500E-05  1.4100E-05  3.4460E-05  5.8000E-07  4.6000E-07  0.0000E+00  0.0000E+00
       0.0000E+00  0.0000E+00  2.9000E-06  4.8000E-07  1.1800E-06  4.0000E-08  5.8000E-07  0.0000E+00  0.0000E+00  0.0000E+00
       0.0000E+00  1.0000E-07  0.0000E+00  2.0000E-08  0.0000E+00  2.0000E-08  0.0000E+00  0.0000E+00  0.0000E+00  0.0000E+00
       0.0000E+00  0.0000E+00  2.0000E-08  0.0000E+00  0.0000E+00  0.0000E+00  0.0000E+00  0.0000E+00  0.0000E+00  0.0000E+00
       0.0000E+00  0.0000E+00  0.0000E+00  0.0000E+00  0.0000E+00  0.0000E+00  0.0000E+00  0.0000E+00  0.0000E+00  0.0000E+00
       0.0000E+00  0.0000E+00  0.0000E+00  0.0000E+00  0.0000E+00  0.0000E+00  0.0000E+00  0.0000E+00  0.0000E+00  0.0000E+00
       0.0000E+00  0.0000E+00  0.0000E+00  0.0000E+00  0.0000E+00  0.0000E+00  0.0000E+00  0.0000E+00  0.0000E+00  0.0000E+00
       0.0000E+00  0.0000E+00  0.0000E+00  0.0000E+00  0.0000E+00  0.0000E+00  0.0000E+00  0.0000E+00  0.0000E+00  0.0000E+00
       0.0000E+00  0.0000E+00  0.0000E+00  0.0000E+00  0.0000E+00  0.0000E+00  0.0000E+00  0.0000E+00  0.0000E+00  0.0000E+00
       0.0000E+00  0.0000E+00  0.0000E+00  0.0000E+00  0.0000E+00  0.0000E+00  0.0000E+00  0.0000E+00  0.0000E+00  0.0000E+00
