
 *****  Protons in Lexan (0.21GeV, 0cm)                                                   *****

           DATE: 12/21/18,  TIME:  4:45:36

          Total number of particles followed       50000000, for a total weight of  5.0000E+07

1

   Bdrx n.   4  "ocurrent  " , generalized particle n.    1, from region n.     5 to region n.     4
      detector area:  1.0000E+02 cm**2
      this is a one way only estimator
      this is a current like estimator
      linear energy binning from   1.3000E-01 to  2.6000E-01 GeV,   650 bins ( 2.0000E-04 GeV wide)
      linear angular binning from  0.0000E+00 to  6.2832E+00 sr ,     1 bins ( 6.2832E+00 sr wide )
      Data follow in a matrix A(ie,ia), format (1(5x,1p,10(1x,e11.4)))

       1.1730E-04  1.2032E-04  1.1459E-04  1.2287E-04  1.3003E-04  1.2350E-04  1.2207E-04  1.2335E-04  1.2239E-04  1.2478E-04
       1.1730E-04  1.2287E-04  1.2573E-04  1.1682E-04  1.1571E-04  1.1427E-04  1.2239E-04  1.2844E-04  1.1841E-04  1.2239E-04
       1.1634E-04  1.2366E-04  1.1682E-04  1.2414E-04  1.1459E-04  1.2876E-04  1.1984E-04  1.1777E-04  1.1666E-04  1.1889E-04
       1.2303E-04  1.1905E-04  1.1889E-04  1.1109E-04  1.1762E-04  1.2669E-04  1.2191E-04  1.1746E-04  1.1841E-04  1.1762E-04
       1.2446E-04  1.2144E-04  1.2557E-04  1.1284E-04  1.1650E-04  1.2239E-04  1.2159E-04  1.1252E-04  1.2000E-04  1.2207E-04
       1.1698E-04  1.2080E-04  1.2525E-04  1.1491E-04  1.1841E-04  1.1984E-04  1.2350E-04  1.2048E-04  1.1491E-04  1.2621E-04
       1.1905E-04  1.1825E-04  1.2510E-04  1.2112E-04  1.1141E-04  1.1618E-04  1.2207E-04  1.2016E-04  1.2637E-04  1.1475E-04
       1.2557E-04  1.2557E-04  1.2239E-04  1.2303E-04  1.2223E-04  1.1746E-04  1.1905E-04  1.2446E-04  1.2191E-04  1.2191E-04
       1.1793E-04  1.2366E-04  1.1539E-04  1.2398E-04  1.2860E-04  1.1300E-04  1.1889E-04  1.2207E-04  1.1618E-04  1.2016E-04
       1.2112E-04  1.1841E-04  1.1284E-04  1.1411E-04  1.1698E-04  1.1475E-04  1.2016E-04  1.1634E-04  1.2335E-04  1.2032E-04
       1.1252E-04  1.1984E-04  1.2159E-04  1.2096E-04  1.2462E-04  1.1539E-04  1.1746E-04  1.1141E-04  1.1093E-04  1.1682E-04
       1.2366E-04  1.2223E-04  1.1586E-04  1.1316E-04  1.1141E-04  1.1284E-04  1.2239E-04  1.1539E-04  1.1825E-04  1.1205E-04
       1.1984E-04  1.1380E-04  1.2096E-04  1.1125E-04  1.1937E-04  1.1953E-04  1.1634E-04  1.1586E-04  1.1634E-04  1.2128E-04
       1.2223E-04  1.1921E-04  1.1857E-04  1.2223E-04  1.1523E-04  1.2128E-04  1.1586E-04  1.2319E-04  1.1650E-04  1.2048E-04
       1.2510E-04  1.2239E-04  1.1841E-04  1.1921E-04  1.1873E-04  1.2732E-04  1.1507E-04  1.2780E-04  1.1984E-04  1.1793E-04
       1.2764E-04  1.2303E-04  1.1157E-04  1.2096E-04  1.2303E-04  1.2112E-04  1.2319E-04  1.1698E-04  1.1841E-04  1.2271E-04
       1.2382E-04  1.1236E-04  1.1777E-04  1.1889E-04  1.1252E-04  1.2080E-04  1.2175E-04  1.1953E-04  1.1045E-04  1.1682E-04
       1.1953E-04  1.2303E-04  1.1475E-04  1.1793E-04  1.3226E-04  1.1825E-04  1.1586E-04  1.1459E-04  1.1507E-04  1.2016E-04
       1.1777E-04  1.1730E-04  1.1268E-04  1.1571E-04  1.1427E-04  1.1029E-04  1.1300E-04  1.1730E-04  1.1602E-04  1.2430E-04
       1.1586E-04  1.1586E-04  1.1475E-04  1.1459E-04  1.1666E-04  1.1125E-04  1.2080E-04  1.1173E-04  1.1762E-04  1.1364E-04
       1.1332E-04  1.2144E-04  1.1539E-04  1.1841E-04  1.1984E-04  1.1109E-04  1.1332E-04  1.1316E-04  1.1029E-04  9.8835E-05
       1.1316E-04  1.1571E-04  1.0059E-04  1.1427E-04  1.1555E-04  1.1427E-04  1.0568E-04  1.0902E-04  1.0679E-04  1.1125E-04
       1.0854E-04  1.0711E-04  1.1093E-04  1.0090E-04  1.1220E-04  1.0329E-04  1.0345E-04  1.0281E-04  1.0456E-04  1.0090E-04
       1.0441E-04  1.0759E-04  1.0663E-04  1.0616E-04  1.0441E-04  9.8676E-05  1.0154E-04  1.1093E-04  1.0043E-04  9.8517E-05
       9.6130E-05  9.6130E-05  1.0632E-04  9.6766E-05  1.0011E-04  1.0059E-04  9.9472E-05  1.0011E-04  9.8199E-05  8.7217E-05
       9.3901E-05  9.3265E-05  9.4856E-05  9.2628E-05  9.2946E-05  9.4220E-05  9.5652E-05  8.9127E-05  9.3265E-05  9.0718E-05
       9.3424E-05  9.9313E-05  9.7721E-05  9.2310E-05  9.0241E-05  9.5652E-05  8.7535E-05  8.8172E-05  8.8331E-05  8.8013E-05
       8.2920E-05  9.3742E-05  8.8968E-05  8.7217E-05  8.4670E-05  8.0373E-05  8.9127E-05  8.5148E-05  7.9896E-05  8.7058E-05
       8.2601E-05  8.3875E-05  8.6103E-05  7.9577E-05  8.4511E-05  8.0214E-05  8.1169E-05  8.4193E-05  8.1328E-05  8.0692E-05
       7.8941E-05  7.5121E-05  7.4485E-05  7.5121E-05  6.7641E-05  7.4007E-05  7.5439E-05  7.2097E-05  7.0983E-05  6.6686E-05
       6.6208E-05  6.5254E-05  7.4325E-05  6.4299E-05  7.0346E-05  6.0638E-05  6.1911E-05  6.1593E-05  6.1593E-05  6.6686E-05
       6.3344E-05  5.9206E-05  5.6182E-05  5.1089E-05  5.4908E-05  5.7773E-05  5.3954E-05  4.6473E-05  4.7428E-05  4.6155E-05
       4.8861E-05  4.2813E-05  3.7401E-05  4.1539E-05  3.8356E-05  3.1990E-05  3.4855E-05  3.1831E-05  3.1831E-05  3.2786E-05
       3.0080E-05  3.3582E-05  2.8966E-05  3.3104E-05  3.5651E-05  3.6446E-05  3.5651E-05  3.5969E-05  4.3768E-05  4.0744E-05
       4.6155E-05  4.3290E-05  5.2999E-05  5.3317E-05  5.4113E-05  6.1752E-05  5.8569E-05  6.0479E-05  6.2707E-05  6.8596E-05
       6.8755E-05  7.1938E-05  7.4325E-05  9.1514E-05  1.3894E-04  2.2218E-04  3.9025E-04  7.6808E-04  1.5355E-03  3.0249E-03
       5.8193E-03  1.0715E-02  1.9110E-02  3.2553E-02  5.3502E-02  8.4252E-02  1.2714E-01  1.8369E-01  2.5429E-01  3.3476E-01
       4.2318E-01  5.0987E-01  5.8822E-01  6.4671E-01  6.7815E-01  6.7844E-01  6.4719E-01  5.8774E-01  5.0955E-01  4.1981E-01
       3.2995E-01  2.4650E-01  1.7541E-01  1.1862E-01  7.6629E-02  4.6881E-02  2.7278E-02  1.5186E-02  7.9546E-03  3.9746E-03
       1.8906E-03  8.6023E-04  3.6972E-04  1.4610E-04  6.1115E-05  2.2123E-05  7.6394E-06  2.8648E-06  0.0000E+00  4.7746E-07
       0.0000E+00  1.5915E-07  0.0000E+00  0.0000E+00  0.0000E+00  0.0000E+00  0.0000E+00  0.0000E+00  0.0000E+00  0.0000E+00
       0.0000E+00  0.0000E+00  0.0000E+00  0.0000E+00  0.0000E+00  0.0000E+00  0.0000E+00  0.0000E+00  0.0000E+00  0.0000E+00
       0.0000E+00  0.0000E+00  0.0000E+00  0.0000E+00  0.0000E+00  0.0000E+00  0.0000E+00  0.0000E+00  0.0000E+00  0.0000E+00
       0.0000E+00  0.0000E+00  0.0000E+00  0.0000E+00  0.0000E+00  0.0000E+00  0.0000E+00  0.0000E+00  0.0000E+00  0.0000E+00
       0.0000E+00  0.0000E+00  0.0000E+00  0.0000E+00  0.0000E+00  0.0000E+00  0.0000E+00  0.0000E+00  0.0000E+00  0.0000E+00
       0.0000E+00  0.0000E+00  0.0000E+00  0.0000E+00  0.0000E+00  0.0000E+00  0.0000E+00  0.0000E+00  0.0000E+00  0.0000E+00
       0.0000E+00  0.0000E+00  0.0000E+00  0.0000E+00  0.0000E+00  0.0000E+00  0.0000E+00  0.0000E+00  0.0000E+00  0.0000E+00
       0.0000E+00  0.0000E+00  0.0000E+00  0.0000E+00  0.0000E+00  0.0000E+00  0.0000E+00  0.0000E+00  0.0000E+00  0.0000E+00
       0.0000E+00  0.0000E+00  0.0000E+00  0.0000E+00  0.0000E+00  0.0000E+00  0.0000E+00  0.0000E+00  0.0000E+00  0.0000E+00
       0.0000E+00  0.0000E+00  0.0000E+00  0.0000E+00  0.0000E+00  0.0000E+00  0.0000E+00  0.0000E+00  0.0000E+00  0.0000E+00
       0.0000E+00  0.0000E+00  0.0000E+00  0.0000E+00  0.0000E+00  0.0000E+00  0.0000E+00  0.0000E+00  0.0000E+00  0.0000E+00
       0.0000E+00  0.0000E+00  0.0000E+00  0.0000E+00  0.0000E+00  0.0000E+00  0.0000E+00  0.0000E+00  0.0000E+00  0.0000E+00
       0.0000E+00  0.0000E+00  0.0000E+00  0.0000E+00  0.0000E+00  0.0000E+00  0.0000E+00  0.0000E+00  0.0000E+00  0.0000E+00
       0.0000E+00  0.0000E+00  0.0000E+00  0.0000E+00  0.0000E+00  0.0000E+00  0.0000E+00  0.0000E+00  0.0000E+00  0.0000E+00
       0.0000E+00  0.0000E+00  0.0000E+00  0.0000E+00  0.0000E+00  0.0000E+00  0.0000E+00  0.0000E+00  0.0000E+00  0.0000E+00
       0.0000E+00  0.0000E+00  0.0000E+00  0.0000E+00  0.0000E+00  0.0000E+00  0.0000E+00  0.0000E+00  0.0000E+00  0.0000E+00
       0.0000E+00  0.0000E+00  0.0000E+00  0.0000E+00  0.0000E+00  0.0000E+00  0.0000E+00  0.0000E+00  0.0000E+00  0.0000E+00
       0.0000E+00  0.0000E+00  0.0000E+00  0.0000E+00  0.0000E+00  0.0000E+00  0.0000E+00  0.0000E+00  0.0000E+00  0.0000E+00
       0.0000E+00  0.0000E+00  0.0000E+00  0.0000E+00  0.0000E+00  0.0000E+00  0.0000E+00  0.0000E+00  0.0000E+00  0.0000E+00
       0.0000E+00  0.0000E+00  0.0000E+00  0.0000E+00  0.0000E+00  0.0000E+00  0.0000E+00  0.0000E+00  0.0000E+00  0.0000E+00
       0.0000E+00  0.0000E+00  0.0000E+00  0.0000E+00  0.0000E+00  0.0000E+00  0.0000E+00  0.0000E+00  0.0000E+00  0.0000E+00
       0.0000E+00  0.0000E+00  0.0000E+00  0.0000E+00  0.0000E+00  0.0000E+00  0.0000E+00  0.0000E+00  0.0000E+00  0.0000E+00
       0.0000E+00  0.0000E+00  0.0000E+00  0.0000E+00  0.0000E+00  0.0000E+00  0.0000E+00  0.0000E+00  0.0000E+00  0.0000E+00
       0.0000E+00  0.0000E+00  0.0000E+00  0.0000E+00  0.0000E+00  0.0000E+00  0.0000E+00  0.0000E+00  0.0000E+00  0.0000E+00
       0.0000E+00  0.0000E+00  0.0000E+00  0.0000E+00  0.0000E+00  0.0000E+00  0.0000E+00  0.0000E+00  0.0000E+00  0.0000E+00
