
 *****  Protons in Lexan (0.15GeV, 5.0cm)                                                 *****

           DATE: 12/13/18,  TIME:  8:14:16

          Total number of particles followed        1000000, for a total weight of  1.0000E+06

1

   Res. nuclei n.   1  "Ian       " ,  all         products, region n.     5
      detector volume:  1.0000E+00 cm**3
      Max. Z:  10, Max. N-Z:  11 Min. N-Z: -4
      Data follow in a matrix A(z,n-z-k), k: -5 format (1(5x,1p,10(1x,e11.4)))

       0.0000E+00  0.0000E+00  0.0000E+00  0.0000E+00  0.0000E+00  0.0000E+00  0.0000E+00  0.0000E+00  0.0000E+00  0.0000E+00
       0.0000E+00  0.0000E+00  0.0000E+00  0.0000E+00  0.0000E+00  1.2000E-05  0.0000E+00  7.0000E-06  0.0000E+00  0.0000E+00
       0.0000E+00  0.0000E+00  0.0000E+00  0.0000E+00  1.6300E-04  3.2500E-04  9.5000E-05  3.1500E-04  0.0000E+00  0.0000E+00
       2.1496E+00  5.2230E-03  0.0000E+00  1.7440E-03  0.0000E+00  5.8550E-03  1.0830E-03  1.9108E-02  2.0000E-06  0.0000E+00
       1.0197E+00  9.9580E-02  4.5280E-03  0.0000E+00  2.8580E-03  3.1103E-02  9.7714E-03  4.5882E-02  8.0000E-06  6.0000E-06
       2.2018E-03  0.0000E+00  1.2240E-03  7.4378E-04  4.8390E-03  4.7316E-03  1.5972E-02  4.5561E-05  1.0000E-06  0.0000E+00
       0.0000E+00  5.2000E-05  9.1000E-05  3.5200E-04  1.0800E-04  1.1650E-03  9.9205E-05  6.2000E-05  0.0000E+00  0.0000E+00
       0.0000E+00  0.0000E+00  2.0000E-06  5.0000E-06  6.0000E-06  1.0000E-06  1.2000E-05  0.0000E+00  0.0000E+00  0.0000E+00
       0.0000E+00  0.0000E+00  0.0000E+00  0.0000E+00  0.0000E+00  0.0000E+00  1.0000E-06  0.0000E+00  0.0000E+00  0.0000E+00
       0.0000E+00  0.0000E+00  0.0000E+00  0.0000E+00  0.0000E+00  0.0000E+00  0.0000E+00  0.0000E+00  0.0000E+00  0.0000E+00
       0.0000E+00  0.0000E+00  0.0000E+00  0.0000E+00  0.0000E+00  0.0000E+00  0.0000E+00  0.0000E+00  0.0000E+00  0.0000E+00
       0.0000E+00  0.0000E+00  0.0000E+00  0.0000E+00  0.0000E+00  0.0000E+00  0.0000E+00  0.0000E+00  0.0000E+00  0.0000E+00
       0.0000E+00  0.0000E+00  0.0000E+00  0.0000E+00  0.0000E+00  0.0000E+00  0.0000E+00  0.0000E+00  0.0000E+00  0.0000E+00
       0.0000E+00  0.0000E+00  0.0000E+00  0.0000E+00  0.0000E+00  0.0000E+00  0.0000E+00  0.0000E+00  0.0000E+00  0.0000E+00
       0.0000E+00  0.0000E+00  0.0000E+00  0.0000E+00  0.0000E+00  0.0000E+00  0.0000E+00  0.0000E+00  0.0000E+00  0.0000E+00
       0.0000E+00  0.0000E+00  0.0000E+00  0.0000E+00  0.0000E+00  0.0000E+00  0.0000E+00  0.0000E+00  0.0000E+00  0.0000E+00
