
 *****  Protons in Lexan (0.11GeV, 0cm)                                                   *****

           DATE: 12/20/18,  TIME: 22:46:11

          Total number of particles followed       50000000, for a total weight of  5.0000E+07

1

   Bdrx n.   2  "ofluence  " , generalized particle n.    1, from region n.     5 to region n.     4
      detector area:  1.0000E+02 cm**2
      this is a one way only estimator
      this is a fluence like estimator
      linear energy binning from   3.0000E-02 to  1.6000E-01 GeV,   650 bins ( 2.0000E-04 GeV wide)
      linear angular binning from  0.0000E+00 to  6.2832E+00 sr ,     1 bins ( 6.2832E+00 sr wide )
      Data follow in a matrix A(ie,ia), format (1(5x,1p,10(1x,e11.4)))

       2.7428E-04  2.7770E-04  2.5481E-04  2.6677E-04  2.9312E-04  2.6655E-04  2.7689E-04  2.6452E-04  2.7024E-04  2.7640E-04
       2.7145E-04  2.8560E-04  2.8123E-04  2.8631E-04  2.7224E-04  2.6950E-04  2.7709E-04  2.8825E-04  2.7822E-04  2.9024E-04
       2.8997E-04  2.9170E-04  2.7684E-04  2.8517E-04  2.6977E-04  2.7924E-04  2.7329E-04  2.9008E-04  2.9784E-04  2.7138E-04
       2.7497E-04  2.8046E-04  2.8443E-04  2.8831E-04  3.1134E-04  2.7420E-04  2.7566E-04  2.8141E-04  2.9398E-04  2.8306E-04
       2.8061E-04  2.8598E-04  2.7877E-04  2.7124E-04  2.8681E-04  2.7128E-04  2.7666E-04  3.0311E-04  2.7242E-04  2.9086E-04
       2.6950E-04  2.9141E-04  2.8277E-04  2.8868E-04  2.9492E-04  2.8437E-04  2.7658E-04  2.7232E-04  2.9310E-04  2.9026E-04
       2.9301E-04  2.8308E-04  2.7414E-04  2.9018E-04  2.8123E-04  2.9706E-04  2.7054E-04  2.8856E-04  2.8513E-04  2.8203E-04
       2.7931E-04  3.0491E-04  2.7912E-04  2.9913E-04  2.6559E-04  2.8186E-04  2.8470E-04  2.7656E-04  3.0113E-04  2.8592E-04
       2.9882E-04  2.8366E-04  2.8136E-04  2.8388E-04  2.9612E-04  2.9645E-04  2.8097E-04  2.9389E-04  2.8576E-04  2.9167E-04
       2.7168E-04  3.0042E-04  2.9491E-04  2.7930E-04  2.7989E-04  2.8530E-04  2.7895E-04  2.8313E-04  2.8060E-04  2.8012E-04
       3.0060E-04  3.0866E-04  3.1242E-04  2.9509E-04  2.9635E-04  2.8419E-04  2.7685E-04  2.9736E-04  2.8531E-04  2.7569E-04
       2.8901E-04  2.9091E-04  2.8702E-04  2.9417E-04  2.9385E-04  2.8420E-04  2.8737E-04  2.8674E-04  2.9437E-04  2.8713E-04
       2.9289E-04  2.7240E-04  2.7557E-04  2.9311E-04  2.9434E-04  2.8742E-04  2.8485E-04  2.8165E-04  2.8904E-04  2.8510E-04
       2.8872E-04  2.9857E-04  2.9208E-04  3.0299E-04  2.9166E-04  3.1387E-04  2.8834E-04  2.9747E-04  2.8909E-04  2.8575E-04
       2.8674E-04  2.9388E-04  2.8837E-04  2.8100E-04  2.8952E-04  2.9606E-04  2.9194E-04  2.9569E-04  2.8060E-04  2.8650E-04
       2.7714E-04  2.9428E-04  2.9341E-04  2.7827E-04  2.9198E-04  2.8326E-04  2.7170E-04  2.9199E-04  2.7965E-04  2.9050E-04
       2.9606E-04  2.9116E-04  2.8186E-04  2.7979E-04  2.7626E-04  2.9395E-04  2.9594E-04  2.8111E-04  2.7565E-04  3.0088E-04
       2.9893E-04  2.8275E-04  2.9413E-04  2.8219E-04  2.9101E-04  2.7174E-04  2.6142E-04  2.8494E-04  2.8048E-04  2.8173E-04
       2.8111E-04  2.9113E-04  2.8864E-04  2.6853E-04  2.7716E-04  2.7074E-04  2.8441E-04  2.7894E-04  2.6671E-04  2.8126E-04
       2.6323E-04  2.8058E-04  2.7286E-04  2.7456E-04  2.6999E-04  2.6905E-04  2.7411E-04  2.6903E-04  2.6455E-04  2.7047E-04
       2.6289E-04  2.4753E-04  2.6817E-04  2.6524E-04  2.7688E-04  2.6434E-04  2.6634E-04  2.6026E-04  2.6354E-04  2.5036E-04
       2.5713E-04  2.5653E-04  2.4636E-04  2.6047E-04  2.5116E-04  2.5014E-04  2.4739E-04  2.4017E-04  2.5717E-04  2.5178E-04
       2.4571E-04  2.5230E-04  2.4287E-04  2.5171E-04  2.4803E-04  2.5002E-04  2.5046E-04  2.4079E-04  2.4235E-04  2.3641E-04
       2.3290E-04  2.3565E-04  2.3940E-04  2.3872E-04  2.3110E-04  2.2459E-04  2.3731E-04  2.2326E-04  2.4454E-04  2.3029E-04
       2.1944E-04  2.2189E-04  2.3279E-04  2.3334E-04  2.3071E-04  2.1741E-04  2.2016E-04  2.1879E-04  2.1528E-04  2.2268E-04
       2.3445E-04  2.0496E-04  2.1302E-04  2.1944E-04  2.0741E-04  2.1303E-04  2.1102E-04  2.2168E-04  2.1494E-04  2.1700E-04
       2.0527E-04  2.0427E-04  2.0629E-04  1.9655E-04  2.0962E-04  2.1515E-04  2.1050E-04  1.9925E-04  2.1207E-04  1.9916E-04
       1.9249E-04  2.0515E-04  1.9372E-04  1.9883E-04  1.9863E-04  1.8669E-04  1.8808E-04  1.8486E-04  1.9625E-04  1.8287E-04
       1.8250E-04  1.7841E-04  1.7976E-04  1.8268E-04  1.7555E-04  1.7910E-04  1.7729E-04  1.6997E-04  1.6525E-04  1.7140E-04
       1.5896E-04  1.6096E-04  1.7118E-04  1.6391E-04  1.5940E-04  1.4456E-04  1.5553E-04  1.4941E-04  1.4383E-04  1.3848E-04
       1.4824E-04  1.3075E-04  1.2998E-04  1.1585E-04  1.1099E-04  1.0909E-04  1.0112E-04  9.8426E-05  1.0007E-04  9.3008E-05
       8.9591E-05  8.0861E-05  8.6863E-05  8.2020E-05  8.3164E-05  8.5904E-05  9.4143E-05  9.1701E-05  9.3036E-05  9.2593E-05
       9.7383E-05  1.0146E-04  1.0374E-04  1.0084E-04  1.0838E-04  1.0532E-04  1.1769E-04  1.2960E-04  1.2538E-04  1.4662E-04
       1.5951E-04  1.6828E-04  1.8520E-04  1.9097E-04  2.0025E-04  2.0948E-04  1.9870E-04  1.9145E-04  1.8792E-04  1.8094E-04
       1.7038E-04  1.9142E-04  2.0246E-04  2.4983E-04  2.9495E-04  3.8575E-04  5.3016E-04  8.2923E-04  1.4897E-03  3.2299E-03
       7.4787E-03  1.7541E-02  4.0141E-02  8.5865E-02  1.6854E-01  3.0073E-01  4.8420E-01  7.0130E-01  9.0775E-01  1.0489E+00
       1.0767E+00  9.7859E-01  7.8539E-01  5.5580E-01  3.4469E-01  1.8733E-01  8.8943E-02  3.6779E-02  1.3231E-02  4.1165E-03
       1.1060E-03  2.5691E-04  4.9983E-05  9.5504E-06  1.1142E-06  0.0000E+00  0.0000E+00  0.0000E+00  0.0000E+00  0.0000E+00
       0.0000E+00  0.0000E+00  0.0000E+00  0.0000E+00  0.0000E+00  0.0000E+00  0.0000E+00  0.0000E+00  0.0000E+00  0.0000E+00
       0.0000E+00  0.0000E+00  0.0000E+00  0.0000E+00  0.0000E+00  0.0000E+00  0.0000E+00  0.0000E+00  0.0000E+00  0.0000E+00
       0.0000E+00  0.0000E+00  0.0000E+00  0.0000E+00  0.0000E+00  0.0000E+00  0.0000E+00  0.0000E+00  0.0000E+00  0.0000E+00
       0.0000E+00  0.0000E+00  0.0000E+00  0.0000E+00  0.0000E+00  0.0000E+00  0.0000E+00  0.0000E+00  0.0000E+00  0.0000E+00
       0.0000E+00  0.0000E+00  0.0000E+00  0.0000E+00  0.0000E+00  0.0000E+00  0.0000E+00  0.0000E+00  0.0000E+00  0.0000E+00
       0.0000E+00  0.0000E+00  0.0000E+00  0.0000E+00  0.0000E+00  0.0000E+00  0.0000E+00  0.0000E+00  0.0000E+00  0.0000E+00
       0.0000E+00  0.0000E+00  0.0000E+00  0.0000E+00  0.0000E+00  0.0000E+00  0.0000E+00  0.0000E+00  0.0000E+00  0.0000E+00
       0.0000E+00  0.0000E+00  0.0000E+00  0.0000E+00  0.0000E+00  0.0000E+00  0.0000E+00  0.0000E+00  0.0000E+00  0.0000E+00
       0.0000E+00  0.0000E+00  0.0000E+00  0.0000E+00  0.0000E+00  0.0000E+00  0.0000E+00  0.0000E+00  0.0000E+00  0.0000E+00
       0.0000E+00  0.0000E+00  0.0000E+00  0.0000E+00  0.0000E+00  0.0000E+00  0.0000E+00  0.0000E+00  0.0000E+00  0.0000E+00
       0.0000E+00  0.0000E+00  0.0000E+00  0.0000E+00  0.0000E+00  0.0000E+00  0.0000E+00  0.0000E+00  0.0000E+00  0.0000E+00
       0.0000E+00  0.0000E+00  0.0000E+00  0.0000E+00  0.0000E+00  0.0000E+00  0.0000E+00  0.0000E+00  0.0000E+00  0.0000E+00
       0.0000E+00  0.0000E+00  0.0000E+00  0.0000E+00  0.0000E+00  0.0000E+00  0.0000E+00  0.0000E+00  0.0000E+00  0.0000E+00
       0.0000E+00  0.0000E+00  0.0000E+00  0.0000E+00  0.0000E+00  0.0000E+00  0.0000E+00  0.0000E+00  0.0000E+00  0.0000E+00
       0.0000E+00  0.0000E+00  0.0000E+00  0.0000E+00  0.0000E+00  0.0000E+00  0.0000E+00  0.0000E+00  0.0000E+00  0.0000E+00
       0.0000E+00  0.0000E+00  0.0000E+00  0.0000E+00  0.0000E+00  0.0000E+00  0.0000E+00  0.0000E+00  0.0000E+00  0.0000E+00
       0.0000E+00  0.0000E+00  0.0000E+00  0.0000E+00  0.0000E+00  0.0000E+00  0.0000E+00  0.0000E+00  0.0000E+00  0.0000E+00
       0.0000E+00  0.0000E+00  0.0000E+00  0.0000E+00  0.0000E+00  0.0000E+00  0.0000E+00  0.0000E+00  0.0000E+00  0.0000E+00
       0.0000E+00  0.0000E+00  0.0000E+00  0.0000E+00  0.0000E+00  0.0000E+00  0.0000E+00  0.0000E+00  0.0000E+00  0.0000E+00
       0.0000E+00  0.0000E+00  0.0000E+00  0.0000E+00  0.0000E+00  0.0000E+00  0.0000E+00  0.0000E+00  0.0000E+00  0.0000E+00
       0.0000E+00  0.0000E+00  0.0000E+00  0.0000E+00  0.0000E+00  0.0000E+00  0.0000E+00  0.0000E+00  0.0000E+00  0.0000E+00
       0.0000E+00  0.0000E+00  0.0000E+00  0.0000E+00  0.0000E+00  0.0000E+00  0.0000E+00  0.0000E+00  0.0000E+00  0.0000E+00
       0.0000E+00  0.0000E+00  0.0000E+00  0.0000E+00  0.0000E+00  0.0000E+00  0.0000E+00  0.0000E+00  0.0000E+00  0.0000E+00
       0.0000E+00  0.0000E+00  0.0000E+00  0.0000E+00  0.0000E+00  0.0000E+00  0.0000E+00  0.0000E+00  0.0000E+00  0.0000E+00
       0.0000E+00  0.0000E+00  0.0000E+00  0.0000E+00  0.0000E+00  0.0000E+00  0.0000E+00  0.0000E+00  0.0000E+00  0.0000E+00
       0.0000E+00  0.0000E+00  0.0000E+00  0.0000E+00  0.0000E+00  0.0000E+00  0.0000E+00  0.0000E+00  0.0000E+00  0.0000E+00
       0.0000E+00  0.0000E+00  0.0000E+00  0.0000E+00  0.0000E+00  0.0000E+00  0.0000E+00  0.0000E+00  0.0000E+00  0.0000E+00
1

   Bdrx n.   6  "ofluence  " , generalized particle n.    1, from region n.     5 to region n.     4
      detector area:  1.0000E+02 cm**2
      this is a one way only estimator
      this is a fluence like estimator
      linear energy binning from   0.0000E+00 to  3.0000E+02 GeV,     1 bins ( 3.0000E+02 GeV wide)
      linear angular binning from  0.0000E+00 to  6.2832E+00 sr ,     1 bins ( 6.2832E+00 sr wide )
      Data follow in a matrix A(ie,ia), format (1(5x,1p,10(1x,e11.4)))

       5.3043E-06
