
 *****  Protons in Lexan (0.11GeV, 0cm)                                                   *****

           DATE: 12/20/18,  TIME: 22:46:11

          Total number of particles followed       50000000, for a total weight of  5.0000E+07

1

   Bdrx n.   4  "ocurrent  " , generalized particle n.    1, from region n.     5 to region n.     4
      detector area:  1.0000E+02 cm**2
      this is a one way only estimator
      this is a current like estimator
      linear energy binning from   3.0000E-02 to  1.6000E-01 GeV,   650 bins ( 2.0000E-04 GeV wide)
      linear angular binning from  0.0000E+00 to  6.2832E+00 sr ,     1 bins ( 6.2832E+00 sr wide )
      Data follow in a matrix A(ie,ia), format (1(5x,1p,10(1x,e11.4)))

       1.7587E-04  1.7093E-04  1.6600E-04  1.7252E-04  1.8271E-04  1.7045E-04  1.7746E-04  1.7252E-04  1.7650E-04  1.7937E-04
       1.7268E-04  1.7825E-04  1.7809E-04  1.7682E-04  1.7571E-04  1.7682E-04  1.7730E-04  1.8319E-04  1.7953E-04  1.7714E-04
       1.8717E-04  1.9321E-04  1.7555E-04  1.8430E-04  1.7969E-04  1.8287E-04  1.7714E-04  1.8971E-04  1.7953E-04  1.7985E-04
       1.8605E-04  1.8796E-04  1.8939E-04  1.8892E-04  1.9290E-04  1.8812E-04  1.8128E-04  1.9019E-04  1.9672E-04  1.8542E-04
       1.8924E-04  1.9035E-04  1.9178E-04  1.8382E-04  1.8971E-04  1.8653E-04  1.8510E-04  2.0101E-04  1.8701E-04  1.9083E-04
       1.8828E-04  1.9640E-04  1.9321E-04  1.9528E-04  1.9719E-04  1.9385E-04  1.9226E-04  1.9687E-04  1.9608E-04  1.9910E-04
       1.9385E-04  1.9433E-04  1.9051E-04  2.0149E-04  1.9353E-04  1.9815E-04  1.8796E-04  2.0149E-04  2.0022E-04  1.9560E-04
       1.9544E-04  2.0340E-04  1.9799E-04  2.0849E-04  1.8717E-04  2.0117E-04  2.0006E-04  1.9019E-04  2.0913E-04  2.0595E-04
       2.0149E-04  2.0149E-04  2.0276E-04  2.0531E-04  2.1215E-04  2.0786E-04  2.0133E-04  2.0977E-04  2.0802E-04  2.0786E-04
       1.9194E-04  2.0929E-04  2.1279E-04  2.0054E-04  2.0499E-04  2.0515E-04  2.0085E-04  2.0595E-04  2.0738E-04  2.0754E-04
       2.1884E-04  2.1995E-04  2.2298E-04  2.1295E-04  2.1709E-04  2.1168E-04  2.0388E-04  2.1693E-04  2.1024E-04  2.0547E-04
       2.1359E-04  2.1295E-04  2.1454E-04  2.1581E-04  2.1868E-04  2.0754E-04  2.1820E-04  2.1168E-04  2.1947E-04  2.1343E-04
       2.1772E-04  2.0499E-04  2.0356E-04  2.2186E-04  2.2314E-04  2.1932E-04  2.1788E-04  2.1581E-04  2.2218E-04  2.2218E-04
       2.1820E-04  2.3030E-04  2.2807E-04  2.2839E-04  2.2345E-04  2.3825E-04  2.1852E-04  2.2743E-04  2.1995E-04  2.1932E-04
       2.1884E-04  2.2855E-04  2.2170E-04  2.1852E-04  2.2075E-04  2.2982E-04  2.2186E-04  2.3332E-04  2.1900E-04  2.2552E-04
       2.1438E-04  2.2505E-04  2.3316E-04  2.1804E-04  2.3109E-04  2.2170E-04  2.1470E-04  2.2950E-04  2.2377E-04  2.2823E-04
       2.3746E-04  2.2743E-04  2.2584E-04  2.2616E-04  2.2202E-04  2.3157E-04  2.3857E-04  2.2839E-04  2.2234E-04  2.2250E-04
       2.3635E-04  2.2680E-04  2.3491E-04  2.2584E-04  2.3523E-04  2.2075E-04  2.1231E-04  2.2982E-04  2.3125E-04  2.2998E-04
       2.2902E-04  2.3412E-04  2.3698E-04  2.1979E-04  2.2871E-04  2.2361E-04  2.3666E-04  2.3109E-04  2.2075E-04  2.2775E-04
       2.2043E-04  2.2934E-04  2.2616E-04  2.2743E-04  2.2170E-04  2.2266E-04  2.2568E-04  2.2250E-04  2.2011E-04  2.2505E-04
       2.2202E-04  2.0706E-04  2.2250E-04  2.2298E-04  2.3253E-04  2.2361E-04  2.2457E-04  2.1963E-04  2.2282E-04  2.0993E-04
       2.1470E-04  2.1709E-04  2.0547E-04  2.2043E-04  2.0897E-04  2.1184E-04  2.0945E-04  2.0260E-04  2.1741E-04  2.1152E-04
       2.0722E-04  2.1327E-04  2.0515E-04  2.1247E-04  2.1231E-04  2.1629E-04  2.1279E-04  2.0531E-04  2.0849E-04  2.0356E-04
       2.0038E-04  2.0245E-04  2.0499E-04  2.0595E-04  1.9815E-04  1.9321E-04  2.0197E-04  1.9417E-04  2.1136E-04  2.0006E-04
       1.9115E-04  1.9385E-04  2.0038E-04  2.0038E-04  1.9910E-04  1.8892E-04  1.8955E-04  1.9099E-04  1.8812E-04  1.9369E-04
       2.0499E-04  1.8016E-04  1.8812E-04  1.9146E-04  1.8096E-04  1.8701E-04  1.8478E-04  1.9099E-04  1.8653E-04  1.8844E-04
       1.7969E-04  1.8064E-04  1.8144E-04  1.7252E-04  1.8239E-04  1.9035E-04  1.8589E-04  1.7794E-04  1.8828E-04  1.7634E-04
       1.7109E-04  1.8366E-04  1.7125E-04  1.7634E-04  1.7618E-04  1.6775E-04  1.6664E-04  1.6568E-04  1.7030E-04  1.6520E-04
       1.6457E-04  1.6075E-04  1.6106E-04  1.6282E-04  1.5756E-04  1.6234E-04  1.5979E-04  1.5008E-04  1.4961E-04  1.5327E-04
       1.4340E-04  1.4626E-04  1.5311E-04  1.4833E-04  1.4404E-04  1.2971E-04  1.3767E-04  1.3289E-04  1.2987E-04  1.2478E-04
       1.2732E-04  1.1618E-04  1.1650E-04  1.0313E-04  9.8835E-05  9.4220E-05  8.8013E-05  8.4352E-05  8.2920E-05  7.8941E-05
       7.3689E-05  6.7163E-05  7.1301E-05  6.7163E-05  6.7800E-05  6.9073E-05  7.7349E-05  7.4007E-05  7.5758E-05  7.6235E-05
       7.9259E-05  8.4830E-05  8.5944E-05  8.3556E-05  9.1832E-05  9.0718E-05  1.0138E-04  1.1252E-04  1.1014E-04  1.3003E-04
       1.3974E-04  1.5104E-04  1.6711E-04  1.7396E-04  1.8351E-04  1.9019E-04  1.7889E-04  1.7380E-04  1.6711E-04  1.6154E-04
       1.4961E-04  1.6664E-04  1.7778E-04  2.2138E-04  2.6197E-04  3.4553E-04  4.8415E-04  7.7270E-04  1.4222E-03  3.1419E-03
       7.3697E-03  1.7413E-02  3.9986E-02  8.5678E-02  1.6832E-01  3.0047E-01  4.8391E-01  7.0099E-01  9.0743E-01  1.0485E+00
       1.0764E+00  9.7837E-01  7.8523E-01  5.5569E-01  3.4462E-01  1.8730E-01  8.8929E-02  3.6773E-02  1.3229E-02  4.1159E-03
       1.1058E-03  2.5688E-04  4.9975E-05  9.5493E-06  1.1141E-06  0.0000E+00  0.0000E+00  0.0000E+00  0.0000E+00  0.0000E+00
       0.0000E+00  0.0000E+00  0.0000E+00  0.0000E+00  0.0000E+00  0.0000E+00  0.0000E+00  0.0000E+00  0.0000E+00  0.0000E+00
       0.0000E+00  0.0000E+00  0.0000E+00  0.0000E+00  0.0000E+00  0.0000E+00  0.0000E+00  0.0000E+00  0.0000E+00  0.0000E+00
       0.0000E+00  0.0000E+00  0.0000E+00  0.0000E+00  0.0000E+00  0.0000E+00  0.0000E+00  0.0000E+00  0.0000E+00  0.0000E+00
       0.0000E+00  0.0000E+00  0.0000E+00  0.0000E+00  0.0000E+00  0.0000E+00  0.0000E+00  0.0000E+00  0.0000E+00  0.0000E+00
       0.0000E+00  0.0000E+00  0.0000E+00  0.0000E+00  0.0000E+00  0.0000E+00  0.0000E+00  0.0000E+00  0.0000E+00  0.0000E+00
       0.0000E+00  0.0000E+00  0.0000E+00  0.0000E+00  0.0000E+00  0.0000E+00  0.0000E+00  0.0000E+00  0.0000E+00  0.0000E+00
       0.0000E+00  0.0000E+00  0.0000E+00  0.0000E+00  0.0000E+00  0.0000E+00  0.0000E+00  0.0000E+00  0.0000E+00  0.0000E+00
       0.0000E+00  0.0000E+00  0.0000E+00  0.0000E+00  0.0000E+00  0.0000E+00  0.0000E+00  0.0000E+00  0.0000E+00  0.0000E+00
       0.0000E+00  0.0000E+00  0.0000E+00  0.0000E+00  0.0000E+00  0.0000E+00  0.0000E+00  0.0000E+00  0.0000E+00  0.0000E+00
       0.0000E+00  0.0000E+00  0.0000E+00  0.0000E+00  0.0000E+00  0.0000E+00  0.0000E+00  0.0000E+00  0.0000E+00  0.0000E+00
       0.0000E+00  0.0000E+00  0.0000E+00  0.0000E+00  0.0000E+00  0.0000E+00  0.0000E+00  0.0000E+00  0.0000E+00  0.0000E+00
       0.0000E+00  0.0000E+00  0.0000E+00  0.0000E+00  0.0000E+00  0.0000E+00  0.0000E+00  0.0000E+00  0.0000E+00  0.0000E+00
       0.0000E+00  0.0000E+00  0.0000E+00  0.0000E+00  0.0000E+00  0.0000E+00  0.0000E+00  0.0000E+00  0.0000E+00  0.0000E+00
       0.0000E+00  0.0000E+00  0.0000E+00  0.0000E+00  0.0000E+00  0.0000E+00  0.0000E+00  0.0000E+00  0.0000E+00  0.0000E+00
       0.0000E+00  0.0000E+00  0.0000E+00  0.0000E+00  0.0000E+00  0.0000E+00  0.0000E+00  0.0000E+00  0.0000E+00  0.0000E+00
       0.0000E+00  0.0000E+00  0.0000E+00  0.0000E+00  0.0000E+00  0.0000E+00  0.0000E+00  0.0000E+00  0.0000E+00  0.0000E+00
       0.0000E+00  0.0000E+00  0.0000E+00  0.0000E+00  0.0000E+00  0.0000E+00  0.0000E+00  0.0000E+00  0.0000E+00  0.0000E+00
       0.0000E+00  0.0000E+00  0.0000E+00  0.0000E+00  0.0000E+00  0.0000E+00  0.0000E+00  0.0000E+00  0.0000E+00  0.0000E+00
       0.0000E+00  0.0000E+00  0.0000E+00  0.0000E+00  0.0000E+00  0.0000E+00  0.0000E+00  0.0000E+00  0.0000E+00  0.0000E+00
       0.0000E+00  0.0000E+00  0.0000E+00  0.0000E+00  0.0000E+00  0.0000E+00  0.0000E+00  0.0000E+00  0.0000E+00  0.0000E+00
       0.0000E+00  0.0000E+00  0.0000E+00  0.0000E+00  0.0000E+00  0.0000E+00  0.0000E+00  0.0000E+00  0.0000E+00  0.0000E+00
       0.0000E+00  0.0000E+00  0.0000E+00  0.0000E+00  0.0000E+00  0.0000E+00  0.0000E+00  0.0000E+00  0.0000E+00  0.0000E+00
       0.0000E+00  0.0000E+00  0.0000E+00  0.0000E+00  0.0000E+00  0.0000E+00  0.0000E+00  0.0000E+00  0.0000E+00  0.0000E+00
       0.0000E+00  0.0000E+00  0.0000E+00  0.0000E+00  0.0000E+00  0.0000E+00  0.0000E+00  0.0000E+00  0.0000E+00  0.0000E+00
       0.0000E+00  0.0000E+00  0.0000E+00  0.0000E+00  0.0000E+00  0.0000E+00  0.0000E+00  0.0000E+00  0.0000E+00  0.0000E+00
       0.0000E+00  0.0000E+00  0.0000E+00  0.0000E+00  0.0000E+00  0.0000E+00  0.0000E+00  0.0000E+00  0.0000E+00  0.0000E+00
       0.0000E+00  0.0000E+00  0.0000E+00  0.0000E+00  0.0000E+00  0.0000E+00  0.0000E+00  0.0000E+00  0.0000E+00  0.0000E+00
