
 *****  Protons in Lexan (0.11GeV, 0cm)                                                   *****

           DATE: 12/20/18,  TIME: 22:46:11

          Total number of particles followed       50000000, for a total weight of  5.0000E+07

1

   Res. nuclei n.   1  "Ian       " ,  all         products, region n.     5
      detector volume:  1.0000E+00 cm**3
      Max. Z:  10, Max. N-Z:  11 Min. N-Z: -4
      Data follow in a matrix A(z,n-z-k), k: -5 format (1(5x,1p,10(1x,e11.4)))

       0.0000E+00  0.0000E+00  0.0000E+00  0.0000E+00  0.0000E+00  0.0000E+00  0.0000E+00  0.0000E+00  0.0000E+00  0.0000E+00
       0.0000E+00  0.0000E+00  0.0000E+00  0.0000E+00  0.0000E+00  6.0800E-06  0.0000E+00  3.8000E-07  0.0000E+00  0.0000E+00
       0.0000E+00  0.0000E+00  0.0000E+00  0.0000E+00  5.8440E-05  8.3080E-05  1.4720E-05  1.3740E-05  0.0000E+00  0.0000E+00
       1.0988E-02  1.6353E-03  0.0000E+00  8.4244E-04  0.0000E+00  2.2190E-03  2.7040E-05  5.0978E-04  0.0000E+00  0.0000E+00
       2.6505E-03  1.4390E-02  1.1449E-03  0.0000E+00  7.0010E-04  5.6076E-03  2.7036E-04  6.5248E-04  2.0000E-08  2.0000E-07
       7.3848E-04  0.0000E+00  5.5114E-04  1.4576E-04  1.2792E-03  1.7082E-04  3.2024E-04  7.2000E-07  0.0000E+00  0.0000E+00
       0.0000E+00  2.6060E-05  4.1120E-05  7.3640E-05  1.0680E-05  2.9980E-05  4.2000E-07  7.2000E-07  0.0000E+00  0.0000E+00
       0.0000E+00  0.0000E+00  1.4200E-06  2.8000E-07  9.0000E-07  2.0000E-08  2.6000E-07  0.0000E+00  0.0000E+00  0.0000E+00
       0.0000E+00  4.0000E-08  0.0000E+00  0.0000E+00  0.0000E+00  0.0000E+00  0.0000E+00  0.0000E+00  0.0000E+00  0.0000E+00
       0.0000E+00  0.0000E+00  0.0000E+00  0.0000E+00  0.0000E+00  0.0000E+00  0.0000E+00  0.0000E+00  0.0000E+00  0.0000E+00
       0.0000E+00  0.0000E+00  0.0000E+00  0.0000E+00  0.0000E+00  0.0000E+00  0.0000E+00  0.0000E+00  0.0000E+00  0.0000E+00
       0.0000E+00  0.0000E+00  0.0000E+00  0.0000E+00  0.0000E+00  0.0000E+00  0.0000E+00  0.0000E+00  0.0000E+00  0.0000E+00
       0.0000E+00  0.0000E+00  0.0000E+00  0.0000E+00  0.0000E+00  0.0000E+00  0.0000E+00  0.0000E+00  0.0000E+00  0.0000E+00
       0.0000E+00  0.0000E+00  0.0000E+00  0.0000E+00  0.0000E+00  0.0000E+00  0.0000E+00  0.0000E+00  0.0000E+00  0.0000E+00
       0.0000E+00  0.0000E+00  0.0000E+00  0.0000E+00  0.0000E+00  0.0000E+00  0.0000E+00  0.0000E+00  0.0000E+00  0.0000E+00
       0.0000E+00  0.0000E+00  0.0000E+00  0.0000E+00  0.0000E+00  0.0000E+00  0.0000E+00  0.0000E+00  0.0000E+00  0.0000E+00
