
 *****  Protons in Lexan (70MeV, 1cm)                                                     *****

           DATE: 11/15/18,  TIME: 12:58:11

          Total number of particles followed       10000000, for a total weight of  1.0000E+07

1

   Res. nuclei n.   1  "Ian       " ,  all         products, region n.     5
      detector volume:  1.0000E+00 cm**3
      Max. Z:  10, Max. N-Z:  11 Min. N-Z: -4
      Data follow in a matrix A(z,n-z-k), k: -5 format (1(5x,1p,10(1x,e11.4)))

       0.0000E+00  0.0000E+00  0.0000E+00  0.0000E+00  0.0000E+00  0.0000E+00  0.0000E+00  0.0000E+00  0.0000E+00  0.0000E+00
       0.0000E+00  0.0000E+00  0.0000E+00  0.0000E+00  0.0000E+00  1.8000E-06  0.0000E+00  1.0000E-07  0.0000E+00  0.0000E+00
       0.0000E+00  0.0000E+00  0.0000E+00  0.0000E+00  7.3800E-05  5.9300E-05  2.1900E-05  7.0000E-06  0.0000E+00  0.0000E+00
       1.4814E-02  1.4502E-03  0.0000E+00  9.4040E-04  0.0000E+00  2.5349E-03  1.7700E-05  5.5570E-04  0.0000E+00  0.0000E+00
       3.1366E-03  1.9948E-02  1.2244E-03  0.0000E+00  7.4010E-04  1.2071E-02  3.0850E-04  1.2826E-03  1.0000E-07  7.0000E-07
       6.0020E-04  0.0000E+00  6.3720E-04  1.4880E-04  1.6073E-03  2.3181E-04  4.3160E-04  1.0025E-06  0.0000E+00  0.0000E+00
       0.0000E+00  1.2800E-05  1.9600E-05  4.6400E-05  8.5543E-06  2.9900E-05  2.3819E-07  1.1000E-06  0.0000E+00  0.0000E+00
       0.0000E+00  0.0000E+00  1.0000E-07  1.0000E-07  2.0000E-07  0.0000E+00  2.0000E-07  0.0000E+00  0.0000E+00  0.0000E+00
       0.0000E+00  0.0000E+00  0.0000E+00  0.0000E+00  0.0000E+00  0.0000E+00  0.0000E+00  0.0000E+00  0.0000E+00  0.0000E+00
       0.0000E+00  0.0000E+00  0.0000E+00  0.0000E+00  0.0000E+00  0.0000E+00  0.0000E+00  0.0000E+00  0.0000E+00  0.0000E+00
       0.0000E+00  0.0000E+00  0.0000E+00  0.0000E+00  0.0000E+00  0.0000E+00  0.0000E+00  0.0000E+00  0.0000E+00  0.0000E+00
       0.0000E+00  0.0000E+00  0.0000E+00  0.0000E+00  0.0000E+00  0.0000E+00  0.0000E+00  0.0000E+00  0.0000E+00  0.0000E+00
       0.0000E+00  0.0000E+00  0.0000E+00  0.0000E+00  0.0000E+00  0.0000E+00  0.0000E+00  0.0000E+00  0.0000E+00  0.0000E+00
       0.0000E+00  0.0000E+00  0.0000E+00  0.0000E+00  0.0000E+00  0.0000E+00  0.0000E+00  0.0000E+00  0.0000E+00  0.0000E+00
       0.0000E+00  0.0000E+00  0.0000E+00  0.0000E+00  0.0000E+00  0.0000E+00  0.0000E+00  0.0000E+00  0.0000E+00  0.0000E+00
       0.0000E+00  0.0000E+00  0.0000E+00  0.0000E+00  0.0000E+00  0.0000E+00  0.0000E+00  0.0000E+00  0.0000E+00  0.0000E+00
