
 *****  Protons in Lexan (0.25GeV, 1.0cm)                                                 *****

           DATE: 11/30/18,  TIME: 23:36: 0

          Total number of particles followed       10000000, for a total weight of  1.0000E+07

1

   Bdrx n.   2  "ofluence  " , generalized particle n.    1, from region n.     5 to region n.     4
      detector area:  1.0000E+02 cm**2
      this is a one way only estimator
      this is a fluence like estimator
      linear energy binning from   1.7000E-01 to  3.0000E-01 GeV,   650 bins ( 2.0000E-04 GeV wide)
      linear angular binning from  0.0000E+00 to  6.2832E+00 sr ,     1 bins ( 6.2832E+00 sr wide )
      Data follow in a matrix A(ie,ia), format (1(5x,1p,10(1x,e11.4)))

       1.2648E-04  1.2010E-04  1.1847E-04  1.4433E-04  1.0949E-04  1.2548E-04  1.2635E-04  1.2423E-04  1.2269E-04  1.1401E-04
       1.2999E-04  1.3774E-04  1.5616E-04  1.1691E-04  1.2852E-04  1.0229E-04  1.2105E-04  1.2408E-04  1.3767E-04  1.3177E-04
       1.3852E-04  1.1104E-04  1.1396E-04  1.1254E-04  1.1960E-04  1.1638E-04  9.6404E-05  1.1865E-04  1.3824E-04  1.3308E-04
       1.1511E-04  1.3077E-04  1.2095E-04  1.2360E-04  1.2860E-04  1.0154E-04  1.2249E-04  1.1878E-04  1.2665E-04  1.1407E-04
       1.0808E-04  1.0730E-04  1.1181E-04  1.1449E-04  1.1639E-04  1.2162E-04  1.0005E-04  1.0698E-04  1.2696E-04  1.2575E-04
       1.1883E-04  1.0955E-04  1.2443E-04  1.3300E-04  1.1630E-04  1.2895E-04  1.3408E-04  1.2089E-04  1.1320E-04  1.1860E-04
       1.2466E-04  1.3651E-04  1.2595E-04  1.2247E-04  1.2810E-04  1.1024E-04  1.1382E-04  1.2241E-04  1.2520E-04  1.1946E-04
       8.4228E-05  1.3490E-04  1.2465E-04  1.3600E-04  1.2230E-04  1.1809E-04  1.1663E-04  1.2661E-04  1.0904E-04  1.1059E-04
       1.2545E-04  1.2755E-04  1.1261E-04  1.1364E-04  1.0862E-04  1.2457E-04  1.2668E-04  1.0369E-04  1.1069E-04  1.1818E-04
       1.0766E-04  1.3848E-04  1.1254E-04  1.0741E-04  1.2737E-04  1.0848E-04  1.2647E-04  1.1276E-04  1.2169E-04  1.1703E-04
       1.1448E-04  1.3332E-04  1.1329E-04  1.0086E-04  1.2774E-04  1.1427E-04  1.1175E-04  1.0313E-04  1.2618E-04  1.0689E-04
       1.1843E-04  1.0874E-04  1.2134E-04  1.2373E-04  1.0703E-04  1.2785E-04  1.2910E-04  1.2847E-04  1.3377E-04  8.7137E-05
       1.1668E-04  1.2057E-04  1.1149E-04  1.0032E-04  1.1825E-04  1.0939E-04  1.0116E-04  1.2838E-04  1.2225E-04  1.1554E-04
       1.1327E-04  1.1395E-04  1.2055E-04  1.0926E-04  1.1528E-04  1.2291E-04  1.2282E-04  1.1007E-04  1.2285E-04  1.2884E-04
       1.1637E-04  1.1573E-04  1.0215E-04  1.0886E-04  1.1790E-04  1.1544E-04  1.1231E-04  1.2400E-04  1.2804E-04  1.2791E-04
       1.2260E-04  1.2686E-04  1.2194E-04  1.1327E-04  1.0346E-04  1.2151E-04  1.2231E-04  1.1878E-04  1.1987E-04  1.2088E-04
       1.2167E-04  1.1923E-04  9.8725E-05  1.2384E-04  1.0777E-04  9.5333E-05  1.1270E-04  1.0313E-04  1.2571E-04  1.1433E-04
       1.2851E-04  1.2074E-04  1.3098E-04  1.0684E-04  1.1838E-04  1.1715E-04  1.0369E-04  1.1912E-04  1.1883E-04  8.0401E-05
       9.3664E-05  1.1310E-04  1.0540E-04  1.0844E-04  1.2506E-04  1.1546E-04  1.0800E-04  1.0706E-04  1.1391E-04  1.0835E-04
       1.2206E-04  1.0444E-04  1.1273E-04  1.0778E-04  1.4100E-04  1.1961E-04  1.0940E-04  9.6861E-05  1.1560E-04  9.7804E-05
       9.7721E-05  1.0804E-04  9.8471E-05  9.5381E-05  9.5738E-05  1.1131E-04  1.1864E-04  1.1357E-04  1.0773E-04  9.3905E-05
       1.1081E-04  1.0347E-04  1.2693E-04  9.6923E-05  1.1477E-04  1.1123E-04  1.0537E-04  1.1052E-04  1.3200E-04  1.0295E-04
       9.8664E-05  1.0545E-04  9.1930E-05  1.0579E-04  8.8896E-05  9.8197E-05  1.0567E-04  7.7096E-05  1.1111E-04  8.3165E-05
       1.1295E-04  8.0644E-05  9.3757E-05  1.0948E-04  1.0505E-04  9.4319E-05  9.3638E-05  1.1786E-04  8.8344E-05  9.6454E-05
       1.0088E-04  8.6394E-05  9.2289E-05  9.1214E-05  7.5827E-05  9.7277E-05  9.7330E-05  9.5680E-05  9.2848E-05  8.4114E-05
       9.0758E-05  9.2448E-05  8.0693E-05  7.6060E-05  8.7455E-05  9.5656E-05  8.4014E-05  9.2239E-05  9.7779E-05  8.5649E-05
       8.8483E-05  1.0051E-04  8.3595E-05  6.7082E-05  8.9639E-05  8.0644E-05  7.8548E-05  8.6934E-05  7.3615E-05  8.6989E-05
       8.0465E-05  9.4941E-05  9.4204E-05  7.9702E-05  8.7827E-05  8.3007E-05  7.7388E-05  8.5041E-05  7.4782E-05  9.5450E-05
       8.0814E-05  8.2409E-05  8.2492E-05  7.9091E-05  6.6106E-05  8.9840E-05  8.0589E-05  8.8483E-05  6.9464E-05  7.5654E-05
       7.2378E-05  6.4055E-05  5.4514E-05  8.0756E-05  7.8943E-05  6.9865E-05  7.2253E-05  7.1114E-05  5.3276E-05  7.2921E-05
       6.7622E-05  6.5872E-05  6.7948E-05  5.7037E-05  8.0799E-05  5.7400E-05  6.6074E-05  5.7820E-05  5.9240E-05  5.1270E-05
       5.0186E-05  6.1842E-05  5.7329E-05  4.9488E-05  5.2462E-05  4.5793E-05  5.0687E-05  5.1906E-05  3.9335E-05  4.4964E-05
       5.0335E-05  4.9008E-05  3.1141E-05  3.6851E-05  4.4431E-05  3.1175E-05  3.8338E-05  2.9180E-05  4.9100E-05  3.1007E-05
       3.3657E-05  3.3422E-05  2.7359E-05  3.4339E-05  3.6608E-05  2.3040E-05  4.1305E-05  3.2962E-05  3.7940E-05  3.4219E-05
       3.0267E-05  3.3648E-05  4.4486E-05  4.7875E-05  4.5450E-05  3.7159E-05  4.9878E-05  4.0551E-05  5.0870E-05  5.4111E-05
       7.0294E-05  6.8662E-05  7.8464E-05  8.9750E-05  1.3412E-04  2.0852E-04  3.8520E-04  6.9453E-04  1.2887E-03  2.3403E-03
       4.0802E-03  7.0954E-03  1.2034E-02  1.9576E-02  3.0914E-02  4.7002E-02  7.0108E-02  1.0066E-01  1.3993E-01  1.8742E-01
       2.4356E-01  3.0671E-01  3.7299E-01  4.3735E-01  4.9582E-01  5.4219E-01  5.7554E-01  5.8767E-01  5.8051E-01  5.5241E-01
       5.0695E-01  4.4939E-01  3.8352E-01  3.1598E-01  2.5176E-01  1.9283E-01  1.4262E-01  1.0210E-01  6.9922E-02  4.6518E-02
       2.9921E-02  1.8372E-02  1.0877E-02  6.2224E-03  3.3209E-03  1.8168E-03  9.4383E-04  4.8305E-04  2.2999E-04  1.1061E-04
       5.2522E-05  1.9895E-05  7.9579E-06  2.3874E-06  7.9578E-07  0.0000E+00  0.0000E+00  0.0000E+00  0.0000E+00  0.0000E+00
       0.0000E+00  0.0000E+00  0.0000E+00  0.0000E+00  0.0000E+00  0.0000E+00  0.0000E+00  0.0000E+00  0.0000E+00  0.0000E+00
       0.0000E+00  0.0000E+00  0.0000E+00  0.0000E+00  0.0000E+00  0.0000E+00  0.0000E+00  0.0000E+00  0.0000E+00  0.0000E+00
       0.0000E+00  0.0000E+00  0.0000E+00  0.0000E+00  0.0000E+00  0.0000E+00  0.0000E+00  0.0000E+00  0.0000E+00  0.0000E+00
       0.0000E+00  0.0000E+00  0.0000E+00  0.0000E+00  0.0000E+00  0.0000E+00  0.0000E+00  0.0000E+00  0.0000E+00  0.0000E+00
       0.0000E+00  0.0000E+00  0.0000E+00  0.0000E+00  0.0000E+00  0.0000E+00  0.0000E+00  0.0000E+00  0.0000E+00  0.0000E+00
       0.0000E+00  0.0000E+00  0.0000E+00  0.0000E+00  0.0000E+00  0.0000E+00  0.0000E+00  0.0000E+00  0.0000E+00  0.0000E+00
       0.0000E+00  0.0000E+00  0.0000E+00  0.0000E+00  0.0000E+00  0.0000E+00  0.0000E+00  0.0000E+00  0.0000E+00  0.0000E+00
       0.0000E+00  0.0000E+00  0.0000E+00  0.0000E+00  0.0000E+00  0.0000E+00  0.0000E+00  0.0000E+00  0.0000E+00  0.0000E+00
       0.0000E+00  0.0000E+00  0.0000E+00  0.0000E+00  0.0000E+00  0.0000E+00  0.0000E+00  0.0000E+00  0.0000E+00  0.0000E+00
       0.0000E+00  0.0000E+00  0.0000E+00  0.0000E+00  0.0000E+00  0.0000E+00  0.0000E+00  0.0000E+00  0.0000E+00  0.0000E+00
       0.0000E+00  0.0000E+00  0.0000E+00  0.0000E+00  0.0000E+00  0.0000E+00  0.0000E+00  0.0000E+00  0.0000E+00  0.0000E+00
       0.0000E+00  0.0000E+00  0.0000E+00  0.0000E+00  0.0000E+00  0.0000E+00  0.0000E+00  0.0000E+00  0.0000E+00  0.0000E+00
       0.0000E+00  0.0000E+00  0.0000E+00  0.0000E+00  0.0000E+00  0.0000E+00  0.0000E+00  0.0000E+00  0.0000E+00  0.0000E+00
       0.0000E+00  0.0000E+00  0.0000E+00  0.0000E+00  0.0000E+00  0.0000E+00  0.0000E+00  0.0000E+00  0.0000E+00  0.0000E+00
       0.0000E+00  0.0000E+00  0.0000E+00  0.0000E+00  0.0000E+00  0.0000E+00  0.0000E+00  0.0000E+00  0.0000E+00  0.0000E+00
       0.0000E+00  0.0000E+00  0.0000E+00  0.0000E+00  0.0000E+00  0.0000E+00  0.0000E+00  0.0000E+00  0.0000E+00  0.0000E+00
       0.0000E+00  0.0000E+00  0.0000E+00  0.0000E+00  0.0000E+00  0.0000E+00  0.0000E+00  0.0000E+00  0.0000E+00  0.0000E+00
       0.0000E+00  0.0000E+00  0.0000E+00  0.0000E+00  0.0000E+00  0.0000E+00  0.0000E+00  0.0000E+00  0.0000E+00  0.0000E+00
       0.0000E+00  0.0000E+00  0.0000E+00  0.0000E+00  0.0000E+00  0.0000E+00  0.0000E+00  0.0000E+00  0.0000E+00  0.0000E+00
       0.0000E+00  0.0000E+00  0.0000E+00  0.0000E+00  0.0000E+00  0.0000E+00  0.0000E+00  0.0000E+00  0.0000E+00  0.0000E+00
       0.0000E+00  0.0000E+00  0.0000E+00  0.0000E+00  0.0000E+00  0.0000E+00  0.0000E+00  0.0000E+00  0.0000E+00  0.0000E+00
       0.0000E+00  0.0000E+00  0.0000E+00  0.0000E+00  0.0000E+00  0.0000E+00  0.0000E+00  0.0000E+00  0.0000E+00  0.0000E+00
       0.0000E+00  0.0000E+00  0.0000E+00  0.0000E+00  0.0000E+00  0.0000E+00  0.0000E+00  0.0000E+00  0.0000E+00  0.0000E+00
       0.0000E+00  0.0000E+00  0.0000E+00  0.0000E+00  0.0000E+00  0.0000E+00  0.0000E+00  0.0000E+00  0.0000E+00  0.0000E+00
1

   Bdrx n.   6  "ofluence  " , generalized particle n.    1, from region n.     5 to region n.     4
      detector area:  1.0000E+02 cm**2
      this is a one way only estimator
      this is a fluence like estimator
      linear energy binning from   0.0000E+00 to  3.0000E+02 GeV,     1 bins ( 3.0000E+02 GeV wide)
      linear angular binning from  0.0000E+00 to  6.2832E+00 sr ,     1 bins ( 6.2832E+00 sr wide )
      Data follow in a matrix A(ie,ia), format (1(5x,1p,10(1x,e11.4)))

       5.3510E-06
