
 *****  Protons in Lexan (0.25GeV, 1.0cm)                                                 *****

           DATE: 11/30/18,  TIME: 23:36: 0

          Total number of particles followed       10000000, for a total weight of  1.0000E+07

1

   Bdrx n.   4  "ocurrent  " , generalized particle n.    1, from region n.     5 to region n.     4
      detector area:  1.0000E+02 cm**2
      this is a one way only estimator
      this is a current like estimator
      linear energy binning from   1.7000E-01 to  3.0000E-01 GeV,   650 bins ( 2.0000E-04 GeV wide)
      linear angular binning from  0.0000E+00 to  6.2832E+00 sr ,     1 bins ( 6.2832E+00 sr wide )
      Data follow in a matrix A(ie,ia), format (1(5x,1p,10(1x,e11.4)))

       1.0584E-04  1.0027E-04  9.7085E-05  1.1857E-04  9.2310E-05  1.0425E-04  1.0663E-04  1.0425E-04  1.0425E-04  9.6289E-05
       1.0743E-04  1.0902E-04  1.3051E-04  9.7085E-05  1.0982E-04  8.7535E-05  1.0106E-04  1.0425E-04  1.1459E-04  1.1061E-04
       1.1380E-04  9.3106E-05  9.4697E-05  9.7880E-05  1.0027E-04  9.7085E-05  8.1965E-05  1.0106E-04  1.1539E-04  1.1061E-04
       9.6289E-05  1.1061E-04  1.0106E-04  1.0265E-04  1.0823E-04  8.7535E-05  1.0265E-04  1.0265E-04  1.0663E-04  9.7880E-05
       9.0718E-05  9.2310E-05  9.3901E-05  9.4697E-05  9.7880E-05  1.0425E-04  8.4352E-05  8.8331E-05  1.0823E-04  1.0663E-04
       1.0106E-04  9.2310E-05  1.0584E-04  1.1539E-04  9.9472E-05  1.1141E-04  1.1539E-04  1.0265E-04  9.5493E-05  1.0186E-04
       1.0425E-04  1.1698E-04  1.0823E-04  1.0504E-04  1.0743E-04  9.5493E-05  9.7085E-05  1.0584E-04  1.0663E-04  1.0345E-04
       7.2415E-05  1.1061E-04  1.0823E-04  1.1698E-04  1.0584E-04  1.0027E-04  1.0106E-04  1.0902E-04  9.5493E-05  9.5493E-05
       1.0743E-04  1.1061E-04  9.5493E-05  9.7085E-05  9.5493E-05  1.0663E-04  1.0743E-04  8.9127E-05  9.6289E-05  1.0265E-04
       9.3106E-05  1.2016E-04  9.7880E-05  9.1514E-05  1.1061E-04  9.4697E-05  1.0982E-04  9.8676E-05  1.0265E-04  1.0345E-04
       9.8676E-05  1.1618E-04  9.7085E-05  8.7535E-05  1.1141E-04  9.7880E-05  9.8676E-05  8.9923E-05  1.0982E-04  9.3106E-05
       1.0186E-04  9.6289E-05  1.0504E-04  1.0663E-04  9.3901E-05  1.1141E-04  1.1380E-04  1.1300E-04  1.1857E-04  7.6394E-05
       1.0425E-04  1.0425E-04  9.9472E-05  8.5944E-05  1.0425E-04  9.5493E-05  8.9127E-05  1.1300E-04  1.0663E-04  1.0106E-04
       9.7880E-05  1.0186E-04  1.0504E-04  9.4697E-05  1.0027E-04  1.0743E-04  1.0823E-04  9.7085E-05  1.0823E-04  1.1300E-04
       1.0265E-04  1.0425E-04  9.1514E-05  9.5493E-05  1.0504E-04  1.0186E-04  9.8676E-05  1.0982E-04  1.1380E-04  1.1300E-04
       1.0823E-04  1.1220E-04  1.0902E-04  1.0186E-04  9.2310E-05  1.0743E-04  1.0743E-04  1.0743E-04  1.0743E-04  1.0823E-04
       1.0902E-04  1.0823E-04  8.8331E-05  1.0982E-04  9.7880E-05  8.5148E-05  1.0027E-04  9.2310E-05  1.1141E-04  1.0265E-04
       1.1539E-04  1.0902E-04  1.1777E-04  9.6289E-05  1.0584E-04  1.0425E-04  9.3901E-05  1.0743E-04  1.0663E-04  7.3211E-05
       8.5944E-05  1.0265E-04  9.4697E-05  9.6289E-05  1.1220E-04  1.0425E-04  9.7085E-05  9.6289E-05  1.0186E-04  9.7880E-05
       1.1061E-04  9.4697E-05  1.0345E-04  9.7085E-05  1.2653E-04  1.0663E-04  1.0027E-04  8.7535E-05  1.0504E-04  8.9127E-05
       8.9127E-05  9.8676E-05  8.9127E-05  8.7535E-05  8.5944E-05  1.0106E-04  1.0902E-04  1.0345E-04  9.7880E-05  8.5944E-05
       1.0106E-04  9.4697E-05  1.1539E-04  8.8331E-05  1.0425E-04  1.0265E-04  9.7880E-05  1.0186E-04  1.2175E-04  9.5493E-05
       9.1514E-05  9.6289E-05  8.1965E-05  9.6289E-05  8.0373E-05  8.7535E-05  9.7085E-05  7.0824E-05  1.0345E-04  7.6394E-05
       1.0345E-04  7.4803E-05  8.5944E-05  1.0027E-04  9.7880E-05  8.7535E-05  8.5944E-05  1.0902E-04  8.1169E-05  8.9923E-05
       9.3106E-05  7.8782E-05  8.5148E-05  8.5148E-05  7.0824E-05  9.0718E-05  8.8331E-05  8.9127E-05  8.6739E-05  7.7986E-05
       8.5148E-05  8.5944E-05  7.4007E-05  7.1620E-05  8.0373E-05  8.9923E-05  7.7986E-05  8.1169E-05  8.9923E-05  7.8782E-05
       8.1965E-05  9.3901E-05  7.7190E-05  6.3662E-05  8.3556E-05  7.5599E-05  7.3211E-05  8.1169E-05  6.8437E-05  8.0373E-05
       7.6394E-05  8.8331E-05  8.8331E-05  7.4803E-05  8.2761E-05  7.8782E-05  7.2415E-05  8.0373E-05  7.0824E-05  8.9127E-05
       7.6394E-05  7.7986E-05  7.7986E-05  7.4803E-05  6.2070E-05  7.6394E-05  7.6394E-05  8.4352E-05  6.5254E-05  7.2415E-05
       6.8437E-05  6.1275E-05  5.1725E-05  7.6394E-05  7.4007E-05  6.6049E-05  6.9232E-05  6.6845E-05  5.0930E-05  7.0028E-05
       6.3662E-05  6.2866E-05  6.5254E-05  5.4113E-05  7.6394E-05  5.4908E-05  6.2866E-05  5.5704E-05  5.6500E-05  4.9338E-05
       4.7746E-05  5.8887E-05  5.4908E-05  4.7746E-05  5.0134E-05  4.3768E-05  4.8542E-05  5.0134E-05  3.7401E-05  4.2972E-05
       4.7746E-05  4.6951E-05  2.9444E-05  3.5810E-05  4.2176E-05  2.9444E-05  3.5810E-05  2.7852E-05  4.6155E-05  2.9444E-05
       3.1831E-05  3.1035E-05  2.5465E-05  3.1035E-05  3.5014E-05  2.1486E-05  3.8993E-05  3.1035E-05  3.5810E-05  3.2627E-05
       2.8648E-05  3.1831E-05  4.2176E-05  4.5359E-05  4.3768E-05  3.5810E-05  4.7746E-05  3.8993E-05  4.9338E-05  5.1725E-05
       6.7641E-05  6.6845E-05  7.6394E-05  8.6739E-05  1.2573E-04  2.0531E-04  3.8277E-04  6.9232E-04  1.2844E-03  2.3356E-03
       4.0752E-03  7.0904E-03  1.2026E-02  1.9568E-02  3.0904E-02  4.6990E-02  7.0093E-02  1.0064E-01  1.3991E-01  1.8740E-01
       2.4353E-01  3.0668E-01  3.7295E-01  4.3732E-01  4.9578E-01  5.4216E-01  5.7550E-01  5.8764E-01  5.8047E-01  5.5238E-01
       5.0692E-01  4.4937E-01  3.8350E-01  3.1597E-01  2.5174E-01  1.9282E-01  1.4261E-01  1.0210E-01  6.9919E-02  4.6515E-02
       2.9920E-02  1.8371E-02  1.0877E-02  6.2222E-03  3.3208E-03  1.8168E-03  9.4379E-04  4.8304E-04  2.2998E-04  1.1061E-04
       5.2521E-05  1.9894E-05  7.9577E-06  2.3873E-06  7.9577E-07  0.0000E+00  0.0000E+00  0.0000E+00  0.0000E+00  0.0000E+00
       0.0000E+00  0.0000E+00  0.0000E+00  0.0000E+00  0.0000E+00  0.0000E+00  0.0000E+00  0.0000E+00  0.0000E+00  0.0000E+00
       0.0000E+00  0.0000E+00  0.0000E+00  0.0000E+00  0.0000E+00  0.0000E+00  0.0000E+00  0.0000E+00  0.0000E+00  0.0000E+00
       0.0000E+00  0.0000E+00  0.0000E+00  0.0000E+00  0.0000E+00  0.0000E+00  0.0000E+00  0.0000E+00  0.0000E+00  0.0000E+00
       0.0000E+00  0.0000E+00  0.0000E+00  0.0000E+00  0.0000E+00  0.0000E+00  0.0000E+00  0.0000E+00  0.0000E+00  0.0000E+00
       0.0000E+00  0.0000E+00  0.0000E+00  0.0000E+00  0.0000E+00  0.0000E+00  0.0000E+00  0.0000E+00  0.0000E+00  0.0000E+00
       0.0000E+00  0.0000E+00  0.0000E+00  0.0000E+00  0.0000E+00  0.0000E+00  0.0000E+00  0.0000E+00  0.0000E+00  0.0000E+00
       0.0000E+00  0.0000E+00  0.0000E+00  0.0000E+00  0.0000E+00  0.0000E+00  0.0000E+00  0.0000E+00  0.0000E+00  0.0000E+00
       0.0000E+00  0.0000E+00  0.0000E+00  0.0000E+00  0.0000E+00  0.0000E+00  0.0000E+00  0.0000E+00  0.0000E+00  0.0000E+00
       0.0000E+00  0.0000E+00  0.0000E+00  0.0000E+00  0.0000E+00  0.0000E+00  0.0000E+00  0.0000E+00  0.0000E+00  0.0000E+00
       0.0000E+00  0.0000E+00  0.0000E+00  0.0000E+00  0.0000E+00  0.0000E+00  0.0000E+00  0.0000E+00  0.0000E+00  0.0000E+00
       0.0000E+00  0.0000E+00  0.0000E+00  0.0000E+00  0.0000E+00  0.0000E+00  0.0000E+00  0.0000E+00  0.0000E+00  0.0000E+00
       0.0000E+00  0.0000E+00  0.0000E+00  0.0000E+00  0.0000E+00  0.0000E+00  0.0000E+00  0.0000E+00  0.0000E+00  0.0000E+00
       0.0000E+00  0.0000E+00  0.0000E+00  0.0000E+00  0.0000E+00  0.0000E+00  0.0000E+00  0.0000E+00  0.0000E+00  0.0000E+00
       0.0000E+00  0.0000E+00  0.0000E+00  0.0000E+00  0.0000E+00  0.0000E+00  0.0000E+00  0.0000E+00  0.0000E+00  0.0000E+00
       0.0000E+00  0.0000E+00  0.0000E+00  0.0000E+00  0.0000E+00  0.0000E+00  0.0000E+00  0.0000E+00  0.0000E+00  0.0000E+00
       0.0000E+00  0.0000E+00  0.0000E+00  0.0000E+00  0.0000E+00  0.0000E+00  0.0000E+00  0.0000E+00  0.0000E+00  0.0000E+00
       0.0000E+00  0.0000E+00  0.0000E+00  0.0000E+00  0.0000E+00  0.0000E+00  0.0000E+00  0.0000E+00  0.0000E+00  0.0000E+00
       0.0000E+00  0.0000E+00  0.0000E+00  0.0000E+00  0.0000E+00  0.0000E+00  0.0000E+00  0.0000E+00  0.0000E+00  0.0000E+00
       0.0000E+00  0.0000E+00  0.0000E+00  0.0000E+00  0.0000E+00  0.0000E+00  0.0000E+00  0.0000E+00  0.0000E+00  0.0000E+00
       0.0000E+00  0.0000E+00  0.0000E+00  0.0000E+00  0.0000E+00  0.0000E+00  0.0000E+00  0.0000E+00  0.0000E+00  0.0000E+00
       0.0000E+00  0.0000E+00  0.0000E+00  0.0000E+00  0.0000E+00  0.0000E+00  0.0000E+00  0.0000E+00  0.0000E+00  0.0000E+00
       0.0000E+00  0.0000E+00  0.0000E+00  0.0000E+00  0.0000E+00  0.0000E+00  0.0000E+00  0.0000E+00  0.0000E+00  0.0000E+00
       0.0000E+00  0.0000E+00  0.0000E+00  0.0000E+00  0.0000E+00  0.0000E+00  0.0000E+00  0.0000E+00  0.0000E+00  0.0000E+00
       0.0000E+00  0.0000E+00  0.0000E+00  0.0000E+00  0.0000E+00  0.0000E+00  0.0000E+00  0.0000E+00  0.0000E+00  0.0000E+00
