
 *****  Protons in Lexan (0.23GeV, 1.0cm)                                                 *****

           DATE: 12/16/18,  TIME: 22:35:25

          Total number of particles followed        5000000, for a total weight of  5.0000E+06

1

   Res. nuclei n.   1  "Ian       " ,  all         products, region n.     5
      detector volume:  1.0000E+00 cm**3
      Max. Z:  10, Max. N-Z:  11 Min. N-Z: -4
      Data follow in a matrix A(z,n-z-k), k: -5 format (1(5x,1p,10(1x,e11.4)))

       0.0000E+00  0.0000E+00  0.0000E+00  0.0000E+00  0.0000E+00  0.0000E+00  0.0000E+00  0.0000E+00  0.0000E+00  0.0000E+00
       0.0000E+00  0.0000E+00  0.0000E+00  0.0000E+00  0.0000E+00  8.8800E-05  0.0000E+00  3.8200E-05  0.0000E+00  0.0000E+00
       0.0000E+00  0.0000E+00  0.0000E+00  0.0000E+00  7.5940E-04  1.4024E-03  2.6320E-04  2.0800E-03  0.0000E+00  0.0000E+00
       5.4346E+00  1.8281E-02  0.0000E+00  5.9470E-03  0.0000E+00  1.6100E-02  3.3606E-03  5.9666E-02  8.0000E-07  2.0000E-07
       3.9821E+00  2.4407E-01  1.4935E-02  0.0000E+00  9.2644E-03  5.4764E-02  2.9461E-02  7.7671E-02  1.1800E-05  1.0200E-05
       9.8357E-03  0.0000E+00  4.9988E-03  2.9909E-03  1.3983E-02  1.4975E-02  4.4716E-02  9.1716E-05  1.0000E-06  0.0000E+00
       0.0000E+00  3.6460E-04  6.2940E-04  1.6624E-03  5.0980E-04  3.9582E-03  3.0935E-04  1.0540E-04  0.0000E+00  0.0000E+00
       0.0000E+00  0.0000E+00  5.8800E-05  2.5000E-05  8.7200E-05  9.0000E-06  4.3400E-05  0.0000E+00  0.0000E+00  0.0000E+00
       0.0000E+00  1.0000E-06  0.0000E+00  2.2000E-06  4.0000E-07  1.2000E-06  6.0000E-07  0.0000E+00  0.0000E+00  0.0000E+00
       0.0000E+00  0.0000E+00  0.0000E+00  0.0000E+00  0.0000E+00  0.0000E+00  0.0000E+00  0.0000E+00  0.0000E+00  0.0000E+00
       0.0000E+00  0.0000E+00  0.0000E+00  0.0000E+00  0.0000E+00  0.0000E+00  0.0000E+00  0.0000E+00  0.0000E+00  0.0000E+00
       0.0000E+00  0.0000E+00  0.0000E+00  0.0000E+00  0.0000E+00  0.0000E+00  0.0000E+00  0.0000E+00  0.0000E+00  0.0000E+00
       0.0000E+00  0.0000E+00  0.0000E+00  0.0000E+00  0.0000E+00  0.0000E+00  0.0000E+00  0.0000E+00  0.0000E+00  0.0000E+00
       0.0000E+00  0.0000E+00  0.0000E+00  0.0000E+00  0.0000E+00  0.0000E+00  0.0000E+00  0.0000E+00  0.0000E+00  0.0000E+00
       0.0000E+00  0.0000E+00  0.0000E+00  0.0000E+00  0.0000E+00  0.0000E+00  0.0000E+00  0.0000E+00  0.0000E+00  0.0000E+00
       0.0000E+00  0.0000E+00  0.0000E+00  0.0000E+00  0.0000E+00  0.0000E+00  0.0000E+00  0.0000E+00  0.0000E+00  0.0000E+00
