
 *****  Protons in Lexan (0.21GeV, 2cm)                                                   *****

           DATE: 12/19/18,  TIME:  3:45:26

          Total number of particles followed       16666666, for a total weight of  1.6667E+07

1

   Bdrx n.   2  "ofluence  " , generalized particle n.    1, from region n.     5 to region n.     4
      detector area:  1.0000E+02 cm**2
      this is a one way only estimator
      this is a fluence like estimator
      linear energy binning from   1.3000E-01 to  2.6000E-01 GeV,   650 bins ( 2.0000E-04 GeV wide)
      linear angular binning from  0.0000E+00 to  6.2832E+00 sr ,     1 bins ( 6.2832E+00 sr wide )
      Data follow in a matrix A(ie,ia), format (1(5x,1p,10(1x,e11.4)))

       3.8709E-04  3.6631E-04  4.2134E-04  4.1134E-04  4.1494E-04  4.1484E-04  4.0984E-04  4.3035E-04  3.9724E-04  3.9945E-04
       3.9889E-04  4.0986E-04  3.9282E-04  3.9938E-04  4.0695E-04  4.2112E-04  4.4272E-04  3.7576E-04  4.2226E-04  3.9684E-04
       4.1630E-04  4.3398E-04  3.9052E-04  4.3001E-04  4.1275E-04  3.9274E-04  3.9798E-04  4.0090E-04  4.0558E-04  3.7863E-04
       3.8290E-04  4.1968E-04  3.7975E-04  3.8163E-04  3.9670E-04  4.1070E-04  4.1738E-04  3.9353E-04  3.7228E-04  4.1345E-04
       3.8691E-04  4.2426E-04  3.9147E-04  3.8229E-04  3.8426E-04  4.0685E-04  4.3307E-04  3.9017E-04  3.6117E-04  3.9984E-04
       3.9283E-04  4.0440E-04  4.0672E-04  4.0127E-04  3.9787E-04  4.0850E-04  3.7538E-04  4.1777E-04  4.0573E-04  4.1429E-04
       3.7366E-04  3.9536E-04  3.9998E-04  3.7712E-04  4.0253E-04  3.9518E-04  4.1294E-04  4.0387E-04  4.0606E-04  4.0433E-04
       3.8454E-04  3.9732E-04  3.8915E-04  3.6910E-04  3.9871E-04  3.9224E-04  3.8106E-04  4.0269E-04  3.8428E-04  3.9605E-04
       3.8817E-04  3.6195E-04  3.9316E-04  3.8432E-04  4.0417E-04  3.7671E-04  3.9030E-04  3.8897E-04  3.8452E-04  3.7142E-04
       3.6317E-04  3.8350E-04  3.6801E-04  3.8736E-04  3.8805E-04  3.9155E-04  3.9014E-04  3.9094E-04  3.8263E-04  4.0189E-04
       4.1092E-04  3.7099E-04  3.8750E-04  3.7875E-04  3.8061E-04  3.6411E-04  3.7803E-04  4.0613E-04  3.7956E-04  3.9906E-04
       3.9082E-04  3.8072E-04  3.8571E-04  4.0405E-04  3.5457E-04  3.6886E-04  3.6750E-04  3.6471E-04  3.8520E-04  3.8884E-04
       3.9891E-04  3.8715E-04  3.6201E-04  3.6533E-04  3.7805E-04  3.8712E-04  3.7759E-04  3.6931E-04  3.4695E-04  3.8728E-04
       3.6270E-04  3.6915E-04  3.6028E-04  3.7695E-04  3.7092E-04  3.7280E-04  3.5967E-04  3.6361E-04  3.6549E-04  3.8165E-04
       3.6088E-04  3.6262E-04  3.4659E-04  3.7218E-04  3.7060E-04  3.6988E-04  3.7210E-04  3.5392E-04  3.6640E-04  3.4304E-04
       3.5677E-04  3.5166E-04  3.5827E-04  3.4315E-04  3.7225E-04  3.4405E-04  3.3503E-04  3.4819E-04  3.4149E-04  3.3893E-04
       3.5088E-04  3.3147E-04  3.1410E-04  3.6294E-04  3.4938E-04  3.6238E-04  3.5420E-04  3.2709E-04  3.3155E-04  3.4886E-04
       3.4060E-04  3.4590E-04  3.2114E-04  3.3875E-04  3.2066E-04  3.1858E-04  3.4469E-04  3.2725E-04  3.5498E-04  3.3967E-04
       3.2446E-04  3.1167E-04  3.2330E-04  3.2207E-04  3.2643E-04  2.9344E-04  3.0201E-04  3.3535E-04  3.1266E-04  3.0994E-04
       2.9785E-04  2.9564E-04  3.0862E-04  2.9137E-04  2.9971E-04  2.9736E-04  2.9880E-04  2.9790E-04  3.0675E-04  2.9604E-04
       2.8400E-04  2.8503E-04  2.9161E-04  2.9895E-04  2.8724E-04  2.7296E-04  3.0649E-04  2.6592E-04  2.7222E-04  2.7361E-04
       2.9723E-04  2.8542E-04  2.8456E-04  2.7406E-04  2.7423E-04  2.7760E-04  2.7441E-04  2.7421E-04  2.7465E-04  2.5767E-04
       2.4492E-04  2.6483E-04  2.5254E-04  2.7338E-04  2.6950E-04  2.5230E-04  2.6867E-04  2.5419E-04  2.5533E-04  2.6926E-04
       2.2127E-04  2.3861E-04  2.5336E-04  2.1835E-04  2.4104E-04  2.3297E-04  2.3247E-04  2.4609E-04  2.2280E-04  2.4801E-04
       2.3114E-04  2.4029E-04  2.3008E-04  2.2730E-04  2.3082E-04  2.1110E-04  2.2679E-04  2.1566E-04  2.0537E-04  2.0385E-04
       2.1225E-04  1.9615E-04  2.0894E-04  1.9548E-04  2.0065E-04  1.9021E-04  1.8921E-04  1.7476E-04  1.8687E-04  1.6897E-04
       1.7137E-04  1.8850E-04  1.5337E-04  1.4535E-04  1.5037E-04  1.5172E-04  1.2971E-04  1.4448E-04  1.2334E-04  1.1797E-04
       1.2989E-04  1.1193E-04  1.1245E-04  1.0777E-04  9.7852E-05  1.0858E-04  1.0050E-04  9.7842E-05  9.4554E-05  1.1534E-04
       1.0522E-04  9.6189E-05  1.2851E-04  1.0981E-04  1.4452E-04  1.1423E-04  1.1767E-04  1.3414E-04  1.3981E-04  1.5555E-04
       1.4148E-04  1.7136E-04  1.7165E-04  1.7606E-04  1.8846E-04  2.1172E-04  1.9452E-04  2.3252E-04  2.5788E-04  3.0486E-04
       3.9104E-04  4.9499E-04  7.5690E-04  1.1664E-03  1.9684E-03  3.2056E-03  5.3210E-03  8.6065E-03  1.3809E-02  2.1564E-02
       3.2960E-02  4.8921E-02  7.1272E-02  1.0060E-01  1.3705E-01  1.8218E-01  2.3458E-01  2.9391E-01  3.5613E-01  4.1745E-01
       4.7462E-01  5.2128E-01  5.5168E-01  5.6628E-01  5.6212E-01  5.3744E-01  4.9664E-01  4.4263E-01  3.7960E-01  3.1457E-01
       2.5051E-01  1.9268E-01  1.4225E-01  1.0122E-01  6.9186E-02  4.5710E-02  2.8830E-02  1.7546E-02  1.0113E-02  5.6187E-03
       3.0390E-03  1.5434E-03  7.5450E-04  3.8298E-04  1.7859E-04  7.0197E-05  2.3877E-05  1.3848E-05  2.8651E-06  4.2981E-06
       9.5498E-07  0.0000E+00  0.0000E+00  0.0000E+00  0.0000E+00  0.0000E+00  0.0000E+00  0.0000E+00  0.0000E+00  0.0000E+00
       0.0000E+00  0.0000E+00  0.0000E+00  0.0000E+00  0.0000E+00  0.0000E+00  0.0000E+00  0.0000E+00  0.0000E+00  0.0000E+00
       0.0000E+00  0.0000E+00  0.0000E+00  0.0000E+00  0.0000E+00  0.0000E+00  0.0000E+00  0.0000E+00  0.0000E+00  0.0000E+00
       0.0000E+00  0.0000E+00  0.0000E+00  0.0000E+00  0.0000E+00  0.0000E+00  0.0000E+00  0.0000E+00  0.0000E+00  0.0000E+00
       0.0000E+00  0.0000E+00  0.0000E+00  0.0000E+00  0.0000E+00  0.0000E+00  0.0000E+00  0.0000E+00  0.0000E+00  0.0000E+00
       0.0000E+00  0.0000E+00  0.0000E+00  0.0000E+00  0.0000E+00  0.0000E+00  0.0000E+00  0.0000E+00  0.0000E+00  0.0000E+00
       0.0000E+00  0.0000E+00  0.0000E+00  0.0000E+00  0.0000E+00  0.0000E+00  0.0000E+00  0.0000E+00  0.0000E+00  0.0000E+00
       0.0000E+00  0.0000E+00  0.0000E+00  0.0000E+00  0.0000E+00  0.0000E+00  0.0000E+00  0.0000E+00  0.0000E+00  0.0000E+00
       0.0000E+00  0.0000E+00  0.0000E+00  0.0000E+00  0.0000E+00  0.0000E+00  0.0000E+00  0.0000E+00  0.0000E+00  0.0000E+00
       0.0000E+00  0.0000E+00  0.0000E+00  0.0000E+00  0.0000E+00  0.0000E+00  0.0000E+00  0.0000E+00  0.0000E+00  0.0000E+00
       0.0000E+00  0.0000E+00  0.0000E+00  0.0000E+00  0.0000E+00  0.0000E+00  0.0000E+00  0.0000E+00  0.0000E+00  0.0000E+00
       0.0000E+00  0.0000E+00  0.0000E+00  0.0000E+00  0.0000E+00  0.0000E+00  0.0000E+00  0.0000E+00  0.0000E+00  0.0000E+00
       0.0000E+00  0.0000E+00  0.0000E+00  0.0000E+00  0.0000E+00  0.0000E+00  0.0000E+00  0.0000E+00  0.0000E+00  0.0000E+00
       0.0000E+00  0.0000E+00  0.0000E+00  0.0000E+00  0.0000E+00  0.0000E+00  0.0000E+00  0.0000E+00  0.0000E+00  0.0000E+00
       0.0000E+00  0.0000E+00  0.0000E+00  0.0000E+00  0.0000E+00  0.0000E+00  0.0000E+00  0.0000E+00  0.0000E+00  0.0000E+00
       0.0000E+00  0.0000E+00  0.0000E+00  0.0000E+00  0.0000E+00  0.0000E+00  0.0000E+00  0.0000E+00  0.0000E+00  0.0000E+00
       0.0000E+00  0.0000E+00  0.0000E+00  0.0000E+00  0.0000E+00  0.0000E+00  0.0000E+00  0.0000E+00  0.0000E+00  0.0000E+00
       0.0000E+00  0.0000E+00  0.0000E+00  0.0000E+00  0.0000E+00  0.0000E+00  0.0000E+00  0.0000E+00  0.0000E+00  0.0000E+00
       0.0000E+00  0.0000E+00  0.0000E+00  0.0000E+00  0.0000E+00  0.0000E+00  0.0000E+00  0.0000E+00  0.0000E+00  0.0000E+00
       0.0000E+00  0.0000E+00  0.0000E+00  0.0000E+00  0.0000E+00  0.0000E+00  0.0000E+00  0.0000E+00  0.0000E+00  0.0000E+00
       0.0000E+00  0.0000E+00  0.0000E+00  0.0000E+00  0.0000E+00  0.0000E+00  0.0000E+00  0.0000E+00  0.0000E+00  0.0000E+00
       0.0000E+00  0.0000E+00  0.0000E+00  0.0000E+00  0.0000E+00  0.0000E+00  0.0000E+00  0.0000E+00  0.0000E+00  0.0000E+00
       0.0000E+00  0.0000E+00  0.0000E+00  0.0000E+00  0.0000E+00  0.0000E+00  0.0000E+00  0.0000E+00  0.0000E+00  0.0000E+00
       0.0000E+00  0.0000E+00  0.0000E+00  0.0000E+00  0.0000E+00  0.0000E+00  0.0000E+00  0.0000E+00  0.0000E+00  0.0000E+00
       0.0000E+00  0.0000E+00  0.0000E+00  0.0000E+00  0.0000E+00  0.0000E+00  0.0000E+00  0.0000E+00  0.0000E+00  0.0000E+00
       0.0000E+00  0.0000E+00  0.0000E+00  0.0000E+00  0.0000E+00  0.0000E+00  0.0000E+00  0.0000E+00  0.0000E+00  0.0000E+00
       0.0000E+00  0.0000E+00  0.0000E+00  0.0000E+00  0.0000E+00  0.0000E+00  0.0000E+00  0.0000E+00  0.0000E+00  0.0000E+00
       0.0000E+00  0.0000E+00  0.0000E+00  0.0000E+00  0.0000E+00  0.0000E+00  0.0000E+00  0.0000E+00  0.0000E+00  0.0000E+00
       0.0000E+00  0.0000E+00  0.0000E+00  0.0000E+00  0.0000E+00  0.0000E+00  0.0000E+00  0.0000E+00  0.0000E+00  0.0000E+00
       0.0000E+00  0.0000E+00  0.0000E+00  0.0000E+00  0.0000E+00  0.0000E+00  0.0000E+00  0.0000E+00  0.0000E+00  0.0000E+00
1

   Bdrx n.   6  "ofluence  " , generalized particle n.    1, from region n.     5 to region n.     4
      detector area:  1.0000E+02 cm**2
      this is a one way only estimator
      this is a fluence like estimator
      linear energy binning from   0.0000E+00 to  3.0000E+02 GeV,     1 bins ( 3.0000E+02 GeV wide)
      linear angular binning from  0.0000E+00 to  6.2832E+00 sr ,     1 bins ( 6.2832E+00 sr wide )
      Data follow in a matrix A(ie,ia), format (1(5x,1p,10(1x,e11.4)))

       5.3328E-06
