
 *****  Protons in Lexan (0.21GeV, 2cm)                                                   *****

           DATE: 12/19/18,  TIME:  3:45:26

          Total number of particles followed       16666666, for a total weight of  1.6667E+07

1

   Bdrx n.   4  "ocurrent  " , generalized particle n.    1, from region n.     5 to region n.     4
      detector area:  1.0000E+02 cm**2
      this is a one way only estimator
      this is a current like estimator
      linear energy binning from   1.3000E-01 to  2.6000E-01 GeV,   650 bins ( 2.0000E-04 GeV wide)
      linear angular binning from  0.0000E+00 to  6.2832E+00 sr ,     1 bins ( 6.2832E+00 sr wide )
      Data follow in a matrix A(ie,ia), format (1(5x,1p,10(1x,e11.4)))

       3.2372E-04  3.0462E-04  3.4712E-04  3.4139E-04  3.4282E-04  3.4568E-04  3.3757E-04  3.5380E-04  3.2897E-04  3.3375E-04
       3.3423E-04  3.4330E-04  3.2611E-04  3.3041E-04  3.4091E-04  3.5046E-04  3.6813E-04  3.1465E-04  3.5332E-04  3.3470E-04
       3.4807E-04  3.6287E-04  3.2611E-04  3.5762E-04  3.4664E-04  3.2802E-04  3.3661E-04  3.3805E-04  3.3614E-04  3.1990E-04
       3.2181E-04  3.4807E-04  3.1751E-04  3.1942E-04  3.3184E-04  3.4998E-04  3.5428E-04  3.2945E-04  3.1608E-04  3.4855E-04
       3.2659E-04  3.5762E-04  3.3088E-04  3.2277E-04  3.2372E-04  3.4330E-04  3.6813E-04  3.2850E-04  3.0605E-04  3.3327E-04
       3.3232E-04  3.4043E-04  3.4568E-04  3.4282E-04  3.3995E-04  3.4616E-04  3.1847E-04  3.5523E-04  3.4664E-04  3.5285E-04
       3.1895E-04  3.4186E-04  3.4377E-04  3.2611E-04  3.4521E-04  3.3805E-04  3.5046E-04  3.4282E-04  3.4807E-04  3.4950E-04
       3.2754E-04  3.3900E-04  3.3279E-04  3.1656E-04  3.4043E-04  3.3948E-04  3.3041E-04  3.4473E-04  3.3279E-04  3.4377E-04
       3.3088E-04  3.1322E-04  3.3900E-04  3.3041E-04  3.4568E-04  3.2850E-04  3.3709E-04  3.3566E-04  3.3375E-04  3.2420E-04
       3.1656E-04  3.3232E-04  3.1847E-04  3.3661E-04  3.3805E-04  3.3757E-04  3.4043E-04  3.4043E-04  3.3566E-04  3.5189E-04
       3.5762E-04  3.2515E-04  3.3995E-04  3.3279E-04  3.3518E-04  3.2038E-04  3.3088E-04  3.5619E-04  3.3327E-04  3.4998E-04
       3.4425E-04  3.3757E-04  3.4139E-04  3.5571E-04  3.1083E-04  3.2468E-04  3.2659E-04  3.1656E-04  3.4186E-04  3.4330E-04
       3.5141E-04  3.4043E-04  3.2086E-04  3.2277E-04  3.3566E-04  3.4186E-04  3.3423E-04  3.2659E-04  3.0653E-04  3.4234E-04
       3.2229E-04  3.2802E-04  3.2277E-04  3.3614E-04  3.3232E-04  3.3327E-04  3.2133E-04  3.2563E-04  3.2659E-04  3.4043E-04
       3.1942E-04  3.2611E-04  3.1178E-04  3.3279E-04  3.2945E-04  3.3232E-04  3.3279E-04  3.1799E-04  3.2993E-04  3.0605E-04
       3.2133E-04  3.1560E-04  3.2181E-04  3.1035E-04  3.3566E-04  3.1178E-04  3.0176E-04  3.1369E-04  3.0749E-04  3.0653E-04
       3.1560E-04  2.9985E-04  2.8505E-04  3.2897E-04  3.1560E-04  3.2945E-04  3.1990E-04  2.9555E-04  3.0176E-04  3.1751E-04
       3.0796E-04  3.1465E-04  2.9030E-04  3.0605E-04  2.9125E-04  2.8982E-04  3.1322E-04  2.9651E-04  3.2420E-04  3.0940E-04
       2.9651E-04  2.8218E-04  2.9555E-04  2.9316E-04  2.9842E-04  2.6738E-04  2.7597E-04  3.0558E-04  2.8696E-04  2.8409E-04
       2.7406E-04  2.7120E-04  2.8170E-04  2.6786E-04  2.7406E-04  2.7359E-04  2.7406E-04  2.7215E-04  2.8123E-04  2.7263E-04
       2.6117E-04  2.6165E-04  2.6738E-04  2.7502E-04  2.6547E-04  2.5258E-04  2.8314E-04  2.4589E-04  2.5306E-04  2.5353E-04
       2.7502E-04  2.6404E-04  2.6404E-04  2.5449E-04  2.5449E-04  2.5592E-04  2.5401E-04  2.5640E-04  2.5592E-04  2.4112E-04
       2.2918E-04  2.3969E-04  2.3539E-04  2.5497E-04  2.5162E-04  2.3587E-04  2.5067E-04  2.3825E-04  2.3969E-04  2.5306E-04
       2.0865E-04  2.2298E-04  2.3873E-04  2.0531E-04  2.2727E-04  2.1963E-04  2.1868E-04  2.3157E-04  2.1008E-04  2.3491E-04
       2.1820E-04  2.2632E-04  2.1772E-04  2.1390E-04  2.1725E-04  2.0006E-04  2.1438E-04  2.0292E-04  1.9481E-04  1.9290E-04
       2.0197E-04  1.8573E-04  1.9767E-04  1.8335E-04  1.8955E-04  1.8000E-04  1.7905E-04  1.6520E-04  1.7809E-04  1.5852E-04
       1.6186E-04  1.7762E-04  1.4467E-04  1.3608E-04  1.4181E-04  1.4372E-04  1.2128E-04  1.3512E-04  1.1507E-04  1.0934E-04
       1.2080E-04  1.0456E-04  1.0313E-04  9.7880E-05  9.1673E-05  9.8835E-05  9.2628E-05  9.1673E-05  8.6899E-05  1.0600E-04
       9.6448E-05  8.6899E-05  1.1841E-04  1.0170E-04  1.3369E-04  1.0647E-04  1.1077E-04  1.2462E-04  1.3178E-04  1.4658E-04
       1.3321E-04  1.6186E-04  1.6282E-04  1.6664E-04  1.7905E-04  2.0197E-04  1.8478E-04  2.2345E-04  2.4685E-04  2.9221E-04
       3.7911E-04  4.8176E-04  7.4437E-04  1.1473E-03  1.9476E-03  3.1861E-03  5.2965E-03  8.5781E-03  1.3775E-02  2.1524E-02
       3.2915E-02  4.8862E-02  7.1206E-02  1.0053E-01  1.3697E-01  1.8208E-01  2.3447E-01  2.9379E-01  3.5600E-01  4.1731E-01
       4.7448E-01  5.2113E-01  5.5153E-01  5.6614E-01  5.6199E-01  5.3733E-01  4.9653E-01  4.4255E-01  3.7953E-01  3.1451E-01
       2.5047E-01  1.9265E-01  1.4222E-01  1.0120E-01  6.9175E-02  4.5702E-02  2.8826E-02  1.7543E-02  1.0112E-02  5.6179E-03
       3.0386E-03  1.5432E-03  7.5439E-04  3.8293E-04  1.7857E-04  7.0187E-05  2.3873E-05  1.3846E-05  2.8648E-06  4.2972E-06
       9.5493E-07  0.0000E+00  0.0000E+00  0.0000E+00  0.0000E+00  0.0000E+00  0.0000E+00  0.0000E+00  0.0000E+00  0.0000E+00
       0.0000E+00  0.0000E+00  0.0000E+00  0.0000E+00  0.0000E+00  0.0000E+00  0.0000E+00  0.0000E+00  0.0000E+00  0.0000E+00
       0.0000E+00  0.0000E+00  0.0000E+00  0.0000E+00  0.0000E+00  0.0000E+00  0.0000E+00  0.0000E+00  0.0000E+00  0.0000E+00
       0.0000E+00  0.0000E+00  0.0000E+00  0.0000E+00  0.0000E+00  0.0000E+00  0.0000E+00  0.0000E+00  0.0000E+00  0.0000E+00
       0.0000E+00  0.0000E+00  0.0000E+00  0.0000E+00  0.0000E+00  0.0000E+00  0.0000E+00  0.0000E+00  0.0000E+00  0.0000E+00
       0.0000E+00  0.0000E+00  0.0000E+00  0.0000E+00  0.0000E+00  0.0000E+00  0.0000E+00  0.0000E+00  0.0000E+00  0.0000E+00
       0.0000E+00  0.0000E+00  0.0000E+00  0.0000E+00  0.0000E+00  0.0000E+00  0.0000E+00  0.0000E+00  0.0000E+00  0.0000E+00
       0.0000E+00  0.0000E+00  0.0000E+00  0.0000E+00  0.0000E+00  0.0000E+00  0.0000E+00  0.0000E+00  0.0000E+00  0.0000E+00
       0.0000E+00  0.0000E+00  0.0000E+00  0.0000E+00  0.0000E+00  0.0000E+00  0.0000E+00  0.0000E+00  0.0000E+00  0.0000E+00
       0.0000E+00  0.0000E+00  0.0000E+00  0.0000E+00  0.0000E+00  0.0000E+00  0.0000E+00  0.0000E+00  0.0000E+00  0.0000E+00
       0.0000E+00  0.0000E+00  0.0000E+00  0.0000E+00  0.0000E+00  0.0000E+00  0.0000E+00  0.0000E+00  0.0000E+00  0.0000E+00
       0.0000E+00  0.0000E+00  0.0000E+00  0.0000E+00  0.0000E+00  0.0000E+00  0.0000E+00  0.0000E+00  0.0000E+00  0.0000E+00
       0.0000E+00  0.0000E+00  0.0000E+00  0.0000E+00  0.0000E+00  0.0000E+00  0.0000E+00  0.0000E+00  0.0000E+00  0.0000E+00
       0.0000E+00  0.0000E+00  0.0000E+00  0.0000E+00  0.0000E+00  0.0000E+00  0.0000E+00  0.0000E+00  0.0000E+00  0.0000E+00
       0.0000E+00  0.0000E+00  0.0000E+00  0.0000E+00  0.0000E+00  0.0000E+00  0.0000E+00  0.0000E+00  0.0000E+00  0.0000E+00
       0.0000E+00  0.0000E+00  0.0000E+00  0.0000E+00  0.0000E+00  0.0000E+00  0.0000E+00  0.0000E+00  0.0000E+00  0.0000E+00
       0.0000E+00  0.0000E+00  0.0000E+00  0.0000E+00  0.0000E+00  0.0000E+00  0.0000E+00  0.0000E+00  0.0000E+00  0.0000E+00
       0.0000E+00  0.0000E+00  0.0000E+00  0.0000E+00  0.0000E+00  0.0000E+00  0.0000E+00  0.0000E+00  0.0000E+00  0.0000E+00
       0.0000E+00  0.0000E+00  0.0000E+00  0.0000E+00  0.0000E+00  0.0000E+00  0.0000E+00  0.0000E+00  0.0000E+00  0.0000E+00
       0.0000E+00  0.0000E+00  0.0000E+00  0.0000E+00  0.0000E+00  0.0000E+00  0.0000E+00  0.0000E+00  0.0000E+00  0.0000E+00
       0.0000E+00  0.0000E+00  0.0000E+00  0.0000E+00  0.0000E+00  0.0000E+00  0.0000E+00  0.0000E+00  0.0000E+00  0.0000E+00
       0.0000E+00  0.0000E+00  0.0000E+00  0.0000E+00  0.0000E+00  0.0000E+00  0.0000E+00  0.0000E+00  0.0000E+00  0.0000E+00
       0.0000E+00  0.0000E+00  0.0000E+00  0.0000E+00  0.0000E+00  0.0000E+00  0.0000E+00  0.0000E+00  0.0000E+00  0.0000E+00
       0.0000E+00  0.0000E+00  0.0000E+00  0.0000E+00  0.0000E+00  0.0000E+00  0.0000E+00  0.0000E+00  0.0000E+00  0.0000E+00
       0.0000E+00  0.0000E+00  0.0000E+00  0.0000E+00  0.0000E+00  0.0000E+00  0.0000E+00  0.0000E+00  0.0000E+00  0.0000E+00
       0.0000E+00  0.0000E+00  0.0000E+00  0.0000E+00  0.0000E+00  0.0000E+00  0.0000E+00  0.0000E+00  0.0000E+00  0.0000E+00
       0.0000E+00  0.0000E+00  0.0000E+00  0.0000E+00  0.0000E+00  0.0000E+00  0.0000E+00  0.0000E+00  0.0000E+00  0.0000E+00
       0.0000E+00  0.0000E+00  0.0000E+00  0.0000E+00  0.0000E+00  0.0000E+00  0.0000E+00  0.0000E+00  0.0000E+00  0.0000E+00
       0.0000E+00  0.0000E+00  0.0000E+00  0.0000E+00  0.0000E+00  0.0000E+00  0.0000E+00  0.0000E+00  0.0000E+00  0.0000E+00
       0.0000E+00  0.0000E+00  0.0000E+00  0.0000E+00  0.0000E+00  0.0000E+00  0.0000E+00  0.0000E+00  0.0000E+00  0.0000E+00
