
 *****  Protons in Lexan (0.23GeV, 5.0cm)                                                 *****

           DATE: 12/13/18,  TIME:  7: 7: 1

          Total number of particles followed        1000000, for a total weight of  1.0000E+06

1

   Res. nuclei n.   1  "Ian       " ,  all         products, region n.     5
      detector volume:  1.0000E+00 cm**3
      Max. Z:  10, Max. N-Z:  11 Min. N-Z: -4
      Data follow in a matrix A(z,n-z-k), k: -5 format (1(5x,1p,10(1x,e11.4)))

       0.0000E+00  0.0000E+00  0.0000E+00  0.0000E+00  0.0000E+00  0.0000E+00  0.0000E+00  0.0000E+00  0.0000E+00  0.0000E+00
       0.0000E+00  0.0000E+00  0.0000E+00  0.0000E+00  0.0000E+00  6.4000E-05  0.0000E+00  3.1000E-05  0.0000E+00  0.0000E+00
       0.0000E+00  0.0000E+00  0.0000E+00  0.0000E+00  6.3600E-04  1.0880E-03  1.9500E-04  1.6450E-03  0.0000E+00  0.0000E+00
       4.8110E+00  1.5308E-02  0.0000E+00  5.0150E-03  0.0000E+00  1.3820E-02  2.7840E-03  5.0417E-02  3.0000E-06  0.0000E+00
       3.4288E+00  2.1217E-01  1.2565E-02  0.0000E+00  7.8010E-03  4.9798E-02  2.4788E-02  7.2276E-02  1.1000E-05  1.2000E-05
       7.9109E-03  0.0000E+00  4.2060E-03  2.4511E-03  1.1654E-02  1.2662E-02  3.7516E-02  8.4851E-05  2.0000E-06  0.0000E+00
       0.0000E+00  2.7000E-04  5.1300E-04  1.3740E-03  4.1100E-04  3.1610E-03  2.4758E-04  1.1900E-04  0.0000E+00  0.0000E+00
       0.0000E+00  0.0000E+00  5.1000E-05  2.1000E-05  7.8000E-05  1.0000E-05  3.4000E-05  0.0000E+00  0.0000E+00  0.0000E+00
       0.0000E+00  0.0000E+00  0.0000E+00  1.0000E-06  0.0000E+00  0.0000E+00  0.0000E+00  0.0000E+00  0.0000E+00  0.0000E+00
       0.0000E+00  0.0000E+00  0.0000E+00  0.0000E+00  0.0000E+00  0.0000E+00  0.0000E+00  0.0000E+00  0.0000E+00  0.0000E+00
       0.0000E+00  0.0000E+00  0.0000E+00  0.0000E+00  0.0000E+00  0.0000E+00  0.0000E+00  0.0000E+00  0.0000E+00  0.0000E+00
       0.0000E+00  0.0000E+00  0.0000E+00  0.0000E+00  0.0000E+00  0.0000E+00  0.0000E+00  0.0000E+00  0.0000E+00  0.0000E+00
       0.0000E+00  0.0000E+00  0.0000E+00  0.0000E+00  0.0000E+00  0.0000E+00  0.0000E+00  0.0000E+00  0.0000E+00  0.0000E+00
       0.0000E+00  0.0000E+00  0.0000E+00  0.0000E+00  0.0000E+00  0.0000E+00  0.0000E+00  0.0000E+00  0.0000E+00  0.0000E+00
       0.0000E+00  0.0000E+00  0.0000E+00  0.0000E+00  0.0000E+00  0.0000E+00  0.0000E+00  0.0000E+00  0.0000E+00  0.0000E+00
       0.0000E+00  0.0000E+00  0.0000E+00  0.0000E+00  0.0000E+00  0.0000E+00  0.0000E+00  0.0000E+00  0.0000E+00  0.0000E+00
