
 *****  Protons in Lexan (0.21GeV, 3cm)                                                   *****

           DATE: 12/18/18,  TIME: 12:17:11

          Total number of particles followed       10000000, for a total weight of  1.0000E+07

1

   Bdrx n.   2  "ofluence  " , generalized particle n.    1, from region n.     5 to region n.     4
      detector area:  1.0000E+02 cm**2
      this is a one way only estimator
      this is a fluence like estimator
      linear energy binning from   1.3000E-01 to  2.6000E-01 GeV,   650 bins ( 2.0000E-04 GeV wide)
      linear angular binning from  0.0000E+00 to  6.2832E+00 sr ,     1 bins ( 6.2832E+00 sr wide )
      Data follow in a matrix A(ie,ia), format (1(5x,1p,10(1x,e11.4)))

       6.0070E-04  6.2765E-04  6.0806E-04  6.1927E-04  6.4014E-04  6.3783E-04  6.0494E-04  6.4925E-04  6.0687E-04  6.1504E-04
       5.9674E-04  5.9231E-04  6.2036E-04  6.0198E-04  6.2601E-04  5.9714E-04  5.9613E-04  6.4140E-04  6.2044E-04  6.0179E-04
       6.2240E-04  5.9841E-04  6.2433E-04  6.1729E-04  5.9498E-04  6.2861E-04  6.2647E-04  6.1638E-04  6.2959E-04  6.0559E-04
       6.3448E-04  5.8970E-04  5.9378E-04  6.1654E-04  6.1123E-04  6.2954E-04  5.7468E-04  5.8875E-04  6.4055E-04  6.4291E-04
       5.8665E-04  5.8867E-04  5.8561E-04  5.7404E-04  5.8183E-04  5.8744E-04  5.7851E-04  6.4014E-04  6.4215E-04  6.2018E-04
       5.9687E-04  5.8387E-04  6.0088E-04  5.9540E-04  5.7967E-04  6.2891E-04  6.2104E-04  5.8408E-04  5.7773E-04  5.9474E-04
       5.8612E-04  5.6421E-04  6.2984E-04  5.8031E-04  5.9824E-04  5.9969E-04  6.1807E-04  6.0535E-04  6.0107E-04  5.8901E-04
       6.0050E-04  6.0822E-04  6.0098E-04  6.1002E-04  5.9019E-04  5.8401E-04  6.0102E-04  6.3607E-04  5.9824E-04  5.8593E-04
       5.6972E-04  5.9271E-04  5.8221E-04  5.7198E-04  5.8562E-04  5.6644E-04  5.7268E-04  6.0067E-04  5.3450E-04  5.7681E-04
       5.6425E-04  5.5816E-04  5.6753E-04  5.5444E-04  5.9771E-04  5.4160E-04  5.6985E-04  5.7837E-04  5.7017E-04  5.4751E-04
       5.7992E-04  5.6979E-04  5.5646E-04  5.7525E-04  5.6435E-04  5.8258E-04  5.4706E-04  5.3005E-04  4.8180E-04  5.0293E-04
       5.1808E-04  4.7335E-04  5.2720E-04  5.2274E-04  5.0097E-04  5.3080E-04  5.1801E-04  5.4117E-04  5.3238E-04  4.7657E-04
       5.5245E-04  5.1919E-04  5.2686E-04  4.7379E-04  5.0144E-04  5.2900E-04  5.0600E-04  4.9315E-04  4.8689E-04  5.0373E-04
       5.0250E-04  4.9259E-04  4.6959E-04  5.0841E-04  4.7201E-04  4.5699E-04  4.9544E-04  4.9973E-04  4.3301E-04  4.6165E-04
       4.6855E-04  4.8296E-04  4.3580E-04  4.6552E-04  4.6279E-04  4.7956E-04  4.7865E-04  5.0376E-04  4.5840E-04  4.7206E-04
       4.3851E-04  4.7221E-04  4.7967E-04  4.6363E-04  4.2729E-04  4.4419E-04  4.5683E-04  4.7078E-04  3.9698E-04  4.4651E-04
       4.1763E-04  4.0567E-04  4.5631E-04  4.3099E-04  4.3203E-04  4.0026E-04  3.8556E-04  4.1672E-04  4.1044E-04  4.0627E-04
       4.1865E-04  4.2270E-04  4.0651E-04  4.0450E-04  4.1457E-04  3.9298E-04  3.7226E-04  3.9323E-04  4.0102E-04  3.6144E-04
       3.7631E-04  3.8900E-04  3.6482E-04  3.8080E-04  3.7181E-04  3.4978E-04  3.5482E-04  3.4703E-04  3.6733E-04  3.4273E-04
       3.4046E-04  3.6481E-04  3.6205E-04  3.4363E-04  3.1659E-04  3.1356E-04  3.2251E-04  3.5488E-04  3.3016E-04  3.3125E-04
       2.9913E-04  2.7805E-04  3.0062E-04  2.6708E-04  2.8370E-04  2.7874E-04  2.8301E-04  2.4288E-04  2.4356E-04  2.3532E-04
       2.4475E-04  2.0967E-04  2.0364E-04  2.1002E-04  2.2100E-04  2.2477E-04  2.1157E-04  2.0182E-04  1.7541E-04  1.6984E-04
       2.1291E-04  1.7000E-04  1.6759E-04  1.9585E-04  1.6741E-04  1.8347E-04  1.7025E-04  1.7392E-04  2.0894E-04  2.1443E-04
       2.0411E-04  2.2033E-04  2.1991E-04  2.2253E-04  2.2683E-04  2.3468E-04  2.9714E-04  2.7453E-04  3.0285E-04  3.3239E-04
       3.2121E-04  3.5510E-04  3.9995E-04  4.6871E-04  5.4211E-04  6.7066E-04  9.9415E-04  1.2868E-03  1.8858E-03  2.7702E-03
       4.1560E-03  6.3536E-03  9.2870E-03  1.3848E-02  2.0568E-02  2.9118E-02  4.0869E-02  5.6498E-02  7.6940E-02  1.0250E-01
       1.3237E-01  1.6836E-01  2.0871E-01  2.5256E-01  2.9898E-01  3.4436E-01  3.8809E-01  4.2736E-01  4.5725E-01  4.7748E-01
       4.8423E-01  4.7916E-01  4.6243E-01  4.3280E-01  3.9453E-01  3.4890E-01  3.0109E-01  2.5156E-01  2.0439E-01  1.6034E-01
       1.2267E-01  9.0832E-02  6.5233E-02  4.5743E-02  3.1048E-02  2.0032E-02  1.2834E-02  7.8386E-03  4.5752E-03  2.6959E-03
       1.4653E-03  7.7688E-04  3.7092E-04  1.9980E-04  1.0109E-04  4.1388E-05  2.8654E-05  7.9599E-06  4.7755E-06  2.3875E-06
       0.0000E+00  0.0000E+00  0.0000E+00  0.0000E+00  0.0000E+00  0.0000E+00  0.0000E+00  0.0000E+00  0.0000E+00  0.0000E+00
       0.0000E+00  0.0000E+00  0.0000E+00  0.0000E+00  0.0000E+00  0.0000E+00  0.0000E+00  0.0000E+00  0.0000E+00  0.0000E+00
       0.0000E+00  0.0000E+00  0.0000E+00  0.0000E+00  0.0000E+00  0.0000E+00  0.0000E+00  0.0000E+00  0.0000E+00  0.0000E+00
       0.0000E+00  0.0000E+00  0.0000E+00  0.0000E+00  0.0000E+00  0.0000E+00  0.0000E+00  0.0000E+00  0.0000E+00  0.0000E+00
       0.0000E+00  0.0000E+00  0.0000E+00  0.0000E+00  0.0000E+00  0.0000E+00  0.0000E+00  0.0000E+00  0.0000E+00  0.0000E+00
       0.0000E+00  0.0000E+00  0.0000E+00  0.0000E+00  0.0000E+00  0.0000E+00  0.0000E+00  0.0000E+00  0.0000E+00  0.0000E+00
       0.0000E+00  0.0000E+00  0.0000E+00  0.0000E+00  0.0000E+00  0.0000E+00  0.0000E+00  0.0000E+00  0.0000E+00  0.0000E+00
       0.0000E+00  0.0000E+00  0.0000E+00  0.0000E+00  0.0000E+00  0.0000E+00  0.0000E+00  0.0000E+00  0.0000E+00  0.0000E+00
       0.0000E+00  0.0000E+00  0.0000E+00  0.0000E+00  0.0000E+00  0.0000E+00  0.0000E+00  0.0000E+00  0.0000E+00  0.0000E+00
       0.0000E+00  0.0000E+00  0.0000E+00  0.0000E+00  0.0000E+00  0.0000E+00  0.0000E+00  0.0000E+00  0.0000E+00  0.0000E+00
       0.0000E+00  0.0000E+00  0.0000E+00  0.0000E+00  0.0000E+00  0.0000E+00  0.0000E+00  0.0000E+00  0.0000E+00  0.0000E+00
       0.0000E+00  0.0000E+00  0.0000E+00  0.0000E+00  0.0000E+00  0.0000E+00  0.0000E+00  0.0000E+00  0.0000E+00  0.0000E+00
       0.0000E+00  0.0000E+00  0.0000E+00  0.0000E+00  0.0000E+00  0.0000E+00  0.0000E+00  0.0000E+00  0.0000E+00  0.0000E+00
       0.0000E+00  0.0000E+00  0.0000E+00  0.0000E+00  0.0000E+00  0.0000E+00  0.0000E+00  0.0000E+00  0.0000E+00  0.0000E+00
       0.0000E+00  0.0000E+00  0.0000E+00  0.0000E+00  0.0000E+00  0.0000E+00  0.0000E+00  0.0000E+00  0.0000E+00  0.0000E+00
       0.0000E+00  0.0000E+00  0.0000E+00  0.0000E+00  0.0000E+00  0.0000E+00  0.0000E+00  0.0000E+00  0.0000E+00  0.0000E+00
       0.0000E+00  0.0000E+00  0.0000E+00  0.0000E+00  0.0000E+00  0.0000E+00  0.0000E+00  0.0000E+00  0.0000E+00  0.0000E+00
       0.0000E+00  0.0000E+00  0.0000E+00  0.0000E+00  0.0000E+00  0.0000E+00  0.0000E+00  0.0000E+00  0.0000E+00  0.0000E+00
       0.0000E+00  0.0000E+00  0.0000E+00  0.0000E+00  0.0000E+00  0.0000E+00  0.0000E+00  0.0000E+00  0.0000E+00  0.0000E+00
       0.0000E+00  0.0000E+00  0.0000E+00  0.0000E+00  0.0000E+00  0.0000E+00  0.0000E+00  0.0000E+00  0.0000E+00  0.0000E+00
       0.0000E+00  0.0000E+00  0.0000E+00  0.0000E+00  0.0000E+00  0.0000E+00  0.0000E+00  0.0000E+00  0.0000E+00  0.0000E+00
       0.0000E+00  0.0000E+00  0.0000E+00  0.0000E+00  0.0000E+00  0.0000E+00  0.0000E+00  0.0000E+00  0.0000E+00  0.0000E+00
       0.0000E+00  0.0000E+00  0.0000E+00  0.0000E+00  0.0000E+00  0.0000E+00  0.0000E+00  0.0000E+00  0.0000E+00  0.0000E+00
       0.0000E+00  0.0000E+00  0.0000E+00  0.0000E+00  0.0000E+00  0.0000E+00  0.0000E+00  0.0000E+00  0.0000E+00  0.0000E+00
       0.0000E+00  0.0000E+00  0.0000E+00  0.0000E+00  0.0000E+00  0.0000E+00  0.0000E+00  0.0000E+00  0.0000E+00  0.0000E+00
       0.0000E+00  0.0000E+00  0.0000E+00  0.0000E+00  0.0000E+00  0.0000E+00  0.0000E+00  0.0000E+00  0.0000E+00  0.0000E+00
       0.0000E+00  0.0000E+00  0.0000E+00  0.0000E+00  0.0000E+00  0.0000E+00  0.0000E+00  0.0000E+00  0.0000E+00  0.0000E+00
       0.0000E+00  0.0000E+00  0.0000E+00  0.0000E+00  0.0000E+00  0.0000E+00  0.0000E+00  0.0000E+00  0.0000E+00  0.0000E+00
       0.0000E+00  0.0000E+00  0.0000E+00  0.0000E+00  0.0000E+00  0.0000E+00  0.0000E+00  0.0000E+00  0.0000E+00  0.0000E+00
       0.0000E+00  0.0000E+00  0.0000E+00  0.0000E+00  0.0000E+00  0.0000E+00  0.0000E+00  0.0000E+00  0.0000E+00  0.0000E+00
       0.0000E+00  0.0000E+00  0.0000E+00  0.0000E+00  0.0000E+00  0.0000E+00  0.0000E+00  0.0000E+00  0.0000E+00  0.0000E+00
       0.0000E+00  0.0000E+00  0.0000E+00  0.0000E+00  0.0000E+00  0.0000E+00  0.0000E+00  0.0000E+00  0.0000E+00  0.0000E+00
       0.0000E+00  0.0000E+00  0.0000E+00  0.0000E+00  0.0000E+00  0.0000E+00  0.0000E+00  0.0000E+00  0.0000E+00  0.0000E+00
       0.0000E+00  0.0000E+00  0.0000E+00  0.0000E+00  0.0000E+00  0.0000E+00  0.0000E+00  0.0000E+00  0.0000E+00  0.0000E+00
       0.0000E+00  0.0000E+00  0.0000E+00  0.0000E+00  0.0000E+00  0.0000E+00  0.0000E+00  0.0000E+00  0.0000E+00  0.0000E+00
1

   Bdrx n.   6  "ofluence  " , generalized particle n.    1, from region n.     5 to region n.     4
      detector area:  1.0000E+02 cm**2
      this is a one way only estimator
      this is a fluence like estimator
      linear energy binning from   0.0000E+00 to  3.0000E+02 GeV,     1 bins ( 3.0000E+02 GeV wide)
      linear angular binning from  0.0000E+00 to  6.2832E+00 sr ,     1 bins ( 6.2832E+00 sr wide )
      Data follow in a matrix A(ie,ia), format (1(5x,1p,10(1x,e11.4)))

       5.2799E-06
