
 *****  Protons in Lexan (0.21GeV, 3cm)                                                   *****

           DATE: 12/18/18,  TIME: 12:17:11

          Total number of particles followed       10000000, for a total weight of  1.0000E+07

1

   Bdrx n.   4  "ocurrent  " , generalized particle n.    1, from region n.     5 to region n.     4
      detector area:  1.0000E+02 cm**2
      this is a one way only estimator
      this is a current like estimator
      linear energy binning from   1.3000E-01 to  2.6000E-01 GeV,   650 bins ( 2.0000E-04 GeV wide)
      linear angular binning from  0.0000E+00 to  6.2832E+00 sr ,     1 bins ( 6.2832E+00 sr wide )
      Data follow in a matrix A(ie,ia), format (1(5x,1p,10(1x,e11.4)))

       5.1487E-04  5.3476E-04  5.2123E-04  5.2919E-04  5.4988E-04  5.4829E-04  5.2044E-04  5.5227E-04  5.2601E-04  5.2282E-04
       5.1646E-04  5.0770E-04  5.3317E-04  5.2044E-04  5.3874E-04  5.2123E-04  5.1566E-04  5.5306E-04  5.3715E-04  5.1885E-04
       5.3635E-04  5.1646E-04  5.3954E-04  5.3237E-04  5.1487E-04  5.4431E-04  5.4113E-04  5.3158E-04  5.4192E-04  5.2601E-04
       5.5465E-04  5.1646E-04  5.1327E-04  5.4033E-04  5.3556E-04  5.5068E-04  4.9975E-04  5.1725E-04  5.5625E-04  5.6023E-04
       5.1327E-04  5.1725E-04  5.1009E-04  5.0213E-04  5.1407E-04  5.1487E-04  5.0134E-04  5.6102E-04  5.6102E-04  5.4829E-04
       5.2044E-04  5.0770E-04  5.2680E-04  5.2521E-04  5.1725E-04  5.5465E-04  5.4988E-04  5.1725E-04  5.1009E-04  5.2521E-04
       5.1964E-04  5.0373E-04  5.5943E-04  5.1327E-04  5.3158E-04  5.2999E-04  5.4829E-04  5.3317E-04  5.3715E-04  5.2442E-04
       5.3237E-04  5.3954E-04  5.3635E-04  5.4511E-04  5.2521E-04  5.2203E-04  5.3317E-04  5.6818E-04  5.3874E-04  5.2442E-04
       5.1168E-04  5.2919E-04  5.2442E-04  5.1407E-04  5.2680E-04  5.0373E-04  5.1407E-04  5.4033E-04  4.8224E-04  5.1646E-04
       5.0770E-04  5.0054E-04  5.1089E-04  4.9975E-04  5.3794E-04  4.8542E-04  5.0770E-04  5.2123E-04  5.1566E-04  4.9258E-04
       5.2442E-04  5.1487E-04  5.0134E-04  5.1885E-04  5.1089E-04  5.2680E-04  4.9577E-04  4.8065E-04  4.3847E-04  4.5518E-04
       4.6871E-04  4.2972E-04  4.7746E-04  4.7667E-04  4.5280E-04  4.8144E-04  4.6553E-04  4.9338E-04  4.8701E-04  4.3608E-04
       4.9656E-04  4.7269E-04  4.7906E-04  4.3370E-04  4.5677E-04  4.7906E-04  4.6314E-04  4.4802E-04  4.4404E-04  4.6075E-04
       4.5996E-04  4.5359E-04  4.3051E-04  4.6792E-04  4.3449E-04  4.2096E-04  4.5439E-04  4.5916E-04  3.9789E-04  4.2494E-04
       4.3211E-04  4.4643E-04  4.0266E-04  4.2654E-04  4.2892E-04  4.4245E-04  4.4404E-04  4.6473E-04  4.2654E-04  4.3768E-04
       4.0585E-04  4.3131E-04  4.4325E-04  4.2972E-04  3.9709E-04  4.0903E-04  4.2256E-04  4.3847E-04  3.7004E-04  4.1619E-04
       3.8834E-04  3.7640E-04  4.2494E-04  3.9868E-04  4.0027E-04  3.7481E-04  3.5889E-04  3.8913E-04  3.8356E-04  3.8118E-04
       3.9391E-04  3.9630E-04  3.8277E-04  3.7879E-04  3.8595E-04  3.6526E-04  3.5173E-04  3.7004E-04  3.7481E-04  3.3741E-04
       3.5332E-04  3.6446E-04  3.4457E-04  3.5889E-04  3.4935E-04  3.2945E-04  3.3423E-04  3.2706E-04  3.4696E-04  3.2229E-04
       3.2149E-04  3.4377E-04  3.3980E-04  3.2388E-04  3.0001E-04  2.9842E-04  3.0478E-04  3.3661E-04  3.1194E-04  3.1035E-04
       2.8409E-04  2.5624E-04  2.8489E-04  2.5067E-04  2.6977E-04  2.6340E-04  2.6818E-04  2.3077E-04  2.2918E-04  2.2202E-04
       2.3316E-04  1.9735E-04  1.8860E-04  1.9656E-04  2.0531E-04  2.1247E-04  1.9894E-04  1.8780E-04  1.6234E-04  1.5915E-04
       1.9019E-04  1.5836E-04  1.5438E-04  1.7905E-04  1.5518E-04  1.6950E-04  1.5915E-04  1.5995E-04  1.9417E-04  1.9815E-04
       1.8621E-04  2.0611E-04  2.0611E-04  2.0849E-04  2.1327E-04  2.1884E-04  2.7932E-04  2.5942E-04  2.8568E-04  3.1433E-04
       3.0478E-04  3.3900E-04  3.8118E-04  4.4882E-04  5.2282E-04  6.5174E-04  9.6925E-04  1.2621E-03  1.8557E-03  2.7406E-03
       4.1205E-03  6.3145E-03  9.2413E-03  1.3788E-02  2.0503E-02  2.9047E-02  4.0790E-02  5.6401E-02  7.6838E-02  1.0238E-01
       1.3223E-01  1.6821E-01  2.0855E-01  2.5238E-01  2.9878E-01  3.4416E-01  3.8788E-01  4.2714E-01  4.5703E-01  4.7727E-01
       4.8402E-01  4.7897E-01  4.6226E-01  4.3264E-01  3.9439E-01  3.4878E-01  3.0099E-01  2.5148E-01  2.0433E-01  1.6029E-01
       1.2264E-01  9.0806E-02  6.5215E-02  4.5730E-02  3.1040E-02  2.0026E-02  1.2831E-02  7.8368E-03  4.5741E-03  2.6953E-03
       1.4650E-03  7.7668E-04  3.7083E-04  1.9974E-04  1.0106E-04  4.1380E-05  2.8648E-05  7.9577E-06  4.7746E-06  2.3873E-06
       0.0000E+00  0.0000E+00  0.0000E+00  0.0000E+00  0.0000E+00  0.0000E+00  0.0000E+00  0.0000E+00  0.0000E+00  0.0000E+00
       0.0000E+00  0.0000E+00  0.0000E+00  0.0000E+00  0.0000E+00  0.0000E+00  0.0000E+00  0.0000E+00  0.0000E+00  0.0000E+00
       0.0000E+00  0.0000E+00  0.0000E+00  0.0000E+00  0.0000E+00  0.0000E+00  0.0000E+00  0.0000E+00  0.0000E+00  0.0000E+00
       0.0000E+00  0.0000E+00  0.0000E+00  0.0000E+00  0.0000E+00  0.0000E+00  0.0000E+00  0.0000E+00  0.0000E+00  0.0000E+00
       0.0000E+00  0.0000E+00  0.0000E+00  0.0000E+00  0.0000E+00  0.0000E+00  0.0000E+00  0.0000E+00  0.0000E+00  0.0000E+00
       0.0000E+00  0.0000E+00  0.0000E+00  0.0000E+00  0.0000E+00  0.0000E+00  0.0000E+00  0.0000E+00  0.0000E+00  0.0000E+00
       0.0000E+00  0.0000E+00  0.0000E+00  0.0000E+00  0.0000E+00  0.0000E+00  0.0000E+00  0.0000E+00  0.0000E+00  0.0000E+00
       0.0000E+00  0.0000E+00  0.0000E+00  0.0000E+00  0.0000E+00  0.0000E+00  0.0000E+00  0.0000E+00  0.0000E+00  0.0000E+00
       0.0000E+00  0.0000E+00  0.0000E+00  0.0000E+00  0.0000E+00  0.0000E+00  0.0000E+00  0.0000E+00  0.0000E+00  0.0000E+00
       0.0000E+00  0.0000E+00  0.0000E+00  0.0000E+00  0.0000E+00  0.0000E+00  0.0000E+00  0.0000E+00  0.0000E+00  0.0000E+00
       0.0000E+00  0.0000E+00  0.0000E+00  0.0000E+00  0.0000E+00  0.0000E+00  0.0000E+00  0.0000E+00  0.0000E+00  0.0000E+00
       0.0000E+00  0.0000E+00  0.0000E+00  0.0000E+00  0.0000E+00  0.0000E+00  0.0000E+00  0.0000E+00  0.0000E+00  0.0000E+00
       0.0000E+00  0.0000E+00  0.0000E+00  0.0000E+00  0.0000E+00  0.0000E+00  0.0000E+00  0.0000E+00  0.0000E+00  0.0000E+00
       0.0000E+00  0.0000E+00  0.0000E+00  0.0000E+00  0.0000E+00  0.0000E+00  0.0000E+00  0.0000E+00  0.0000E+00  0.0000E+00
       0.0000E+00  0.0000E+00  0.0000E+00  0.0000E+00  0.0000E+00  0.0000E+00  0.0000E+00  0.0000E+00  0.0000E+00  0.0000E+00
       0.0000E+00  0.0000E+00  0.0000E+00  0.0000E+00  0.0000E+00  0.0000E+00  0.0000E+00  0.0000E+00  0.0000E+00  0.0000E+00
       0.0000E+00  0.0000E+00  0.0000E+00  0.0000E+00  0.0000E+00  0.0000E+00  0.0000E+00  0.0000E+00  0.0000E+00  0.0000E+00
       0.0000E+00  0.0000E+00  0.0000E+00  0.0000E+00  0.0000E+00  0.0000E+00  0.0000E+00  0.0000E+00  0.0000E+00  0.0000E+00
       0.0000E+00  0.0000E+00  0.0000E+00  0.0000E+00  0.0000E+00  0.0000E+00  0.0000E+00  0.0000E+00  0.0000E+00  0.0000E+00
       0.0000E+00  0.0000E+00  0.0000E+00  0.0000E+00  0.0000E+00  0.0000E+00  0.0000E+00  0.0000E+00  0.0000E+00  0.0000E+00
       0.0000E+00  0.0000E+00  0.0000E+00  0.0000E+00  0.0000E+00  0.0000E+00  0.0000E+00  0.0000E+00  0.0000E+00  0.0000E+00
       0.0000E+00  0.0000E+00  0.0000E+00  0.0000E+00  0.0000E+00  0.0000E+00  0.0000E+00  0.0000E+00  0.0000E+00  0.0000E+00
       0.0000E+00  0.0000E+00  0.0000E+00  0.0000E+00  0.0000E+00  0.0000E+00  0.0000E+00  0.0000E+00  0.0000E+00  0.0000E+00
       0.0000E+00  0.0000E+00  0.0000E+00  0.0000E+00  0.0000E+00  0.0000E+00  0.0000E+00  0.0000E+00  0.0000E+00  0.0000E+00
       0.0000E+00  0.0000E+00  0.0000E+00  0.0000E+00  0.0000E+00  0.0000E+00  0.0000E+00  0.0000E+00  0.0000E+00  0.0000E+00
       0.0000E+00  0.0000E+00  0.0000E+00  0.0000E+00  0.0000E+00  0.0000E+00  0.0000E+00  0.0000E+00  0.0000E+00  0.0000E+00
       0.0000E+00  0.0000E+00  0.0000E+00  0.0000E+00  0.0000E+00  0.0000E+00  0.0000E+00  0.0000E+00  0.0000E+00  0.0000E+00
       0.0000E+00  0.0000E+00  0.0000E+00  0.0000E+00  0.0000E+00  0.0000E+00  0.0000E+00  0.0000E+00  0.0000E+00  0.0000E+00
       0.0000E+00  0.0000E+00  0.0000E+00  0.0000E+00  0.0000E+00  0.0000E+00  0.0000E+00  0.0000E+00  0.0000E+00  0.0000E+00
       0.0000E+00  0.0000E+00  0.0000E+00  0.0000E+00  0.0000E+00  0.0000E+00  0.0000E+00  0.0000E+00  0.0000E+00  0.0000E+00
       0.0000E+00  0.0000E+00  0.0000E+00  0.0000E+00  0.0000E+00  0.0000E+00  0.0000E+00  0.0000E+00  0.0000E+00  0.0000E+00
       0.0000E+00  0.0000E+00  0.0000E+00  0.0000E+00  0.0000E+00  0.0000E+00  0.0000E+00  0.0000E+00  0.0000E+00  0.0000E+00
       0.0000E+00  0.0000E+00  0.0000E+00  0.0000E+00  0.0000E+00  0.0000E+00  0.0000E+00  0.0000E+00  0.0000E+00  0.0000E+00
       0.0000E+00  0.0000E+00  0.0000E+00  0.0000E+00  0.0000E+00  0.0000E+00  0.0000E+00  0.0000E+00  0.0000E+00  0.0000E+00
       0.0000E+00  0.0000E+00  0.0000E+00  0.0000E+00  0.0000E+00  0.0000E+00  0.0000E+00  0.0000E+00  0.0000E+00  0.0000E+00
