
 *****  Protons in Lexan (0.21GeV, 3cm)                                                   *****

           DATE: 12/18/18,  TIME: 12:17:11

          Total number of particles followed       10000000, for a total weight of  1.0000E+07

1

   Res. nuclei n.   1  "Ian       " ,  all         products, region n.     5
      detector volume:  1.0000E+00 cm**3
      Max. Z:  10, Max. N-Z:  11 Min. N-Z: -4
      Data follow in a matrix A(z,n-z-k), k: -5 format (1(5x,1p,10(1x,e11.4)))

       0.0000E+00  0.0000E+00  0.0000E+00  0.0000E+00  0.0000E+00  0.0000E+00  0.0000E+00  0.0000E+00  0.0000E+00  0.0000E+00
       0.0000E+00  0.0000E+00  0.0000E+00  0.0000E+00  0.0000E+00  3.5900E-05  0.0000E+00  1.5000E-06  0.0000E+00  0.0000E+00
       0.0000E+00  0.0000E+00  0.0000E+00  0.0000E+00  2.7170E-04  5.2440E-04  6.0000E-05  1.1250E-04  0.0000E+00  0.0000E+00
       8.5507E-02  7.3882E-03  0.0000E+00  3.4704E-03  0.0000E+00  1.0441E-02  1.4690E-04  2.5321E-03  1.0000E-07  0.0000E+00
       2.4420E-02  5.9334E-02  4.7419E-03  0.0000E+00  3.5556E-03  1.4577E-02  1.1939E-03  1.6949E-03  1.0000E-07  8.0000E-07
       3.9477E-03  0.0000E+00  2.6499E-03  7.8904E-04  6.7698E-03  6.9582E-04  1.6707E-03  2.2948E-06  1.0000E-07  0.0000E+00
       0.0000E+00  1.6160E-04  2.1990E-04  4.7740E-04  8.7216E-05  1.6750E-04  5.8555E-06  3.3000E-06  0.0000E+00  0.0000E+00
       0.0000E+00  0.0000E+00  1.5600E-05  3.4000E-06  4.1000E-06  2.0000E-07  2.2000E-06  0.0000E+00  0.0000E+00  0.0000E+00
       0.0000E+00  6.0000E-07  0.0000E+00  1.0000E-07  0.0000E+00  0.0000E+00  0.0000E+00  0.0000E+00  0.0000E+00  0.0000E+00
       0.0000E+00  0.0000E+00  0.0000E+00  0.0000E+00  0.0000E+00  0.0000E+00  0.0000E+00  0.0000E+00  0.0000E+00  0.0000E+00
       0.0000E+00  0.0000E+00  0.0000E+00  0.0000E+00  0.0000E+00  0.0000E+00  0.0000E+00  0.0000E+00  0.0000E+00  0.0000E+00
       0.0000E+00  0.0000E+00  0.0000E+00  0.0000E+00  0.0000E+00  0.0000E+00  0.0000E+00  0.0000E+00  0.0000E+00  0.0000E+00
       0.0000E+00  0.0000E+00  0.0000E+00  0.0000E+00  0.0000E+00  0.0000E+00  0.0000E+00  0.0000E+00  0.0000E+00  0.0000E+00
       0.0000E+00  0.0000E+00  0.0000E+00  0.0000E+00  0.0000E+00  0.0000E+00  0.0000E+00  0.0000E+00  0.0000E+00  0.0000E+00
       0.0000E+00  0.0000E+00  0.0000E+00  0.0000E+00  0.0000E+00  0.0000E+00  0.0000E+00  0.0000E+00  0.0000E+00  0.0000E+00
       0.0000E+00  0.0000E+00  0.0000E+00  0.0000E+00  0.0000E+00  0.0000E+00  0.0000E+00  0.0000E+00  0.0000E+00  0.0000E+00
