
 *****  Protons in Lexan (0.07GeV, 3cm)                                                   *****

           DATE: 12/19/18,  TIME:  9:39:38

          Total number of particles followed       10000000, for a total weight of  1.0000E+07

1

   Res. nuclei n.   1  "Ian       " ,  all         products, region n.     5
      detector volume:  1.0000E+00 cm**3
      Max. Z:  10, Max. N-Z:  11 Min. N-Z: -4
      Data follow in a matrix A(z,n-z-k), k: -5 format (1(5x,1p,10(1x,e11.4)))

       0.0000E+00  0.0000E+00  0.0000E+00  0.0000E+00  0.0000E+00  0.0000E+00  0.0000E+00  0.0000E+00  0.0000E+00  0.0000E+00
       0.0000E+00  0.0000E+00  0.0000E+00  0.0000E+00  0.0000E+00  2.8000E-06  0.0000E+00  2.0000E-07  0.0000E+00  0.0000E+00
       0.0000E+00  0.0000E+00  0.0000E+00  0.0000E+00  2.1810E-04  1.2960E-04  8.9400E-05  1.3500E-05  0.0000E+00  0.0000E+00
       1.0321E+00  3.5176E-03  0.0000E+00  2.3828E-03  0.0000E+00  7.2921E-03  1.2590E-04  1.6555E-03  3.0000E-07  0.0000E+00
       1.5662E-02  9.7870E-02  2.9464E-03  0.0000E+00  1.9088E-03  5.9343E-02  7.7210E-04  5.8274E-03  2.1000E-06  4.0000E-07
       1.2125E-03  0.0000E+00  1.5150E-03  4.1851E-04  5.3704E-03  7.8053E-04  1.7081E-03  8.4336E-06  0.0000E+00  0.0000E+00
       0.0000E+00  1.6400E-05  2.1700E-05  7.4200E-05  2.5640E-05  8.4600E-05  4.4998E-06  1.0600E-05  0.0000E+00  0.0000E+00
       0.0000E+00  0.0000E+00  3.0000E-07  1.0000E-07  2.0000E-07  0.0000E+00  1.1000E-06  0.0000E+00  0.0000E+00  0.0000E+00
       0.0000E+00  0.0000E+00  0.0000E+00  0.0000E+00  0.0000E+00  0.0000E+00  0.0000E+00  0.0000E+00  0.0000E+00  0.0000E+00
       0.0000E+00  0.0000E+00  0.0000E+00  0.0000E+00  0.0000E+00  0.0000E+00  0.0000E+00  0.0000E+00  0.0000E+00  0.0000E+00
       0.0000E+00  0.0000E+00  0.0000E+00  0.0000E+00  0.0000E+00  0.0000E+00  0.0000E+00  0.0000E+00  0.0000E+00  0.0000E+00
       0.0000E+00  0.0000E+00  0.0000E+00  0.0000E+00  0.0000E+00  0.0000E+00  0.0000E+00  0.0000E+00  0.0000E+00  0.0000E+00
       0.0000E+00  0.0000E+00  0.0000E+00  0.0000E+00  0.0000E+00  0.0000E+00  0.0000E+00  0.0000E+00  0.0000E+00  0.0000E+00
       0.0000E+00  0.0000E+00  0.0000E+00  0.0000E+00  0.0000E+00  0.0000E+00  0.0000E+00  0.0000E+00  0.0000E+00  0.0000E+00
       0.0000E+00  0.0000E+00  0.0000E+00  0.0000E+00  0.0000E+00  0.0000E+00  0.0000E+00  0.0000E+00  0.0000E+00  0.0000E+00
       0.0000E+00  0.0000E+00  0.0000E+00  0.0000E+00  0.0000E+00  0.0000E+00  0.0000E+00  0.0000E+00  0.0000E+00  0.0000E+00
