
 *****  Protons in Lexan (0.15GeV, 1.0cm)                                                 *****

           DATE: 12/13/18,  TIME:  8:51:19

          Total number of particles followed        1000000, for a total weight of  1.0000E+06

1

   Res. nuclei n.   1  "Ian       " ,  all         products, region n.     5
      detector volume:  1.0000E+00 cm**3
      Max. Z:  10, Max. N-Z:  11 Min. N-Z: -4
      Data follow in a matrix A(z,n-z-k), k: -5 format (1(5x,1p,10(1x,e11.4)))

       0.0000E+00  0.0000E+00  0.0000E+00  0.0000E+00  0.0000E+00  0.0000E+00  0.0000E+00  0.0000E+00  0.0000E+00  0.0000E+00
       0.0000E+00  0.0000E+00  0.0000E+00  0.0000E+00  0.0000E+00  2.9000E-05  0.0000E+00  1.4000E-05  0.0000E+00  0.0000E+00
       0.0000E+00  0.0000E+00  0.0000E+00  0.0000E+00  2.9500E-04  5.7400E-04  1.3700E-04  6.2300E-04  0.0000E+00  0.0000E+00
       2.9262E+00  8.2860E-03  0.0000E+00  2.6290E-03  0.0000E+00  8.0900E-03  1.5820E-03  2.7659E-02  3.0000E-06  0.0000E+00
       1.7290E+00  1.3183E-01  6.7360E-03  0.0000E+00  4.1510E-03  3.6435E-02  1.4010E-02  5.5088E-02  1.0000E-05  3.0000E-06
       3.8554E-03  0.0000E+00  2.1150E-03  1.3074E-03  6.8060E-03  6.9906E-03  2.1615E-02  6.8336E-05  0.0000E+00  0.0000E+00
       0.0000E+00  1.3900E-04  1.9500E-04  6.3800E-04  2.1100E-04  1.6190E-03  1.5577E-04  7.8000E-05  0.0000E+00  0.0000E+00
       0.0000E+00  0.0000E+00  9.0000E-06  6.0000E-06  2.8000E-05  3.0000E-06  1.6000E-05  0.0000E+00  0.0000E+00  0.0000E+00
       0.0000E+00  0.0000E+00  0.0000E+00  0.0000E+00  0.0000E+00  0.0000E+00  0.0000E+00  0.0000E+00  0.0000E+00  0.0000E+00
       0.0000E+00  0.0000E+00  0.0000E+00  0.0000E+00  0.0000E+00  0.0000E+00  0.0000E+00  0.0000E+00  0.0000E+00  0.0000E+00
       0.0000E+00  0.0000E+00  0.0000E+00  0.0000E+00  0.0000E+00  0.0000E+00  0.0000E+00  0.0000E+00  0.0000E+00  0.0000E+00
       0.0000E+00  0.0000E+00  0.0000E+00  0.0000E+00  0.0000E+00  0.0000E+00  0.0000E+00  0.0000E+00  0.0000E+00  0.0000E+00
       0.0000E+00  0.0000E+00  0.0000E+00  0.0000E+00  0.0000E+00  0.0000E+00  0.0000E+00  0.0000E+00  0.0000E+00  0.0000E+00
       0.0000E+00  0.0000E+00  0.0000E+00  0.0000E+00  0.0000E+00  0.0000E+00  0.0000E+00  0.0000E+00  0.0000E+00  0.0000E+00
       0.0000E+00  0.0000E+00  0.0000E+00  0.0000E+00  0.0000E+00  0.0000E+00  0.0000E+00  0.0000E+00  0.0000E+00  0.0000E+00
       0.0000E+00  0.0000E+00  0.0000E+00  0.0000E+00  0.0000E+00  0.0000E+00  0.0000E+00  0.0000E+00  0.0000E+00  0.0000E+00
