
 *****  Protons in Lexan (0.10GeV, 2.0cm)                                                 *****

           DATE: 12/ 1/18,  TIME:  3:50: 6

          Total number of particles followed       10000000, for a total weight of  1.0000E+07

1

   Res. nuclei n.   1  "Ian       " ,  all         products, region n.     5
      detector volume:  1.0000E+00 cm**3
      Max. Z:  10, Max. N-Z:  11 Min. N-Z: -4
      Data follow in a matrix A(z,n-z-k), k: -5 format (1(5x,1p,10(1x,e11.4)))

       0.0000E+00  0.0000E+00  0.0000E+00  0.0000E+00  0.0000E+00  0.0000E+00  0.0000E+00  0.0000E+00  0.0000E+00  0.0000E+00
       0.0000E+00  0.0000E+00  0.0000E+00  0.0000E+00  0.0000E+00  1.1600E-05  0.0000E+00  5.0000E-07  0.0000E+00  0.0000E+00
       0.0000E+00  0.0000E+00  0.0000E+00  0.0000E+00  1.1720E-04  1.5240E-04  3.4900E-05  2.0500E-05  0.0000E+00  0.0000E+00
       2.9381E-02  3.2787E-03  0.0000E+00  1.7990E-03  0.0000E+00  4.5740E-03  5.2900E-05  1.0427E-03  0.0000E+00  0.0000E+00
       6.5518E-03  3.1878E-02  2.3960E-03  0.0000E+00  1.4069E-03  1.4594E-02  5.8270E-04  1.6547E-03  0.0000E+00  4.0000E-07
       1.4938E-03  0.0000E+00  1.1780E-03  2.9684E-04  2.7422E-03  3.8297E-04  6.9996E-04  1.7089E-06  0.0000E+00  0.0000E+00
       0.0000E+00  4.7300E-05  7.9700E-05  1.3630E-04  2.1741E-05  6.3200E-05  1.8619E-06  2.5000E-06  0.0000E+00  0.0000E+00
       0.0000E+00  0.0000E+00  1.5000E-06  2.0000E-07  7.0000E-07  2.0000E-07  8.0000E-07  0.0000E+00  0.0000E+00  0.0000E+00
       0.0000E+00  0.0000E+00  0.0000E+00  0.0000E+00  0.0000E+00  0.0000E+00  0.0000E+00  0.0000E+00  0.0000E+00  0.0000E+00
       0.0000E+00  0.0000E+00  0.0000E+00  0.0000E+00  0.0000E+00  0.0000E+00  0.0000E+00  0.0000E+00  0.0000E+00  0.0000E+00
       0.0000E+00  0.0000E+00  0.0000E+00  0.0000E+00  0.0000E+00  0.0000E+00  0.0000E+00  0.0000E+00  0.0000E+00  0.0000E+00
       0.0000E+00  0.0000E+00  0.0000E+00  0.0000E+00  0.0000E+00  0.0000E+00  0.0000E+00  0.0000E+00  0.0000E+00  0.0000E+00
       0.0000E+00  0.0000E+00  0.0000E+00  0.0000E+00  0.0000E+00  0.0000E+00  0.0000E+00  0.0000E+00  0.0000E+00  0.0000E+00
       0.0000E+00  0.0000E+00  0.0000E+00  0.0000E+00  0.0000E+00  0.0000E+00  0.0000E+00  0.0000E+00  0.0000E+00  0.0000E+00
       0.0000E+00  0.0000E+00  0.0000E+00  0.0000E+00  0.0000E+00  0.0000E+00  0.0000E+00  0.0000E+00  0.0000E+00  0.0000E+00
       0.0000E+00  0.0000E+00  0.0000E+00  0.0000E+00  0.0000E+00  0.0000E+00  0.0000E+00  0.0000E+00  0.0000E+00  0.0000E+00
