
 *****  Protons in Lexan (0.16GeV, 0cm)                                                   *****

           DATE: 12/19/18,  TIME:  1:21: 9

          Total number of particles followed       50000000, for a total weight of  5.0000E+07

1

   Res. nuclei n.   1  "Ian       " ,  all         products, region n.     5
      detector volume:  1.0000E+00 cm**3
      Max. Z:  10, Max. N-Z:  11 Min. N-Z: -4
      Data follow in a matrix A(z,n-z-k), k: -5 format (1(5x,1p,10(1x,e11.4)))

       0.0000E+00  0.0000E+00  0.0000E+00  0.0000E+00  0.0000E+00  0.0000E+00  0.0000E+00  0.0000E+00  0.0000E+00  0.0000E+00
       0.0000E+00  0.0000E+00  0.0000E+00  0.0000E+00  0.0000E+00  7.8000E-06  0.0000E+00  2.8000E-07  0.0000E+00  0.0000E+00
       0.0000E+00  0.0000E+00  0.0000E+00  0.0000E+00  5.5720E-05  9.7140E-05  1.3380E-05  2.0440E-05  0.0000E+00  0.0000E+00
       9.6683E-03  1.5410E-03  0.0000E+00  7.3076E-04  0.0000E+00  2.1003E-03  2.7920E-05  5.0662E-04  0.0000E+00  0.0000E+00
       2.4836E-03  1.2004E-02  1.0003E-03  0.0000E+00  6.8334E-04  3.1675E-03  2.3692E-04  3.7587E-04  0.0000E+00  1.0000E-07
       7.5550E-04  0.0000E+00  5.1736E-04  1.4055E-04  1.2303E-03  1.3759E-04  3.0251E-04  6.2310E-07  2.0000E-08  0.0000E+00
       0.0000E+00  3.0320E-05  4.2420E-05  8.5560E-05  1.1613E-05  3.1200E-05  4.6874E-07  5.6000E-07  0.0000E+00  0.0000E+00
       0.0000E+00  0.0000E+00  2.7000E-06  2.8000E-07  9.0000E-07  2.0000E-08  4.8000E-07  0.0000E+00  0.0000E+00  0.0000E+00
       0.0000E+00  6.0000E-08  0.0000E+00  0.0000E+00  0.0000E+00  0.0000E+00  0.0000E+00  0.0000E+00  0.0000E+00  0.0000E+00
       0.0000E+00  0.0000E+00  0.0000E+00  0.0000E+00  0.0000E+00  0.0000E+00  0.0000E+00  0.0000E+00  0.0000E+00  0.0000E+00
       0.0000E+00  0.0000E+00  0.0000E+00  0.0000E+00  0.0000E+00  0.0000E+00  0.0000E+00  0.0000E+00  0.0000E+00  0.0000E+00
       0.0000E+00  0.0000E+00  0.0000E+00  0.0000E+00  0.0000E+00  0.0000E+00  0.0000E+00  0.0000E+00  0.0000E+00  0.0000E+00
       0.0000E+00  0.0000E+00  0.0000E+00  0.0000E+00  0.0000E+00  0.0000E+00  0.0000E+00  0.0000E+00  0.0000E+00  0.0000E+00
       0.0000E+00  0.0000E+00  0.0000E+00  0.0000E+00  0.0000E+00  0.0000E+00  0.0000E+00  0.0000E+00  0.0000E+00  0.0000E+00
       0.0000E+00  0.0000E+00  0.0000E+00  0.0000E+00  0.0000E+00  0.0000E+00  0.0000E+00  0.0000E+00  0.0000E+00  0.0000E+00
       0.0000E+00  0.0000E+00  0.0000E+00  0.0000E+00  0.0000E+00  0.0000E+00  0.0000E+00  0.0000E+00  0.0000E+00  0.0000E+00
