
 *****  Protons in Lexan (0.12GeV, 2cm)                                                   *****

           DATE: 12/19/18,  TIME: 21:23:49

          Total number of particles followed       16666666, for a total weight of  1.6667E+07

1

   Res. nuclei n.   1  "Ian       " ,  all         products, region n.     5
      detector volume:  1.0000E+00 cm**3
      Max. Z:  10, Max. N-Z:  11 Min. N-Z: -4
      Data follow in a matrix A(z,n-z-k), k: -5 format (1(5x,1p,10(1x,e11.4)))

       0.0000E+00  0.0000E+00  0.0000E+00  0.0000E+00  0.0000E+00  0.0000E+00  0.0000E+00  0.0000E+00  0.0000E+00  0.0000E+00
       0.0000E+00  0.0000E+00  0.0000E+00  0.0000E+00  0.0000E+00  1.8540E-05  0.0000E+00  1.0200E-06  0.0000E+00  0.0000E+00
       0.0000E+00  0.0000E+00  0.0000E+00  0.0000E+00  1.7214E-04  2.6004E-04  4.3920E-05  4.3320E-05  0.0000E+00  0.0000E+00
       4.6807E-02  4.9261E-03  0.0000E+00  2.4818E-03  0.0000E+00  6.6186E-03  8.4180E-05  1.5237E-03  0.0000E+00  0.0000E+00
       1.0686E-02  4.3359E-02  3.4260E-03  0.0000E+00  2.0959E-03  1.6979E-02  8.0174E-04  1.9440E-03  1.2000E-07  3.0000E-07
       2.3113E-03  0.0000E+00  1.6562E-03  4.5199E-04  3.8596E-03  5.1638E-04  9.6807E-04  2.1823E-06  0.0000E+00  0.0000E+00
       0.0000E+00  7.3740E-05  1.2798E-04  2.2518E-04  3.9192E-05  8.7120E-05  3.1204E-06  2.5800E-06  0.0000E+00  0.0000E+00
       0.0000E+00  0.0000E+00  3.3600E-06  1.0200E-06  2.2800E-06  1.2000E-07  1.2600E-06  0.0000E+00  0.0000E+00  0.0000E+00
       0.0000E+00  0.0000E+00  0.0000E+00  0.0000E+00  0.0000E+00  1.2000E-07  0.0000E+00  0.0000E+00  0.0000E+00  0.0000E+00
       0.0000E+00  0.0000E+00  0.0000E+00  0.0000E+00  0.0000E+00  0.0000E+00  0.0000E+00  0.0000E+00  0.0000E+00  0.0000E+00
       0.0000E+00  0.0000E+00  0.0000E+00  0.0000E+00  0.0000E+00  0.0000E+00  0.0000E+00  0.0000E+00  0.0000E+00  0.0000E+00
       0.0000E+00  0.0000E+00  0.0000E+00  0.0000E+00  0.0000E+00  0.0000E+00  0.0000E+00  0.0000E+00  0.0000E+00  0.0000E+00
       0.0000E+00  0.0000E+00  0.0000E+00  0.0000E+00  0.0000E+00  0.0000E+00  0.0000E+00  0.0000E+00  0.0000E+00  0.0000E+00
       0.0000E+00  0.0000E+00  0.0000E+00  0.0000E+00  0.0000E+00  0.0000E+00  0.0000E+00  0.0000E+00  0.0000E+00  0.0000E+00
       0.0000E+00  0.0000E+00  0.0000E+00  0.0000E+00  0.0000E+00  0.0000E+00  0.0000E+00  0.0000E+00  0.0000E+00  0.0000E+00
       0.0000E+00  0.0000E+00  0.0000E+00  0.0000E+00  0.0000E+00  0.0000E+00  0.0000E+00  0.0000E+00  0.0000E+00  0.0000E+00
