
 *****  Protons in Lexan (0.12GeV, 2cm)                                                   *****

           DATE: 12/19/18,  TIME: 21:23:49

          Total number of particles followed       16666666, for a total weight of  1.6667E+07

1

   Bdrx n.   4  "ocurrent  " , generalized particle n.    1, from region n.     5 to region n.     4
      detector area:  1.0000E+02 cm**2
      this is a one way only estimator
      this is a current like estimator
      linear energy binning from   4.0000E-02 to  1.7000E-01 GeV,   650 bins ( 2.0000E-04 GeV wide)
      linear angular binning from  0.0000E+00 to  6.2832E+00 sr ,     1 bins ( 6.2832E+00 sr wide )
      Data follow in a matrix A(ie,ia), format (1(5x,1p,10(1x,e11.4)))

       4.6553E-04  4.3879E-04  4.7890E-04  4.5932E-04  4.3449E-04  4.5646E-04  4.4643E-04  4.3879E-04  4.9656E-04  4.6983E-04
       4.4977E-04  4.4929E-04  4.6839E-04  4.7842E-04  4.8606E-04  4.5216E-04  4.9227E-04  4.7603E-04  4.5311E-04  4.6075E-04
       4.5311E-04  4.9418E-04  5.1948E-04  5.0229E-04  4.8654E-04  4.9943E-04  5.1041E-04  4.8749E-04  4.9704E-04  4.6601E-04
       5.0611E-04  4.8558E-04  5.1423E-04  4.9609E-04  4.8988E-04  4.7746E-04  4.7699E-04  4.9656E-04  5.1614E-04  5.0325E-04
       4.8319E-04  4.9418E-04  5.1614E-04  5.0850E-04  5.0182E-04  5.2139E-04  5.4145E-04  5.2808E-04  5.4145E-04  5.0564E-04
       5.0420E-04  5.3285E-04  5.2378E-04  5.1757E-04  5.1853E-04  5.0277E-04  5.1375E-04  5.2091E-04  5.2282E-04  5.3619E-04
       5.3333E-04  5.4622E-04  5.3428E-04  5.3572E-04  5.3572E-04  5.2617E-04  5.2664E-04  5.2664E-04  5.3190E-04  5.4097E-04
       5.3333E-04  5.1900E-04  5.3476E-04  5.4813E-04  5.6245E-04  5.0755E-04  5.1948E-04  5.4192E-04  4.9800E-04  5.3094E-04
       5.6293E-04  5.4956E-04  5.6675E-04  5.4145E-04  5.1662E-04  5.0373E-04  5.5768E-04  5.3142E-04  5.2330E-04  5.5195E-04
       5.2473E-04  5.2760E-04  5.1900E-04  5.5004E-04  5.0229E-04  5.4526E-04  5.2426E-04  5.2855E-04  5.2521E-04  5.5052E-04
       5.4908E-04  5.3142E-04  4.9943E-04  5.4001E-04  5.1996E-04  5.4145E-04  5.2855E-04  5.3476E-04  5.3524E-04  5.7630E-04
       5.3046E-04  5.3190E-04  5.2139E-04  4.9227E-04  5.3237E-04  5.0420E-04  4.8367E-04  5.6436E-04  5.3524E-04  5.1232E-04
       5.4145E-04  5.2521E-04  5.3524E-04  5.5338E-04  5.2139E-04  5.2426E-04  5.0134E-04  5.1996E-04  5.2330E-04  5.1232E-04
       4.9752E-04  5.2903E-04  4.7842E-04  5.0707E-04  4.9561E-04  5.1375E-04  5.3715E-04  5.0325E-04  4.7985E-04  4.8510E-04
       5.0277E-04  5.4049E-04  5.1900E-04  5.0850E-04  5.0325E-04  4.9800E-04  4.9274E-04  5.0898E-04  4.9991E-04  5.1709E-04
       4.6075E-04  4.8176E-04  4.7842E-04  4.6266E-04  4.8128E-04  4.9704E-04  4.9465E-04  4.5693E-04  4.9274E-04  4.8081E-04
       4.9561E-04  5.0420E-04  4.6362E-04  4.6362E-04  4.7317E-04  4.6314E-04  5.0086E-04  4.8176E-04  4.6983E-04  4.3784E-04
       4.7269E-04  4.5359E-04  4.5502E-04  4.7651E-04  4.8606E-04  4.4977E-04  4.2781E-04  4.5120E-04  4.6648E-04  4.6696E-04
       4.4500E-04  4.9847E-04  4.4165E-04  4.4404E-04  4.4070E-04  4.2972E-04  4.3067E-04  4.4118E-04  4.3402E-04  4.3593E-04
       4.0966E-04  4.0346E-04  4.2351E-04  4.1539E-04  4.0394E-04  4.0059E-04  4.1110E-04  4.2065E-04  4.0441E-04  3.9057E-04
       3.9534E-04  4.0298E-04  3.8149E-04  3.8866E-04  3.8436E-04  3.8436E-04  3.6956E-04  3.8293E-04  3.5667E-04  3.6622E-04
       3.4234E-04  3.3805E-04  3.4282E-04  3.3757E-04  3.3709E-04  3.3184E-04  3.3232E-04  3.1942E-04  3.1178E-04  2.9221E-04
       2.8027E-04  2.6452E-04  2.5162E-04  2.7025E-04  2.6595E-04  2.4876E-04  2.2250E-04  2.1725E-04  2.2345E-04  2.2011E-04
       2.0245E-04  1.8239E-04  1.8669E-04  1.9719E-04  2.1868E-04  2.1152E-04  2.0197E-04  2.1725E-04  2.1581E-04  2.3778E-04
       2.1772E-04  2.3873E-04  2.4494E-04  2.5783E-04  2.6738E-04  2.9698E-04  3.0796E-04  3.3279E-04  3.6192E-04  3.7672E-04
       3.8388E-04  4.2924E-04  4.4882E-04  5.0468E-04  5.1614E-04  5.1518E-04  5.6771E-04  5.9540E-04  6.4696E-04  7.1333E-04
       7.6729E-04  9.3440E-04  1.0628E-03  1.2877E-03  1.6597E-03  2.3897E-03  3.4836E-03  5.4503E-03  8.8632E-03  1.4742E-02
       2.4394E-02  4.0406E-02  6.4592E-02  1.0065E-01  1.5082E-01  2.1675E-01  2.9788E-01  3.9000E-01  4.8879E-01  5.8086E-01
       6.5642E-01  7.0267E-01  7.1185E-01  6.8116E-01  6.1609E-01  5.2511E-01  4.2143E-01  3.1827E-01  2.2445E-01  1.4997E-01
       9.3388E-02  5.4248E-02  2.9771E-02  1.5047E-02  7.0660E-03  3.1155E-03  1.3145E-03  4.9083E-04  1.6234E-04  6.0638E-05
       1.7666E-05  5.7296E-06  1.4324E-06  4.7746E-07  0.0000E+00  0.0000E+00  0.0000E+00  0.0000E+00  0.0000E+00  0.0000E+00
       0.0000E+00  0.0000E+00  0.0000E+00  0.0000E+00  0.0000E+00  0.0000E+00  0.0000E+00  0.0000E+00  0.0000E+00  0.0000E+00
       0.0000E+00  0.0000E+00  0.0000E+00  0.0000E+00  0.0000E+00  0.0000E+00  0.0000E+00  0.0000E+00  0.0000E+00  0.0000E+00
       0.0000E+00  0.0000E+00  0.0000E+00  0.0000E+00  0.0000E+00  0.0000E+00  0.0000E+00  0.0000E+00  0.0000E+00  0.0000E+00
       0.0000E+00  0.0000E+00  0.0000E+00  0.0000E+00  0.0000E+00  0.0000E+00  0.0000E+00  0.0000E+00  0.0000E+00  0.0000E+00
       0.0000E+00  0.0000E+00  0.0000E+00  0.0000E+00  0.0000E+00  0.0000E+00  0.0000E+00  0.0000E+00  0.0000E+00  0.0000E+00
       0.0000E+00  0.0000E+00  0.0000E+00  0.0000E+00  0.0000E+00  0.0000E+00  0.0000E+00  0.0000E+00  0.0000E+00  0.0000E+00
       0.0000E+00  0.0000E+00  0.0000E+00  0.0000E+00  0.0000E+00  0.0000E+00  0.0000E+00  0.0000E+00  0.0000E+00  0.0000E+00
       0.0000E+00  0.0000E+00  0.0000E+00  0.0000E+00  0.0000E+00  0.0000E+00  0.0000E+00  0.0000E+00  0.0000E+00  0.0000E+00
       0.0000E+00  0.0000E+00  0.0000E+00  0.0000E+00  0.0000E+00  0.0000E+00  0.0000E+00  0.0000E+00  0.0000E+00  0.0000E+00
       0.0000E+00  0.0000E+00  0.0000E+00  0.0000E+00  0.0000E+00  0.0000E+00  0.0000E+00  0.0000E+00  0.0000E+00  0.0000E+00
       0.0000E+00  0.0000E+00  0.0000E+00  0.0000E+00  0.0000E+00  0.0000E+00  0.0000E+00  0.0000E+00  0.0000E+00  0.0000E+00
       0.0000E+00  0.0000E+00  0.0000E+00  0.0000E+00  0.0000E+00  0.0000E+00  0.0000E+00  0.0000E+00  0.0000E+00  0.0000E+00
       0.0000E+00  0.0000E+00  0.0000E+00  0.0000E+00  0.0000E+00  0.0000E+00  0.0000E+00  0.0000E+00  0.0000E+00  0.0000E+00
       0.0000E+00  0.0000E+00  0.0000E+00  0.0000E+00  0.0000E+00  0.0000E+00  0.0000E+00  0.0000E+00  0.0000E+00  0.0000E+00
       0.0000E+00  0.0000E+00  0.0000E+00  0.0000E+00  0.0000E+00  0.0000E+00  0.0000E+00  0.0000E+00  0.0000E+00  0.0000E+00
       0.0000E+00  0.0000E+00  0.0000E+00  0.0000E+00  0.0000E+00  0.0000E+00  0.0000E+00  0.0000E+00  0.0000E+00  0.0000E+00
       0.0000E+00  0.0000E+00  0.0000E+00  0.0000E+00  0.0000E+00  0.0000E+00  0.0000E+00  0.0000E+00  0.0000E+00  0.0000E+00
       0.0000E+00  0.0000E+00  0.0000E+00  0.0000E+00  0.0000E+00  0.0000E+00  0.0000E+00  0.0000E+00  0.0000E+00  0.0000E+00
       0.0000E+00  0.0000E+00  0.0000E+00  0.0000E+00  0.0000E+00  0.0000E+00  0.0000E+00  0.0000E+00  0.0000E+00  0.0000E+00
       0.0000E+00  0.0000E+00  0.0000E+00  0.0000E+00  0.0000E+00  0.0000E+00  0.0000E+00  0.0000E+00  0.0000E+00  0.0000E+00
       0.0000E+00  0.0000E+00  0.0000E+00  0.0000E+00  0.0000E+00  0.0000E+00  0.0000E+00  0.0000E+00  0.0000E+00  0.0000E+00
       0.0000E+00  0.0000E+00  0.0000E+00  0.0000E+00  0.0000E+00  0.0000E+00  0.0000E+00  0.0000E+00  0.0000E+00  0.0000E+00
       0.0000E+00  0.0000E+00  0.0000E+00  0.0000E+00  0.0000E+00  0.0000E+00  0.0000E+00  0.0000E+00  0.0000E+00  0.0000E+00
       0.0000E+00  0.0000E+00  0.0000E+00  0.0000E+00  0.0000E+00  0.0000E+00  0.0000E+00  0.0000E+00  0.0000E+00  0.0000E+00
       0.0000E+00  0.0000E+00  0.0000E+00  0.0000E+00  0.0000E+00  0.0000E+00  0.0000E+00  0.0000E+00  0.0000E+00  0.0000E+00
       0.0000E+00  0.0000E+00  0.0000E+00  0.0000E+00  0.0000E+00  0.0000E+00  0.0000E+00  0.0000E+00  0.0000E+00  0.0000E+00
       0.0000E+00  0.0000E+00  0.0000E+00  0.0000E+00  0.0000E+00  0.0000E+00  0.0000E+00  0.0000E+00  0.0000E+00  0.0000E+00
       0.0000E+00  0.0000E+00  0.0000E+00  0.0000E+00  0.0000E+00  0.0000E+00  0.0000E+00  0.0000E+00  0.0000E+00  0.0000E+00
       0.0000E+00  0.0000E+00  0.0000E+00  0.0000E+00  0.0000E+00  0.0000E+00  0.0000E+00  0.0000E+00  0.0000E+00  0.0000E+00
       0.0000E+00  0.0000E+00  0.0000E+00  0.0000E+00  0.0000E+00  0.0000E+00  0.0000E+00  0.0000E+00  0.0000E+00  0.0000E+00
       0.0000E+00  0.0000E+00  0.0000E+00  0.0000E+00  0.0000E+00  0.0000E+00  0.0000E+00  0.0000E+00  0.0000E+00  0.0000E+00
       0.0000E+00  0.0000E+00  0.0000E+00  0.0000E+00  0.0000E+00  0.0000E+00  0.0000E+00  0.0000E+00  0.0000E+00  0.0000E+00
       0.0000E+00  0.0000E+00  0.0000E+00  0.0000E+00  0.0000E+00  0.0000E+00  0.0000E+00  0.0000E+00  0.0000E+00  0.0000E+00
       0.0000E+00  0.0000E+00  0.0000E+00  0.0000E+00  0.0000E+00  0.0000E+00  0.0000E+00  0.0000E+00  0.0000E+00  0.0000E+00
