
 *****  Protons in Lexan (0.12GeV, 2cm)                                                   *****

           DATE: 12/19/18,  TIME: 21:23:49

          Total number of particles followed       16666666, for a total weight of  1.6667E+07

1

   Bdrx n.   2  "ofluence  " , generalized particle n.    1, from region n.     5 to region n.     4
      detector area:  1.0000E+02 cm**2
      this is a one way only estimator
      this is a fluence like estimator
      linear energy binning from   4.0000E-02 to  1.7000E-01 GeV,   650 bins ( 2.0000E-04 GeV wide)
      linear angular binning from  0.0000E+00 to  6.2832E+00 sr ,     1 bins ( 6.2832E+00 sr wide )
      Data follow in a matrix A(ie,ia), format (1(5x,1p,10(1x,e11.4)))

       6.2264E-04  5.8091E-04  6.2339E-04  5.8802E-04  5.6548E-04  5.7976E-04  5.8533E-04  5.8015E-04  6.6222E-04  6.0394E-04
       5.8620E-04  5.8322E-04  5.9673E-04  6.2205E-04  6.3207E-04  5.8049E-04  6.5166E-04  6.1502E-04  5.7794E-04  5.8331E-04
       5.8263E-04  6.2474E-04  6.6892E-04  6.3696E-04  6.2177E-04  6.2546E-04  6.6080E-04  6.4598E-04  6.3229E-04  5.8648E-04
       6.3252E-04  6.0606E-04  6.5869E-04  6.3547E-04  6.1284E-04  5.9916E-04  6.0248E-04  6.2508E-04  6.6771E-04  6.2661E-04
       6.3263E-04  6.5070E-04  6.5188E-04  6.4003E-04  6.2399E-04  6.5497E-04  6.7473E-04  6.7507E-04  6.7361E-04  6.3292E-04
       6.2245E-04  6.5558E-04  6.4399E-04  6.4277E-04  6.4654E-04  6.1537E-04  6.3980E-04  6.5766E-04  6.3885E-04  6.7044E-04
       6.5869E-04  6.6875E-04  6.5729E-04  6.5724E-04  6.6127E-04  6.4152E-04  6.5311E-04  6.4789E-04  6.5036E-04  6.5919E-04
       6.4962E-04  6.2396E-04  6.5643E-04  6.7181E-04  6.7968E-04  6.0901E-04  6.2857E-04  6.4692E-04  5.9446E-04  6.4389E-04
       6.7687E-04  6.7889E-04  6.8633E-04  6.5559E-04  6.1419E-04  6.0407E-04  6.6752E-04  6.4146E-04  6.2527E-04  6.5915E-04
       6.3196E-04  6.2562E-04  6.1781E-04  6.5604E-04  6.2122E-04  6.5790E-04  6.2022E-04  6.2221E-04  6.2302E-04  6.5139E-04
       6.5261E-04  6.2374E-04  5.9513E-04  6.3594E-04  6.2277E-04  6.3793E-04  6.2498E-04  6.3011E-04  6.3071E-04  6.7793E-04
       6.3149E-04  6.3501E-04  6.1958E-04  5.7931E-04  6.2328E-04  5.9152E-04  5.6983E-04  6.6427E-04  6.2718E-04  6.0244E-04
       6.3833E-04  6.1164E-04  6.3217E-04  6.4332E-04  6.0934E-04  6.0429E-04  5.8508E-04  5.9677E-04  6.0563E-04  6.0405E-04
       5.7269E-04  6.2569E-04  5.5326E-04  5.8715E-04  5.7626E-04  5.9936E-04  6.1856E-04  5.8621E-04  5.5307E-04  5.6478E-04
       5.7792E-04  6.1904E-04  5.9786E-04  5.8669E-04  5.8467E-04  5.7393E-04  5.6653E-04  5.7896E-04  5.6944E-04  5.9257E-04
       5.3376E-04  5.5484E-04  5.4501E-04  5.2549E-04  5.5311E-04  5.5779E-04  5.6478E-04  5.1899E-04  5.5669E-04  5.4890E-04
       5.5676E-04  5.7431E-04  5.3038E-04  5.2464E-04  5.3000E-04  5.2503E-04  5.6379E-04  5.5456E-04  5.3118E-04  4.9484E-04
       5.3035E-04  5.0931E-04  5.0840E-04  5.3157E-04  5.4697E-04  5.0049E-04  4.8615E-04  5.2189E-04  5.2269E-04  5.2803E-04
       5.0252E-04  5.5815E-04  4.9314E-04  4.9249E-04  4.8638E-04  4.7667E-04  4.8357E-04  4.8968E-04  4.8212E-04  4.8261E-04
       4.6535E-04  4.4672E-04  4.7271E-04  4.6214E-04  4.4848E-04  4.4545E-04  4.5481E-04  4.6682E-04  4.4901E-04  4.2831E-04
       4.3540E-04  4.4867E-04  4.2199E-04  4.2570E-04  4.2436E-04  4.2145E-04  4.0827E-04  4.2880E-04  3.9410E-04  4.0338E-04
       3.8210E-04  3.7401E-04  3.7996E-04  3.6936E-04  3.7700E-04  3.7044E-04  3.7314E-04  3.5359E-04  3.5212E-04  3.2583E-04
       3.1499E-04  2.9648E-04  2.8009E-04  3.0154E-04  3.0740E-04  2.8607E-04  2.5385E-04  2.5255E-04  2.5543E-04  2.5371E-04
       2.3622E-04  2.1178E-04  2.1860E-04  2.3266E-04  2.6209E-04  2.4404E-04  2.3523E-04  2.5302E-04  2.4938E-04  2.7889E-04
       2.5593E-04  2.7643E-04  2.8209E-04  2.9454E-04  3.0901E-04  3.3933E-04  3.4821E-04  3.7463E-04  4.0373E-04  4.2424E-04
       4.2107E-04  4.7826E-04  4.9846E-04  5.5629E-04  5.6194E-04  5.6873E-04  6.1700E-04  6.5400E-04  7.1005E-04  7.8251E-04
       8.4392E-04  1.0193E-03  1.1559E-03  1.3910E-03  1.7728E-03  2.5257E-03  3.6373E-03  5.6260E-03  9.0696E-03  1.4979E-02
       2.4657E-02  4.0717E-02  6.4948E-02  1.0105E-01  1.5126E-01  2.1725E-01  2.9842E-01  3.9057E-01  4.8940E-01  5.8147E-01
       6.5702E-01  7.0325E-01  7.1238E-01  6.8163E-01  6.1648E-01  5.2542E-01  4.2167E-01  3.1843E-01  2.2456E-01  1.5004E-01
       9.3433E-02  5.4273E-02  2.9784E-02  1.5054E-02  7.0690E-03  3.1167E-03  1.3150E-03  4.9102E-04  1.6242E-04  6.0663E-05
       1.7672E-05  5.7312E-06  1.4342E-06  4.7748E-07  0.0000E+00  0.0000E+00  0.0000E+00  0.0000E+00  0.0000E+00  0.0000E+00
       0.0000E+00  0.0000E+00  0.0000E+00  0.0000E+00  0.0000E+00  0.0000E+00  0.0000E+00  0.0000E+00  0.0000E+00  0.0000E+00
       0.0000E+00  0.0000E+00  0.0000E+00  0.0000E+00  0.0000E+00  0.0000E+00  0.0000E+00  0.0000E+00  0.0000E+00  0.0000E+00
       0.0000E+00  0.0000E+00  0.0000E+00  0.0000E+00  0.0000E+00  0.0000E+00  0.0000E+00  0.0000E+00  0.0000E+00  0.0000E+00
       0.0000E+00  0.0000E+00  0.0000E+00  0.0000E+00  0.0000E+00  0.0000E+00  0.0000E+00  0.0000E+00  0.0000E+00  0.0000E+00
       0.0000E+00  0.0000E+00  0.0000E+00  0.0000E+00  0.0000E+00  0.0000E+00  0.0000E+00  0.0000E+00  0.0000E+00  0.0000E+00
       0.0000E+00  0.0000E+00  0.0000E+00  0.0000E+00  0.0000E+00  0.0000E+00  0.0000E+00  0.0000E+00  0.0000E+00  0.0000E+00
       0.0000E+00  0.0000E+00  0.0000E+00  0.0000E+00  0.0000E+00  0.0000E+00  0.0000E+00  0.0000E+00  0.0000E+00  0.0000E+00
       0.0000E+00  0.0000E+00  0.0000E+00  0.0000E+00  0.0000E+00  0.0000E+00  0.0000E+00  0.0000E+00  0.0000E+00  0.0000E+00
       0.0000E+00  0.0000E+00  0.0000E+00  0.0000E+00  0.0000E+00  0.0000E+00  0.0000E+00  0.0000E+00  0.0000E+00  0.0000E+00
       0.0000E+00  0.0000E+00  0.0000E+00  0.0000E+00  0.0000E+00  0.0000E+00  0.0000E+00  0.0000E+00  0.0000E+00  0.0000E+00
       0.0000E+00  0.0000E+00  0.0000E+00  0.0000E+00  0.0000E+00  0.0000E+00  0.0000E+00  0.0000E+00  0.0000E+00  0.0000E+00
       0.0000E+00  0.0000E+00  0.0000E+00  0.0000E+00  0.0000E+00  0.0000E+00  0.0000E+00  0.0000E+00  0.0000E+00  0.0000E+00
       0.0000E+00  0.0000E+00  0.0000E+00  0.0000E+00  0.0000E+00  0.0000E+00  0.0000E+00  0.0000E+00  0.0000E+00  0.0000E+00
       0.0000E+00  0.0000E+00  0.0000E+00  0.0000E+00  0.0000E+00  0.0000E+00  0.0000E+00  0.0000E+00  0.0000E+00  0.0000E+00
       0.0000E+00  0.0000E+00  0.0000E+00  0.0000E+00  0.0000E+00  0.0000E+00  0.0000E+00  0.0000E+00  0.0000E+00  0.0000E+00
       0.0000E+00  0.0000E+00  0.0000E+00  0.0000E+00  0.0000E+00  0.0000E+00  0.0000E+00  0.0000E+00  0.0000E+00  0.0000E+00
       0.0000E+00  0.0000E+00  0.0000E+00  0.0000E+00  0.0000E+00  0.0000E+00  0.0000E+00  0.0000E+00  0.0000E+00  0.0000E+00
       0.0000E+00  0.0000E+00  0.0000E+00  0.0000E+00  0.0000E+00  0.0000E+00  0.0000E+00  0.0000E+00  0.0000E+00  0.0000E+00
       0.0000E+00  0.0000E+00  0.0000E+00  0.0000E+00  0.0000E+00  0.0000E+00  0.0000E+00  0.0000E+00  0.0000E+00  0.0000E+00
       0.0000E+00  0.0000E+00  0.0000E+00  0.0000E+00  0.0000E+00  0.0000E+00  0.0000E+00  0.0000E+00  0.0000E+00  0.0000E+00
       0.0000E+00  0.0000E+00  0.0000E+00  0.0000E+00  0.0000E+00  0.0000E+00  0.0000E+00  0.0000E+00  0.0000E+00  0.0000E+00
       0.0000E+00  0.0000E+00  0.0000E+00  0.0000E+00  0.0000E+00  0.0000E+00  0.0000E+00  0.0000E+00  0.0000E+00  0.0000E+00
       0.0000E+00  0.0000E+00  0.0000E+00  0.0000E+00  0.0000E+00  0.0000E+00  0.0000E+00  0.0000E+00  0.0000E+00  0.0000E+00
       0.0000E+00  0.0000E+00  0.0000E+00  0.0000E+00  0.0000E+00  0.0000E+00  0.0000E+00  0.0000E+00  0.0000E+00  0.0000E+00
       0.0000E+00  0.0000E+00  0.0000E+00  0.0000E+00  0.0000E+00  0.0000E+00  0.0000E+00  0.0000E+00  0.0000E+00  0.0000E+00
       0.0000E+00  0.0000E+00  0.0000E+00  0.0000E+00  0.0000E+00  0.0000E+00  0.0000E+00  0.0000E+00  0.0000E+00  0.0000E+00
       0.0000E+00  0.0000E+00  0.0000E+00  0.0000E+00  0.0000E+00  0.0000E+00  0.0000E+00  0.0000E+00  0.0000E+00  0.0000E+00
       0.0000E+00  0.0000E+00  0.0000E+00  0.0000E+00  0.0000E+00  0.0000E+00  0.0000E+00  0.0000E+00  0.0000E+00  0.0000E+00
       0.0000E+00  0.0000E+00  0.0000E+00  0.0000E+00  0.0000E+00  0.0000E+00  0.0000E+00  0.0000E+00  0.0000E+00  0.0000E+00
       0.0000E+00  0.0000E+00  0.0000E+00  0.0000E+00  0.0000E+00  0.0000E+00  0.0000E+00  0.0000E+00  0.0000E+00  0.0000E+00
       0.0000E+00  0.0000E+00  0.0000E+00  0.0000E+00  0.0000E+00  0.0000E+00  0.0000E+00  0.0000E+00  0.0000E+00  0.0000E+00
       0.0000E+00  0.0000E+00  0.0000E+00  0.0000E+00  0.0000E+00  0.0000E+00  0.0000E+00  0.0000E+00  0.0000E+00  0.0000E+00
       0.0000E+00  0.0000E+00  0.0000E+00  0.0000E+00  0.0000E+00  0.0000E+00  0.0000E+00  0.0000E+00  0.0000E+00  0.0000E+00
       0.0000E+00  0.0000E+00  0.0000E+00  0.0000E+00  0.0000E+00  0.0000E+00  0.0000E+00  0.0000E+00  0.0000E+00  0.0000E+00
1

   Bdrx n.   6  "ofluence  " , generalized particle n.    1, from region n.     5 to region n.     4
      detector area:  1.0000E+02 cm**2
      this is a one way only estimator
      this is a fluence like estimator
      linear energy binning from   0.0000E+00 to  3.0000E+02 GeV,     1 bins ( 3.0000E+02 GeV wide)
      linear angular binning from  0.0000E+00 to  6.2832E+00 sr ,     1 bins ( 6.2832E+00 sr wide )
      Data follow in a matrix A(ie,ia), format (1(5x,1p,10(1x,e11.4)))

       5.2274E-06
