#BLTrackFile VirtualDetector/Base290
#x y z Px Py Pz t PDGid EventID TrackID ParentID Weight
#mm mm mm MeV/c MeV/c MeV/c ns - - - - -
#BLTrackFile VirtualDetector/Base290
#x y z Px Py Pz t PDGid EventID TrackID ParentID Weight
#mm mm mm MeV/c MeV/c MeV/c ns - - - - -
2201.04 -5500 -5339.8 0.0104051 -0.0345752 -0.0493433 4478.19 22 96 1062 1 1
1067.44 5500 4468.84 0.00370068 0.700212 0.834406 3388.24 22 129 1042 1 1
5296.33 -5500 -464.361 0.808479 -1.42146 0.191052 5333.39 2112 142 1 0 1
4376.99 5500 -1578.57 0.394004 0.688677 -0.0850485 8324.98 2112 180 1 0 1
-2318.53 -5500 207.085 -0.0251021 -0.486638 -0.042465 6217.8 2112 186 1 0 1
303.745 -5500 -4590.65 2.85661 -11.9517 -10.9681 795.416 2112 388 1 0 1
1059.96 5500 -2694.74 8.28506 22.1751 -6.02828 517.127 2112 815 1 0 1
-989.147 5500 -4802.77 -2.10177 5.77936 -1.52944 1676.22 2112 933 1 0 1
1943.8 5500 670.046 0.635262 15.9022 7.271 519.556 2112 1000 1 0 1
-3477.47 -5500 1772.46 -0.373008 -0.788542 0.688174 5154.68 2112 1085 1 0 1
-4792.78 5500 -1073.4 -2.75696 1.46981 -1.29449 10459.9 22 1236 1078 1 1
2375.8 -5500 2824.51 1.65724 -4.79391 0.874359 2109.88 22 1270 1088 1 1
1773.5 -5500 727.199 -1.86943 -20.2614 -9.89015 514.12 2112 1440 1 0 1
1953.57 -5500 1523.81 0.876201 -2.88949 -0.956682 1431.71 2112 1441 1 0 1
2532.95 -5500 -45.615 0.196678 -0.21449 0.0559607 10224.2 2112 1451 1 0 1
1615.96 5500 5490.19 -1.69835 8.82197 9.26399 1117.88 2112 1466 1 0 1
536.948 5500 2910.1 -4.50248 4.542 2.29909 1241.21 2112 1565 1 0 1
-1686.04 -5500 -1320.97 -8.32313 -28.6911 0.413637 459.318 2112 1606 1 0 1
-157.96 5500 -3265.49 3.86165 3.96981 -1.98243 15435.3 22 1650 1042 1 1
-3193.03 -5500 3008.32 -0.0693594 -0.27195 0.160772 11892.9 22 1690 1053 1 1
-2021.29 -5500 2762.86 1.58051 -3.2787 1.38563 11892.9 22 1690 1056 1 1
-4821.52 5500 4069.59 -5.88809 14.1262 8.8701 990.497 2112 1843 1 0 1
743.137 5500 2227.29 -0.0362764 0.350505 -0.0737298 8311.12 2112 1845 1 0 1
-67.8336 -5500 2611.98 0.000530045 -0.062888 0.037704 991.588 22 1934 1030 1 1
802.697 -5500 -406.788 -0.0900273 -0.179473 -0.0570197 8747.47 2112 2018 1 0 1
110.852 5500 -311.729 0.0941193 0.161422 0.0374618 6473.91 2112 2150 1 0 1
-2687.27 -5500 4690.3 -1.74749 -3.06398 0.897733 2883.49 2112 2276 1 0 1
2768.56 5500 620.149 0.024284 0.0408709 -0.0222577 7445.2 22 2281 1076 1 1
2297.45 5500 2083.18 0.375032 3.07292 3.31697 7445.46 22 2281 1092 1 1
2901.5 5500 971.364 0.91835 1.2789 -0.124394 7444.78 22 2281 1093 1 1
-4607.54 -5500 -3133.71 -0.0820021 -3.37753 -2.53972 3168.42 2112 2306 1 0 1
2183.53 -5500 -2900.45 -0.50386 -1.35599 -0.827085 3959.45 2112 2355 1 0 1
-1959.27 -5500 657.815 -6.92974 -12.1585 -3.34905 538.821 2112 2370 1 0 1
-1632.61 5500 -566.457 0.504241 0.805017 -0.208137 10500.2 22 2581 1093 1 1
-891.242 -5500 302.87 -2.08419 -2.62769 -4.61928 11512.1 22 2611 1108 1 1
-18.7653 -5500 1872.39 -2.09731 -8.46905 15.5381 536.85 2112 2657 1 0 1
-1884.53 -5500 1588.04 0.23864 -0.498611 0.0992136 7793.25 2112 2776 1 0 1
-2469.81 -5500 3637.74 2.7451 -7.97119 2.57894 1414.44 2112 2879 1 0 1
-1924.65 -5500 -1262.47 -0.398533 -1.38006 -0.845935 9515.09 22 2981 1005 1 1
-2296.56 -5500 1568.41 -13.5641 -17.2453 10.7755 539.731 2112 3034 1 0 1
2755.73 -5500 -3705.78 0.620936 -3.56852 -0.372103 12902.8 22 3274 1049 1 1
5279.74 5500 2019.27 11.6258 31.3758 10.1975 1136.36 2112 3402 1 0 1
-1610.47 -5500 -507.15 0.464843 -1.04443 -0.207708 2237.23 2112 3565 1 0 1
2446.76 -5500 4689.32 0.36469 -0.457232 0.391722 5179.11 22 3606 1088 1 1
387.129 -5500 538.232 0.0131369 -0.165705 -0.0631527 7188.97 22 3684 1056 1 1
-309.532 -5500 4137.9 -3.13908 -2.08874 5.33515 1596.88 2112 3725 1 0 1
-5468.8 -5500 804.295 -2.11134 -10.5099 -3.61174 1678.04 2112 3795 1 0 1
-2689.05 -5500 -1133.65 -0.804385 -0.313051 0.285976 6695.39 2112 3806 1 0 1
2990.41 5500 -2653.42 2.09591 6.29034 -0.870844 1657.11 22 4020 1063 1 1
365.201 5500 -1293.67 0.0902811 0.251364 -0.361026 4738.92 2112 4057 1 0 1
2353.59 5500 1023.75 -0.215284 0.449762 0.0459613 3898.69 22 4076 1064 1 1
2837.33 -5500 -2837.39 8.30246 -4.58514 -9.90014 871.509 2112 4137 1 0 1
3827.5 -5500 1216.14 1.81384 -4.46863 -3.06957 1912.81 2112 4159 1 0 1
1324.2 -5500 4043.92 -4.54891 -4.85491 7.87603 1330.06 2112 4234 1 0 1
-496.774 5500 761.105 0.594425 0.284256 0.151065 5463.47 2112 4262 1 0 1
-3183.3 -5500 1894.7 -0.24967 -0.362891 0.338151 9433.16 2112 4410 1 0 1
-665.091 5500 5243.28 -0.21425 2.46089 0.692484 1513.17 22 4511 1100 1 1
928.43 5500 -5404.36 0.0382568 1.22652 -0.0816761 13062.9 22 4567 1027 1 1
-864.893 -5500 -873.146 -2.19463 -4.16667 -4.13831 1861.54 22 4613 1039 1 1
-296.014 -5500 -374.695 0.718891 -2.67756 0.610897 723.98 2112 4638 1 0 1
-877.864 5500 4538.09 -14.4518 26.431 18.8843 1023.91 2112 4707 1 0 1
-1228.86 -5500 2378.51 -1.02932 -29.6386 24.2307 460.38 2112 4749 1 0 1
-2343.25 5500 544.09 -0.0655307 0.371838 -0.0240006 5917.12 22 4889 1048 1 1
-2992.55 -5500 2533.81 0.677576 -7.01032 0.147211 1448.12 2112 4908 1 0 1
2037.63 5500 -2013.14 -0.0695365 0.831993 -0.542912 3864.69 2112 4918 1 0 1
2801.28 5500 -4207.84 8.37236 10.3691 -8.84981 861.893 2112 5059 1 0 1
-301.493 5500 3217.45 6.7797 8.31573 1.67674 935.278 2112 5286 1 0 1
4047.55 -5500 767.955 -0.00708052 -3.33829 -1.59113 3216.03 2112 5333 1 0 1
1207.36 -5500 848.551 0.076725 -0.522693 0.0232078 4430.59 2112 5569 1 0 1
-5244.62 -5500 566.846 -1.13567 -2.34915 0.00853675 5552.16 2112 5573 1 0 1
3081.35 -5500 2683.9 3.29829 -3.48121 1.61296 1492.13 22 5649 1069 1 1
-236.047 -5500 801.51 2.55512 -4.32633 2.15289 862.329 2112 5730 1 0 1
-2985.87 5500 75.7427 0.29493 1.58102 0.0879795 3248.03 2112 5749 1 0 1
1392.53 -5500 1116.42 -0.0492002 -4.02246 0.363505 903.15 2112 5812 1 0 1
307.504 5500 3320.04 -0.0635541 2.09042 0.753153 1532.47 22 5824 1005 1 1
2322.17 -5500 2483.13 0.175518 -0.581866 -0.211175 9640.97 2112 5953 1 0 1
-1942.87 -5500 2553.7 0.0388491 -0.277428 -0.116464 2593.11 22 6079 1005 1 1
-5173.4 -5500 -2144.17 -23.4565 -30.7238 5.71644 625.631 2112 6151 1 0 1
122.325 -5500 -2517.64 0.507337 -0.803734 -0.547786 2095.31 22 6324 1047 1 1
2070.59 -5500 -4692.16 0.436883 -0.124765 -0.443883 2104.62 22 6324 1082 1 1
-4749.72 -5500 -3739.64 -3.93434 -8.13909 -1.78213 1520.13 2112 6336 1 0 1
800.158 -5500 1632.43 -1.12753 -3.74702 -0.631844 1064.92 2112 6653 1 0 1
1552.42 -5500 -4261.18 -1.24469 -4.40453 -2.40061 493.881 22 6725 1078 1 1
1395.53 5500 2105.46 -0.293138 0.487255 0.0181976 7626.72 2112 6760 1 0 1
4798.58 5500 1785.26 0.114627 0.133105 -0.0817371 538.204 22 7096 1036 1 1
-2036.33 5500 2055.29 -0.112631 0.985111 -0.248302 4291.88 2112 7335 1 0 1
2198.17 -5500 -2281.57 0.198644 -0.358535 -0.360528 7156.84 2112 7336 1 0 1
-2539.12 5500 2016.77 0.254704 1.01517 0.186094 4981.06 2112 7410 1 0 1
-2229.71 -5500 2872.22 -0.0814205 -1.5158 -0.0343258 3998.07 2112 7417 1 0 1
3332.63 -5500 1770.93 0.632641 -0.985862 -0.235077 8981.46 22 7459 1041 1 1
-4262.31 5500 2512.81 -0.561979 0.616282 0.0909836 9671.29 2112 7655 1 0 1
-1734.85 -5500 3072.64 0.0178984 -1.02118 0.156492 5148.56 2112 7741 1 0 1
-1574.29 -5500 -2294.29 -1.67522 -8.5734 -0.147574 772.934 2112 7806 1 0 1
3341.93 5500 2527.7 0.303893 0.386836 0.0339971 61453.9 22 7913 1090 1084 1
4671.44 5500 2715.49 -0.00256709 0.706638 0.129921 1385.4 22 7966 1045 1 1
4182.77 -5500 -4336.9 18.6066 -1.81866 -12.1219 1728.53 2112 8011 1 0 1
1297.4 5500 -694.233 7.6148 10.4766 0.778811 535.416 2112 8200 1 0 1
-2069.85 -5500 2478.57 -23.0398 -22.5005 9.49152 1142.46 2112 8296 1 0 1
5373.46 5500 -666.711 8.09433 8.94698 -4.83914 1039.91 2112 8345 1 0 1
2982.64 -5500 -1553.9 2.53238 -4.5159 2.71912 2703.26 2112 8388 1 0 1
-1057.69 -5500 471.268 0.020183 -0.248539 0.00506739 7389.83 2112 8840 1 0 1
4582.02 -5500 356.696 5.49682 -0.616196 -0.539636 2484.27 2112 8862 1 0 1
-1389.02 5500 -3842.59 -4.64723 23.1823 6.10079 820.337 2112 8988 1 0 1
621.083 5500 -4368.88 -4.72995 11.0669 -3.97263 982.38 2112 9166 1 0 1
-361.293 -5500 807.101 0.291104 -0.327461 -0.236168 4204.26 2112 9259 1 0 1
685.091 -5500 -1285.28 25.579 -15.214 -7.12339 467.055 2112 9340 1 0 1
-1439.96 -5500 -2431.46 -0.171913 -0.350047 0.025786 10053.6 2112 9491 1 0 1
5477.84 5500 -2001.41 1.50351 1.34574 -0.731055 5125.1 22 9511 1066 1 1
-782.75 5500 427.869 0.0857948 0.105083 0.0223719 6445.9 22 9648 1062 1 1
3817.22 -5500 1223.41 0.292205 -0.960161 0.160626 5645.42 2112 9674 1 0 1
-2504.44 -5500 -3494.36 1.20654 -2.13378 -4.73007 2521.08 2112 9719 1 0 1
-2611.71 5500 1727.76 -3.29202 21.22 2.17509 593.737 2112 9958 1 0 1
307.437 -5500 420.24 -12.4389 -18.3322 -6.57593 439.589 2112 10023 1 0 1
2497.66 -5500 -1000.66 0.098464 -0.773072 -0.226475 3872.74 22 10087 1084 1 1
3159.36 -5500 -3117.98 -0.0756632 -0.552119 -0.363183 12375.2 22 10120 1091 1 1
3702.3 5500 -51.5065 1.14094 5.1031 3.74376 1428.9 2112 10132 1 0 1
-4397.92 -5500 -1348.79 -2.07793 -6.83429 1.65999 1533.73 2112 10154 1 0 1
4320.34 5500 -3403.69 0.0448315 0.0900225 -0.118532 394.84 22 10516 1004 1 1
-5220.4 -5500 -5332.62 -0.420817 -1.45248 -1.45757 7660.83 2112 10738 1 0 1
2349.84 5500 -820.24 0.0492845 0.695088 -0.0947745 10178.9 22 10782 1070 1 1
-512.665 5500 3588.72 4.45934 8.04722 0.18901 1189.79 2112 10932 1 0 1
1983.96 -5500 -3176.76 0.249529 -0.713144 -0.0623024 6966.85 2112 10944 1 0 1
780.084 -5500 -2602.2 16.5865 -14.8882 -2.76565 1384.96 2112 11003 1 0 1
-3960.37 5500 -446.725 -1.52198 2.9766 -0.621479 1858.17 2112 11127 1 0 1
-1224.9 -5500 -3709.24 0.0245318 -0.632374 -0.983839 5409.72 2112 11133 1 0 1
-1692.69 5500 -1497.73 1.29121 15.1394 3.7675 1917.61 2112 11247 1 0 1
-2298.83 5500 -4022.32 -7.4122 20.1645 -0.970377 3139.03 2112 11323 1 0 1
-2563.74 5500 -1028.57 -0.204619 2.56038 1.30919 1885.85 2112 11413 1 0 1
2022.26 5500 -2228.87 -0.582567 4.08006 1.38834 1695.52 2112 11429 1 0 1
-3988.41 -5500 27.5275 -31.2957 -11.1433 -25.981 631.088 2112 11466 1 0 1
-4599.52 5500 -2284.05 -0.0349557 0.392858 -0.0222493 20971 22 11515 1057 1 1
-2590.77 5500 4673.82 0.342718 0.831776 1.19016 855.969 22 11648 1038 1 1
2289.34 -5500 -453.473 -0.152379 -1.17384 0.826228 3144.12 2112 11725 1 0 1
1509.31 -5500 -3502.75 -1.56822 -2.18741 -0.810714 3659.18 2112 11727 1 0 1
-684.303 -5500 2271.1 -10.2641 -12.7647 11.789 538.05 2112 11953 1 0 1
4749.9 5500 993.122 0.700715 0.905983 -0.431 6884.51 2112 12002 1 0 1
3476.9 5500 -2837.78 9.80731 29.7601 -6.26586 585.591 2112 12010 1 0 1
-1936.21 5500 -330.487 -7.7164 31.7044 9.35903 446.114 2112 12030 1 0 1
1221.25 5500 1369.1 -0.0826808 0.361929 0.260063 5149.32 2112 12340 1 0 1
-217.606 5500 -1104.43 -3.79967 43.117 -0.982327 406.988 2112 12437 1 0 1
2548.99 5500 2390.85 -2.78233 23.772 4.43355 600.459 2112 12489 1 0 1
-2013.05 5500 4919.31 0.00554762 0.0535062 0.0539503 6426.63 22 12513 1033 1 1
-2243.96 5500 3635.5 -0.00118728 0.0818641 0.0280018 6424.58 22 12513 1036 1 1
-2542.59 5500 1968.54 -0.0149364 0.0883121 -0.0501944 6425.28 22 12513 1045 1 1
-508.855 -5500 -1522.85 0.101094 -0.0828436 -0.0924854 9358.93 22 12614 1042 1 1
3545.92 -5500 -3384.45 7.36698 -12.6102 0.090303 951.09 2112 12640 1 0 1
4439.89 5500 -4906.21 0.167669 0.269296 -0.208595 14396.1 22 12658 1004 1 1
1023.68 5500 567.065 -0.0921897 0.359901 0.0732243 11001.3 22 12759 1055 1 1
1129.7 5500 558.006 0.737933 4.41876 0.353607 11001.1 22 12759 1073 1 1
848.318 5500 1873.5 0.0364448 0.139025 0.174687 1281.33 22 12850 1004 1 1
-1562.55 5500 -2233.05 0.0916051 0.400027 -0.233164 7977.66 2112 12867 1 0 1
716.532 5500 -1428.38 -0.472815 14.1532 7.09559 1701.86 2112 13314 1 0 1
2752.92 -5500 -1014.46 -0.00521963 -0.130681 0.0314279 6289.94 22 13361 1005 1 1
3711.2 -5500 -5391.54 0.825163 -5.14212 -6.12524 1878.07 2112 13383 1 0 1
-5058.95 5500 -3836.76 -0.936099 1.65776 -0.0826759 6987.18 2112 13486 1 0 1
2912.43 5500 -5348.58 0.0861501 0.0952852 -0.11943 25085.8 22 13558 1004 1 1
-5047.19 5500 -1566.48 -1.94634 1.4734 0.315023 3787.81 2112 13566 1 0 1
544.345 5500 1605.18 -0.0569105 0.288681 -0.108715 8326.59 2112 13679 1 0 1
3181.62 -5500 -1340.19 1.2715 -0.940435 -0.811993 2921.25 22 13744 1074 1072 1
-3926.65 5500 1994.94 -3.66146 3.55784 4.01691 404.358 22 13795 1059 1 1
-126.379 -5500 -2495.39 0.966723 -1.8819 -1.2116 700.308 22 13927 1064 1 1
-3278.76 5500 5130.61 -8.60505 35.7742 5.38772 742.514 2112 13944 1 0 1
-2217.21 5500 -2118.66 -1.0701 0.256731 -0.137188 7251.27 2112 13972 1 0 1
2836.22 -5500 -153.829 0.0653025 -16.5443 -1.11649 655.773 2112 14002 1 0 1
-2164.64 -5500 -3411.44 -1.57653 -2.31534 -3.42916 1763.21 2112 14040 1 0 1
986.601 5500 -823.682 -1.07812 1.92651 -0.261576 5823.47 22 14055 1004 1 1
1635.98 -5500 4163.55 -0.186528 -1.50217 0.874407 4259.19 22 14081 1044 1 1
-2808.66 -5500 1822 -0.250189 -3.07888 0.784668 2585.68 2112 14202 1 0 1
43.7013 5500 -4995.51 -0.151528 0.490961 -0.694396 8800.07 2112 14260 1 0 1
-3544.11 5500 73.1038 -2.10643 19.9462 -10.1071 643.961 2112 14394 1 0 1
-1092.1 -5500 -976.126 0.120674 -0.18674 0.0985084 429.134 22 14445 1020 1015 1
4392.7 -5500 2027.44 -0.0123775 -2.17751 0.447508 7321.49 22 14521 1005 1 1
3082.67 5500 -355.562 -2.19601 31.1725 -2.90214 517.852 2112 14627 1 0 1
2803.6 5500 -1914.62 0.560691 1.42451 0.247677 453.752 22 14762 1034 1 1
3984.25 5500 -2418.8 6.59514 13.4785 -7.10955 777.404 2112 14773 1 0 1
4425.09 -5500 -1554.68 13.7623 -11.3222 8.67927 881.42 2112 14946 1 0 1
199.095 -5500 1500.18 0.745042 -1.15931 0.138019 1888.37 2112 15055 1 0 1
1058.93 -5500 -5133.53 -10.4972 -27.0624 -12.4549 700.539 2112 15165 1 0 1
-1810.9 -5500 4699.58 -4.70959 -27.5295 13.6997 621.745 2112 15179 1 0 1
-2966.82 -5500 1822.73 -0.732496 -1.22514 -0.599313 3998.01 2112 15197 1 0 1
-1371.37 5500 3526.92 -1.2605 21.4524 -1.33894 703.045 2112 15251 1 0 1
-3916.57 5500 3282.48 -0.0312275 0.0497812 0.0528193 8837.92 22 15331 1008 1005 1
1906.2 -5500 4262.25 0.0169686 -0.178914 0.256866 9130.73 22 15364 1056 1 1
1270.64 5500 1098.77 -0.0628342 2.88148 0.194825 1036.75 2112 15482 1 0 1
968.308 5500 2198.94 0.584117 1.66306 0.911469 1773.96 2112 15916 1 0 1
5226.83 5500 4900.93 1.19481 0.649153 0.280042 2503.96 22 16013 1067 1055 1
4094 5500 5411.32 3.04862 3.34437 1.94406 2796.22 2112 16063 1 0 1
-359.313 -5500 3225.93 -0.381295 -0.599768 0.225713 6812.81 2112 16112 1 0 1
640.063 5500 -2359.7 0.544944 1.89137 -1.16459 1528.55 2112 16714 1 0 1
3707.42 5500 -2085.39 -0.49016 1.98402 -0.427847 5320.61 2112 16720 1 0 1
-2576.33 -5500 -1707.07 0.034391 -0.161078 -0.0497791 12522.2 22 16860 1005 1 1
-1086.86 -5500 2012 -5.51069 -15.4133 7.20934 552.174 2112 16917 1 0 1
-3383.82 5500 4985.32 -0.802239 0.835188 1.09183 6477.86 2112 16925 1 0 1
-698.612 5500 84.2853 -12.1317 6.60219 -14.6626 524.869 2112 17055 1 0 1
-1708 -5500 -3763.96 -0.851569 -2.8233 -0.54849 2405.85 2112 17189 1 0 1
3404.98 5500 5034.9 -0.0848736 4.13727 2.02433 3040.48 2112 17485 1 0 1
-326.619 -5500 -1052.97 -0.360273 -0.470308 0.217159 3636.29 2112 17491 1 0 1
-2891.9 -5500 3672 -0.575813 -1.67799 0.498215 10734.1 22 17586 1004 1 1
-689.531 5500 -4457.8 2.20608 7.70551 -6.18476 1063.84 2112 17630 1 0 1
930.827 5500 1875.89 1.1076 6.52643 -3.64866 803.553 2112 17663 1 0 1
3304.05 5500 -4934.07 3.21567 2.93242 -3.23026 2117.72 2112 17837 1 0 1
1350.55 -5500 -4676.5 -0.0421825 -0.107523 -0.138599 1271.39 22 17885 1051 1 1
-1949.05 -5500 526.544 12.052 -14.8354 12.7012 612.512 2112 18047 1 0 1
405.619 -5500 -3176.16 4.07147 -2.76528 -1.38871 2488.48 2112 18122 1 0 1
-3583.94 -5500 -1403.94 -0.952331 -0.562504 -0.53451 5591.4 2112 18137 1 0 1
2851.44 5500 -518.56 -0.560845 1.26919 -0.252421 5622.97 2112 18210 1 0 1
2589.28 5500 -1206.29 6.96807 9.67042 -10.3279 648.45 2112 18537 1 0 1
2037.52 5500 2746.17 1.16256 0.860945 0.175144 4042.82 2112 18639 1 0 1
-2503.81 -5500 3594.15 0.0241518 -2.34156 0.993692 2969.72 2112 18684 1 0 1
2433.24 5500 2963.95 0.670981 0.302878 0.362127 8286.74 2112 18935 1 0 1
1356.34 -5500 2206.32 -0.789833 -5.42808 4.03358 877.817 2112 19075 1 0 1
1036.64 -5500 -44.5242 -0.282383 -0.745369 0.925183 2276.93 2112 19267 1 0 1
-2243.55 -5500 479.121 -10.6536 -33.3114 -10.8925 456.223 2112 19311 1 0 1
705.71 5500 1587.82 1.57558 2.47953 0.669357 1083.21 2112 19486 1 0 1
4199.18 -5500 -1646.44 0.171114 -2.21473 -0.0884022 3740.69 22 19659 1004 1 1
27.2683 5500 1701.35 3.36313 5.43858 13.8066 603.817 2112 19742 1 0 1
-2538.95 5500 -1587.59 0.0509768 0.10795 0.0173132 7891.28 22 19743 1061 1 1
1193.64 5500 4690.75 0.49181 4.03904 7.75245 1265.51 2112 19752 1 0 1
131.575 -5500 20.2172 0.158582 -0.157615 0.132778 5499.57 2112 19998 1 0 1
2459.54 -5500 -2008.61 2.66206 -2.87694 -2.64718 1282.55 2112 20115 1 0 1
1905.71 5500 1133.29 0.0214813 0.0501694 0.0769763 2972.65 22 20244 1034 1 1
-1759.2 -5500 -611.553 -0.0233002 -0.610247 -0.284115 4383.85 2112 20289 1 0 1
-4195.04 5500 -1296.32 -3.74065 16.4108 -0.833535 789.4 2112 20373 1 0 1
-3174.22 5500 -3599.92 -1.26285 3.67465 -0.176164 3804.03 2112 20551 1 0 1
3019.55 5500 3820.1 9.58505 26.3558 16.3701 596.013 2112 20574 1 0 1
-702.513 -5500 1631.24 -0.191346 -0.572619 -0.275739 15769.1 22 20643 1033 1 1
344.399 -5500 5402.64 -4.17842 -9.69533 1.78742 2234.66 2112 20666 1 0 1
615.787 5500 -2910.01 -0.189792 1.88373 0.0507341 2537.05 2112 20727 1 0 1
2555.16 -5500 1696.17 -0.361875 -1.86669 0.345126 2673.06 2112 20776 1 0 1
1395.63 5500 41.7252 0.33777 2.61701 -1.61696 1013.13 2112 21107 1 0 1
-1339.9 5500 2871.47 -0.114962 7.25128 1.13995 956.094 2112 21254 1 0 1
-3884.42 -5500 2381.35 -0.0543578 -0.0546563 0.00191665 8470.66 22 21333 1095 1 1
-3108.17 5500 5005.72 0.0300977 1.18962 0.456937 13400.1 22 21394 1058 1 1
41.0404 5500 -3147.66 12.889 29.9052 -14.539 1218.17 2112 21724 1 0 1
-1537.09 5500 1399.24 1.81545 31.6792 18.0885 442.79 2112 21925 1 0 1
-2904.11 5500 455.955 0.237764 5.02868 -2.8389 7337.68 22 22061 1046 1 1
2003.08 5500 -563.304 0.148166 0.31127 -0.233088 7140.84 2112 22125 1 0 1
229.98 5500 -3542.65 0.707707 1.02059 -1.33216 3120.78 2112 22151 1 0 1
1240.75 5500 -4099.9 0.0927082 1.31296 -0.0452895 6069.44 2112 22367 1 0 1
-928.498 -5500 -830.765 -0.0459479 -0.23323 0.0554369 5994.33 2112 22522 1 0 1
2582.4 5500 163.667 0.396687 0.448139 -0.627766 5753.9 2112 22606 1 0 1
3805.62 5500 4228.65 0.0762075 0.40767 0.15378 7824.12 22 22649 1062 1 1
-759.207 -5500 4096.07 -0.0718707 -0.649108 0.567464 6473.01 2112 22673 1 0 1
2160.04 -5500 -20.7996 5.12461 -9.88649 12.7343 611.117 2112 22778 1 0 1
2673.1 5500 2146.33 -0.306427 1.18968 0.0988171 5281.8 2112 22796 1 0 1
-2892.97 -5500 -729.548 -20.4863 -11.6964 -10.5484 552.271 2112 22835 1 0 1
-2904.68 -5500 443.62 -0.0350883 -0.0565809 0.0421308 11617.9 22 22851 1102 1 1
-5037.45 5500 340.188 -1.54177 1.95524 0.585959 3381.13 2112 22857 1 0 1
1612.29 5500 1555.37 -0.0198549 0.337127 0.304948 6168.15 2112 22896 1 0 1
3202.46 -5500 5331.81 0.715964 -1.72639 0.0754946 9350.82 2112 22907 1 0 1
1264.43 -5500 4307.79 1.72294 -1.47211 2.4544 2450.07 2112 22999 1 0 1
-2842.4 5500 -5281.54 4.46336 20.142 -11.828 944.977 2112 23008 1 0 1
-745.325 -5500 367.94 -0.423014 -1.0956 0.0812218 3930.67 22 23065 1006 1 1
-872.965 5500 -3463.09 -1.71169 1.31121 -1.25672 2706.66 2112 23129 1 0 1
1579.08 5500 4161.88 2.46533 1.8271 0.907493 2044.61 22 23164 1055 1 1
-2101.31 -5500 3942.24 -3.26611 -24.2303 4.96272 664.143 2112 23189 1 0 1
836.724 5500 2516.5 11.456 26.8158 20.9761 466.111 2112 23247 1 0 1
-4163.08 -5500 -2516.35 -2.20203 -0.9922 -2.16199 3100.75 2112 23298 1 0 1
1414.64 -5500 2205.37 -1.02969 -6.95238 4.00102 777.108 2112 23347 1 0 1
-264.537 5500 -1586.86 -1.21425 1.28069 -0.955316 1486.83 2112 23364 1 0 1
884.195 5500 -565.082 0.0542949 0.0801244 0.0366659 610.064 22 23568 1068 1067 1
-1164.8 5500 5413.84 1.61439 2.31621 8.34051 1787.46 2112 23579 1 0 1
-2393.25 -5500 -3783.82 -9.50077 -10.3497 -31.9077 622.238 2112 23676 1 0 1
4887.02 -5500 -1039.99 2.11627 -5.97464 -4.06075 1592.54 2112 23780 1 0 1
1584.54 -5500 -1746.12 0.211367 -0.449034 -1.03676 3797.65 2112 23963 1 0 1
1589.83 5500 4466.73 0.359718 3.6255 0.489184 2707.66 2112 23968 1 0 1
4286.22 5500 -262.346 -0.105034 1.80096 0.074358 5121.52 2112 24098 1 0 1
535.063 -5500 -4546.4 0.750176 -1.8464 0.137208 5873.9 22 24125 1042 1 1
-425.754 5500 337.448 0.0269811 0.174164 0.597572 5753.26 2112 24228 1 0 1
-683.412 -5500 -1603.58 0.0748912 -0.224542 -0.14983 8087.24 2112 24306 1 0 1
3856.88 5500 4270.46 0.554335 1.81083 1.16429 17657.4 22 24310 1004 1 1
-3134.19 -5500 -3052.44 -5.0882 -9.76154 -0.803307 1014.06 2112 24380 1 0 1
1735.99 -5500 -2647.85 -0.645059 -1.5541 -1.4545 542.151 22 24612 1005 1 1
4908.4 -5500 -4335.21 0.48863 -1.42368 -0.582836 8681.75 2112 24682 1 0 1
4143.35 5500 -4274.51 0.274709 18.6731 -5.0741 1124.49 2112 24709 1 0 1
617.342 -5500 813.62 1.2011 -0.813775 1.25866 1472.77 2112 24712 1 0 1
4752.76 -5500 781.376 9.85389 -34.7627 -1.67414 1072.72 2112 24829 1 0 1
-919.11 -5500 1062.42 -0.263749 -0.220071 -0.0705955 6226.52 2112 24924 1 0 1
5262.69 -5500 -515.105 0.450198 -0.849266 0.308097 7322.99 22 24974 1080 1 1
-2953.36 5500 2038.63 0.00129686 0.954272 -0.118268 6240.97 2112 25189 1 0 1
959.789 5500 4175.13 -5.49728 29.8055 18.5476 553.74 2112 25196 1 0 1
4135.67 5500 419.414 0.235597 0.187451 0.0780091 8323.01 22 25318 1057 1 1
2554.78 5500 1358.38 -0.454064 2.38807 2.58823 8322.71 22 25318 1080 1 1
-3595.17 5500 4851.64 -10.9223 8.77581 8.66789 1005.94 2112 25437 1 0 1
2387.49 5500 1357.82 -0.686725 1.56032 0.136253 3327.87 2112 25474 1 0 1
1462.32 5500 -2873.77 8.24565 35.1267 2.29448 527.342 2112 25556 1 0 1
2780.76 5500 2789.38 0.374183 1.74763 1.32579 2834.03 2112 25574 1 0 1
-111.818 5500 3961.66 0.150365 0.576411 0.214634 9884.98 22 25867 1090 1 1
1665.66 5500 -1837.53 -2.35089 2.9784 -1.03571 1459.96 22 25922 1121 1 1
-2058.74 -5500 -943.44 -11.8222 -13.3235 -6.50655 531.052 2112 25985 1 0 1
-2800.96 -5500 1663.54 0.0279521 -0.105298 -0.026398 2458.62 22 25999 1032 1 1
-4442.33 -5500 2751.05 -0.517724 -0.996083 0.280256 2459.26 22 25999 1046 1 1
-3452.43 -5500 438.792 -0.260903 -0.942043 0.221947 4782.61 2112 26167 1 0 1
-251.417 -5500 -1833.28 0.159588 -0.461564 -0.282301 3834.17 2112 26208 1 0 1
4895.48 5500 -4299.65 1.01879 19.2566 -9.43143 1105.6 2112 26463 1 0 1
2896.8 -5500 4568.38 0.0388554 -1.15392 1.28313 5638.27 2112 26494 1002 1 1
-1586 5500 3283.95 -0.0921975 0.12469 -0.0107705 424.101 22 26646 1073 1 1
1492.27 5500 -415.561 -0.454736 0.513908 -0.367458 5483.08 2112 26695 1 0 1
-1500.21 -5500 -1316.47 -0.297627 -0.652088 -0.106865 10103.3 22 26731 1041 1 1
4844.44 -5500 4130.74 0.121781 -0.343434 0.203529 10793.4 22 26794 1047 1 1
159.756 5500 1572.49 0.520228 1.03735 0.440686 10169.7 22 26893 1072 1059 1
1948.54 5500 491.86 0.112411 0.378645 -0.421351 6347.67 2112 26901 1 0 1
-4299.13 -5500 -4087.22 -1.88988 -1.29592 0.216437 7385.73 2112 26931 1 0 1
124.487 5500 -2453.16 0.0981545 0.474233 -0.129923 7027.16 2112 27003 1 0 1
358.839 -5500 -623.229 0.0775866 -0.128618 -0.00641868 8952.58 2112 27005 1 0 1
-1680.13 -5500 1403.28 0.342309 -0.764139 0.161376 3956.67 2112 27014 1 0 1
1494.31 5500 4121.72 0.02975 2.04855 0.423395 3750.35 2112 27017 1 0 1
4727.88 -5500 5441.73 3.47702 -5.14607 4.05636 10742.9 22 27306 1074 1 1
-3717.19 5500 1419.66 -18.8261 24.4382 -10.7398 595.995 2112 27545 1 0 1
-3381.61 -5500 237.788 -17.2245 -19.2326 10.4908 541.012 2112 27593 1 0 1
-423.386 5500 1497.78 0.287302 6.69103 0.692493 729.046 2112 27596 1 0 1
-4735.14 5500 2937.54 -1.83718 2.14883 0.241184 4177.14 2112 27650 1 0 1
-1360.17 -5500 5114.64 0.891087 -1.9646 2.44982 3262.29 2112 27661 1 0 1
-1119.86 5500 2195.14 0.0145466 0.0396019 0.0104374 6899.77 22 27737 1005 1 1
-1810.35 5500 1655.97 -0.0410993 0.12165 -0.0563512 6900.1 22 27737 1021 1019 1
-3032.88 5500 -2644.29 -0.545521 0.259611 -1.17479 7472.66 2112 27788 1 0 1
-4771.12 -5500 -924.107 -0.571369 -0.391565 0.405467 7011.19 22 27802 1031 1 1
-5263.1 -5500 1283.18 -0.401462 -1.69753 -0.26438 7003.14 2112 27960 1 0 1
-1644.39 -5500 -2080.52 -0.640893 -1.7343 0.312648 2154.25 2112 27980 1 0 1
-460.771 5500 -4636.46 -0.0450828 0.229958 -0.00404787 6738.93 22 28194 1091 1 1
-5483.87 5500 2053.16 -0.334823 1.40194 1.50691 9177.7 2112 28325 1 0 1
-22.5979 5500 -666.237 0.0349616 0.259143 -0.0392967 4226.91 2112 28448 1 0 1
3172.61 5500 990.682 1.07811 21.5202 -13.9528 695.135 2112 28465 1 0 1
1356.73 -5500 -1835.57 -0.0103544 -0.168921 -0.074768 1464.34 22 28575 1004 1 1
3008.7 -5500 270.906 0.267128 -0.109157 0.300364 1470.25 22 28575 1010 1007 1
235.147 5500 -969.875 -2.07412 6.3007 -2.92371 617.05 2112 28806 1 0 1
279.296 -5500 -2876.9 -3.75783 -2.95224 -2.66696 2200.7 2112 28942 1 0 1
-7.92866 -5500 -1340.42 0.0783203 -0.16987 0.0525045 9422.95 2112 29087 1 0 1
2033.03 -5500 328.299 0.143423 -0.0899344 -0.0160823 52638.1 22 29109 1021 1 1
-3313.89 5500 3041.66 -0.760427 12.0287 1.07741 1032.82 2112 29172 1 0 1
-1010.5 -5500 -3458.47 0.0204864 -5.24878 0.785691 1613.64 2112 29342 1 0 1
5211.64 5500 -1583.01 0.592998 1.10151 -0.171698 7252.6 2112 29381 1 0 1
-127.782 -5500 3622.29 -24.7094 -24.4626 5.14179 608.796 2112 29473 1 0 1
-2708.78 -5500 -1307.46 -0.78412 -1.33118 0.145504 2766.21 2112 29622 1 0 1
1380.62 5500 -2489.86 0.278424 0.300729 -0.0152028 9632.4 2112 29655 1 0 1
-1094.15 -5500 2506.68 0.42604 -2.33001 0.83428 1658.76 2112 29662 1 0 1
-434.824 5500 2060.07 12.2713 30.028 -0.8401 467.179 2112 29711 1 0 1
61.0304 5500 1941.16 -3.18085 5.21671 0.976826 797.642 2112 29722 1 0 1
2563.5 -5500 3412.03 0.494663 -0.87368 1.45794 4254.33 2112 29880 1 0 1
-1533.15 -5500 820.717 0.230685 -2.1205 0.626269 17466.8 22 29889 1003 1 1
-350.236 -5500 2747.35 0.0783237 -0.357695 -0.0423412 5742.09 22 29918 1029 1 1
5431.63 -5500 -5248.43 18.7531 -13.8716 -5.70899 1009.19 2112 30061 1 0 1
-5099.54 5500 -3811.89 -30.277 23.6764 -5.6663 673.498 2112 30149 1 0 1
-25.1763 -5500 -304.387 0.524896 -3.25449 3.17696 714.24 2112 30162 1 0 1
2110.37 5500 -744.228 0.0968604 0.371318 0.0354734 6758.89 2112 30298 1 0 1
-2687.22 -5500 4111.48 -4.17459 -10.0856 9.1736 878.884 2112 30327 1 0 1
-5395.37 5500 -5269.49 -5.2714 2.65083 -1.60142 3083.96 2112 30481 1 0 1
-1703.95 -5500 -1419.03 -12.6899 -10.6251 -1.35908 556.785 2112 30620 1 0 1
-2424.83 -5500 -2720.57 0.0749018 -0.460694 -0.165883 4567.14 22 30625 1020 1 1
-2781.3 5500 -3427.41 -0.0808811 0.119542 -0.155039 7398.55 22 30636 1027 1 1
-2864.46 5500 -1039.76 -3.07504 3.96861 2.91665 7397.14 22 30636 1030 1 1
-2610.14 -5500 -3221.31 -6.63375 -4.33368 -3.48164 1110.55 2112 30736 1 0 1
1189.19 -5500 1683.39 -0.794136 -6.81947 -6.31206 1026.4 2112 30759 1 0 1
4552.04 -5500 -841.081 1.1225 -0.701744 0.574142 6190.21 2112 30762 1 0 1
-2210.97 5500 -436.482 0.368189 3.01092 -5.33762 1611.18 22 30839 1054 1 1
3644.32 -5500 4916.73 0.291968 -4.93689 1.66732 2851.87 2112 31035 1 0 1
4355.14 -5500 -483.036 7.01227 -31.0925 -24.1584 600.309 2112 31097 1 0 1
2496.22 -5500 3573.19 1.43938 -3.52512 1.27987 1870.25 2112 31132 1 0 1
3563.89 5500 3579.66 2.42166 5.29622 -0.452589 3026.22 22 31159 1056 1 1
-1122.14 -5500 4111.63 0.154513 -0.863758 0.34831 435.025 22 31182 1066 1 1
1087.88 -5500 -1421.38 0.169078 -0.618315 0.307865 5743.65 22 31251 1095 1 1
-3743.21 -5500 1272.37 -0.49822 -1.94375 0.736956 2970.8 2112 31351 1 0 1
4464.58 -5500 -2844.98 1.0242 -1.55547 0.325378 5543.42 2112 31547 1 0 1
1285.73 5500 -334.688 5.83406 11.678 -7.03372 516.271 2112 31656 1 0 1
2730.14 -5500 1388.06 0.292282 -1.03632 1.13725 1454.73 22 31671 1003 1 1
-3210.99 5500 1778.91 -0.329525 0.767245 -0.364472 7400.13 2112 31775 1 0 1
340.017 -5500 3229.09 -1.02935 -0.606214 0.680248 6564.25 2112 31873 1 0 1
1158.17 -5500 3392.24 -0.00746176 -0.417966 0.248983 9197.84 2112 31900 1 0 1
1165.83 5500 -5123.08 -0.34927 7.29132 -4.69546 1322.17 2112 32021 1 0 1
63.1041 -5500 -899.622 -0.0996916 -0.149412 0.0513643 8512.06 2112 32227 1 0 1
2347.01 -5500 -559.525 -0.0536224 -0.589403 -0.33835 5213.14 2112 32342 1 0 1
-2340.62 -5500 -255.053 -0.0962875 -0.340255 0.106878 7753.22 2112 32649 1 0 1
481.838 -5500 2349.72 0.0526315 -0.280497 0.178636 7918.31 2112 32682 1 0 1
-125.5 5500 2869.51 -0.0580085 14.3972 0.726487 662.321 2112 32745 1 0 1
-1827.01 -5500 -2021.11 -14.5964 -32.5698 -12.4603 458.724 2112 32771 1 0 1
-3864.49 5500 -4268.75 0.0115853 0.946311 -0.747482 1328.37 22 32793 1061 1 1
4553.92 -5500 -3677.96 0.30117 -0.84858 -1.05187 8073.73 2112 33029 1 0 1
-830.511 5500 1237.92 -7.41165 14.8077 -4.83012 510.708 2112 33334 1 0 1
-982.998 -5500 2542.2 -0.13515 -0.675553 0.0669733 4990.02 2112 33475 1 0 1
2701.05 -5500 -1071.43 0.279892 -3.2096 -0.688525 1434.83 2112 33501 1 0 1
3157.44 -5500 -2416.8 -0.0506313 -33.0948 -11.6415 554.001 2112 33569 1 0 1
-1296.4 5500 1545.12 0.700491 6.2244 -1.10727 1135.87 2112 33616 1 0 1
-439.172 5500 2844.49 -0.138867 0.429692 0.13683 7421.19 2112 33643 1 0 1
-4307.61 5500 2335.66 -6.51148 14.994 -2.13947 881.082 2112 33737 1 0 1
3148.58 5500 -3031.44 0.410658 0.415748 -0.951401 10451.6 22 33999 1081 1 1
-4712.36 -5500 107.328 -3.55463 -5.90123 -6.79298 2715.73 2112 34041 1 0 1
-640.336 -5500 4730.72 0.461451 -0.810789 0.946253 6144.9 2112 34067 1 0 1
3715.38 -5500 824.974 0.424082 -0.445173 0.0201381 8831.59 2112 34120 1 0 1
622.668 5500 2330.3 0.740226 1.81894 -0.0037061 2972.12 22 34133 1058 1 1
4906.82 5500 2084.09 4.50116 4.52076 0.865881 1613.67 2112 34309 1 0 1
670.101 -5500 1065.04 -0.026807 -0.0723001 -0.0840002 5911.49 22 34784 1050 1 1
577.531 -5500 2057.97 -0.0701861 -0.115929 0.0338923 5910.96 22 34784 1071 1057 1
4337.05 5500 779.019 3.52253 2.78088 -1.77185 399.151 22 34785 1087 1 1
-1146.72 -5500 4442.75 -0.637896 -4.61059 0.396771 2916.57 2112 35030 1 0 1
3119.98 -5500 1030.98 8.05499 -4.47404 1.2209 1697.27 2112 35083 1 0 1
-4874.29 -5500 -1356.5 -0.274245 -5.98496 -2.70002 2174.43 2112 35187 1 0 1
-2027.58 5500 -598.97 0.147115 1.46427 -0.128292 2209.18 2112 35280 1 0 1
768.207 -5500 4816.42 -0.0848551 -0.205729 0.0649624 380.28 22 35344 1096 1086 1
-3759.23 5500 5494.39 -1.21912 1.36314 0.699987 6509.39 2112 35507 1 0 1
-530.201 5500 2727.81 -0.0912227 0.570646 0.179917 908.907 22 35548 1055 1 1
-1275.27 5500 1196.5 -4.63532 32.0717 7.29505 441.92 2112 35657 1 0 1
406.81 -5500 1052.61 -15.7153 -15.7367 -5.04059 498.615 2112 35766 1 0 1
-30.8386 5500 2921.14 3.73441 2.95491 1.66969 1403.83 2112 35781 1 0 1
-3483.43 5500 3183.2 -14.8241 3.56648 2.10223 2063.95 2112 36241 1 0 1
4336.04 -5500 984.465 4.75269 -1.53342 2.51432 1918.07 2112 36373 1 0 1
213.752 -5500 -1409.42 1.11157 -2.92272 -0.312978 1724.58 2112 36394 1 0 1
5405.13 -5500 -425.165 3.64656 -5.78392 -0.495874 2306.03 2112 36429 1 0 1
3183.75 5500 -358.568 13.0055 19.1129 -16.0619 981.981 2112 36491 1 0 1
-433.004 5500 3330.13 8.42567 8.98605 10.4708 745.729 2112 36552 1 0 1
3214.8 5500 -3643.12 12.4041 18.7301 -0.0158382 759.993 2112 36559 1 0 1
700.011 5500 268.784 3.81522 1.71492 -0.0793887 868.504 2112 36652 1 0 1
3354.66 -5500 -2091.53 0.0535329 -0.215224 -0.285618 12867.7 22 36715 1044 1 1
3857.5 -5500 -1083.87 0.164808 -0.211713 -0.0738736 12865.8 22 36715 1092 1050 1
1275.42 -5500 -82.6077 -2.17725 -1.4977 -0.862804 2433.73 2112 36768 1 0 1
-1884.22 5500 -4000.28 2.85797 11.415 -4.79458 967.586 2112 36856 1 0 1
2003.44 5500 5100.21 0.00890262 0.156032 0.0775509 5946.86 22 37072 1079 1 1
-3852.34 5500 833.63 0.0235566 1.96982 1.80869 4246.39 2112 37093 1 0 1
-2373.96 -5500 -2407.69 -1.95365 -1.03907 -1.67292 2303.37 2112 37171 1 0 1
-3141.11 5500 4368.99 -0.72463 0.190262 0.558061 3418.5 22 37215 1032 1 1
-880.495 -5500 4528.76 0.0152246 -0.130252 0.216175 5984.58 22 37336 1050 1 1
-2708.37 -5500 2704.89 -2.3992 -1.53938 0.0208383 5984.18 22 37336 1076 1 1
-1547.91 5500 -306.967 -8.76762 12.5966 1.58803 524.34 2112 37358 1 0 1
515.225 -5500 -690.642 -8.26503 -12.7902 -1.21523 1320.63 2112 37407 1 0 1
-3790.46 -5500 820.566 -1.86811 -3.98395 -0.458024 1623.91 2112 37489 1 0 1
72.8711 -5500 265.309 0.118814 -0.156115 -0.199867 7146.4 2112 37612 1 0 1
4385.93 5500 2498.05 1.45711 0.662955 -0.483127 9825.01 2112 37705 1 0 1
-2683.36 5500 -3876.37 -0.771387 1.65851 -1.26344 22677.2 22 37758 1005 1 1
2317.32 5500 1596.93 3.97407 4.81907 -1.89013 1036.31 2112 38068 1 0 1
-257.571 -5500 2536.62 0.319559 -0.209915 0.0643745 12092.5 22 38079 1007 1 1
-2958.33 5500 -4046.12 -14.173 19.3872 -0.61276 772.092 2112 38154 1 0 1
-2953.28 -5500 -1221.24 3.02095 -19.0398 -17.8238 601.545 2112 38171 1 0 1
347.501 5500 53.9566 -1.13626 0.751147 -0.850351 1875.41 2112 38212 1 0 1
-3019.78 5500 2934.43 -0.576108 0.237028 -0.0129817 24988.6 22 38430 1005 1 1
-4288.84 -5500 -3569.01 -2.80108 -8.02892 -8.23278 1203.26 2112 38540 1 0 1
-4340.4 5500 266.82 -0.0864158 4.36346 -0.733665 4689.34 22 38826 1083 1 1
4035.98 5500 1635.7 30.4299 21.5504 -4.57104 560.861 2112 38911 1 0 1
4988.14 -5500 451.867 0.825429 -1.39216 0.987428 5017.19 2112 38954 1 0 1
3602.04 5500 2110.4 3.20392 12.1704 7.23663 1624.29 2112 39035 1 0 1
-2808.47 -5500 1507.14 -5.1886 -1.56533 1.83879 4233.82 22 39036 1068 1 1
396.126 5500 -1539.97 4.16435 5.1491 -8.0019 1169.69 2112 39048 1 0 1
1901.95 5500 189.001 2.48175 8.97133 0.145759 609.786 2112 39111 1 0 1
4621.27 5500 -3673.08 0.727309 1.44854 0.111639 8857.75 2112 39389 1 0 1
-255.789 -5500 -4907.33 0.141126 -0.26946 -0.241453 415.183 22 39394 1037 1 1
882.044 -5500 268.637 -0.0449386 -0.281863 0.359067 4847.27 2112 39422 1 0 1
2675.78 5500 1455.68 -0.320205 5.53203 -0.620361 2154.8 2112 39443 1 0 1
-668.034 -5500 -817.083 0.463187 -0.828325 -0.000347863 1450.87 22 39531 1004 1 1
-2887.04 5500 137.833 0.11756 0.51136 0.32439 9049.9 2112 39560 1 0 1
-4253.59 -5500 -429.532 -2.16699 -1.39118 0.366067 2723.59 2112 39568 1005 1 1
-4337.84 5500 -287.615 -0.990193 2.18345 1.60318 12747.6 22 39624 1073 1 1
-4518.72 5500 143.323 -0.0822723 0.0609658 -0.0345931 3091.15 22 39688 1058 1 1
-3577.23 5500 492.443 -1.15307 2.37068 -0.622684 3088.46 22 39688 1065 1 1
5219.07 -5500 -107.044 0.146959 -4.38649 0.73118 3605.55 2112 39720 1 0 1
852.718 5500 -4751.53 -0.00812854 0.0505727 -0.0487197 10115.9 22 39755 1029 1 1
757.533 5500 -4292.82 5.64621 20.6494 -8.49744 650.868 2112 39825 1 0 1
-1667.24 5500 2272.62 -0.0709308 0.439676 -0.22428 20410.7 22 40017 1078 1 1
2330.42 5500 -448.574 0.509368 0.62324 -0.408195 3772.24 2112 40042 1 0 1
5245.97 -5500 -3092.82 1.31605 -1.89692 -1.86125 3932.61 2112 40076 1 0 1
2314.91 -5500 -3608.68 -0.00144598 -0.102498 -0.0304645 399.83 22 40301 1139 1 1
-2858.7 5500 -2661.68 -6.28108 8.71733 1.37275 957.87 2112 40348 1 0 1
3616.83 -5500 4759.1 -0.196337 -5.31475 3.95847 2167.48 2112 40468 1 0 1
-3559.93 -5500 -3303.24 -4.3224 -8.6807 0.389077 1224.37 2112 40613 1 0 1
1126.25 -5500 -135.782 -5.25525 -6.39096 -0.208037 635.467 2112 40662 1 0 1
-1622.54 5500 -5026.73 -4.15285 9.79347 -11.7754 891.252 2112 40688 1 0 1
902.402 -5500 190.504 0.0650168 -0.184554 -0.00937376 3300.33 22 40886 1028 1 1
1009.8 -5500 77.5039 0.337601 -0.774055 -0.47496 3300.66 22 40886 1030 1 1
1053.68 -5500 41.4072 0.0497574 -0.20747 -0.142226 3301.73 22 40886 1032 1 1
724.692 -5500 257.012 -0.294368 -2.01013 0.0954672 3300.25 22 40886 1035 1 1
-710.174 5500 4275.92 -0.112096 1.51355 -0.105794 565.621 22 40964 1056 1 1
388.754 -5500 -1144.79 0.254752 -0.340447 -0.0851007 4813.29 2112 41034 1 0 1
3467.47 -5500 4315.43 0.142634 -0.269393 0.0695587 7215.85 22 41068 1004 1 1
-1593.93 -5500 2388.44 -0.151059 -0.64318 0.205829 5231.51 2112 41100 1 0 1
-1801.71 5500 5069.38 -0.0213707 0.509774 0.959144 8557.01 2112 41120 1 0 1
-2602.14 5500 -4295.08 -0.973649 2.74694 -0.532992 4646.36 2112 41316 1 0 1
-2532.56 5500 -2244.79 -4.88808 4.77393 1.97111 600.519 22 41339 1046 1 1
-699.915 -5500 -3169.21 -1.11865 -1.83287 -3.53358 2978.08 2112 41373 1 0 1
-2338.36 5500 -2720.41 -6.03234 1.31088 -3.87615 1430.36 2112 41448 1 0 1
3273.69 -5500 -3630.82 1.26197 -2.44552 -0.241449 10787 22 41577 1069 1 1
1553.9 5500 3013.07 -0.0222764 0.58652 0.0783489 7645.26 2112 41590 1 0 1
-922.266 5500 3941.01 -0.289145 2.60945 1.05557 2299.59 2112 41652 1 0 1
4503.13 5500 105.216 25.5719 22.8211 7.10455 558.682 2112 41770 1 0 1
-26.8816 5500 -2643.04 -1.23802 0.892675 -0.127968 4523.05 2112 42090 1 0 1
4184.56 -5500 -775.396 1.81091 -0.910304 0.301308 9818.59 22 42451 1006 1 1
634.601 -5500 3172.78 -0.265656 -1.41389 -0.0276008 3680.44 2112 42650 1 0 1
4054.51 5500 336.694 11.5273 21.814 4.31992 601.281 2112 42676 1 0 1
-3555.55 -5500 2081.1 -1.64553 -4.76768 3.63029 1322.29 2112 42797 1 0 1
1412.45 -5500 800.505 0.0274381 -0.0710482 0.03224 5892.97 22 42909 1020 1 1
1158.79 5500 -1469.97 2.08636 1.45801 -0.0452496 2000.62 2112 43188 1 0 1
-1289.01 5500 -3914.49 -1.24114 6.03588 -0.956216 2396.58 2112 43220 1 0 1
942.371 5500 -921.048 5.13727 29.611 -10.7942 425.517 2112 43224 1 0 1
3287.09 -5500 -1978.77 14.8262 -23.8378 -14.5505 547.529 2112 43229 1 0 1
-5411.78 -5500 4696.71 -0.0625143 -0.125172 0.0311424 11026.1 22 43279 1005 1 1
2208.49 -5500 -376.356 0.00157986 -2.76264 -1.423 1390.34 2112 43400 1 0 1
1573.06 5500 222.575 -2.11292 18.4325 -8.50332 498.689 2112 43412 1 0 1
-3383.42 5500 -547.579 2.5296 17.3545 -13.0312 723.692 2112 43498 1 0 1
-199.99 5500 4547.89 0.364669 0.584898 0.607045 7878.8 2112 43671 1 0 1
1419.76 5500 3662.92 0.637999 1.87021 2.59701 744.711 22 43763 1071 1 1
4799.2 5500 -387.862 2.9564 5.76173 1.04343 1453.47 2112 43789 1 0 1
-4463.06 5500 525.497 -6.87401 28.1934 -6.46793 624.999 2112 43794 1 0 1
-3672.6 -5500 -3303.83 -0.301347 -0.408564 -0.662963 10224 2112 43803 1 0 1
1060 -5500 1907.49 -0.551809 -3.06933 2.0894 1031.58 2112 43872 1 0 1
3283.78 5500 2930.61 0.0635684 1.72259 3.0761 2955.44 2112 43953 1 0 1
-3500.72 -5500 -3950.26 -0.21159 -0.14525 -0.512977 8800.71 22 43959 1059 1 1
-2620.16 -5500 -220.166 -1.4971 -3.29451 2.63095 8793.43 22 43959 1061 1 1
-2627.98 -5500 3789.27 -0.665931 -1.31962 0.831961 3960.24 2112 43979 1 0 1
1164.17 -5500 -640.366 0.155793 -2.6513 0.75567 1674.69 2112 44019 1 0 1
-2157.94 -5500 364.052 -4.87371 -38.9835 -5.96342 437.94 2112 44115 1 0 1
1713.15 5500 602.245 0.0234134 0.0807474 -0.0398424 484.298 22 44375 1018 1003 1
-3085.86 5500 -1293.07 -0.0715682 0.463711 0.149092 10514.2 2112 44449 1 0 1
1074.91 -5500 -498.224 4.50996 -14.9803 17.8829 470.248 2112 44456 1 0 1
-1146.89 -5500 106.613 -0.0895817 -0.486426 -0.0825179 3088.52 2112 44743 1 0 1
2570.17 -5500 -2787.91 0.107516 -1.72985 -0.7506 58273.7 22 44762 1004 1 1
638.716 -5500 -302.388 14.0708 -13.0016 -5.94209 465.457 2112 44771 1 0 1
-265.232 5500 -5312.77 0.102342 2.46803 -2.69443 6080.25 22 44782 1097 1 1
4722.4 -5500 3828.65 22.3324 -30.1179 0.722972 682.804 2112 44853 1 0 1
-1700.2 5500 -8.0885 -1.73563 0.610922 0.18676 1909.25 2112 44964 1 0 1
-1214.8 5500 -1583.92 -0.892736 11.3786 -14.2137 531.92 2112 45149 1 0 1
-4719.95 5500 -1723.55 -7.52359 8.02805 -1.38937 1030.35 2112 45191 1 0 1
-1187.56 5500 1904.93 0.313163 1.6105 0.840843 1815.33 2112 45389 1 0 1
-4237.69 5500 -3627.16 -5.90035 2.84284 0.677575 2974.74 2112 45432 1 0 1
1793.05 5500 -157.087 0.371121 0.303399 -0.0111061 25577.7 22 45919 1048 1 1
3390.38 -5500 -205.476 0.0281868 -0.48532 0.133455 9979.57 2112 46327 1 0 1
3201.54 -5500 2210.52 3.83703 -3.54325 -2.41091 1980.43 2112 46374 1 0 1
-1252.76 -5500 355.89 -0.0688973 -0.515636 -0.235242 3580.7 2112 46401 1 0 1
2282.99 -5500 3798.23 -0.872865 -12.4908 4.79086 918.51 2112 46470 1 0 1
5371.27 5500 -394.412 3.44087 7.36672 2.36029 1506.21 2112 46517 1 0 1
3199.51 -5500 -1441.14 1.25182 -1.69167 0.564203 2633.95 2112 46659 1 0 1
-2779.37 5500 4537.91 -19.7312 10.6304 26.8562 651.845 2112 46670 1 0 1
-915.037 -5500 -40.9858 -0.0326226 -0.232102 -0.00394495 5261.35 2112 46726 1 0 1
-2589.5 5500 1378.51 -0.390117 0.351288 -0.111798 8576.86 2112 46759 1 0 1
1107.21 -5500 3193.44 -22.7781 -22.4847 21.9129 554.951 2112 46859 1 0 1
2791.58 -5500 4787.43 1.48731 -0.740513 1.99289 4377.24 2112 46940 1 0 1
-1392.73 -5500 3304.54 -9.08514 -18.461 14.6134 562.273 2112 47162 1 0 1
5015.83 -5500 5183.21 4.77452 -3.46824 4.57081 2090.4 2112 47302 1 0 1
1701.72 -5500 1962.94 -0.123311 -1.01489 0.0454504 3376.65 2112 47314 1 0 1
-218.56 5500 251.818 -1.92852 2.41001 0.499269 770.286 2112 47345 1 0 1
4404.04 -5500 4180.11 25.1462 -26.6098 -5.17583 831.631 2112 47487 1 0 1
-2473.49 -5500 4761.06 -4.7464 -18.6994 17.634 685.32 2112 47647 1 0 1
-3146.67 -5500 -119.02 -13.5938 -33.5967 7.98179 485.691 2112 47687 1 0 1
4764.87 5500 1175.45 19.8029 14.9471 0.225743 710.431 2112 47726 1 0 1
464.075 -5500 -412.919 -5.82184 -30.0864 13.9057 421.155 2112 47794 1 0 1
1043.03 5500 -1318.14 13.9663 31.3253 8.75705 437.204 2112 47811 1 0 1
2319.72 -5500 -329.647 0.349036 -0.605844 -0.643956 20274.9 22 47860 1005 1 1
-2081.61 5500 1435.64 -6.41691 36.4729 7.39092 454.146 2112 47916 1 0 1
2348.98 5500 2819.09 3.10856 6.06611 0.977741 1060.31 2112 47930 1 0 1
-2122.82 5500 -2110.16 -0.0499874 0.462395 -0.114978 7880.89 2112 48102 1 0 1
3696.16 -5500 -3322.47 0.0504374 -0.263158 -0.122366 11127.1 22 48135 1052 1 1
-3162.09 -5500 -4627.46 -8.11726 -21.1835 -5.71405 796.899 2112 48148 1 0 1
-574.578 5500 264.908 -9.01063 32.4836 -4.24201 422.273 2112 48210 1 0 1
-1629.72 5500 245.121 0.00881131 0.208824 -0.10748 9933.35 2112 48453 1 0 1
-4581.49 -5500 1913.47 -1.51958 -2.09689 -0.644935 3657.99 2112 48473 1 0 1
-1648.37 -5500 -2243.97 -0.547835 -1.26263 -2.61331 1784.75 2112 48571 1 0 1
2069.49 -5500 -231.817 0.0851849 -0.50894 0.0711507 12890 22 48661 1072 1 1
2368.49 -5500 271.592 2.28723 -3.66219 3.34031 12891 22 48661 1108 1 1
-1723.05 -5500 -21.4793 -1.19904 -19.1974 -3.01857 479.573 2112 48785 1 0 1
-4374.35 5500 1807.05 -19.8624 34.3448 12.6816 534.291 2112 48821 1 0 1
-967.919 -5500 -206.718 0.0513829 -0.104681 0.0492722 6115.56 22 48903 1005 1 1
-1435.01 5500 -1651.68 -1.67448 8.38458 -2.71214 1483.45 2112 48922 1 0 1
-2399.97 5500 -1061.62 -1.88123 4.61232 -5.64534 7701.79 22 49092 1043 1 1
2735.23 -5500 821.421 3.11056 -26.7346 -3.72097 508.12 2112 49163 1 0 1
-2022.52 -5500 -4778.27 -6.44437 -18.0918 -12.1565 715.504 2112 49325 1 0 1
5049.97 -5500 2709.59 2.46752 -1.76956 -0.288487 3902.49 2112 49489 1 0 1
3582.49 5500 -3754.98 -1.87738 14.6634 -18.2337 860.359 2112 49567 1 0 1
4308.15 5500 -3027.09 0.763793 1.60803 -0.149682 5877.04 2112 49719 1 0 1
-555.188 -5500 3594.24 -5.36791 -19.0648 10.7443 578.558 2112 49815 1 0 1
925.554 5500 -3414.97 0.110552 0.672176 -0.556095 5343.04 2112 49958 1 0 1
2015.11 -5500 -5480.32 0.451712 -3.52509 -4.87292 2687.88 2112 49984 1 0 1
-4700.08 -5500 -1232.37 -5.35385 -18.7459 -8.9236 761.486 2112 50035 1 0 1
1695.01 -5500 5030.22 1.71327 -2.40569 1.96256 2703.01 2112 50078 1 0 1
3526.17 -5500 38.8085 0.184624 -0.582065 -0.299124 8149.98 2112 50146 1 0 1
817.997 5500 -2777.99 -0.197397 0.52212 -0.148581 12376.1 22 50253 1034 1 1
4245.42 5500 2596.55 25.5013 13.5901 7.61955 644.828 2112 50292 1 0 1
-2727.88 5500 3069.51 -0.726976 0.63739 0.677921 5295.73 2112 50458 1 0 1
-851.87 -5500 -929.676 1.34871 -1.99367 -1.75534 6443.6 22 50786 1073 1 1
-3491.42 5500 -3149.34 -4.17941 27.4746 -24.0418 586.466 2112 50827 1 0 1
-4256.09 5500 -2994.64 -7.94677 4.4552 -4.57716 1880.14 2112 50853 1 0 1
-3669.37 5500 2788.23 -0.176708 0.647105 0.394607 9516.15 2112 50968 1 0 1
467.397 5500 4453.19 -0.0945901 0.274079 0.351572 594.287 22 51151 1025 1 1
-124.254 5500 2704.5 -0.0942279 0.232977 0.0160505 593.035 22 51151 1029 1 1
1843.35 5500 5447.86 1.46231 1.81161 3.70502 597.493 22 51151 1035 1 1
-3868.87 5500 -2121.69 -0.867019 1.96198 0.583961 7324.67 22 51229 1005 1 1
-2269.93 -5500 -2593.84 14.3244 -27.299 -6.32041 619.53 2112 51254 1 0 1
-1265.47 5500 -92.9242 0.46799 1.37117 0.422906 5111.53 22 51274 1078 1 1
1730.09 5500 603.335 -0.596937 3.03033 -0.408867 3146.19 2112 51301 1 0 1
-1099.87 5500 2201.04 1.97222 8.2917 2.84604 750.282 2112 51349 1 0 1
-2236.44 -5500 3547.67 9.11453 -20.7864 3.65632 847.584 2112 51378 1 0 1
3992.22 -5500 -3975.97 -0.360101 -5.66378 -2.99251 2225.33 2112 51440 1 0 1
3924.34 -5500 642.8 0.701164 -0.78883 -0.161443 615.978 22 51508 1101 1 1
2150.82 -5500 1050.72 2.651 -4.74572 1.35705 14889.1 22 51546 1062 1 1
-4774.42 5500 4836.61 -7.68931 8.40907 8.96026 1184.63 2112 51720 1 0 1
-3930.59 5500 -1453.95 2.17446 14.5021 -3.1784 953.58 2112 51922 1 0 1
-239.897 -5500 -4082.97 0.137854 -3.13901 -0.390045 438.375 22 51947 1039 1 1
-2698.22 -5500 -962.675 1.27437 -2.14677 0.0710942 3694.97 2112 51972 1 0 1
-3042.7 -5500 2605.94 -0.627021 -0.886186 0.706977 4592.79 2112 52032 1 0 1
-840.239 5500 -3910.42 23.6762 20.3169 -18.2522 652.328 2112 52074 1 0 1
1107.47 -5500 2862.22 0.816998 -1.10647 0.191889 3478.23 2112 52157 1 0 1
284.405 -5500 196.328 0.00711058 -0.123949 -0.110042 8915.09 2112 52187 1 0 1
265.937 5500 -2002.39 -7.98026 19.9099 3.43927 1081.58 2112 52242 1 0 1
5413.73 5500 -5064.36 23.0176 11.8851 -19.2326 801.305 2112 52312 1 0 1
-204.637 5500 -3448.94 -0.146197 0.718495 0.174633 9624.71 2112 52324 1 0 1
1030.44 5500 -661.244 3.0848 23.2811 -8.87496 439.114 2112 52355 1 0 1
2007.72 -5500 -1840.66 8.93689 -11.4404 -9.15484 1202.03 2112 52461 1 0 1
-4212.4 -5500 -2338.8 -5.26237 -5.7638 -1.3338 1233.01 2112 52472 1 0 1
-3980.23 5500 -60.2695 -2.08582 1.94104 1.83853 4042.42 22 52580 1117 1 1
1479.45 5500 -3068.22 2.42999 4.29358 -0.761285 1277 2112 52652 1 0 1
-3890.89 -5500 -4042.8 -0.817517 -2.65722 -3.31098 2119.87 22 52783 1082 1 1
-2938.33 5500 -3490.47 -0.0134299 1.9817 -2.04887 2933.92 2112 52809 1 0 1
-4809.57 5500 -1239.38 -2.11643 0.825872 -0.393887 4003.6 2112 52848 1 0 1
1110.09 -5500 -3570.04 3.41629 -14.3925 -6.7805 686.281 2112 52911 1 0 1
5205.73 5500 5272.51 33.5683 11.2334 21.4436 741.471 2112 52995 1 0 1
-5067.57 5500 -3720.68 -1.85543 1.30374 -0.53388 4963.52 2112 53046 1 0 1
-4214.26 -5500 4800.92 -0.471261 -1.00097 0.81393 5307.48 22 53073 1071 1 1
-627.633 5500 -2007.5 -11.5903 6.25949 -8.43671 610.264 2112 53138 1 0 1
-4815.38 -5500 -4775.74 -29.6658 -20.3487 -15.0684 687.333 2112 53158 1 0 1
3671.63 5500 -4745.4 -1.43843 27.1677 -16.7523 758.176 2112 53207 1 0 1
-2087.84 5500 3272.75 0.55222 1.26967 1.08686 31501.4 22 53400 1082 1 1
-1272.34 -5500 -1565.12 -0.224842 -1.30977 0.251473 2910.54 2112 53446 1 0 1
-5341.33 -5500 677.886 -6.57807 -12.6438 3.78506 975.977 2112 53454 1 0 1
1595.24 5500 -3793.51 5.98832 4.71364 -1.47077 1408.76 2112 53644 1 0 1
863.609 -5500 -257.303 0.0895664 -0.0504739 0.133012 8679.22 22 53646 1037 1 1
298.589 -5500 -2539.19 -0.161098 -1.57296 -4.56915 8678.94 22 53646 1045 1 1
-3564.33 -5500 2260.44 -1.28107 -14.9057 6.86853 812.325 2112 53831 1 0 1
5412.78 5500 672.798 0.133098 0.0647175 -0.0171356 1904.32 22 53903 1004 1 1
-2208.28 5500 5184.36 0.805231 2.98339 4.74624 2242.49 2112 54349 1 0 1
2858.12 5500 -620.783 -0.46715 3.14054 -1.45194 5709.46 22 54363 1072 1 1
-1114.31 5500 2979.71 -0.556643 0.449463 0.558168 5905.85 2112 54433 1 0 1
506.265 5500 1123.07 1.11538 1.25322 -0.10093 9196.36 22 54499 1052 1 1
-2304.66 -5500 -1182.47 0.0208135 -1.27451 -1.681 2353.61 2112 54520 1 0 1
-967.903 -5500 -182.625 -0.00724476 -0.338427 -0.0889012 4452.08 2112 54526 1 0 1
1795.39 -5500 304.578 0.42306 -0.513498 0.153811 3884.41 2112 54565 1 0 1
-881.598 5500 -3818.63 0.0270959 8.72745 -2.74635 995.276 2112 54696 1 0 1
3596.06 -5500 72.8183 0.257524 -1.08848 0.19409 4884.68 2112 54810 1 0 1
-2135.64 -5500 -2414.54 0.131326 -1.18983 0.0278525 4469.64 2112 54822 1 0 1
1844.64 -5500 3016.33 1.25431 -0.736987 -0.169605 6721.56 2112 54900 1 0 1
413.754 5500 -730.765 -0.15878 0.427891 -0.626001 457.69 22 54962 1053 1003 1
546.017 5500 -258.771 -0.160896 2.92192 0.539834 456.917 22 54962 1055 1003 1
1517.02 -5500 2488 1.39154 -2.4654 0.567268 1640.11 2112 55066 1 0 1
-2101.41 -5500 -2050.68 0.303792 -0.647175 -0.345366 6192.5 2112 55091 1 0 1
-5247.35 5500 -2314.9 -13.9613 26.9465 -6.94462 685.715 2112 55248 1 0 1
-4255.67 -5500 -5182.51 -23.5959 -23.1106 -4.92777 817.358 2112 55330 1 0 1
-3487.32 5500 987.232 -0.0327861 0.0860443 0.0217103 4564.08 22 55521 1020 1 1
-4757.58 5500 314.139 -3.91107 3.06065 -1.03383 4565.62 22 55521 1042 1 1
-4387.9 -5500 -3082.12 -0.420583 -0.551476 -0.50112 9676.86 2112 55651 1 0 1
3394.11 -5500 -129.012 0.051984 -0.413813 0.199449 12729.6 22 55742 1036 1 1
1012.81 5500 2762.29 0.307215 0.70294 0.959223 12759.1 22 55742 1039 1 1
3703.83 5500 1660.77 2.43345 33.1316 -6.28057 595.589 2112 55849 1 0 1
3078.19 -5500 -3425.03 16.0786 -24.8101 4.86216 1385.64 2112 55894 1 0 1
-501.563 5500 -2016.11 -0.987904 10.8547 -11.1862 1181.14 2112 55926 1 0 1
-2610.37 -5500 -119.456 1.08768 -3.02324 -0.143046 22636.6 22 56042 1035 1 1
-3266.36 -5500 -1273.53 -0.010527 -0.138859 -0.107286 22638.2 22 56042 1036 1 1
1953.46 5500 -4465.95 0.685448 2.06969 -1.6649 5132.66 22 56144 1054 1 1
-2910.59 -5500 -738.706 -0.0587572 -2.90467 -0.379831 1654.87 2112 56219 1 0 1
-60.9161 5500 -3098.04 0.106551 1.10997 -1.29573 2654.87 2112 56360 1 0 1
-5304.63 -5500 -4702.04 -13.2888 -18.9602 -25.755 756.73 2112 56413 1 0 1
438.724 5500 1438.73 0.0467289 0.0531593 0.0513627 3069.81 22 56442 1091 1 1
-2616.18 -5500 3312.28 -0.119242 -1.54771 0.413107 4386.79 2112 56607 1 0 1
3102.28 5500 -4758 2.80398 15.6323 -8.22552 911.292 2112 56903 1 0 1
-1003.11 5500 575.148 0.0167751 0.0706615 -0.0664093 8094.13 22 57250 1056 1 1
-88.1395 5500 864.273 1.18899 0.686843 -0.544176 8093.67 22 57250 1065 1 1
-3017.24 5500 -2351.28 -0.483727 11.723 -0.550056 900.594 2112 57351 1 0 1
739.798 -5500 -3107.94 -1.85637 -7.88416 1.53065 1107.23 2112 57402 1 0 1
-1741.34 5500 -4188.21 1.15704 3.57936 -5.77512 11530.4 22 57749 1075 1 1
-1939.93 -5500 -2226.79 -0.220583 -0.909634 0.381901 4953.25 2112 57754 1 0 1
-127.629 5500 2062.2 0.0520707 0.0533759 0.0278944 6498.81 22 57825 1016 1 1
-319.793 5500 2186.86 0.0552525 0.137912 0.0701473 6498.96 22 57825 1030 1 1
-604.911 5500 3192.08 0.0215292 0.0516966 0.114528 6501.65 22 57825 1061 1060 1
-418.851 -5500 -1876.43 -2.42862 -8.18093 -1.42029 606.826 2112 57833 1 0 1
1627.53 5500 180.228 20.4585 33.0792 4.24338 425.506 2112 57876 1 0 1
4513.35 5500 976.56 -0.106253 1.59722 0.754559 6774.36 2112 57986 1 0 1
-978.3 5500 -5385.8 -0.25567 5.44815 -1.51123 2157.76 2112 58096 1 0 1
1950.03 -5500 -4238.3 1.22476 -1.45286 -1.15385 2989.12 22 58127 1006 1 1
-1982.5 -5500 -2103.27 0.0279994 -0.0479913 -0.00085788 7804.06 22 58207 1012 1011 1
1336.42 -5500 -385.201 -0.060292 -0.49454 -0.407912 3539.04 2112 58358 1 0 1
-1614.41 5500 4826.12 0.853367 2.88058 2.65769 2507.92 2112 58464 1 0 1
1324.1 5500 -1356.33 0.639685 1.00942 -0.326094 2170.39 2112 59109 1 0 1
1724.36 5500 -579.435 0.423622 2.03355 -0.444738 443.209 22 59306 1029 1 1
-30.7619 5500 -3221.99 0.554502 1.47923 -0.481203 2741.91 2112 59595 1 0 1
1512.4 5500 90.8629 -0.082172 0.245714 0.0846221 8180.74 2112 59675 1 0 1
-5190.58 -5500 2166.3 -3.04129 -1.07221 1.1846 4615.9 22 59871 1052 1 1
-622.556 5500 -2942.75 -0.184377 0.329812 -0.35123 7305.06 2112 59993 1 0 1
-2399.47 -5500 -3297.15 1.18464 -2.69875 -1.66816 4180.82 2112 60007 1 0 1
1786.38 5500 898.105 -0.0269949 0.277399 -0.00312243 8610.41 2112 60041 1 0 1
2199.42 -5500 2596.26 0.449814 -0.250438 0.850027 18086.2 22 60070 1004 1 1
1173.37 -5500 1032.94 -0.0204751 -0.0682106 0.0134337 18081.5 22 60070 1007 1005 1
-1560.23 -5500 1428.55 -7.11017 -8.75268 10.2307 579.622 2112 60109 1 0 1
-3949.68 5500 3815.09 -0.427311 0.837138 1.44141 6122.68 2112 60154 1 0 1
714.082 -5500 -277.672 0.321752 -1.73171 -0.142417 922.833 2112 60222 1 0 1
1390.84 5500 -1192.53 -0.801831 1.44283 0.365135 2175.36 2112 60355 1 0 1
2298.75 -5500 -2263.49 0.465795 -1.10607 -0.108597 3666.33 2112 60361 1 0 1
327.154 5500 -2150.16 -0.0347729 0.285191 -0.160168 8054.38 2112 60460 1 0 1
5298.11 5500 -3901 13.4461 9.93914 -0.694211 1145.28 2112 60492 1 0 1
1082.6 5500 -2333.46 2.06124 1.23051 -6.19365 1204.78 2112 60739 1 0 1
3676.51 5500 -3181.42 12.6264 9.83948 -7.65357 791.815 2112 60847 1 0 1
-1045.73 -5500 -653.714 -0.19823 -0.326201 -0.0257956 4340.14 2112 60888 1 0 1
-1117.47 5500 -1311.44 -0.163974 0.933072 -0.875892 1962.97 2112 60907 1 0 1
-4353.16 -5500 1097.96 -0.297084 -0.926977 0.174055 7545.78 2112 61006 1 0 1
5087.25 5500 1345.39 0.438312 7.06809 0.549068 2175.06 2112 61079 1 0 1
-83.1745 5500 -1693.7 -18.2441 25.8831 -6.54828 452.724 2112 61170 1 0 1
-473.282 5500 -2458.13 0.385588 0.858974 0.501291 10123.8 2112 61227 1 0 1
-3808.79 5500 3289.84 -4.91607 19.7342 2.82344 800.517 2112 61258 1 0 1
901.352 5500 4188.11 2.09526 3.40835 6.77732 1229.59 2112 61280 1 0 1
-70.2723 5500 3025.64 -0.109772 0.81345 0.157475 4843.07 2112 61487 1 0 1
3317.93 -5500 1810.8 0.217984 -0.607389 -0.126491 7455.26 22 61636 1074 1 1
-2174.08 -5500 -4402.04 -1.14491 -2.49276 -1.04234 7459.41 22 61636 1081 1 1
629.083 5500 -524.589 -0.187577 0.501638 -0.24825 2905.69 2112 61679 1 0 1
-4176.75 5500 -409.744 -6.12363 12.5841 -2.75271 782.321 2112 61908 1 0 1
-466.448 -5500 -76.2135 0.14584 -0.152748 0.110177 7343.13 22 62128 1004 1 1
508.856 -5500 5464.33 -0.151715 -1.04336 0.394831 10165.6 2112 62319 1 0 1
-2663.82 5500 -441.715 -0.03525 0.05822 -0.0449917 3565.92 22 62333 1003 1 1
319.267 5500 520.243 -0.085959 0.1694 0.0303676 7160.11 2112 62362 1 0 1
533.253 5500 -3900.18 0.0849543 0.179195 -0.0218475 28410.3 22 62381 1101 1 1
3566.95 5500 5106.08 1.45266 1.54364 3.10384 3260.09 2112 62390 1 0 1
-2477.28 5500 482.931 -0.114172 1.96052 -0.380198 1840.18 2112 62524 1 0 1
2319.53 -5500 -4176.24 -0.136982 -1.14322 -0.49463 6579.02 2112 62528 1 0 1
2838.82 5500 -3281.49 -0.949166 2.57272 -0.525452 4590.32 2112 62624 1 0 1
5146.13 5500 -4721.83 4.66637 11.9084 -15.5204 1068.52 2112 62765 1 0 1
1779.88 -5500 2980.09 4.05499 -8.37889 0.659482 1146.66 2112 62773 1 0 1
-1883.64 -5500 4765.92 -0.0781581 -3.01971 1.26985 2856.26 2112 62787 1 0 1
1152.2 -5500 143.268 7.75165 -10.9616 6.72794 496.53 2112 62960 1 0 1
-1347.11 -5500 1297.32 -25.3242 -28.0767 6.76791 434.742 2112 63047 1 0 1
-1546.59 -5500 -2247.31 -0.0755015 -0.457031 -0.153274 6448.76 2112 63068 1 0 1
921.095 -5500 -140.702 -0.0534527 -0.243448 -0.0587606 5318.92 2112 63379 1 0 1
-4198.87 5500 2404.04 -25.5408 11.9788 15.0553 630.363 2112 63397 1 0 1
4281.59 5500 -3338.05 0.0332233 0.0957543 -0.0374662 14804.4 22 63495 1040 1 1
1909.33 5500 -3434.55 -0.0690791 0.102519 -0.0421429 14806.1 22 63495 1054 1 1
1701.5 5500 -985.17 -0.0560177 3.78685 -0.335697 1033.8 2112 63497 1 0 1
4022.73 5500 623.475 0.213156 0.591691 0.421439 5991.43 22 63550 1006 1 1
214.945 5500 -401.727 0.317812 0.316429 -0.342603 3323.8 2112 63816 1 0 1
4570.13 5500 -4996.88 17.5632 28.2014 -6.40111 772.887 2112 63878 1 0 1
-1274.17 -5500 1993.07 5.46743 -6.61885 3.02398 876.748 2112 63914 1 0 1
3206.26 5500 -3018.98 7.20518 36.0845 11.354 673.498 2112 63939 1 0 1
2169.96 5500 -2259.32 10.504 5.69045 3.38007 1039.49 2112 64082 1 0 1
286.974 -5500 -1399.47 -0.0505547 -0.429587 0.137836 11084.1 22 64206 1099 1 1
-1317.52 -5500 -4392.47 -0.629601 -0.704855 -0.135645 10760.8 22 64229 1025 1 1
1744.07 5500 -2870.15 1.87115 2.63772 1.05755 2468.11 2112 64721 1 0 1
-4946.4 5500 -529.859 -2.87397 3.35049 -0.392334 2023.2 2112 64759 1 0 1
-3228.89 5500 3907.61 -4.45446 6.53807 5.51772 1166.18 2112 64821 1 0 1
-1038.44 -5500 -3783.02 0.606277 -0.757539 -0.208838 8285.4 22 64829 1037 1 1
-4337.05 -5500 -4181.51 -1.85424 -3.71935 -1.59661 8284.47 22 64829 1050 1 1
-4884.7 5500 -396.252 -0.344241 0.292289 0.0725392 1464.98 22 65105 1067 1 1
2369.29 5500 -3710.61 1.73204 21.2312 -4.27773 701.29 2112 65187 1 0 1
2561.25 -5500 1655.95 -0.790798 -2.55006 0.0264423 2342.32 2112 65212 1 0 1
3352.96 -5500 1194.28 1.24115 -6.97123 -2.14805 517.465 22 65225 1049 1 1
-2634.81 5500 4954.74 -1.40114 2.88278 1.42468 2933.29 2112 65613 1 0 1
1339.28 5500 -1632.51 7.18525 2.64871 -0.481755 1020.49 2112 65679 1 0 1
5247.3 -5500 2522.06 0.267288 -0.347117 0.139563 449.366 22 65720 1069 1 1
92.2068 -5500 -4097.71 -0.0617347 -0.11374 -0.0282635 1189.56 22 65791 1005 1 1
-4399.17 -5500 -404.689 -0.00235434 -0.119251 -0.0073152 16429.5 22 65953 1044 1041 1
-939.579 5500 -1906.91 -2.88191 2.00882 -2.03233 1802.62 2112 66153 1 0 1
-1381.23 5500 1941.21 -0.089389 0.121997 -0.00841107 8166.27 22 66206 1024 1 1
1050.19 5500 1169.99 -1.00714 1.48226 0.707297 1530.37 2112 66209 1 0 1
-2910.52 5500 741.984 8.1712 18.9116 9.95995 672.921 2112 66214 1 0 1
2042.88 -5500 2863.91 2.35333 -6.00975 2.95232 4464.37 2112 66216 1 0 1
350.873 -5500 799.665 -0.555362 -0.725859 -0.248744 5420.62 22 66294 1052 1 1
-1211.94 -5500 -1042.33 0.259529 -1.41113 0.248299 3187.76 22 66371 1004 1 1
3018.31 -5500 -2821.21 0.152929 -0.0532598 -0.0786074 31450.1 22 66473 1032 1 1
162.404 -5500 -3467.31 -0.211356 -0.20975 -0.415275 31449 22 66473 1051 1048 1
1290.64 5500 770.367 -15.8566 17.2108 -14.6359 582.275 2112 66709 1 0 1
-2918.53 -5500 4962.13 -0.236477 -2.81666 0.671232 4495.73 2112 66831 1 0 1
631.883 5500 -190.181 -0.149723 0.162869 -0.00109339 9720.41 2112 66956 1 0 1
1348.88 -5500 459.152 -0.00505922 -0.708384 0.220488 2437.85 2112 67015 1 0 1
-927.237 -5500 -3325.84 -0.334332 -0.254715 -0.0609109 8752.36 22 67079 1051 1 1
-1606.25 5500 163.957 1.87873 2.80268 0.415027 17962.1 22 67232 1081 1 1
-1530.28 -5500 4353.04 -0.600102 -1.20347 0.538237 5177.4 2112 67282 1 0 1
1559.8 5500 3205.75 7.08216 21.1738 5.58064 595.646 2112 67336 1 0 1
-992.41 -5500 -1842.56 -0.165854 -0.166624 -0.19783 9580.92 2112 67350 1 0 1
-3743.48 5500 3085.83 -3.21395 4.20874 0.610362 1073.94 22 67710 1094 1 1
2652 5500 2724.78 -0.0479637 0.683265 0.128196 9810.37 2112 68018 1 0 1
4209.33 -5500 522.682 29.6331 -15.5645 -3.1534 573.506 2112 68021 1 0 1
934.997 -5500 -2301.26 1.72303 -2.6552 0.494706 1647.12 22 68084 1041 1 1
-1867.34 -5500 -743.674 0.00938204 -0.544789 -0.17738 4367.62 2112 68098 1 0 1
3228.17 5500 2315.01 7.34619 20.2596 24.8356 575.43 2112 68162 1 0 1
-963.827 5500 -1451.71 -13.031 34.4215 -16.9996 424.991 2112 68317 1 0 1
-4920.09 5500 1168.03 -19.2767 32.5304 4.43403 1258.35 2112 68329 1 0 1
-4665.85 5500 -507.254 -0.124656 0.0639475 -0.0124024 4212.13 22 68332 1004 1 1
-5182.31 5500 -1634.38 -0.0541543 0.236673 -0.0426061 7091.66 22 68345 1054 1 1
-2530.05 5500 -1888.84 -0.3254 0.433834 0.176801 8820.34 22 68448 1044 1 1
4981.25 5500 1935.09 6.69103 31.0999 8.46882 667.071 2112 68456 1 0 1
3244.33 5500 -4931.7 0.0687445 0.108996 -0.116336 16310.6 22 68699 1050 1 1
589.606 -5500 3181.15 -0.85289 -37.9216 20.9256 462.719 2112 68841 1 0 1
-5085.63 -5500 2607.78 -7.16771 -4.21859 1.70382 1510.37 2112 68929 1 0 1
-1961.97 -5500 3179.03 -0.902779 -0.548046 0.703499 4951.89 2112 68962 1 0 1
656.703 5500 -348.156 -9.43498 21.9096 5.57608 452.909 2112 68971 1 0 1
-977.488 -5500 -2214.61 0.00881414 -0.970943 -0.296961 3598.49 2112 69023 1 0 1
-2193.25 5500 -269.166 -11.664 14.6166 4.83655 514.616 2112 69054 1 0 1
4022.6 -5500 -2781.44 15.9001 -25.2295 6.97504 1342.39 2112 69072 1 0 1
-5089.39 -5500 -4285.93 -1.68498 -2.91945 -6.25416 3386.56 2112 69090 1 0 1
-2329 5500 1154.09 -0.264762 0.279179 0.0550437 7521.18 2112 69123 1 0 1
2867.31 5500 2818.92 2.46909 5.00622 2.55447 1997.27 2112 69133 1 0 1
3048.99 5500 -72.2157 -1.36525 11.5554 0.474302 757.851 2112 69198 1 0 1
-4617.24 -5500 3478.98 -0.527116 -1.18699 2.0842 5345.31 2112 69484 1 0 1
-152.179 -5500 -683.126 -0.504405 -2.45071 2.15189 890.026 2112 69523 1 0 1
1557.03 5500 -759.155 -0.225825 1.64173 -0.0154639 2506.82 2112 69590 1 0 1
-2638.98 -5500 3850 -0.0358278 -1.02505 0.203229 7388.38 22 69624 1005 1 1
486.406 5500 -2863.64 0.0556022 0.0877705 -0.0094897 5516.22 22 69871 1107 1098 1
-4213.21 5500 562.526 -0.0667336 1.14527 1.01096 7759.88 2112 69959 1 0 1
843.059 5500 -341.966 0.124498 0.207992 0.159024 5847.6 2112 69973 1 0 1
-1427.04 5500 239.651 7.19627 29.679 4.75277 446.873 2112 69975 1 0 1
288.96 -5500 -1192.47 -2.93606 -25.3942 6.68614 451.756 2112 70041 1 0 1
-1068.92 -5500 3431.25 0.714838 -1.42495 -0.0320767 5235.52 2112 70071 1 0 1
563.824 5500 -1768.11 22.5018 30.3149 2.37758 445.268 2112 70237 1 0 1
2748.94 -5500 1486.5 0.414055 -0.28249 0.260456 7890.6 2112 70238 1 0 1
3017.82 5500 1168.41 -0.517862 14.1183 8.05466 682.279 2112 70373 1 0 1
311.288 -5500 -796.439 2.47436 -6.39808 -3.36935 547.258 2112 70480 1 0 1
-1101.99 -5500 2129.71 -0.55513 -0.746109 0.0518102 2205.39 22 70503 1063 1 1
75.0581 -5500 2332.07 2.12865 -2.98443 1.05071 2205.52 22 70503 1066 1 1
3472.28 -5500 2485.72 -1.44125 -8.64511 3.68689 1240.52 2112 70573 1 0 1
1144.33 5500 -4502.72 -0.0410451 3.35219 -0.564025 2734.24 2112 70577 1 0 1
3091.33 5500 552.649 0.290907 0.230155 0.135528 3650.01 22 70614 1037 1 1
3909.37 5500 -2909.06 10.6671 11.7675 -15.9383 740.099 2112 70677 1 0 1
2084.37 -5500 2854.92 0.0073804 -0.0830212 0.0974793 4678.73 22 70841 1087 1085 1
-2700.04 5500 -3273.82 -0.569024 2.03782 -1.0888 2707.87 22 70975 1047 1 1
847.054 -5500 4508.21 -5.58474 -9.31022 2.25794 1401.77 2112 71120 1 0 1
-4624.81 5500 -1791.35 -9.87603 8.0088 4.41637 1154.25 2112 71144 1 0 1
-1458 -5500 4660.05 -5.2133 -6.98261 0.988457 1572.6 2112 71345 1 0 1
-4918.72 -5500 -2930.72 -2.08884 -3.6896 -2.50829 2248.31 2112 71409 1 0 1
-1058.23 -5500 -3231.95 0.371858 -2.55616 -0.520284 4246.66 22 71503 1055 1 1
-1111.19 -5500 -3096.34 0.031949 -0.22463 -0.0516575 4247.09 22 71503 1056 1 1
680.568 -5500 828.776 0.706409 -0.788907 0.249287 1878.93 2112 71524 1 0 1
2575.34 -5500 4376.56 2.9038 -3.85532 3.16768 1696.17 2112 71594 1 0 1
3182.61 -5500 -2965.78 11.5291 -21.4088 -2.84503 633.531 2112 71613 1 0 1
1826.85 -5500 77.1511 10.8309 -12.9822 15.9282 514.416 2112 71695 1 0 1
-2041.95 -5500 -2158.69 -1.21255 -3.19664 -6.65211 383.632 22 71699 1060 1 1
942.888 5500 262.024 0.220997 2.29468 1.49634 953.967 2112 71725 1 0 1
1668.7 5500 3698.97 0.778041 1.01871 0.274821 6277.05 22 71739 1049 1 1
-2797.19 5500 2686.34 -0.624218 0.951753 1.12068 3933.84 2112 71950 1 0 1
-1484.3 5500 -3060.93 -6.27085 4.48954 -7.25121 871.326 2112 71959 1 0 1
-3857.15 -5500 3400.84 -0.0434697 -0.0690157 0.0454671 9072.43 22 72202 1125 1 1
-4830.33 5500 -1902.72 -11.4441 17.535 -15.0423 1323.68 2112 72226 1 0 1
-3056.75 -5500 -3434.08 -20.0838 -30.7898 -13.9232 540.855 2112 72230 1 0 1
-4067.67 5500 -5497.06 -6.56781 4.19054 -9.04271 1421.28 2112 72377 1 0 1
2159.52 5500 4907.83 -0.104579 3.62515 1.25202 2954.49 2112 72414 1 0 1
3358.27 5500 127.77 -0.733365 4.6349 1.4509 2652.73 2112 72558 1 0 1
293.123 5500 -777.607 -1.92849 1.4899 -1.77047 1077.82 2112 72626 1 0 1
-1014.1 -5500 179.075 -0.737792 -0.556627 0.90054 2003.53 2112 72851 1 0 1
2362.62 5500 -3267.4 4.69812 3.4531 -3.17249 1294.71 2112 72852 1 0 1
-187.008 -5500 3402.28 0.383213 -16.308 13.1 590.806 2112 72862 1 0 1
-1926.82 -5500 -1202.1 -0.212045 -0.610288 -0.978455 3650.41 2112 73010 1 0 1
-1176.36 -5500 3028.22 -0.302359 -2.79756 4.87471 8681.5 22 73049 1037 1 1
836.471 -5500 -2279.7 6.95043 -4.94416 -5.91848 710.581 2112 73310 1 0 1
3222.52 -5500 -120.905 30.1615 -22.9606 6.14452 1208.08 2112 73511 1 0 1
-1171.92 5500 4605.99 5.29426 25.6486 9.73154 672.365 2112 73532 1 0 1
2756.11 5500 -3813.8 -1.00503 9.48953 -6.41334 1091.81 2112 73748 1 0 1
-5136.61 5500 2728.3 -5.64347 3.37426 2.88392 1691.26 2112 73955 1 0 1
-3906.55 5500 2216.51 -0.214996 0.748786 0.137322 3329.41 22 74128 1054 1 1
4285.26 -5500 -4063.07 3.68944 -3.92638 -0.380779 433.097 22 74133 1113 1 1
536.573 -5500 -690.175 -0.533241 -4.56495 -2.31741 5723.06 22 74218 1079 1 1
-2147.19 -5500 118.565 -1.59131 -2.76568 2.6234 1935.47 2112 74313 1 0 1
-2551.29 -5500 2035.53 12.3838 -23.421 2.56832 695.55 2112 74330 1 0 1
-2963.91 5500 -1126.87 11.4699 35.9366 0.720863 538.723 2112 74366 1 0 1
-3558.54 5500 2592.27 -0.194918 1.61554 0.00353279 5080.26 2112 74391 1 0 1
3938.19 5500 4373.46 0.16764 0.243366 0.0112675 5743.97 22 74400 1102 1098 1
-1667.7 -5500 -1031.44 -0.240341 -0.596584 -0.125938 873.81 22 74457 1055 1 1
-1403.24 -5500 -664.003 0.123122 -5.22679 0.73892 873.387 22 74457 1071 1 1
1016.89 -5500 944.009 0.0535648 -0.228197 -0.0748474 7769.78 2112 74472 1 0 1
1918.04 5500 -4071.52 -0.467785 1.2995 -4.16269 3043.95 2112 74508 1 0 1
454.569 -5500 -136.837 0.204243 -0.688597 -8.72904e-05 1828.33 2112 74733 1 0 1
-3706.47 -5500 66.8728 -1.7146 -1.38331 0.0784184 2528.89 2112 74789 1 0 1
-2973.13 -5500 2079.95 -0.0341353 -1.61478 0.34727 4976.69 22 74856 1114 1 1
-2619.36 -5500 -1420.5 -0.255191 -0.738134 -0.926468 4009.06 2112 75072 1 0 1
-476.471 5500 -1227.97 -0.39248 0.706975 0.193967 2419.58 2112 75134 1 0 1
-1830.25 -5500 -1918.98 12.1252 -31.2155 15.4855 571.769 2112 75278 1 0 1
1770.63 -5500 66.5435 -0.0116967 -0.1455 0.0126416 1363.98 22 75581 1005 1 1
-4627.84 5500 -85.1857 -10.5711 38.0703 5.2206 569.575 2112 75590 1 0 1
-4954.8 -5500 2396.33 -25.663 -31.306 4.66919 584.072 2112 75714 1 0 1
-473.567 5500 5155.19 -1.99504 34.6308 15.1815 589.949 2112 75807 1 0 1
-1017.08 -5500 -2731.48 0.121137 -0.22277 -0.0982215 8164.59 22 75901 1085 1 1
185.3 5500 -2382.96 1.02767 1.4226 0.26491 23660.1 22 75917 1090 1 1
680.94 -5500 -658.397 0.0193262 -0.186652 -0.0760831 8188.37 2112 76355 1 0 1
580.476 5500 2832.68 0.266076 0.698353 0.307741 4892.57 2112 76358 1 0 1
67.6645 -5500 1023.12 -0.165196 -1.03476 0.359321 2100.71 2112 76626 1 0 1
-1886.81 5500 4754.73 0.00178438 0.0487638 0.0229441 15379.1 22 76652 1033 1 1
-2823.06 -5500 4558.54 -0.00288946 -0.281329 0.297255 12679.3 22 76774 1008 1006 1
-1966.73 -5500 2762.29 0.352443 -0.809437 0.250463 6693.55 2112 76848 1 0 1
2123.14 -5500 5136.48 -0.00937585 -0.126833 0.0494623 1152.65 22 77003 1076 1 1
-1215.39 -5500 -400.488 -0.312088 -1.7833 -0.280763 1151.5 2112 77060 1 0 1
4991.23 5500 540.743 1.41664 5.44091 2.01913 1861.05 2112 77157 1 0 1
-329.411 5500 624.959 1.04333 1.62258 2.81464 925.129 2112 77243 1 0 1
-3509.49 -5500 -1386.84 -0.686107 -3.41807 -0.889849 1821.78 2112 77448 1 0 1
-502.505 -5500 -960.467 0.0472811 -0.158292 -0.149818 7092.57 2112 77838 1 0 1
-1363.06 -5500 2430.14 0.528497 -0.563425 0.419805 9274.25 2112 77947 1 0 1
3409.76 5500 -2974.92 5.91419 3.75245 -4.58441 1242 2112 77968 1 0 1
3885.75 5500 2676.13 0.195402 0.44355 0.0483169 11885.4 22 78033 1005 1 1
-544.198 -5500 476.733 1.67884 -3.60702 0.867618 4302.23 2112 78451 1 0 1
4684.2 5500 -3882.87 3.79175 7.17246 -12.6941 1188.69 2112 78472 1 0 1
-1307.74 -5500 -1029.47 -0.187738 -1.62474 0.861753 508.468 22 78621 1066 1 1
-3474.58 -5500 -3971.02 -0.113581 -0.122046 -0.0545753 7714.14 22 78644 1079 1 1
493.026 5500 -1421.09 0.546139 0.916465 -0.222166 2763.91 2112 78759 1 0 1
-2773.6 -5500 -313.332 -12.2268 -27.3999 7.86479 505.409 2112 78805 1 0 1
-818.098 5500 433.984 1.74283 3.4105 -0.606752 1338.8 2112 78891 1 0 1
2580.4 5500 4460.68 0.16169 0.913627 1.35721 5425.17 2112 78935 1 0 1
-2261.97 5500 1273.47 -0.648331 1.26263 -0.384856 16273.6 22 79036 1003 1 1
1458.25 -5500 -1653.19 -4.67826 -10.8259 2.16071 680.778 2112 79101 1 0 1
428.032 -5500 3792.42 -0.620082 -1.10258 -0.0301799 7174.81 2112 79256 1 0 1
824.375 -5500 -1862.01 0.144189 -0.971296 0.716873 3740.78 2112 79261 1 0 1
-1192.7 -5500 639.845 0.848968 -1.35338 0.755276 1462.81 2112 79382 1 0 1
-3931.47 -5500 -1843.12 -5.95055 -6.01732 0.980273 1159.4 2112 79574 1 0 1
4630.79 -5500 -3565.57 5.3629 -4.64999 -2.17257 28745.6 22 79596 1052 1 1
-5352.42 5500 -4078.05 -11.6217 20.9751 -12.9113 810.756 2112 79665 1 0 1
1535.55 -5500 -1076.92 0.475589 -0.471414 -0.113389 528.874 22 79710 1004 1 1
-1595.41 5500 -4521.22 -4.88574 1.05858 -5.26343 2176.05 2112 79934 1 0 1
-996.774 -5500 247.346 2.84076 -6.23652 -2.98145 1164.72 2112 80006 1 0 1
2998.18 5500 1777.88 -0.141605 0.611244 0.0599131 7795.68 22 80148 1005 1 1
-1908.65 -5500 -4010.07 -0.318735 -1.24838 0.0166272 6474.15 2112 80153 1 0 1
-4967.43 5500 -2913.05 -3.0446 16.7044 -1.06915 1150.91 2112 80169 1 0 1
3922.54 -5500 -267.711 2.2471 -1.08751 0.128049 4642.26 2112 80190 1 0 1
-1635.54 -5500 -563.86 -0.0916276 -4.94326 1.11147 1551.71 2112 80374 1 0 1
-4823.22 -5500 2522.47 -1.47054 -3.28231 -0.138045 3056.62 2112 80416 1 0 1
869.127 -5500 -3986.1 0.0304356 -0.109919 0.0226822 7729.95 22 80518 1031 1 1
-1347.68 -5500 4422.8 -0.0400836 -0.96254 0.257183 7841.51 2112 80544 1 0 1
3423.21 5500 -1528.71 0.375753 0.848687 0.0228296 6013.58 2112 80581 1 0 1
-2752.34 5500 -3993.94 -16.8453 7.21931 -7.28144 874.056 2112 80666 1 0 1
1356.16 -5500 4520.6 0.299425 -0.809772 1.41906 4721.43 2112 80747 1 0 1
-156.798 5500 -1912.4 1.25117 1.47251 -0.292754 1883.93 2112 80878 1 0 1
-4209.42 -5500 -1686.41 -0.175533 -0.0547514 0.0207974 680.041 22 81037 1098 1 1
-2969.26 -5500 2661.09 -1.93974 -2.22855 1.38358 3824.33 22 81161 1083 1 1
-2506.16 -5500 2469.28 -7.41436 -6.32423 5.73961 847.107 2112 81229 1 0 1
-2937.85 -5500 -1881.56 -1.01729 -0.679317 -0.345411 4199.97 2112 81349 1 0 1
1170.9 -5500 1063.73 -0.242957 -0.391073 0.0661119 5423.8 2112 81381 1 0 1
-5356.43 -5500 -4290.5 -0.0465302 -1.1871 -0.621438 1991.33 22 81478 1003 1 1
-2259.65 5500 -1603.97 -0.573026 1.95737 -2.38223 1599.01 2112 81535 1 0 1
-2382.89 -5500 -2309.01 -3.37605 -11.9039 -9.34249 653.282 2112 81606 1 0 1
-3172.73 -5500 5248.22 -9.67171 -23.5908 26.7808 645.338 2112 81677 1 0 1
-4828.85 -5500 -1890.31 -30.3717 -10.512 -7.61696 674.408 2112 81814 1 0 1
2325.44 5500 128.543 -0.178803 0.737984 -0.059882 5041.63 2112 82027 1 0 1
-4929.36 -5500 -851.968 -8.29767 -4.5302 3.13791 1315.3 2112 82062 1 0 1
-2325.04 -5500 5060.82 0.574534 -3.13558 1.17099 3834.88 2112 82131 1 0 1
2563.8 5500 1643.28 -0.401953 9.61987 -2.26752 905.674 2112 82251 1 0 1
-4247.87 5500 -3118.75 -0.203876 2.54973 -1.67649 3612.44 2112 82497 1 0 1
-87.0763 5500 2934.06 0.373569 0.789084 0.353748 4614.3 2112 82506 1 0 1
-1408.79 -5500 -3385.73 0.257885 -1.07934 0.189442 8461.69 2112 82578 1 0 1
-1293.6 -5500 4462.47 0.0382588 -0.101078 0.0865079 8823.23 22 82788 1067 1 1
-2974.83 -5500 5386.48 -0.382187 -0.58894 0.834566 8826.89 11 82788 1070 1067 1
4407.32 -5500 1073.52 21.5084 -27.0036 0.959738 560.012 2112 82842 1 0 1
-3632.17 -5500 1054.88 -0.428725 -0.473873 -0.359615 9635.49 2112 82880 1 0 1
4704.68 -5500 -4274.54 11.7411 -31.0746 -1.78291 820.226 2112 82887 1 0 1
683.312 5500 1076.91 -0.363864 0.53726 0.218592 6256.2 22 82928 1003 1 1
-2436.72 5500 -2663.17 -0.128004 0.468021 -0.128622 641.129 22 82959 1065 1 1
-38.0778 5500 3054.67 -0.206706 0.628161 0.28499 5557.61 2112 83118 1 0 1
-963.229 -5500 1393.74 -11.3378 -31.5655 -11.4012 450.735 2112 83248 1 0 1
-5331.34 5500 -1056.53 -0.126736 0.117043 0.0931664 23306.2 22 83309 1010 1007 1
551.765 5500 -1238.92 -12.6614 31.5346 14.6271 437.11 2112 83400 1 0 1
-3990.63 -5500 4612.6 -1.18576 -27.753 25.7931 688.835 2112 83445 1 0 1
1116.55 5500 448.889 0.610595 1.87997 0.192177 1081.44 2112 83561 1 0 1
-1014.35 -5500 -3341.7 -2.65483 -31.3004 -1.03481 549.088 2112 83637 1 0 1
-2245.13 -5500 -782.398 -16.6346 -32.7497 -1.56272 448.587 2112 83767 1 0 1
1834.34 5500 -2666 2.44391 9.02444 -2.95452 826.793 2112 83967 1 0 1
1263.49 -5500 -732.384 1.23757 -2.95761 1.01409 925.585 2112 83979 1 0 1
3699.92 5500 1463.51 0.915201 0.78575 -0.453347 7760.28 22 83984 1087 1 1
2097.49 5500 -5170.89 -0.22976 1.72156 -0.692272 6300.87 2112 84096 1 0 1
-938.539 -5500 -492.388 -0.0640911 -0.079654 -0.011783 7157.23 22 84156 1006 1 1
527.499 5500 4240.33 2.70777 2.95915 1.7676 5869.98 22 84229 1061 1 1
5089.47 5500 -5325.65 7.76536 16.3511 -37.1841 796.236 2112 84243 1 0 1
5260.63 5500 2097.29 0.514186 1.80131 -0.253896 3946.71 22 84249 1004 1 1
720.242 -5500 549.654 1.55106 -2.94148 -0.0194513 744.085 2112 84289 1 0 1
2060.44 -5500 704.618 0.185019 -3.84631 -0.431489 4578.33 22 84297 1072 1 1
-520.023 5500 255.623 -33.1428 21.8023 -3.51756 417.656 2112 84400 1 0 1
1542.43 5500 -312.908 0.257641 0.329889 -0.0416713 4602.41 2112 84437 1 0 1
-2691.12 -5500 1402.75 -1.02874 -2.72581 -2.53753 2501.53 2112 84646 1 0 1
723.712 5500 -3061.87 -0.611452 2.66068 0.97295 3093.33 2112 84877 1 0 1
4529.26 -5500 -3371.35 5.70053 -3.46218 -2.84505 5408.23 22 84954 1077 1 1
-2391.58 5500 3391.19 -0.275285 0.426179 0.0581606 7862.28 22 85058 1083 1 1
-4953.06 5500 -1612.62 -0.271079 0.448169 -0.108749 5725.49 22 85062 1078 1 1
-888.673 5500 -1776.19 7.38135 36.1368 6.24055 450.986 2112 85183 1 0 1
2499.56 5500 -5054.85 0.136224 0.393684 -1.27135 8610.27 2112 85513 1 0 1
-1479.08 5500 -112.435 -3.13865 12.8098 1.20406 510.743 2112 85546 1 0 1
4468.34 -5500 -1699.62 0.341722 -0.102602 -0.253965 10558.8 22 85584 1081 1 1
2628.14 5500 5179.55 6.17302 11.9072 19.8131 768.317 2112 85605 1 0 1
-3694.03 5500 -392.005 -0.128725 0.152238 -0.0866285 1930.84 22 85662 1058 1 1
-3600.88 5500 -2130.66 -0.424176 0.560069 -1.24061 1934.78 22 85662 1063 1 1
-3904.72 5500 688.63 -0.114519 0.117695 0.055975 1931.57 22 85662 1064 1 1
434.606 5500 4118.98 0.526403 1.80562 0.690107 15920.3 22 85711 1077 1 1
-3574.46 5500 1678.52 -7.38688 6.04489 5.53112 877.483 2112 86022 1 0 1
1020.69 -5500 214.237 -0.0945259 -0.179351 0.111337 9667.21 2112 86095 1 0 1
3368.2 5500 3287.93 0.52568 0.695664 0.154215 7990.86 2112 86217 1 0 1
2472.99 -5500 3825.98 0.0641264 -0.689372 0.514632 7921.24 2112 86405 1 0 1
2858.76 -5500 1024.28 0.615406 -1.65802 1.34694 4003.33 22 86528 1005 1 1
1803.79 -5500 4943.95 14.4278 -31.1306 3.77526 685.581 2112 86618 1 0 1
550.913 5500 5398.75 -17.3796 21.6655 21.3945 688.27 2112 86808 1 0 1
231.398 -5500 3439.4 0.810945 -2.55076 2.03907 1586.96 2112 86886 1 0 1
-432.855 -5500 2745.52 1.37069 -2.77356 1.25365 1506.62 2112 87154 1 0 1
-3576.7 5500 1610.57 -25.1764 30.5969 -0.794287 509.976 2112 87204 1 0 1
-3454.48 5500 -3.72763 -1.79478 2.00718 -0.232496 1883.87 2112 87293 1 0 1
-1183.71 -5500 -2393.06 0.0485498 -0.230243 -0.614209 7306.18 2112 87623 1 0 1
-1758.35 5500 -3754.96 -4.40651 10.2876 0.601041 1851.86 2112 87696 1 0 1
2188.1 -5500 2488.02 17.4226 -23.3435 15.195 505.157 2112 87753 1 0 1
-1002.96 5500 -4875.33 -7.80967 19.4206 -6.26539 757.499 2112 87765 1 0 1
-2886.34 5500 1590.26 -15.6045 13.0546 20.1197 551.332 2112 87779 1 0 1
-142.847 5500 4869.46 -2.28001 19.2844 16.9152 649.701 2112 87820 1 0 1
1738.33 -5500 1568.19 -0.536491 -4.5036 2.63461 883.737 2112 87908 1 0 1
4032.89 5500 -1539.64 -0.585375 21.6796 1.00626 774.497 2112 88207 1 0 1
-4681.37 -5500 1611.21 -0.0186959 -0.12889 0.0183938 1430.72 22 88286 1064 1 1
-3046.62 -5500 -470.177 0.661952 -12.5624 -2.05033 742.192 2112 88351 1 0 1
-898.195 5500 -3639.17 -0.555333 1.8596 -0.199384 3321.6 2112 88413 1 0 1
4679.34 5500 5372.36 0.415362 2.57511 0.658866 8461.05 2112 88685 1 0 1
394.61 -5500 892.419 -0.179955 -0.38245 0.0979812 4015.83 2112 88941 1 0 1
-869.632 5500 -5295.88 4.37829 24.0065 -5.59733 810.14 2112 89069 1 0 1
620.985 5500 380.743 -0.262292 0.413156 0.180675 2061.44 22 89119 1058 1 1
-3110.91 5500 1699 -0.0352006 0.234935 0.147551 467.59 22 89203 1005 1 1
-2366.2 5500 -4256.83 -6.9701 28.2257 -13.1958 1324.64 2112 89206 1 0 1
-333.461 5500 748.047 -0.146589 0.50769 -0.772368 3901.21 2112 89216 1 0 1
-2993.16 5500 4536.33 -5.80274 33.5896 12.8776 632.559 2112 89220 1 0 1
4882.56 5500 -2269.6 0.121074 0.0999652 0.00582809 4614.16 22 89327 1083 1 1
5273.89 5500 444.067 0.974619 3.96509 0.470238 6970.15 22 89341 1077 1 1
-80.245 -5500 -2875.76 -4.36141 -6.86874 -0.790121 931.135 2112 89424 1 0 1
1500.85 -5500 1125.97 -3.16977 -4.46596 7.05866 1882.32 2112 89456 1 0 1
3640.13 5500 -2964 2.43488 7.29126 -1.56252 1288.16 2112 89616 1 0 1
-4809.49 -5500 4699.05 -11.5538 -33.2926 4.36499 824.697 2112 89631 1 0 1
217.335 5500 -119.918 0.0713781 0.222959 -0.0103462 4133.3 2112 89652 1 0 1
-4054.59 5500 -1561.88 -2.54895 6.8388 0.131974 1233.94 2112 89821 1 0 1
5120.72 -5500 -3962.28 0.0472347 -0.0273657 -0.0341389 7334 22 89826 1103 1084 1
46.6223 5500 917.966 -0.0539033 0.295823 -0.0572528 4237.97 2112 89932 1 0 1
-758.27 5500 1585.86 -0.00890095 0.212261 0.0465265 10268.8 2112 89961 1 0 1
-1379.74 5500 3244.64 -0.373931 1.0079 0.116575 4765.76 2112 90169 1 0 1
114.93 5500 -10.6677 0.776135 3.10929 -2.40993 647.353 2112 90324 1 0 1
1309.94 5500 -1665.99 0.19553 0.249375 0.0850196 7040.91 22 90355 1066 1 1
-1053.4 5500 -806.628 6.98341 28.8879 -18.633 422.798 2112 90460 1 0 1
-3001.11 -5500 -3676.47 -1.03277 -0.794688 -1.43224 4339.94 2112 90621 1 0 1
-4854.49 5500 -761.863 -0.058416 0.176807 -0.0749131 81538.6 22 90629 1053 1 1
-5107.95 -5500 1130.75 -0.204108 -0.28151 -0.0301176 8752.49 22 90636 1071 1 1
-1474.43 -5500 479.109 -0.606907 -0.777407 -0.487736 2453.91 2112 90641 1 0 1
2122.56 -5500 17.3307 0.0389876 -0.864284 0.409172 20392.7 22 90652 1075 1 1
1494.14 -5500 -442.165 -2.28083 -3.46398 -0.317783 20393 22 90652 1093 1 1
-81.6754 -5500 -20.8609 5.23272 -14.2206 2.24418 455.567 2112 90706 1 0 1
1416.28 -5500 -1826.09 0.431008 -0.684642 -0.145761 4083.61 2112 90774 1 0 1
-48.1254 5500 -2057.1 -0.0615506 0.0472319 -0.0929653 1957.59 22 90811 1112 1 1
-366.39 5500 -2650.94 -0.025244 0.390384 -0.117537 10113.4 2112 90881 1 0 1
2085.08 5500 -1472.77 0.180032 0.2427 -0.269753 8988.86 2112 91025 1 0 1
194.297 -5500 900.401 3.72798 -6.01044 -0.526847 1487.13 2112 91170 1 0 1
840.666 -5500 -276.198 0.731456 -10.9601 10.5456 495.181 2112 91384 1 0 1
1036.53 5500 3258.6 -0.290282 1.22639 1.58651 3749.65 2112 91508 1 0 1
-1808.85 5500 -582.245 -0.19442 0.27898 -0.0133139 6444 2112 91537 1 0 1
-2186.45 5500 622.678 4.1105 20.1964 -2.07589 545.893 2112 91549 1 0 1
-3053.09 5500 3647.48 -4.17971 5.18873 0.104168 11971.3 22 91605 1037 1 1
714.7 -5500 -1896.05 0.921589 -0.71906 0.0304099 3127.83 2112 91750 1 0 1
-3085.27 5500 5263.61 -10.8243 29.876 13.8525 679.798 2112 91824 1 0 1
-3360.58 -5500 2147.03 -5.98404 -7.69975 -1.71591 1006.28 2112 91979 1 0 1
-1926.07 -5500 3894.37 -0.019226 -0.377776 0.118869 5016.11 22 92029 1004 1 1
1286.33 5500 -1652.77 -0.354537 0.543418 0.261239 8118.64 2112 92042 1 0 1
-200.702 -5500 462.041 -0.66624 -5.12423 4.32931 1092.28 2112 92137 1 0 1
-2599.85 5500 3283.77 -1.99843 4.6396 1.40423 1442.59 2112 92440 1 0 1
-2549.34 5500 1914.74 -0.598247 5.21139 6.63431 984.514 2112 92456 1 0 1
263.956 -5500 4819.79 -0.540692 -3.02612 1.09146 3991.44 22 92547 1103 1 1
2477.89 5500 2500.9 0.290002 0.103745 0.187356 71806.1 22 92552 1056 1 1
2825.4 -5500 -2709.75 4.58032 -2.78148 -0.654366 1550.71 2112 92790 1 0 1
-3351.92 -5500 493.797 0.000903708 -0.162949 0.0313485 23624.9 22 92897 1036 1033 1
4972.04 5500 2758.77 0.0470267 0.112064 0.0682503 3908.33 22 92998 1070 1 1
3568.44 5500 1332.35 1.54259 9.1864 2.40867 990.498 2112 93016 1 0 1
-1814.09 5500 -596.485 -0.667545 33.5828 13.9472 1021.53 2112 93139 1 0 1
-865.568 5500 -5289.67 -1.77532 32.0328 -13.4241 1170.97 2112 93184 1 0 1
4819.87 -5500 2374 16.4714 -15.1034 -2.94455 798.792 2112 93193 1 0 1
2509.84 5500 704.509 -9.33418 21.4104 27.4981 592.265 2112 93461 1 0 1
-2176.86 -5500 -2.53307 0.135762 -0.492144 0.017999 6408.35 2112 93512 1 0 1
-1325.58 -5500 -3316.15 0.575842 -1.63781 -1.13173 15131.6 22 93659 1065 1 1
-3357.59 -5500 -5201.38 -2.06152 -2.54126 -5.39137 2180.45 2112 93664 1 0 1
1338.34 -5500 924.557 4.30481 -15.1719 -11.8459 507.545 2112 93686 1 0 1
1476.54 -5500 -1977.42 0.581363 -11.2531 4.25344 1489.6 2112 93744 1 0 1
-3495.34 5500 224.877 -1.04606 2.56611 -1.59365 7785.91 22 93846 1057 1 1
2686.27 -5500 -1192.01 0.188313 -0.749598 -0.351939 4339.58 2112 93978 1 0 1
3350.35 -5500 -851.377 0.217996 -4.35373 -0.977102 1517.72 2112 94128 1 0 1
1614.28 -5500 1436.59 -4.11899 -6.6722 0.925617 1141.15 2112 94193 1 0 1
1680.82 5500 -237.497 -6.79811 29.4672 -3.1285 459.087 2112 94199 1 0 1
-631.205 -5500 -3601.7 0.148244 -1.10381 -0.561294 4693.35 2112 94291 1 0 1
-511.033 -5500 3918.61 -7.63636 -9.05844 2.41501 973.536 2112 94301 1 0 1
3055.95 5500 -4620.52 -0.320656 2.50128 -2.25012 3375.81 2112 94548 1 0 1
-1109.18 -5500 -698.875 -0.604491 -3.83623 0.508803 819.407 2112 94685 1 0 1
-697.706 -5500 5360.08 4.63374 -4.63306 4.52055 2171.59 2112 94797 1 0 1
2126.53 5500 -871.496 0.679467 4.72152 -1.03225 2713.12 2112 94816 1 0 1
2326.4 5500 -2026.38 0.976432 2.21016 -2.02344 1596.51 2112 94887 1 0 1
-788.764 5500 -2126.28 0.521638 1.98537 -1.17253 12000.3 22 94975 1066 1 1
76.6489 -5500 -3170 -13.6403 -22.0584 -18.9417 1050.7 2112 94980 1 0 1
-1167.4 5500 3221.29 -0.00403395 0.333253 0.362068 9617.86 2112 95062 1 0 1
-4601.86 -5500 -4290.2 -0.616953 -0.587691 -0.817058 9320.65 2112 95116 1 0 1
1677.25 5500 -3019.87 -0.02475 1.2457 -0.639074 4388.58 2112 95194 1 0 1
-2787.59 -5500 1210.65 -0.275406 -0.281476 0.00817001 9617.43 2112 95264 1 0 1
-2235.11 5500 1324.01 1.47819 4.6361 -1.18361 1339.33 2112 95351 1 0 1
-2813.9 5500 -2558.62 -1.1544 2.00879 -1.83062 2120.37 2112 95450 1 0 1
4963.72 5500 -342.777 0.174194 0.0686599 0.0849799 8306 22 95462 1053 1 1
-2355.03 -5500 -4172.82 -2.44623 -7.19234 -3.68998 1231.75 2112 95473 1 0 1
393.229 5500 3992.72 -0.00751142 0.084648 0.085334 666.269 22 95563 1059 1 1
-493.686 5500 -3094.76 7.17858 12.223 -14.6916 624.333 2112 95655 1 0 1
-17.0687 -5500 4857.65 -0.472371 -0.913654 0.328699 8445.66 2112 95672 1 0 1
-840.056 5500 -2622.91 -1.03406 4.83075 -1.37805 2240.34 22 95780 1064 1 1
-1789.91 -5500 -530.541 -0.021536 -0.531434 0.427236 4888.64 2112 95798 1 0 1
-2719.43 5500 3900.95 -0.193084 2.25133 1.35074 7761.25 22 95813 1081 1 1
-1811.82 5500 3382.31 0.0849952 0.2723 0.0534425 7761.77 22 95813 1086 1083 1
1175.8 5500 1.53161 4.76137 10.6992 -12.7407 516.561 2112 95907 1 0 1
-1671.42 5500 1684.77 -0.175225 1.87917 1.03308 1606.64 2112 96066 1 0 1
-3698.19 5500 -3473.34 -6.30544 10.0998 2.68684 1369.1 2112 96471 1 0 1
-702.216 -5500 -2164.68 -1.85791 -1.77351 -1.80278 1417.94 2112 96549 1 0 1
4272.13 5500 413.595 27.8111 23.2702 7.49573 540.895 2112 96791 1 0 1
4574.09 -5500 924.839 8.44692 -14.4004 -1.8852 1410.35 2112 96794 1 0 1
-2152.15 -5500 -1077.13 3.6461 -26.8517 -21.8976 476.577 2112 96808 1 0 1
429.664 5500 -4493.21 1.65354 1.85611 -1.73013 8193 22 96978 1029 1 1
-275.489 5500 -4610.73 9.81906 30.7825 -16.2679 571.583 2112 97028 1 0 1
-330.649 -5500 -920.344 0.488807 -1.35443 -1.17543 1353.19 2112 97133 1 0 1
96.4311 5500 3921.83 1.04793 1.93486 0.316514 34181.9 22 97252 1004 1 1
-1920.05 5500 1558.01 -5.02267 5.28423 2.48768 2062.83 2112 97266 1 0 1
3080.52 5500 -4898.31 24.2021 28.1063 -0.919752 1519.54 2112 97414 1 0 1
708.018 5500 -1160.94 -0.378752 1.46779 0.356635 1518.44 2112 97489 1 0 1
5187.1 5500 2042 1.89862 0.676747 0.937649 7689.66 22 97533 1005 1 1
460.43 -5500 1885.91 9.78107 -12.0396 -2.70847 569.443 2112 97627 1 0 1
3730.09 -5500 -411.313 2.07931 -0.703151 1.02562 3620.2 2112 97700 1 0 1
3128.08 5500 1178.54 0.505654 0.454295 -0.573456 10889.7 22 98091 1004 1 1
1104.66 -5500 -4840.45 3.15715 -4.18251 -1.41036 2843.24 22 98127 1085 1 1
2452.06 5500 -4675.1 -0.347554 1.09104 -0.714685 12969.4 22 98334 1004 1 1
-1401.87 -5500 -1170.28 -3.76063 -29.6934 -11.9122 456.763 2112 98502 1 0 1
-856.003 5500 -5089.27 0.032573 1.22102 -0.669436 6232.92 2112 98536 1 0 1
-5337.64 -5500 5041.8 -31.0791 -18.5778 3.26471 1094.33 2112 98755 1 0 1
5369.85 5500 -1152.2 0.284448 0.569967 0.0535385 6327.33 22 98818 1005 1 1
3757.99 -5500 -3037.66 12.1715 -24.5683 -18.4816 1294.96 2112 98924 1 0 1
-3304.59 -5500 599.907 -8.05101 -16.4989 12.0722 2017.22 2112 99054 1 0 1
-907.562 -5500 -562.535 4.47449 -3.81176 1.16273 857.199 2112 99079 1 0 1
311.152 5500 4049.01 0.673704 0.892314 0.711256 5358.07 2112 99083 1 0 1
-346.51 -5500 -276.092 -0.0411151 -3.93494 -0.912636 667.839 2112 99185 1 0 1
1328.37 5500 -2947.22 -3.28233 37.0721 -6.34517 491.123 2112 99398 1 0 1
-3902.03 5500 -3609.92 -1.02921 5.92738 -2.20403 1798.46 2112 99404 1 0 1
-4804.33 5500 -3731.76 -0.607527 1.63619 -0.768599 5237.51 22 99470 1064 1 1
1197.45 5500 2514.2 11.6572 23.7418 25.7729 471.855 2112 99575 1 0 1
-1298.33 5500 779.749 0.399263 0.601392 0.123222 4251.1 2112 99941 1 0 1
