#BLTrackFile VirtualDetector/Base280
#x y z Px Py Pz t PDGid EventID TrackID ParentID Weight
#mm mm mm MeV/c MeV/c MeV/c ns - - - - -
#BLTrackFile VirtualDetector/Base280
#x y z Px Py Pz t PDGid EventID TrackID ParentID Weight
#mm mm mm MeV/c MeV/c MeV/c ns - - - - -
2201.04 -5500 -5339.8 0.0104051 -0.0345752 -0.0493433 4478.19 22 96 1062 1 1
1067.44 5500 4468.84 0.00370068 0.700212 0.834406 3388.24 22 129 1042 1 1
5296.33 -5500 -464.361 0.808479 -1.42146 0.191052 5333.39 2112 142 1 0 1
-2318.53 -5500 207.085 -0.0251021 -0.486638 -0.042465 6217.8 2112 186 1 0 1
3216.31 5500 741.408 0.35507 0.301122 -0.163589 10001.5 2112 368 1 0 1
303.745 -5500 -4590.65 2.85661 -11.9517 -10.9681 795.416 2112 388 1 0 1
-1089.19 -5500 3787.49 -0.04923 -9.34648 0.846173 1021.57 2112 407 1 0 1
1059.96 5500 -2694.74 8.28506 22.1751 -6.02828 517.127 2112 815 1 0 1
-989.147 5500 -4802.77 -2.10177 5.77936 -1.52944 1676.22 2112 933 1 0 1
-4268.65 -5500 -37.1714 -1.27694 -1.61934 0.572716 5842.1 2112 949 1 0 1
1943.8 5500 670.046 0.635262 15.9022 7.271 519.556 2112 1000 1 0 1
-3477.47 -5500 1772.46 -0.373008 -0.788542 0.688174 5154.68 2112 1085 1 0 1
405.986 -5500 1717.88 -0.123158 -0.181582 0.388347 8699.6 2112 1112 1 0 1
-4792.78 5500 -1073.4 -2.75696 1.46981 -1.29449 10459.9 22 1236 1078 1 1
2375.8 -5500 2824.51 1.65724 -4.79391 0.874359 2109.88 22 1270 1088 1 1
2658.09 -5500 -1645.73 11.9262 -6.78193 1.66494 1505.94 2112 1400 1 0 1
1773.5 -5500 727.199 -1.86943 -20.2614 -9.89015 514.12 2112 1440 1 0 1
1650.38 -5500 1260.43 -0.175408 -2.90361 -1.87858 1427.31 2112 1441 1 0 1
2532.95 -5500 -45.615 0.196678 -0.21449 0.0559607 10224.2 2112 1451 1 0 1
74.5134 5500 697.568 3.67259 5.18916 3.41431 565.585 2112 1506 1 0 1
-3123.06 5500 698.971 -1.71685 6.36197 -0.242333 1005.46 2112 1539 1 0 1
1897.56 5500 2333.54 2.03913 6.73595 -0.283932 1004.89 2112 1565 1 0 1
481.776 -5500 -2117.33 -8.87006 -8.10329 1.61172 827.621 2112 1591 1 0 1
-1686.04 -5500 -1320.97 -8.32313 -28.6911 0.413637 459.318 2112 1606 1 0 1
-157.96 5500 -3265.49 3.86165 3.96981 -1.98243 15435.3 22 1650 1042 1 1
-3193.03 -5500 3008.32 -0.0693594 -0.27195 0.160772 11892.9 22 1690 1053 1 1
-2021.29 -5500 2762.86 1.58051 -3.2787 1.38563 11892.9 22 1690 1056 1 1
-4821.52 5500 4069.59 -5.88809 14.1262 8.8701 990.497 2112 1843 1 0 1
1042.7 5500 2561.94 0.415104 1.77059 0.312283 2063.85 2112 1845 1 0 1
1717.45 -5500 5411.97 -0.918255 -2.11587 2.13374 3845.21 2112 1849 1 0 1
52.3527 -5500 2081.08 0.182375 -0.853156 -0.178897 3461.42 2112 1934 1 0 1
802.697 -5500 -406.788 -0.0900273 -0.179473 -0.0570197 8747.47 2112 2018 1 0 1
3629.59 -5500 -615.913 0.040651 -0.0502738 -0.0354826 34219.2 22 2057 1112 1 1
-4012.05 5500 -3082.5 -1.67123 0.430385 -0.216034 7570.89 2112 2091 1 0 1
2371.23 -5500 3544.96 0.00228374 -0.638943 0.151221 10251 2112 2117 1 0 1
110.852 5500 -311.729 0.0941193 0.161422 0.0374618 6473.91 2112 2150 1 0 1
-2687.27 -5500 4690.3 -1.74749 -3.06398 0.897733 2883.49 2112 2276 1 0 1
2019.5 5500 690.299 -0.0206786 0.0728047 -0.0336165 7444.78 22 2281 1076 1 1
3731.32 5500 1220.6 0.383179 0.231969 0.0611526 7447 22 2281 1095 1 1
3144.43 5500 1077.51 0.0567927 0.0667089 0.000431323 7445.54 22 2281 1102 1099 1
2458.85 5500 342.422 0.0175661 0.0485161 -0.0537019 7446.55 22 2281 1103 1096 1
2782.55 5500 361.496 0.225853 0.329508 -0.318645 7445.76 22 2281 1104 1096 1
2183.53 -5500 -2900.45 -0.50386 -1.35599 -0.827085 3959.45 2112 2355 1 0 1
-3042.59 -5500 5091.29 -5.34715 -2.08888 16.4257 1215.74 2112 2370 1 0 1
-1632.61 5500 -566.457 0.504241 0.805017 -0.208137 10500.2 22 2581 1093 1 1
-891.242 -5500 302.87 -2.08419 -2.62769 -4.61928 11512.1 22 2611 1108 1 1
-18.7653 -5500 1872.39 -2.09731 -8.46905 15.5381 536.85 2112 2657 1 0 1
-1188.66 -5500 -1529.86 -0.0681011 -0.225748 -0.0822833 8934.77 2112 2660 1 0 1
-1884.53 -5500 1588.04 0.23864 -0.498611 0.0992136 7793.25 2112 2776 1 0 1
-5418.36 -5500 3390.62 -5.68186 -6.90178 1.55752 1568.29 2112 2879 1 0 1
-1924.65 -5500 -1262.47 -0.398533 -1.38006 -0.845935 9515.09 22 2981 1005 1 1
-2296.56 -5500 1568.41 -13.5641 -17.2453 10.7755 539.731 2112 3034 1 0 1
-824.598 5500 -1816.16 0.05554 0.167658 0.076979 7716.59 22 3169 1082 1 1
739.479 5500 4558.36 -0.0999256 2.2028 2.47735 2447.63 2112 3181 1 0 1
-2246.34 -5500 1105.19 13.6771 -34.9875 2.95807 478.888 2112 3252 1 0 1
2325.68 -5500 -4754.31 -0.00162575 -0.129315 -0.0689163 12903.8 22 3274 1020 1 1
3532.22 -5500 -5088.54 0.706554 -1.40112 -0.970162 12905.1 22 3274 1042 1 1
5279.74 5500 2019.27 11.6258 31.3758 10.1975 1136.36 2112 3402 1 0 1
-1610.47 -5500 -507.15 0.464843 -1.04443 -0.207708 2237.23 2112 3565 1 0 1
2446.76 -5500 4689.32 0.36469 -0.457232 0.391722 5179.11 22 3606 1088 1 1
387.129 -5500 538.232 0.0131369 -0.165705 -0.0631527 7188.97 22 3684 1056 1 1
-309.532 -5500 4137.9 -3.13908 -2.08874 5.33515 1596.88 2112 3725 1 0 1
-1090.75 -5500 -1763.28 0.0115205 -14.162 -1.2296 600.788 2112 3806 1 0 1
1468.13 5500 -473.804 0.147075 0.283978 0.411894 6491.29 2112 3867 1 0 1
2990.41 5500 -2653.42 2.09591 6.29034 -0.870844 1657.11 22 4020 1063 1 1
365.201 5500 -1293.67 0.0902811 0.251364 -0.361026 4738.92 2112 4057 1 0 1
2353.59 5500 1023.75 -0.215284 0.449762 0.0459613 3898.69 22 4076 1064 1 1
2837.33 -5500 -2837.39 8.30246 -4.58514 -9.90014 871.509 2112 4137 1 0 1
3827.5 -5500 1216.14 1.81384 -4.46863 -3.06957 1912.81 2112 4159 1 0 1
2995.5 -5500 2754.18 3.13814 -8.92202 5.59263 947.969 2112 4234 1 0 1
-1230.07 5500 948.793 0.547638 1.40557 1.45467 1599.3 2112 4262 1 0 1
-3183.3 -5500 1894.7 -0.24967 -0.362891 0.338151 9433.16 2112 4410 1 0 1
-3342.32 5500 677.804 0.456284 29.3134 6.85564 560.799 2112 4452 1 0 1
-665.091 5500 5243.28 -0.21425 2.46089 0.692484 1513.17 22 4511 1100 1 1
-864.893 -5500 -873.146 -2.19463 -4.16667 -4.13831 1861.54 22 4613 1039 1 1
-328.817 -5500 -218.131 5.89619 -17.9611 17.4751 439.565 2112 4638 1 0 1
-1228.86 -5500 2378.51 -1.02932 -29.6386 24.2307 460.38 2112 4749 1 0 1
-2343.25 5500 544.09 -0.0655307 0.371838 -0.0240006 5917.12 22 4889 1048 1 1
-3670.2 -5500 2034.53 -1.52218 -6.75625 -1.46078 1483.51 2112 4908 1 0 1
1759.93 5500 -1637.8 -1.95686 4.75506 -0.929424 1134.76 2112 4918 1 0 1
2801.28 5500 -4207.84 8.37236 10.3691 -8.84981 861.893 2112 5059 1 0 1
-3190.91 -5500 4905.79 -15.4848 -24.5966 -0.246324 881.175 2112 5089 1 0 1
422.153 5500 2610.3 9.36354 6.90075 -1.74438 1038.55 2112 5286 1 0 1
4859.69 -5500 5402.12 0.997973 -3.4876 3.98494 3026.66 2112 5333 1 0 1
3419.77 -5500 -1036.18 -1.3747 -15.9825 -4.71136 765.688 2112 5466 1 0 1
1724.48 -5500 -4989.08 0.00755666 -0.0691574 0.00213802 785.727 22 5499 1051 1 1
1207.36 -5500 848.551 0.076725 -0.522693 0.0232078 4430.59 2112 5569 1 0 1
-5244.62 -5500 566.846 -1.13567 -2.34915 0.00853675 5552.16 2112 5573 1 0 1
3081.35 -5500 2683.9 3.29829 -3.48121 1.61296 1492.13 22 5649 1069 1 1
3215.07 5500 -354.49 -8.27681 32.2941 12.6061 579.276 2112 5670 1 0 1
3268.4 -5500 -4306.01 16.0882 -22.1668 -24.1221 601.035 2112 5713 1 0 1
-236.047 -5500 801.51 2.55512 -4.32633 2.15289 862.329 2112 5730 1 0 1
1392.53 -5500 1116.42 -0.0492002 -4.02246 0.363505 903.15 2112 5812 1 0 1
307.504 5500 3320.04 -0.0635541 2.09042 0.753153 1532.47 22 5824 1005 1 1
5245.08 -5500 -1325.21 0.970345 -2.74229 -0.723017 11593.3 22 5978 1044 1 1
-3819.03 -5500 5084.87 -1.48392 -2.13943 1.45054 4319.92 2112 5983 1 0 1
-5173.4 -5500 -2144.17 -23.4565 -30.7238 5.71644 625.631 2112 6151 1 0 1
2675.68 5500 -218.113 0.470206 4.90286 -4.04311 1717.25 2112 6169 1 0 1
-806.543 5500 -460.521 0.0485472 0.175322 -0.128693 6350.34 2112 6297 1 0 1
122.325 -5500 -2517.64 0.507337 -0.803734 -0.547786 2095.31 22 6324 1047 1 1
-4749.72 -5500 -3739.64 -3.93434 -8.13909 -1.78213 1520.13 2112 6336 1 0 1
1161.52 5500 -1007.81 4.91121 1.05173 -0.953534 1965.87 2112 6357 1 0 1
4472.98 -5500 2296.29 0.563843 -0.874732 -0.165279 10742.3 22 6420 1006 1 1
800.158 -5500 1632.43 -1.12753 -3.74702 -0.631844 1064.92 2112 6653 1 0 1
1552.42 -5500 -4261.18 -1.24469 -4.40453 -2.40061 493.881 22 6725 1078 1 1
1395.53 5500 2105.46 -0.293138 0.487255 0.0181976 7626.72 2112 6760 1 0 1
2813.83 -5500 4346.68 0.535452 -6.61 0.619676 6403.72 22 6892 1034 1 1
-857.879 5500 -900.191 0.0589762 0.114829 -0.314067 9340.11 2112 7042 1 0 1
3230.19 5500 1778.52 0.0413266 0.206707 -0.127821 536.112 22 7096 1036 1 1
1888.83 5500 3834.93 -1.45296 3.91668 0.949428 535.427 11 7096 1062 1060 1
-2036.33 5500 2055.29 -0.112631 0.985111 -0.248302 4291.88 2112 7335 1 0 1
-4743.8 5500 1053.64 -28.4454 21.8168 -10.8052 599.637 2112 7410 1 0 1
-3715.86 -5500 2468.49 -1.06253 -1.10946 -0.297676 5243.01 2112 7417 1 0 1
3332.63 -5500 1770.93 0.632641 -0.985862 -0.235077 8981.46 22 7459 1041 1 1
-1763.76 -5500 -4763.36 -0.0912697 -0.788813 -1.47161 5775.96 2112 7577 1 0 1
-4262.31 5500 2512.81 -0.561979 0.616282 0.0909836 9671.29 2112 7655 1 0 1
-1687.92 -5500 3712.42 0.0485021 -0.955974 0.579279 5444.39 2112 7741 1 0 1
-1574.29 -5500 -2294.29 -1.67522 -8.5734 -0.147574 772.934 2112 7806 1 0 1
3341.93 5500 2527.7 0.303893 0.386836 0.0339971 61453.9 22 7913 1090 1084 1
67.6508 -5500 -2235.57 9.70802 -11.0986 -23.6784 1084.01 2112 8011 1 0 1
1297.4 5500 -694.233 7.6148 10.4766 0.778811 535.416 2112 8200 1 0 1
-2069.85 -5500 2478.57 -23.0398 -22.5005 9.49152 1142.46 2112 8296 1 0 1
4010.59 5500 2156.84 2.65121 15.7474 16.5236 742.866 2112 8345 1 0 1
2982.64 -5500 -1553.9 2.53238 -4.5159 2.71912 2703.26 2112 8388 1 0 1
961.863 -5500 -855.112 -1.53461 -1.41387 -0.882998 1560.14 2112 8557 1 0 1
4234.35 -5500 1795.39 0.912243 -0.901382 -0.365057 6166.49 2112 8715 1 0 1
-495.888 -5500 -400.48 -0.0687168 -0.101873 -0.233502 7902.99 2112 8771 1 0 1
-1057.69 -5500 471.268 0.020183 -0.248539 0.00506739 7389.83 2112 8840 1 0 1
1863.14 -5500 1251.64 0.0481414 -0.130836 -0.0314467 7194.35 22 8855 1054 1 1
4582.02 -5500 356.696 5.49682 -0.616196 -0.539636 2484.27 2112 8862 1 0 1
-1620.95 -5500 -516.785 -0.045074 -0.323792 0.161908 6492.44 2112 9008 1 0 1
621.083 5500 -4368.88 -4.72995 11.0669 -3.97263 982.38 2112 9166 1 0 1
-642.911 -5500 1100.84 0.100276 -0.695919 0.0387823 2288.46 2112 9259 1 0 1
685.091 -5500 -1285.28 25.579 -15.214 -7.12339 467.055 2112 9340 1 0 1
56.6219 -5500 2644.2 -1.08813 -3.74669 3.90981 948.591 2112 9372 1 0 1
-1439.96 -5500 -2431.46 -0.171913 -0.350047 0.025786 10053.6 2112 9491 1 0 1
5477.84 5500 -2001.41 1.50351 1.34574 -0.731055 5125.1 22 9511 1066 1 1
16.203 -5500 -3292.25 -0.0517968 -0.126636 0.00381305 2512.15 22 9532 1005 1 1
-1147.37 5500 263.179 -0.0387618 0.147612 -0.0405158 6445.63 22 9648 1062 1 1
3817.22 -5500 1223.41 0.292205 -0.960161 0.160626 5645.42 2112 9674 1 0 1
-5363.5 -5500 -3102 -4.48424 -2.99764 -5.79702 1934.03 2112 9719 1 0 1
-2611.71 5500 1727.76 -3.29202 21.22 2.17509 593.737 2112 9958 1 0 1
381.524 -5500 518.277 -10.5488 -26.9996 0.518557 425.231 2112 10023 1 0 1
2497.66 -5500 -1000.66 0.098464 -0.773072 -0.226475 3872.74 22 10087 1084 1 1
4097.94 -5500 -3656.31 0.183493 -0.524627 -0.491577 12376.5 22 10120 1091 1 1
3702.3 5500 -51.5065 1.14094 5.1031 3.74376 1428.9 2112 10132 1 0 1
-4397.92 -5500 -1348.79 -2.07793 -6.83429 1.65999 1533.73 2112 10154 1 0 1
-2242.48 5500 2191.39 -0.0291131 0.0710252 -0.00493488 10685 22 10178 1005 1 1
-5439.61 -5500 766.381 -7.50179 -5.84478 5.50835 1232 2112 10475 1 0 1
4320.34 5500 -3403.69 0.0448315 0.0900225 -0.118532 394.84 22 10516 1004 1 1
2349.84 5500 -820.24 0.0492845 0.695088 -0.0947745 10178.9 22 10782 1070 1 1
-512.665 5500 3588.72 4.45934 8.04722 0.18901 1189.79 2112 10932 1 0 1
483.625 -5500 -4162.5 -0.671275 -0.976525 -0.750843 5252.47 2112 10944 1 0 1
-797.571 -5500 -4670.83 -7.23467 -8.72134 -24.7485 1491.07 2112 11003 1 0 1
-1224.9 -5500 -3709.24 0.0245318 -0.632374 -0.983839 5409.72 2112 11133 1 0 1
4441.2 -5500 85.3843 0.727614 -1.48117 -0.743867 8318.66 22 11189 1081 1 1
-1692.69 5500 -1497.73 1.29121 15.1394 3.7675 1917.61 2112 11247 1 0 1
-2563.74 5500 -1028.57 -0.204619 2.56038 1.30919 1885.85 2112 11413 1 0 1
4353.02 5500 -921.132 5.0159 3.85036 4.43294 1769.44 2112 11429 1 0 1
-1682.45 -5500 2156.33 -8.02132 -42.276 3.63643 448.523 2112 11466 1 0 1
-2326.34 5500 -3619.43 -0.458532 0.794744 0.0733669 9187.24 2112 11594 1 0 1
-2590.77 5500 4673.82 0.342718 0.831776 1.19016 855.969 22 11648 1038 1 1
2289.34 -5500 -453.473 -0.152379 -1.17384 0.826228 3144.12 2112 11725 1 0 1
-684.303 -5500 2271.1 -10.2641 -12.7647 11.789 538.05 2112 11953 1 0 1
4749.9 5500 993.122 0.700715 0.905983 -0.431 6884.51 2112 12002 1 0 1
3476.9 5500 -2837.78 9.80731 29.7601 -6.26586 585.591 2112 12010 1 0 1
-1721.35 5500 -773.653 4.45796 30.6537 -15.5344 447.99 2112 12030 1 0 1
-4201.14 -5500 -5069.4 -1.6243 -0.610918 -1.06201 6934.69 2112 12042 1 0 1
-4932.61 -5500 -3364.91 -0.281152 -0.429048 -0.0465173 2955.05 22 12056 1006 1 1
-3933.83 -5500 1978.77 -4.20718 -23.6915 -0.619727 687.667 2112 12284 1 0 1
-217.606 5500 -1104.43 -3.79967 43.117 -0.982327 406.988 2112 12437 1 0 1
2548.99 5500 2390.85 -2.78233 23.772 4.43355 600.459 2112 12489 1 0 1
-2013.05 5500 4919.31 0.00554762 0.0535062 0.0539503 6426.63 22 12513 1033 1 1
-2284.76 5500 2268.69 -0.00437092 0.111668 -0.0485339 6424.72 22 12513 1036 1 1
-4166.89 5500 2994.5 -1.10098 1.0278 -0.0343085 6426.78 22 12513 1054 1 1
-1415.98 5500 3867.72 0.171444 0.367965 0.207793 6425.47 22 12513 1055 1 1
-2349.1 5500 2803.75 -0.0291374 0.335659 -0.0218409 6428.77 11 12513 1057 1055 1
-371.168 5500 4461.94 0.110098 0.116701 0.0771957 6428.68 22 12513 1059 1056 1
3125.99 5500 3848.33 15.7349 16.0152 8.03609 700.078 2112 12516 1 0 1
3545.92 -5500 -3384.45 7.36698 -12.6102 0.090303 951.09 2112 12640 1 0 1
4439.89 5500 -4906.21 0.167669 0.269296 -0.208595 14396.1 22 12658 1004 1 1
4719.07 -5500 1695.85 0.605645 -31.105 -1.37426 1082.51 2112 12713 1 0 1
2419.16 5500 -429.01 1.59289 0.439532 -1.12792 11005.5 22 12759 1055 1 1
1129.7 5500 558.006 0.737933 4.41876 0.353607 11001.1 22 12759 1072 1 1
848.318 5500 1873.5 0.0364448 0.139025 0.174687 1281.33 22 12850 1004 1 1
-1562.55 5500 -2233.05 0.0916051 0.400027 -0.233164 7977.66 2112 12867 1 0 1
-1341.31 5500 4950.03 -0.264767 0.29718 0.321239 389.234 22 13231 1003 1 1
716.532 5500 -1428.38 -0.472815 14.1532 7.09559 1701.86 2112 13314 1 0 1
213.904 -5500 -122.021 -0.535532 -4.29959 -0.433446 662.817 2112 13484 1 0 1
-5058.95 5500 -3836.76 -0.936099 1.65776 -0.0826759 6987.18 2112 13486 1 0 1
-3811.57 -5500 4586.12 -1.16366 -2.58268 0.0176035 5258.57 2112 13496 1 0 1
-2711.46 -5500 545.945 -7.99876 -8.66393 0.828909 680.887 2112 13510 1 0 1
1563.07 5500 -3325.59 -0.168853 0.981054 0.225612 8896.9 2112 13544 1 0 1
2912.43 5500 -5348.58 0.0861501 0.0952852 -0.11943 25085.8 22 13558 1004 1 1
-4562.11 5500 -2733.99 -1.87154 1.851 -0.984812 3108.59 2112 13566 1 0 1
2546.73 -5500 1988.01 1.14336 -35.8492 5.83113 747.857 2112 13647 1 0 1
261.58 5500 2148.94 -0.172948 0.250319 0.142219 9254.64 2112 13679 1 0 1
3181.62 -5500 -1340.19 1.2715 -0.940435 -0.811993 2921.25 22 13744 1074 1072 1
-3926.65 5500 1994.94 -3.66146 3.55784 4.01691 404.358 22 13795 1059 1 1
-126.379 -5500 -2495.39 0.966723 -1.8819 -1.2116 700.308 22 13927 1064 1 1
-965.843 5500 -1768.38 -1.32909 0.692637 0.0638986 2989.46 2112 13972 1 0 1
-1864 -5500 5379.08 0.621142 -3.33893 5.61789 1893.87 2112 13973 1 0 1
2836.22 -5500 -153.829 0.0653025 -16.5443 -1.11649 655.773 2112 14002 1 0 1
1324.25 5500 -2919.54 -0.570098 0.894109 -0.949374 4289.86 2112 14024 1 0 1
986.601 5500 -823.682 -1.07812 1.92651 -0.261576 5823.47 22 14055 1004 1 1
5426.92 -5500 -2768.22 4.62785 -4.92419 -3.40318 1707.8 2112 14078 1 0 1
1776.18 5500 2213.14 1.52431 7.51175 -3.09341 958.416 2112 14119 1 0 1
-4849.37 -5500 1949.53 -8.42156 -4.92463 1.6773 2072.36 2112 14202 1 0 1
165.759 5500 -3751.24 0.000742229 1.04966 -1.98841 2797.68 2112 14214 1 0 1
2138.2 5500 -2934.62 0.785083 5.23492 -0.898771 1237 2112 14300 1 0 1
-3235.77 5500 -4110.36 -1.07795 1.77957 0.15746 6155.41 2112 14347 1 0 1
-2829.55 5500 1515.42 7.25635 20.0788 8.75243 642.375 2112 14394 1 0 1
-1092.1 -5500 -976.126 0.120674 -0.18674 0.0985084 429.134 22 14445 1020 1015 1
3082.67 5500 -355.562 -2.19601 31.1725 -2.90214 517.852 2112 14627 1 0 1
2573.31 5500 -1561.97 0.337758 1.61198 0.734657 453.878 22 14762 1034 1 1
3873.35 5500 -2180.83 6.11473 14.5539 -5.51673 749.853 2112 14773 1 0 1
199.095 -5500 1500.18 0.745042 -1.15931 0.138019 1888.37 2112 15055 1 0 1
214.719 5500 3349.03 -11.4566 18.6784 1.50887 670.56 2112 15107 1 0 1
1058.93 -5500 -5133.53 -10.4972 -27.0624 -12.4549 700.539 2112 15165 1 0 1
-1810.9 -5500 4699.58 -4.70959 -27.5295 13.6997 621.745 2112 15179 1 0 1
-2042.62 -5500 2925.86 1.10457 -14.1659 3.87769 752.694 2112 15197 1 0 1
-1371.37 5500 3526.92 -1.2605 21.4524 -1.33894 703.045 2112 15251 1 0 1
-3230.1 5500 3004.56 -0.0475935 0.356664 0.307799 8836.54 22 15331 1008 1005 1
1925.57 -5500 2644.62 0.0436652 -0.39404 0.0399308 9127.73 22 15364 1056 1 1
1665.31 -5500 4599.75 -0.0107715 -0.136486 0.174043 9131.76 22 15364 1060 1 1
1480.25 5500 817.835 1.23267 3.02788 -1.53585 1011.05 2112 15482 1 0 1
-2666.48 -5500 2165.01 -0.0897016 -0.131948 -0.0102524 685.9 22 15506 1059 1 1
-1273.13 -5500 -1528.89 0.678279 -2.59011 -0.0570052 1324.75 2112 15775 1 0 1
968.308 5500 2198.94 0.584117 1.66306 0.911469 1773.96 2112 15916 1 0 1
5226.83 5500 4900.93 1.19481 0.649153 0.280042 2503.96 22 16013 1067 1055 1
4094 5500 5411.32 3.04862 3.34437 1.94406 2796.22 2112 16063 1 0 1
-359.313 -5500 3225.93 -0.381295 -0.599768 0.225713 6812.81 2112 16112 1 0 1
640.063 5500 -2359.7 0.544944 1.89137 -1.16459 1528.55 2112 16714 1 0 1
5011.87 -5500 -5427.67 5.42961 -26.7924 -24.6607 796.511 2112 16793 1 0 1
-2455.36 -5500 784.46 1.17986 -19.1388 0.42088 561.58 2112 16823 1 0 1
-3090.65 -5500 -2170.89 -0.0290317 -0.14562 -0.0992211 12522.9 22 16860 1005 1 1
-1086.86 -5500 2012 -5.51069 -15.4133 7.20934 552.174 2112 16917 1 0 1
-3383.82 5500 4985.32 -0.802239 0.835188 1.09183 6477.86 2112 16925 1 0 1
-205.926 5500 989.706 -2.19517 22.2608 27.378 431.492 2112 17055 1 0 1
-2170.79 -5500 -1751.4 -1.46451 -2.52292 2.54336 2627.15 2112 17189 1 0 1
-326.619 -5500 -1052.97 -0.360273 -0.470308 0.217159 3636.29 2112 17491 1 0 1
-2891.9 -5500 3672 -0.575813 -1.67799 0.498215 10734.1 22 17586 1004 1 1
-689.531 5500 -4457.8 2.20608 7.70551 -6.18476 1063.84 2112 17630 1 0 1
930.827 5500 1875.89 1.1076 6.52643 -3.64866 803.553 2112 17663 1 0 1
2333.43 5500 -3371.43 11.3347 24.935 -3.11331 596.775 2112 17837 1 0 1
2183.47 -5500 1730.78 -0.0167362 -0.0310181 0.0194753 6214.96 22 17840 1005 1 1
-3358.98 -5500 -386.714 -12.0431 -20.2299 -1.12625 556.078 2112 18047 1 0 1
405.619 -5500 -3176.16 4.07147 -2.76528 -1.38871 2488.48 2112 18122 1 0 1
-3583.94 -5500 -1403.94 -0.952331 -0.562504 -0.53451 5591.4 2112 18137 1 0 1
4063.1 5500 -205.699 0.578505 1.82274 -0.00516317 4426.25 2112 18210 1 0 1
-4349.12 5500 3032.3 -0.411219 1.47842 0.323371 5948.44 2112 18292 1 0 1
-3940.93 5500 -962.286 -4.17802 2.07209 -0.602443 1641.2 2112 18455 1 0 1
4236.09 5500 1910.14 2.79955 2.66392 2.92996 3239.54 2112 18521 1 0 1
2589.28 5500 -1206.29 6.96807 9.67042 -10.3279 648.45 2112 18537 1 0 1
979.116 5500 2534.43 0.419922 1.90956 -0.0433732 2171.17 2112 18639 1 0 1
-2105.43 -5500 3122.59 0.594367 -2.57844 0.42214 2747.27 2112 18684 1 0 1
1356.34 -5500 2206.32 -0.789833 -5.42808 4.03358 877.817 2112 19075 1 0 1
-3757.55 5500 -5477.87 -0.0619313 0.109616 -0.0491793 409.061 22 19141 1086 1 1
876.334 -5500 56.9541 -0.504924 -0.629852 0.950372 2569.32 2112 19267 1 0 1
-2243.55 -5500 479.121 -10.6536 -33.3114 -10.8925 456.223 2112 19311 1 0 1
2655.87 5500 223.009 -0.653724 1.14626 0.160597 5044.15 2112 19342 1 0 1
705.71 5500 1587.82 1.57558 2.47953 0.669357 1083.21 2112 19486 1 0 1
-1313.53 5500 -1873.58 0.386639 1.14315 -2.4049 2190.18 2112 19521 1 0 1
4199.18 -5500 -1646.44 0.171114 -2.21473 -0.0884022 3740.69 22 19659 1004 1 1
27.2683 5500 1701.35 3.36313 5.43858 13.8066 603.817 2112 19742 1 0 1
-2538.95 5500 -1587.59 0.0509768 0.10795 0.0173132 7891.28 22 19743 1061 1 1
1193.64 5500 4690.75 0.49181 4.03904 7.75245 1265.51 2112 19752 1 0 1
-5116.38 -5500 1510.78 -17.3595 -0.77165 5.30501 1302.73 2112 19998 1 0 1
2459.54 -5500 -2008.61 2.66206 -2.87694 -2.64718 1282.55 2112 20115 1 0 1
1905.71 5500 1133.29 0.0214813 0.0501694 0.0769763 2972.65 22 20244 1034 1 1
-1759.2 -5500 -611.553 -0.0233002 -0.610247 -0.284115 4383.85 2112 20289 1 0 1
-4195.04 5500 -1296.32 -3.74065 16.4108 -0.833535 789.4 2112 20373 1 0 1
1483.67 -5500 2285.84 0.099944 -0.335509 0.0775266 9840.28 2112 20497 1 0 1
-4264.82 5500 -1629.4 -2.70239 3.318 2.66338 4016.41 2112 20551 1 0 1
3019.55 5500 3820.1 9.58505 26.3558 16.3701 596.013 2112 20574 1 0 1
-702.513 -5500 1631.24 -0.191346 -0.572619 -0.275739 15769.1 22 20643 1033 1 1
615.787 5500 -2910.01 -0.189792 1.88373 0.0507341 2537.05 2112 20727 1 0 1
2555.16 -5500 1696.17 -0.361875 -1.86669 0.345126 2673.06 2112 20776 1 0 1
1395.63 5500 41.7252 0.33777 2.61701 -1.61696 1013.13 2112 21107 1 0 1
1591.44 -5500 -362.294 -0.0731227 -1.09436 -0.566878 1983.99 2112 21124 1 0 1
2268.14 5500 -1465.03 0.210013 1.38383 -0.908361 2418.8 2112 21214 1 0 1
-1339.9 5500 2871.47 -0.114962 7.25128 1.13995 956.094 2112 21254 1 0 1
-3884.42 -5500 2381.35 -0.0543578 -0.0546563 0.00191665 8470.66 22 21333 1095 1 1
-3108.17 5500 5005.72 0.0300977 1.18962 0.456937 13400.1 22 21394 1058 1 1
41.0404 5500 -3147.66 12.889 29.9052 -14.539 1218.17 2112 21724 1 0 1
-5121.14 -5500 -637.006 -1.02921 -3.32211 0.264125 3961.33 2112 21825 1 0 1
-1537.09 5500 1399.24 1.81545 31.6792 18.0885 442.79 2112 21925 1 0 1
-2904.11 5500 455.955 0.237764 5.02868 -2.8389 7337.68 22 22061 1046 1 1
2003.08 5500 -563.304 0.148166 0.31127 -0.233088 7140.84 2112 22125 1 0 1
250.067 5500 -3516.84 1.66165 2.24348 -2.79499 1693.99 2112 22151 1 0 1
1240.75 5500 -4099.9 0.0927082 1.31296 -0.0452895 6069.44 2112 22367 1 0 1
-899.248 -5500 -503.025 -0.0183478 -0.162315 0.18508 8126.53 2112 22522 1 0 1
1603.02 5500 651.216 -0.584382 1.27288 -0.94466 2431.24 2112 22606 1 0 1
3805.62 5500 4228.65 0.0762075 0.40767 0.15378 7824.12 22 22649 1062 1 1
4674.6 5500 260.37 0.984682 1.99053 0.27936 3470.78 2112 22679 1 0 1
2160.04 -5500 -20.7996 5.12461 -9.88649 12.7343 611.117 2112 22778 1 0 1
2673.1 5500 2146.33 -0.306427 1.18968 0.0988171 5281.8 2112 22796 1 0 1
-2892.97 -5500 -729.548 -20.4863 -11.6964 -10.5484 552.271 2112 22835 1 0 1
-2904.68 -5500 443.62 -0.0350883 -0.0565809 0.0421308 11617.9 22 22851 1102 1 1
-5037.45 5500 340.188 -1.54177 1.95524 0.585959 3381.13 2112 22857 1 0 1
1635.48 5500 718.383 -0.0081665 0.420507 -0.218872 5085.5 2112 22896 1 0 1
-5484.78 5500 -2774.27 -13.5003 24.7392 3.51861 844.836 2112 23008 1 0 1
-674.141 -5500 479.511 -0.260067 -1.98205 0.972741 3930.71 22 23065 1006 1 1
-872.965 5500 -3463.09 -1.71169 1.31121 -1.25672 2706.66 2112 23129 1 0 1
1579.08 5500 4161.88 2.46533 1.8271 0.907493 2044.61 22 23164 1055 1 1
-2101.31 -5500 3942.24 -3.26611 -24.2303 4.96272 664.143 2112 23189 1 0 1
836.724 5500 2516.5 11.456 26.8158 20.9761 466.111 2112 23247 1 0 1
-5498.29 -5500 -2438 -2.89535 -0.751899 -1.56639 3926.99 2112 23298 1 0 1
1414.64 -5500 2205.37 -1.02969 -6.95238 4.00102 777.108 2112 23347 1 0 1
-264.537 5500 -1586.86 -1.21425 1.28069 -0.955316 1486.83 2112 23364 1 0 1
647.589 5500 -614.776 -0.00888892 0.103116 0.0306446 609.811 22 23568 1068 1067 1
-1164.8 5500 5413.84 1.61439 2.31621 8.34051 1787.46 2112 23579 1 0 1
-2393.25 -5500 -3783.82 -9.50077 -10.3497 -31.9077 622.238 2112 23676 1 0 1
1584.54 -5500 -1746.12 0.211367 -0.449034 -1.03676 3797.65 2112 23963 1 0 1
1589.83 5500 4466.73 0.359718 3.6255 0.489184 2707.66 2112 23968 1 0 1
-4085.2 5500 5375.9 -2.06201 9.90788 13.1164 1168.39 2112 23996 1 0 1
4397.29 5500 1160.16 -0.0293794 1.76683 1.01635 5211.1 2112 24098 1 0 1
-1608.03 5500 -1057.59 -0.897229 0.205713 -0.391597 5032.16 2112 24228 1 0 1
-2258.57 -5500 -3603.13 -3.15039 -5.78558 -1.29401 1313.64 2112 24246 1 0 1
-683.412 -5500 -1603.58 0.0748912 -0.224542 -0.14983 8087.24 2112 24306 1 0 1
3856.88 5500 4270.46 0.554335 1.81083 1.16429 17657.4 22 24310 1004 1 1
-3134.19 -5500 -3052.44 -5.0882 -9.76154 -0.803307 1014.06 2112 24380 1 0 1
1735.99 -5500 -2647.85 -0.645059 -1.5541 -1.4545 542.151 22 24612 1005 1 1
4908.4 -5500 -4335.21 0.48863 -1.42368 -0.582836 8681.75 2112 24682 1 0 1
407.054 -5500 221.795 0.810438 -1.34019 -1.21328 1107.65 2112 24712 1 0 1
3707.34 -5500 1147.48 -6.42349 -36.9421 4.00645 1060.25 2112 24829 1 0 1
-243.959 -5500 1516.45 0.155509 -0.25281 0.227229 5539.96 2112 24924 1 0 1
5262.69 -5500 -515.105 0.450198 -0.849266 0.308097 7322.99 22 24974 1080 1 1
4531.99 -5500 -1790.22 1.34944 -1.04463 0.757358 6558.53 2112 25167 1 0 1
-2953.36 5500 2038.63 0.00129686 0.954272 -0.118268 6240.97 2112 25189 1 0 1
959.789 5500 4175.13 -5.49728 29.8055 18.5476 553.74 2112 25196 1 0 1
3662.03 5500 71.6947 0.19891 0.248929 0.0199345 8321.71 22 25318 1057 1 1
-3595.17 5500 4851.64 -10.9223 8.77581 8.66789 1005.94 2112 25437 1 0 1
3936.35 5500 678.113 0.996933 1.34491 -0.579817 3749.65 2112 25474 1 0 1
1462.32 5500 -2873.77 8.24565 35.1267 2.29448 527.342 2112 25556 1 0 1
2780.76 5500 2789.38 0.374183 1.74763 1.32579 2834.03 2112 25574 1 0 1
417.713 -5500 1412.66 -0.131151 -0.458171 0.45317 3138.98 2112 25651 1 0 1
-111.818 5500 3961.66 0.150365 0.576411 0.214634 9884.98 22 25867 1090 1 1
1665.66 5500 -1837.53 -2.35089 2.9784 -1.03571 1459.96 22 25922 1121 1 1
-2058.74 -5500 -943.44 -11.8222 -13.3235 -6.50655 531.052 2112 25985 1 0 1
-2800.96 -5500 1663.54 0.0279521 -0.105298 -0.026398 2458.62 22 25999 1032 1 1
-4442.33 -5500 2751.05 -0.517724 -0.996083 0.280256 2459.26 22 25999 1046 1 1
2443.39 5500 -1300.71 -0.309062 0.73124 -0.0652564 7065.47 2112 26164 1 0 1
-3452.43 -5500 438.792 -0.260903 -0.942043 0.221947 4782.61 2112 26167 1 0 1
-1481.4 5500 1704.35 -6.96688 16.4577 11.7671 491.529 2112 26174 1 0 1
-315.33 -5500 -1858.57 1.66053 -9.72094 -9.85786 566.123 2112 26208 1 0 1
4753.01 -5500 -1961.59 3.95547 -4.29625 0.11657 1710.27 2112 26210 1 0 1
4895.48 5500 -4299.65 1.01879 19.2566 -9.43143 1105.6 2112 26463 1 0 1
2896.8 -5500 4568.38 0.0388554 -1.15392 1.28313 5638.27 2112 26494 1002 1 1
-1586 5500 3283.95 -0.0921975 0.12469 -0.0107705 424.101 22 26646 1073 1 1
1492.27 5500 -415.561 -0.454736 0.513908 -0.367458 5483.08 2112 26695 1 0 1
-1500.21 -5500 -1316.47 -0.297627 -0.652088 -0.106865 10103.3 22 26731 1041 1 1
4844.44 -5500 4130.74 0.121781 -0.343434 0.203529 10793.4 22 26794 1047 1 1
-380.623 5500 803.524 -0.0274652 0.042553 -0.0592626 10171.1 22 26893 1060 1059 1
159.756 5500 1572.49 0.520228 1.03735 0.440686 10169.7 22 26893 1068 1059 1
2072.31 5500 1057.1 1.93723 4.07837 -1.16868 951.839 2112 26901 1 0 1
124.487 5500 -2453.16 0.0981545 0.474233 -0.129923 7027.16 2112 27003 1 0 1
358.839 -5500 -623.229 0.0775866 -0.128618 -0.00641868 8952.58 2112 27005 1 0 1
-3049.78 -5500 2089.27 -4.5146 -4.06569 3.91204 1076.84 2112 27014 1 0 1
4727.88 -5500 5441.73 3.47702 -5.14607 4.05636 10742.9 22 27306 1074 1 1
-1667.55 -5500 -2337.9 0.815243 -2.61532 1.1335 2870.74 2112 27440 1 0 1
-5215.49 5500 -51.4603 -8.90763 18.8783 11.0715 817.511 2112 27485 1 0 1
-4846.33 5500 1886.37 -31.4673 19.3224 -3.90669 620.7 2112 27545 1 0 1
-4020.08 -5500 -973.783 -27.9645 -17.6544 -14.3893 551.264 2112 27593 1 0 1
-1662.03 5500 1012.1 -13.0341 5.0542 -5.5189 745.222 2112 27596 1 0 1
-4735.14 5500 2937.54 -1.83718 2.14883 0.241184 4177.14 2112 27650 1 0 1
3068.17 5500 -3614.28 -0.0873885 4.04843 -0.338956 2755.15 2112 27651 1 0 1
-1360.17 -5500 5114.64 0.891087 -1.9646 2.44982 3262.29 2112 27661 1 0 1
-1119.86 5500 2195.14 0.0145466 0.0396019 0.0104374 6899.77 22 27737 1005 1 1
-4771.12 -5500 -924.107 -0.571369 -0.391565 0.405467 7011.19 22 27802 1031 1 1
-1189.31 5500 -402.048 -0.630325 0.552994 0.667533 3701.75 2112 27888 1 0 1
2294.3 5500 -2082.06 0.574613 0.946482 -0.134827 3976.24 2112 27943 1 0 1
-5263.1 -5500 1283.18 -0.401462 -1.69753 -0.26438 7003.14 2112 27960 1 0 1
-1644.39 -5500 -2080.52 -0.640893 -1.7343 0.312648 2154.25 2112 27980 1 0 1
30.1501 5500 -786.215 0.0817779 0.236178 -0.149348 4520.41 2112 28448 1 0 1
3172.61 5500 990.682 1.07811 21.5202 -13.9528 695.135 2112 28465 1 0 1
1356.73 -5500 -1835.57 -0.0103544 -0.168921 -0.074768 1464.34 22 28575 1004 1 1
3008.7 -5500 270.906 0.267128 -0.109157 0.300364 1470.25 22 28575 1010 1007 1
235.147 5500 -969.875 -2.07412 6.3007 -2.92371 617.05 2112 28806 1 0 1
192.978 -5500 -2962.11 -3.81365 -2.77483 -2.78472 2258.42 2112 28942 1 0 1
-137.136 -5500 -1943.59 0.0346171 -0.315187 -0.30027 5488.72 2112 29087 1 0 1
980.136 -5500 741.307 -0.264081 -0.270267 0.22716 52637.7 22 29109 1021 1 1
-3313.89 5500 3041.66 -0.760427 12.0287 1.07741 1032.82 2112 29172 1 0 1
-3500.18 5500 -382.711 -0.0687538 0.476767 0.0680496 9992.48 2112 29329 1 0 1
-1010.5 -5500 -3458.47 0.0204864 -5.24878 0.785691 1613.64 2112 29342 1 0 1
-1935.52 5500 3758.14 -0.880738 4.50739 -0.823564 2380.61 2112 29368 1 0 1
5211.64 5500 -1583.01 0.592998 1.10151 -0.171698 7252.6 2112 29381 1 0 1
-2376.43 5500 1143.34 -0.726014 1.24778 0.349862 2486.14 2112 29412 1 0 1
902.821 -5500 4624.87 -10.0675 -26.3748 21.6663 593.552 2112 29473 1 0 1
-2708.78 -5500 -1307.46 -0.78412 -1.33118 0.145504 2766.21 2112 29622 1 0 1
1195.42 5500 -1973.3 0.961361 1.21403 0.683242 2703.74 2112 29655 1 0 1
-1094.15 -5500 2506.68 0.42604 -2.33001 0.83428 1658.76 2112 29662 1 0 1
-434.824 5500 2060.07 12.2713 30.028 -0.8401 467.179 2112 29711 1 0 1
61.0304 5500 1941.16 -3.18085 5.21671 0.976826 797.642 2112 29722 1 0 1
2563.5 -5500 3412.03 0.494663 -0.87368 1.45794 4254.33 2112 29880 1 0 1
-1533.15 -5500 820.717 0.230685 -2.1205 0.626269 17466.8 22 29889 1003 1 1
-350.236 -5500 2747.35 0.0783237 -0.357695 -0.0423412 5742.09 22 29918 1029 1 1
327.268 -5500 -3690.68 -16.1138 -30.992 5.08438 665.727 2112 30061 1 0 1
-5099.54 5500 -3811.89 -30.277 23.6764 -5.6663 673.498 2112 30149 1 0 1
-25.1763 -5500 -304.387 0.524896 -3.25449 3.17696 714.24 2112 30162 1 0 1
442.744 -5500 -4304.44 0.840626 -2.28303 -1.27461 2566.38 2112 30266 1 0 1
2035.03 5500 -34.0825 0.0351012 14.3927 16.6659 573.33 2112 30298 1 0 1
55.9406 -5500 -3124.44 0.351549 -0.805793 -0.323428 5073.01 2112 30320 1 0 1
2181.4 -5500 -4521.27 0.186783 -0.613676 -0.571179 10263.8 2112 30461 1 0 1
-5395.37 5500 -5269.49 -5.2714 2.65083 -1.60142 3083.96 2112 30481 1 0 1
864.59 5500 2010.97 -6.03448 13.9273 -3.57726 678.24 2112 30524 1 0 1
-1703.95 -5500 -1419.03 -12.6899 -10.6251 -1.35908 556.785 2112 30620 1 0 1
-2424.83 -5500 -2720.57 0.0749018 -0.460694 -0.165883 4567.14 22 30625 1020 1 1
-2781.3 5500 -3427.41 -0.0808811 0.119542 -0.155039 7398.55 22 30636 1027 1 1
-2864.46 5500 -1039.76 -3.07504 3.96861 2.91665 7397.14 22 30636 1030 1 1
1433.76 5500 -4184.9 -8.06748 32.0248 -11.5313 582.614 2112 30697 1 0 1
-2610.14 -5500 -3221.31 -6.63375 -4.33368 -3.48164 1110.55 2112 30736 1 0 1
1281.33 -5500 2616.32 -0.469761 -10.8449 -2.00779 811.468 2112 30759 1 0 1
4956.38 -5500 -2821.03 1.51878 -0.792752 -0.598175 5446 2112 30762 1 0 1
-2210.97 5500 -436.482 0.368189 3.01092 -5.33762 1611.18 22 30839 1054 1 1
1383.78 5500 -4671.95 3.58911 13.5699 1.33463 1333.01 2112 30988 1 0 1
3644.32 -5500 4916.73 0.291968 -4.93689 1.66732 2851.87 2112 31035 1 0 1
4355.14 -5500 -483.036 7.01227 -31.0925 -24.1584 600.309 2112 31097 1 0 1
1658.38 -5500 3371.49 -0.740989 -5.93244 1.39233 1303.56 2112 31132 1 0 1
3563.89 5500 3579.66 2.42166 5.29622 -0.452589 3026.22 22 31159 1056 1 1
-1122.14 -5500 4111.63 0.154513 -0.863758 0.34831 435.025 22 31182 1066 1 1
1087.88 -5500 -1421.38 0.169078 -0.618315 0.307865 5743.65 22 31251 1095 1 1
-5009.44 -5500 2241.71 -1.55657 -1.40344 1.44832 3892.49 2112 31351 1 0 1
-5450.87 5500 -4685.67 -8.78278 6.54967 -1.39168 1749.7 2112 31373 1 0 1
-2142.44 5500 -4964.92 -0.113837 0.561309 -0.699774 9865.59 2112 31484 1 0 1
1285.73 5500 -334.688 5.83406 11.678 -7.03372 516.271 2112 31656 1 0 1
2730.14 -5500 1388.06 0.292282 -1.03632 1.13725 1454.73 22 31671 1003 1 1
-3210.99 5500 1778.91 -0.329525 0.767245 -0.364472 7400.13 2112 31775 1 0 1
-3960.23 -5500 4100.61 -0.266687 -0.422968 0.0376172 6847.47 22 31850 1057 1 1
-3047.78 -5500 3555.95 -0.157229 -0.505 -0.0707695 6846.14 22 31850 1064 1 1
1158.17 -5500 3392.24 -0.00746176 -0.417966 0.248983 9197.84 2112 31900 1 0 1
1165.83 5500 -5123.08 -0.34927 7.29132 -4.69546 1322.17 2112 32021 1 0 1
63.1041 -5500 -899.622 -0.0996916 -0.149412 0.0513643 8512.06 2112 32227 1 0 1
2347.01 -5500 -559.525 -0.0536224 -0.589403 -0.33835 5213.14 2112 32342 1 0 1
-2340.62 -5500 -255.053 -0.0962875 -0.340255 0.106878 7753.22 2112 32649 1 0 1
481.838 -5500 2349.72 0.0526315 -0.280497 0.178636 7918.31 2112 32682 1 0 1
-125.5 5500 2869.51 -0.0580085 14.3972 0.726487 662.321 2112 32745 1 0 1
-1827.01 -5500 -2021.11 -14.5964 -32.5698 -12.4603 458.724 2112 32771 1 0 1
-3864.49 5500 -4268.75 0.0115853 0.946311 -0.747482 1328.37 22 32793 1061 1 1
4553.92 -5500 -3677.96 0.30117 -0.84858 -1.05187 8073.73 2112 33029 1 0 1
-830.511 5500 1237.92 -7.41165 14.8077 -4.83012 510.708 2112 33334 1 0 1
1366.48 5500 4688.07 0.834995 3.34642 0.367503 3017.15 2112 33393 1 0 1
-982.998 -5500 2542.2 -0.13515 -0.675553 0.0669733 4990.02 2112 33475 1 0 1
2701.05 -5500 -1071.43 0.279892 -3.2096 -0.688525 1434.83 2112 33501 1 0 1
3157.44 -5500 -2416.8 -0.0506313 -33.0948 -11.6415 554.001 2112 33569 1 0 1
4132.58 -5500 176.915 0.69862 -0.91133 0.251302 5393.8 2112 33596 1 0 1
-1296.4 5500 1545.12 0.700491 6.2244 -1.10727 1135.87 2112 33616 1 0 1
-439.172 5500 2844.49 -0.138867 0.429692 0.13683 7421.19 2112 33643 1 0 1
-4307.61 5500 2335.66 -6.51148 14.994 -2.13947 881.082 2112 33737 1 0 1
-3518.75 -5500 -1812.64 1.05918 -5.36383 -1.30613 1758.22 2112 33781 1 0 1
3148.58 5500 -3031.44 0.410658 0.415748 -0.951401 10451.6 22 33999 1081 1 1
-5224.89 -5500 3166.51 -6.13116 -7.6522 0.274944 2402.53 2112 34041 1 0 1
2886.5 -5500 -32.3544 0.362198 -2.28538 -1.78687 2918.55 2112 34120 1 0 1
1142.06 5500 2775.44 3.37192 3.12429 1.7938 2973.41 22 34133 1058 1 1
-231.218 5500 3273.77 -0.0407156 0.069809 0.0671001 2974.3 22 34133 1059 1 1
-978.609 -5500 4278.34 0.263574 -0.933611 0.127785 9141.35 2112 34181 1 0 1
4906.82 5500 2084.09 4.50116 4.52076 0.865881 1613.67 2112 34309 1 0 1
3417.98 -5500 1815.72 2.94368 -15.7407 4.48408 687.25 2112 34754 1 0 1
670.101 -5500 1065.04 -0.026807 -0.0723001 -0.0840002 5911.49 22 34784 1050 1 1
577.531 -5500 2057.97 -0.0701861 -0.115929 0.0338923 5910.96 22 34784 1071 1057 1
4337.05 5500 779.019 3.52253 2.78088 -1.77185 399.151 22 34785 1087 1 1
1964.12 5500 -472.213 1.02127 0.577361 -0.719328 2738.64 2112 34967 1 0 1
-1146.72 -5500 4442.75 -0.637896 -4.61059 0.396771 2916.57 2112 35030 1 0 1
3119.98 -5500 1030.98 8.05499 -4.47404 1.2209 1697.27 2112 35083 1 0 1
-4874.29 -5500 -1356.5 -0.274245 -5.98496 -2.70002 2174.43 2112 35187 1 0 1
-1836.68 5500 -789.044 0.528953 1.39265 -0.509379 2284.39 2112 35280 1 0 1
3312.24 -5500 5183.76 0.127955 -0.222134 0.101848 381.267 22 35344 1096 1086 1
3352.94 5500 2287.49 -0.132042 1.40215 2.27255 4040.1 2112 35424 1 0 1
-3759.23 5500 5494.39 -1.21912 1.36314 0.699987 6509.39 2112 35507 1 0 1
-1331 5500 2018.17 -0.80581 0.723808 -0.383342 910.383 22 35548 1055 1 1
-1275.27 5500 1196.5 -4.63532 32.0717 7.29505 441.92 2112 35657 1 0 1
406.81 -5500 1052.61 -15.7153 -15.7367 -5.04059 498.615 2112 35766 1 0 1
-1681.71 5500 1640.55 -3.33528 6.84041 -5.37852 831.866 2112 35781 1 0 1
1614.9 5500 2650.1 13.598 10.2963 0.172209 1529.25 2112 36241 1 0 1
4336.04 -5500 984.465 4.75269 -1.53342 2.51432 1918.07 2112 36373 1 0 1
213.752 -5500 -1409.42 1.11157 -2.92272 -0.312978 1724.58 2112 36394 1 0 1
2624.44 5500 386.897 0.0111574 38.9861 0.669558 880.915 2112 36491 1 0 1
-967.798 -5500 -4114.35 -0.0514712 -0.556623 -0.469188 6157.79 22 36539 1039 1 1
-433.004 5500 3330.13 8.42567 8.98605 10.4708 745.729 2112 36552 1 0 1
3214.8 5500 -3643.12 12.4041 18.7301 -0.0158382 759.993 2112 36559 1 0 1
700.011 5500 268.784 3.81522 1.71492 -0.0793887 868.504 2112 36652 1 0 1
3354.66 -5500 -2091.53 0.0535329 -0.215224 -0.285618 12867.7 22 36715 1044 1 1
3021.63 -5500 -2957.84 0.00979255 -0.161901 -0.317096 12869.3 22 36715 1092 1050 1
3193.77 -5500 -1296.39 1.23544 -2.13792 -3.97968 1840.5 2112 36768 1 0 1
-1884.22 5500 -4000.28 2.85797 11.415 -4.79458 967.586 2112 36856 1 0 1
-574.29 5500 2756.66 -0.515381 1.85578 1.3273 3409.65 22 37215 1032 1 1
-880.495 -5500 4528.76 0.0152246 -0.130252 0.216175 5984.58 22 37336 1050 1 1
-2708.37 -5500 2704.89 -2.3992 -1.53938 0.0208383 5984.18 22 37336 1076 1 1
-1547.91 5500 -306.967 -8.76762 12.5966 1.58803 524.34 2112 37358 1 0 1
515.225 -5500 -690.642 -8.26503 -12.7902 -1.21523 1320.63 2112 37407 1 0 1
-3790.46 -5500 820.566 -1.86811 -3.98395 -0.458024 1623.91 2112 37489 1 0 1
-246.465 -5500 696.751 -0.135207 -0.258099 0.116131 5173.79 2112 37612 1 0 1
-1297.2 -5500 -1271.87 -0.308578 -0.297756 0.360889 8575.95 2112 37647 1 0 1
-381.231 5500 3313.2 -0.791254 3.51966 -1.10612 2276.76 2112 37705 1 0 1
-2683.36 5500 -3876.37 -0.771387 1.65851 -1.26344 22677.2 22 37758 1005 1 1
1087.15 5500 4041.56 0.325955 0.740416 0.205377 7808.73 2112 37933 1 0 1
2594.08 5500 3295.33 0.763427 2.83501 -0.854012 3703.76 2112 38063 1 0 1
1160.92 5500 2664.46 -2.58847 4.92546 4.20392 1024.05 2112 38068 1 0 1
-1973.75 -5500 2788.45 -0.0254641 -0.614726 0.335171 12089.9 22 38079 1007 1 1
-2958.33 5500 -4046.12 -14.173 19.3872 -0.61276 772.092 2112 38154 1 0 1
-3569.38 -5500 -1345.31 -6.22779 -18.8971 -19.5481 603.119 2112 38171 1 0 1
1109.37 5500 858.03 0.877814 0.811269 1.3032 1784.62 2112 38212 1 0 1
-3019.78 5500 2934.43 -0.576108 0.237028 -0.0129817 24988.6 22 38430 1005 1 1
153.895 5500 1606.98 -0.611846 3.90177 2.97706 749.484 2112 38443 1 0 1
-1012.43 5500 4758.21 1.81749 2.68395 1.75908 3015.92 2112 38451 1 0 1
-4288.84 -5500 -3569.01 -2.80108 -8.02892 -8.23278 1203.26 2112 38540 1 0 1
-3963.28 -5500 459.112 -0.00568112 -0.463286 -0.168576 11304.8 22 38621 1004 1 1
-4340.4 5500 266.82 -0.0864158 4.36346 -0.733665 4689.34 22 38826 1083 1 1
4035.98 5500 1635.7 30.4299 21.5504 -4.57104 560.861 2112 38911 1 0 1
5396.64 -5500 1749.88 3.16658 -6.88073 -0.512009 1728.39 2112 38922 1 0 1
4129.36 5500 1256.16 8.16068 13.3121 0.305238 1590.7 2112 39035 1 0 1
-2808.47 -5500 1507.14 -5.1886 -1.56533 1.83879 4233.82 22 39036 1068 1 1
-341.283 5500 -910.789 -9.07951 6.11699 2.46198 1138.72 2112 39048 1 0 1
1805.58 5500 -950.918 0.37094 4.04298 -8.77588 831.769 2112 39111 1 0 1
-4527.62 5500 2374.03 -0.0287722 0.131382 0.151179 6130.19 22 39382 1063 1061 1
4621.27 5500 -3673.08 0.727309 1.44854 0.111639 8857.75 2112 39389 1 0 1
-255.789 -5500 -4907.33 0.141126 -0.26946 -0.241453 415.183 22 39394 1037 1 1
911.563 -5500 -106.393 -0.0381589 -0.619229 0.00397515 3055.22 2112 39422 1 0 1
2675.78 5500 1455.68 -0.320205 5.53203 -0.620361 2154.8 2112 39443 1 0 1
-668.034 -5500 -817.083 0.463187 -0.828325 -0.000347863 1450.87 22 39531 1004 1 1
-2582.22 5500 -1184.72 0.382325 0.839883 -0.288263 5806.62 2112 39560 1 0 1
-3542.08 -5500 -219.126 -1.68914 -1.98558 0.937578 2044.85 2112 39568 1005 1 1
136.337 5500 272.939 -13.6057 29.5437 -5.5042 414.413 2112 39586 1 0 1
-4337.84 5500 -287.615 -0.990193 2.18345 1.60318 12747.6 22 39624 1073 1 1
-3962.98 5500 1564.64 -0.669174 0.835757 0.510583 3089.59 22 39688 1078 1 1
3550 5500 709.247 -1.95955 21.7573 18.6144 664.275 2112 39728 1 0 1
757.533 5500 -4292.82 5.64621 20.6494 -8.49744 650.868 2112 39825 1 0 1
1585.17 -5500 -2033.17 -0.200796 -0.484261 0.0987336 8582.08 2112 40004 1 0 1
-1667.24 5500 2272.62 -0.0709308 0.439676 -0.22428 20410.7 22 40017 1078 1 1
2330.42 5500 -448.574 0.509368 0.62324 -0.408195 3772.24 2112 40042 1 0 1
5245.97 -5500 -3092.82 1.31605 -1.89692 -1.86125 3932.61 2112 40076 1 0 1
-2858.7 5500 -2661.68 -6.28108 8.71733 1.37275 957.87 2112 40348 1 0 1
3701.29 -5500 5487.58 -0.0341553 -4.73676 4.74271 2371.88 2112 40468 1 0 1
-3586.96 -5500 -2043.81 -12.3513 -23.948 14.2836 693.421 2112 40613 1 0 1
1919.47 -5500 -1124.72 4.20988 -4.04845 -9.49809 757.313 2112 40662 1 0 1
-880.192 5500 -3062.15 2.19729 24.6483 3.38808 606.309 2112 40688 1 0 1
3338.4 5500 4143.75 2.20318 1.71745 -0.0906386 4930.23 2112 40708 1 0 1
-3812.82 5500 -4286.17 -0.623552 1.33556 -1.42266 4831.11 2112 40853 1 0 1
902.402 -5500 190.504 0.0650168 -0.184554 -0.00937376 3300.33 22 40886 1028 1 1
1269.63 -5500 319.858 1.81519 -1.38154 0.283378 3301.07 22 40886 1030 1 1
795.038 -5500 202.003 0.121203 -2.3066 -0.249374 3300.24 22 40886 1043 1 1
-1405.03 -5500 -1635.45 0.0461788 -0.24245 -0.0290506 10130.5 2112 40953 1 0 1
-710.174 5500 4275.92 -0.112096 1.51355 -0.105794 565.621 22 40964 1056 1 1
3421.01 -5500 -1894.67 0.0159604 -0.036763 0.02587 9313.58 22 41026 1060 1 1
379.12 -5500 -1269.5 0.233765 -0.32547 -0.207969 4949.08 2112 41034 1 0 1
-1593.93 -5500 2388.44 -0.151059 -0.64318 0.205829 5231.51 2112 41100 1 0 1
-1801.71 5500 5069.38 -0.0213707 0.509774 0.959144 8557.01 2112 41120 1 0 1
-5304.58 5500 -4030.32 -3.1173 2.05969 -0.165763 5534.01 2112 41316 1 0 1
2002.57 -5500 176.159 0.0892504 -0.645527 -0.6018 3763.12 2112 41330 1 0 1
-2532.56 5500 -2244.79 -4.88808 4.77393 1.97111 600.519 22 41339 1046 1 1
-699.915 -5500 -3169.21 -1.11865 -1.83287 -3.53358 2978.08 2112 41373 1 0 1
-696.066 5500 -1453.78 -6.86895 8.92308 -0.0131575 556.226 2112 41448 1 0 1
3273.69 -5500 -3630.82 1.26197 -2.44552 -0.241449 10787 22 41577 1069 1 1
579.27 5500 3282.79 -3.22304 4.29746 1.40578 1469.2 2112 41590 1 0 1
432.709 -5500 -355.349 -14.1833 -10.4485 5.87403 491.752 2112 41595 1 0 1
-922.266 5500 3941.01 -0.289145 2.60945 1.05557 2299.59 2112 41652 1 0 1
4503.13 5500 105.216 25.5719 22.8211 7.10455 558.682 2112 41770 1 0 1
-2759.73 -5500 -4797.77 -0.472405 -0.930454 -1.84008 5652.87 2112 41856 1 0 1
-4295.7 -5500 -3409.34 -0.560786 -1.25716 0.240478 9563.76 2112 41980 1 0 1
-26.8816 5500 -2643.04 -1.23802 0.892675 -0.127968 4523.05 2112 42090 1 0 1
2030.91 5500 -1873.08 2.03299 2.74893 -6.30089 1109.3 2112 42412 1 0 1
4184.56 -5500 -775.396 1.81091 -0.910304 0.301308 9818.59 22 42451 1006 1 1
634.601 -5500 3172.78 -0.265656 -1.41389 -0.0276008 3680.44 2112 42650 1 0 1
4054.51 5500 336.694 11.5273 21.814 4.31992 601.281 2112 42676 1 0 1
-3555.55 -5500 2081.1 -1.64553 -4.76768 3.63029 1322.29 2112 42797 1 0 1
2032.3 -5500 1167.92 0.0641467 -0.0335969 0.0455774 5894.85 22 42909 1020 1 1
1158.79 5500 -1469.97 2.08636 1.45801 -0.0452496 2000.62 2112 43188 1 0 1
-1289.01 5500 -3914.49 -1.24114 6.03588 -0.956216 2396.58 2112 43220 1 0 1
942.371 5500 -921.048 5.13727 29.611 -10.7942 425.517 2112 43224 1 0 1
3287.09 -5500 -1978.77 14.8262 -23.8378 -14.5505 547.529 2112 43229 1 0 1
2208.49 -5500 -376.356 0.00157986 -2.76264 -1.423 1390.34 2112 43400 1 0 1
1573.06 5500 222.575 -2.11292 18.4325 -8.50332 498.689 2112 43412 1 0 1
5476.82 -5500 -593.91 1.27514 -5.31177 -1.53347 4653.05 22 43601 1060 1 1
-194.462 5500 3170.56 0.856019 1.36416 0.0462609 3679.49 2112 43671 1 0 1
1419.76 5500 3662.92 0.637999 1.87021 2.59701 744.711 22 43763 1071 1 1
4799.2 5500 -387.862 2.9564 5.76173 1.04343 1453.47 2112 43789 1 0 1
-4463.06 5500 525.497 -6.87401 28.1934 -6.46793 624.999 2112 43794 1 0 1
-3672.6 -5500 -3303.83 -0.301347 -0.408564 -0.662963 10224 2112 43803 1 0 1
1060 -5500 1907.49 -0.551809 -3.06933 2.0894 1031.58 2112 43872 1 0 1
-3776.45 -5500 2674.03 -0.78261 -3.213 3.35128 2606.82 2112 43914 1 0 1
3227.7 -5500 -88.7651 0.978894 -5.61575 0.653074 4305.16 2112 43943 1 0 1
-3108.04 -5500 -1416.87 -0.553763 -0.560128 -0.286654 8793.85 22 43959 1059 1 1
-2620.16 -5500 -220.166 -1.4971 -3.29451 2.63095 8793.43 22 43959 1060 1 1
-2627.98 -5500 3789.27 -0.665931 -1.31962 0.831961 3960.24 2112 43979 1 0 1
1064.23 -5500 -739.425 -0.533748 -2.71857 0.087402 1663.24 2112 44019 1 0 1
-2157.94 -5500 364.052 -4.87371 -38.9835 -5.96342 437.94 2112 44115 1 0 1
1902.33 5500 -1476.49 18.512 16.2156 -3.82436 509.106 2112 44254 1 0 1
-3191.65 5500 2928.78 -0.212358 0.464591 -0.0133997 4300.19 22 44321 1075 1073 1
1713.15 5500 602.245 0.0234134 0.0807474 -0.0398424 484.298 22 44375 1018 1003 1
1074.91 -5500 -498.224 4.50996 -14.9803 17.8829 470.248 2112 44456 1 0 1
3763.86 5500 3466.55 0.72494 0.690692 0.25524 7779.71 2112 44642 1 0 1
-1146.89 -5500 106.613 -0.0895817 -0.486426 -0.0825179 3088.52 2112 44743 1 0 1
2570.17 -5500 -2787.91 0.107516 -1.72985 -0.7506 58273.7 22 44762 1004 1 1
358.175 -5500 -425.177 -9.26553 -20.938 -19.0088 437.397 2112 44771 1 0 1
-265.232 5500 -5312.77 0.102342 2.46803 -2.69443 6080.25 22 44782 1097 1 1
4722.4 -5500 3828.65 22.3324 -30.1179 0.722972 682.804 2112 44853 1 0 1
-825.515 5500 -26.8284 2.43898 11.8285 2.84376 512.749 2112 44964 1 0 1
90.7295 -5500 -2418.9 -0.0344675 -0.272692 0.166964 1483.55 22 45081 1035 1 1
-1075.91 5500 -1025.52 6.84656 29.6198 -0.129671 455.827 2112 45149 1 0 1
-4719.95 5500 -1723.55 -7.52359 8.02805 -1.38937 1030.35 2112 45191 1 0 1
-3429.33 -5500 -2740.64 6.87855 -27.1766 -6.43306 1486.02 2112 45380 1 0 1
-1187.56 5500 1904.93 0.313163 1.6105 0.840843 1815.33 2112 45389 1 0 1
-4268.59 5500 -1211.6 -0.153587 1.48241 -0.0747661 5486.92 2112 45795 1 0 1
1793.05 5500 -157.087 0.371121 0.303399 -0.0111061 25577.7 22 45919 1048 1 1
3390.38 -5500 -205.476 0.0281868 -0.48532 0.133455 9979.57 2112 46327 1 0 1
-1485.83 -5500 203.406 -0.297521 -0.399004 -0.340672 4261.11 2112 46401 1 0 1
2282.99 -5500 3798.23 -0.872865 -12.4908 4.79086 918.51 2112 46470 1 0 1
-1878.11 -5500 1792.09 -0.0167966 -0.33164 0.687792 7152.1 2112 46549 1 0 1
3199.51 -5500 -1441.14 1.25182 -1.69167 0.564203 2633.95 2112 46659 1 0 1
-2779.37 5500 4537.91 -19.7312 10.6304 26.8562 651.845 2112 46670 1 0 1
-915.037 -5500 -40.9858 -0.0326226 -0.232102 -0.00394495 5261.35 2112 46726 1 0 1
-2506.85 5500 1911.37 -0.412172 0.410408 0.15048 7576.99 2112 46759 1 0 1
1107.21 -5500 3193.44 -22.7781 -22.4847 21.9129 554.951 2112 46859 1 0 1
2791.58 -5500 4787.43 1.48731 -0.740513 1.99289 4377.24 2112 46940 1 0 1
-1392.73 -5500 3304.54 -9.08514 -18.461 14.6134 562.273 2112 47162 1 0 1
1701.72 -5500 1962.94 -0.123311 -1.01489 0.0454504 3376.65 2112 47314 1 0 1
69.779 5500 279.094 3.25401 6.24357 2.07387 596.055 2112 47345 1 0 1
2349.62 5500 -174.038 0.0690689 0.547113 0.779385 6625.62 2112 47447 1 0 1
4404.04 -5500 4180.11 25.1462 -26.6098 -5.17583 831.631 2112 47487 1 0 1
-2473.49 -5500 4761.06 -4.7464 -18.6994 17.634 685.32 2112 47647 1 0 1
-3146.67 -5500 -119.02 -13.5938 -33.5967 7.98179 485.691 2112 47687 1 0 1
4764.87 5500 1175.45 19.8029 14.9471 0.225743 710.431 2112 47726 1 0 1
1465.1 -5500 -3857.73 -0.252591 -2.47514 -0.23674 3110.62 2112 47768 1 0 1
464.075 -5500 -412.919 -5.82184 -30.0864 13.9057 421.155 2112 47794 1 0 1
1043.03 5500 -1318.14 13.9663 31.3253 8.75705 437.204 2112 47811 1 0 1
2289.59 -5500 355.807 1.03351 -1.96352 0.135772 20274.1 22 47860 1005 1 1
-2081.61 5500 1435.64 -6.41691 36.4729 7.39092 454.146 2112 47916 1 0 1
2348.98 5500 2819.09 3.10856 6.06611 0.977741 1060.31 2112 47930 1 0 1
3696.16 -5500 -3322.47 0.0504374 -0.263158 -0.122366 11127.1 22 48135 1052 1 1
-3162.09 -5500 -4627.46 -8.11726 -21.1835 -5.71405 796.899 2112 48148 1 0 1
-574.578 5500 264.908 -9.01063 32.4836 -4.24201 422.273 2112 48210 1 0 1
-2216.12 -5500 -5229.72 -0.46462 -1.94014 -0.980775 19226.2 22 48233 1004 1 1
-1619.94 5500 3588.3 0.14309 0.927542 0.934913 4743.97 2112 48353 1 0 1
-1629.72 5500 245.121 0.00881131 0.208824 -0.10748 9933.35 2112 48453 1 0 1
-4581.49 -5500 1913.47 -1.51958 -2.09689 -0.644935 3657.99 2112 48473 1 0 1
-1648.37 -5500 -2243.97 -0.547835 -1.26263 -2.61331 1784.75 2112 48571 1 0 1
2069.49 -5500 -231.817 0.0851849 -0.50894 0.0711507 12890 22 48661 1072 1 1
2368.49 -5500 271.592 2.28723 -3.66219 3.34031 12891 22 48661 1108 1 1
-1723.05 -5500 -21.4793 -1.19904 -19.1974 -3.01857 479.573 2112 48785 1 0 1
-4374.35 5500 1807.05 -19.8624 34.3448 12.6816 534.291 2112 48821 1 0 1
-967.919 -5500 -206.718 0.0513829 -0.104681 0.0492722 6115.56 22 48903 1005 1 1
-1435.01 5500 -1651.68 -1.67448 8.38458 -2.71214 1483.45 2112 48922 1 0 1
-2399.97 5500 -1061.62 -1.88123 4.61232 -5.64534 7701.79 22 49092 1043 1 1
168.411 5500 -1835.19 0.299492 1.32617 0.203575 2654.29 2112 49093 1 0 1
3695.89 -5500 1373.89 27.593 -25.8967 10.5315 512.015 2112 49163 1 0 1
-2022.52 -5500 -4778.27 -6.44437 -18.0918 -12.1565 715.504 2112 49325 1 0 1
3582.49 5500 -3754.98 -1.87738 14.6634 -18.2337 860.359 2112 49567 1 0 1
4307.76 5500 -3560.15 0.750769 1.58115 -0.505489 5954.98 2112 49719 1 0 1
-555.188 -5500 3594.24 -5.36791 -19.0648 10.7443 578.558 2112 49815 1 0 1
925.554 5500 -3414.97 0.110552 0.672176 -0.556095 5343.04 2112 49958 1 0 1
1998.14 -5500 -3432.5 0.711269 -6.028 -0.950269 2070.61 2112 49984 1 0 1
-4700.08 -5500 -1232.37 -5.35385 -18.7459 -8.9236 761.486 2112 50035 1 0 1
1695.01 -5500 5030.22 1.71327 -2.40569 1.96256 2703.01 2112 50078 1 0 1
3526.17 -5500 38.8085 0.184624 -0.582065 -0.299124 8149.98 2112 50146 1 0 1
4719.23 -5500 -1600.82 0.0735222 -0.476008 0.170677 1313.15 22 50195 1082 1068 1
817.997 5500 -2777.99 -0.197397 0.52212 -0.148581 12376.1 22 50253 1034 1 1
2499.74 5500 2155.91 9.269 30.7442 5.81499 498.921 2112 50292 1 0 1
-2727.88 5500 3069.51 -0.726976 0.63739 0.677921 5295.73 2112 50458 1 0 1
669.237 5500 -3321.99 -7.66553 34.8202 -10.5893 500.483 2112 50616 1 0 1
-2515.94 -5500 -835.209 -1.16643 -1.51191 -2.3174 1755.84 2112 50702 1 0 1
-851.87 -5500 -929.676 1.34871 -1.99367 -1.75534 6443.6 22 50786 1073 1 1
-2570.07 5500 -1742.42 -4.49958 17.1464 1.75744 1303.07 2112 50853 1 0 1
-705.195 -5500 4149.45 0.429341 -1.72319 0.201721 4531.5 2112 50953 1 0 1
-3669.37 5500 2788.23 -0.176708 0.647105 0.394607 9516.15 2112 50968 1 0 1
467.397 5500 4453.19 -0.0945901 0.274079 0.351572 594.287 22 51151 1025 1 1
-124.254 5500 2704.5 -0.0942279 0.232977 0.0160505 593.035 22 51151 1029 1 1
1843.35 5500 5447.86 1.46231 1.81161 3.70502 597.493 22 51151 1035 1 1
2289.8 -5500 -3857.16 -0.696528 -1.41841 -2.8015 3356.77 2112 51169 1 0 1
-3868.87 5500 -2121.69 -0.867019 1.96198 0.583961 7324.67 22 51229 1005 1 1
-2269.93 -5500 -2593.84 14.3244 -27.299 -6.32041 619.53 2112 51254 1 0 1
-1265.47 5500 -92.9242 0.46799 1.37117 0.422906 5111.53 22 51274 1078 1 1
1730.09 5500 603.335 -0.596937 3.03033 -0.408867 3146.19 2112 51301 1 0 1
-1882.71 5500 4983.21 -4.19603 11.7108 7.89654 923.365 2112 51315 1 0 1
-1099.87 5500 2201.04 1.97222 8.2917 2.84604 750.282 2112 51349 1 0 1
-431.306 5500 -5460.93 1.94308 4.26204 -5.11324 1652.68 2112 51355 1 0 1
1215.27 5500 2641.56 0.241332 0.280575 0.29047 8341.08 2112 51375 1 0 1
-4729.8 -5500 5067.34 -10.2762 -26.7689 18.1258 745.522 2112 51378 1 0 1
3992.22 -5500 -3975.97 -0.360101 -5.66378 -2.99251 2225.33 2112 51440 1 0 1
3924.34 -5500 642.8 0.701164 -0.78883 -0.161443 615.978 22 51508 1101 1 1
2150.82 -5500 1050.72 2.651 -4.74572 1.35705 14889.1 22 51546 1062 1 1
4085.11 -5500 4678.72 0.109859 -0.0337286 0.0608901 392.525 22 51650 1004 1 1
-4774.42 5500 4836.61 -7.68931 8.40907 8.96026 1184.63 2112 51720 1 0 1
-3052.27 5500 1466.24 -14.6379 23.7396 21.957 515.748 2112 51832 1 0 1
-239.897 -5500 -4082.97 0.137854 -3.13901 -0.390045 438.375 22 51947 1039 1 1
-4429.63 5500 -3156.26 0.392882 8.47523 -5.47631 1604.05 2112 52013 1 0 1
-3042.7 -5500 2605.94 -0.627021 -0.886186 0.706977 4592.79 2112 52032 1 0 1
-2196.49 5500 2212.36 -0.288443 0.362713 -0.0716881 9509.1 2112 52060 1 0 1
156.373 -5500 1959.65 -0.794006 -0.790287 -0.396917 4609.62 2112 52105 1 0 1
739.684 -5500 3765.07 -0.446914 -2.02441 -0.187649 11806.4 22 52118 1065 1 1
1107.47 -5500 2862.22 0.816998 -1.10647 0.191889 3478.23 2112 52157 1 0 1
187.028 -5500 93.5475 -0.0357826 -0.103472 -0.135897 10123.6 2112 52187 1 0 1
265.937 5500 -2002.39 -7.98026 19.9099 3.43927 1081.58 2112 52242 1 0 1
5413.73 5500 -5064.36 23.0176 11.8851 -19.2326 801.305 2112 52312 1 0 1
-204.637 5500 -3448.94 -0.146197 0.718495 0.174633 9624.71 2112 52324 1 0 1
-1127.35 5500 2742.39 0.541003 1.1191 1.31125 3395.94 2112 52335 1 0 1
847.033 5500 -478.421 -9.52184 23.179 3.71669 439.313 2112 52355 1 0 1
2007.72 -5500 -1840.66 8.93689 -11.4404 -9.15484 1202.03 2112 52461 1 0 1
-4212.4 -5500 -2338.8 -5.26237 -5.7638 -1.3338 1233.01 2112 52472 1 0 1
4467.08 5500 -4416.12 0.138143 0.913063 -1.95312 8179.86 2112 52572 1 0 1
1479.45 5500 -3068.22 2.42999 4.29358 -0.761285 1277 2112 52652 1 0 1
-3890.89 -5500 -4042.8 -0.817517 -2.65722 -3.31098 2119.87 22 52783 1082 1 1
-2938.33 5500 -3490.47 -0.0134299 1.9817 -2.04887 2933.92 2112 52809 1 0 1
-3588.66 5500 153.515 -2.22807 1.83103 1.94567 2114.75 2112 52848 1 0 1
1110.09 -5500 -3570.04 3.41629 -14.3925 -6.7805 686.281 2112 52911 1 0 1
-987.328 -5500 3110.82 15.2058 -28.2316 5.99027 550.731 2112 52925 1 0 1
5205.73 5500 5272.51 33.5683 11.2334 21.4436 741.471 2112 52995 1 0 1
-5067.57 5500 -3720.68 -1.85543 1.30374 -0.53388 4963.52 2112 53046 1 0 1
-4214.26 -5500 4800.92 -0.471261 -1.00097 0.81393 5307.48 22 53073 1071 1 1
624.502 5500 -2469.39 6.45775 5.67246 -13.9022 631.969 2112 53138 1 0 1
-4815.38 -5500 -4775.74 -29.6658 -20.3487 -15.0684 687.333 2112 53158 1 0 1
4647.89 5500 -3624.95 8.3205 32.7011 -8.62779 696.173 2112 53207 1 0 1
-2087.84 5500 3272.75 0.55222 1.26967 1.08686 31501.4 22 53400 1082 1 1
-1272.34 -5500 -1565.12 -0.224842 -1.30977 0.251473 2910.54 2112 53446 1 0 1
-5341.33 -5500 677.886 -6.57807 -12.6438 3.78506 975.977 2112 53454 1 0 1
3061.81 5500 759.321 0.010956 0.109557 0.190503 6118.48 22 53638 1059 1 1
3545.43 5500 -3514.5 0.0417235 0.0857721 -0.0849951 6115.34 22 53638 1065 1063 1
-178.875 -5500 -999.761 -0.142934 -0.128083 0.0757924 8677.15 22 53646 1037 1 1
298.589 -5500 -2539.19 -0.161098 -1.57296 -4.56915 8678.94 22 53646 1043 1 1
991.797 -5500 -1547.52 0.0562734 -0.0618899 -0.0601687 8677.41 22 53646 1061 1060 1
2367.28 5500 -2053.3 5.87489 2.76013 1.9577 1559.06 2112 53712 1 0 1
-3564.33 -5500 2260.44 -1.28107 -14.9057 6.86853 812.325 2112 53831 1 0 1
5412.78 5500 672.798 0.133098 0.0647175 -0.0171356 1904.32 22 53903 1004 1 1
2858.12 5500 -620.783 -0.46715 3.14054 -1.45194 5709.46 22 54363 1072 1 1
-1114.31 5500 2979.71 -0.556643 0.449463 0.558168 5905.85 2112 54433 1 0 1
506.265 5500 1123.07 1.11538 1.25322 -0.10093 9196.36 22 54499 1052 1 1
-1914.86 -5500 -301.495 2.20427 -4.10834 -0.789618 1037.05 2112 54520 1 0 1
-967.903 -5500 -182.625 -0.00724476 -0.338427 -0.0889012 4452.08 2112 54526 1 0 1
1795.39 -5500 304.578 0.42306 -0.513498 0.153811 3884.41 2112 54565 1 0 1
-881.598 5500 -3818.63 0.0270959 8.72745 -2.74635 995.276 2112 54696 1 0 1
3596.06 -5500 72.8183 0.257524 -1.08848 0.19409 4884.68 2112 54810 1 0 1
-2881.01 -5500 -3338.3 -0.532175 -1.28322 -0.805038 4197.52 2112 54822 1 0 1
-1099.35 -5500 3145.1 -1.90946 -6.00052 -0.850669 1285.48 2112 54900 1 0 1
413.754 5500 -730.765 -0.15878 0.427891 -0.626001 457.69 22 54962 1053 1003 1
546.017 5500 -258.771 -0.160896 2.92192 0.539834 456.917 22 54962 1055 1003 1
-979.807 -5500 -4920.21 12.6469 -24.3542 -12.1428 717.555 2112 55007 1 0 1
1517.02 -5500 2488 1.39154 -2.4654 0.567268 1640.11 2112 55066 1 0 1
-4102.62 -5500 -4985.76 -0.599679 -0.477217 -1.46274 8192.16 2112 55091 1 0 1
-5247.35 5500 -2314.9 -13.9613 26.9465 -6.94462 685.715 2112 55248 1 0 1
-4255.67 -5500 -5182.51 -23.5959 -23.1106 -4.92777 817.358 2112 55330 1 0 1
-3487.32 5500 987.232 -0.0327861 0.0860443 0.0217103 4564.08 22 55521 1020 1 1
-4757.58 5500 314.139 -3.91107 3.06065 -1.03383 4565.62 22 55521 1042 1 1
-4387.9 -5500 -3082.12 -0.420583 -0.551476 -0.50112 9676.86 2112 55651 1 0 1
3394.11 -5500 -129.012 0.051984 -0.413813 0.199449 12729.6 22 55742 1036 1 1
1012.81 5500 2762.29 0.307215 0.70294 0.959223 12759.1 22 55742 1039 1 1
2001.59 -5500 -4578.37 6.05083 -34.3634 -10.6406 1305.55 2112 55894 1 0 1
-364.825 5500 -1596.52 4.73379 23.1958 -2.71886 1109.87 2112 55926 1 0 1
-2610.37 -5500 -119.456 1.08768 -3.02324 -0.143046 22636.6 22 56042 1035 1 1
-3266.36 -5500 -1273.53 -0.010527 -0.138859 -0.107286 22638.2 22 56042 1036 1 1
1953.46 5500 -4465.95 0.685448 2.06969 -1.6649 5132.66 22 56144 1054 1 1
-2910.59 -5500 -738.706 -0.0587572 -2.90467 -0.379831 1654.87 2112 56219 1 0 1
-513.715 5500 -1906.44 -0.759373 1.42835 0.691822 2200.81 2112 56360 1 0 1
-5304.63 -5500 -4702.04 -13.2888 -18.9602 -25.755 756.73 2112 56413 1 0 1
438.724 5500 1438.73 0.0467289 0.0531593 0.0513627 3069.81 22 56442 1091 1 1
-2616.18 -5500 3312.28 -0.119242 -1.54771 0.413107 4386.79 2112 56607 1 0 1
3102.28 5500 -4758 2.80398 15.6323 -8.22552 911.292 2112 56903 1 0 1
-1003.11 5500 575.148 0.0167751 0.0706615 -0.0664093 8094.13 22 57250 1056 1 1
-88.1395 5500 864.273 1.18899 0.686843 -0.544176 8093.67 22 57250 1065 1 1
2730.77 5500 -3687.9 -0.245479 1.87348 0.065675 6980.21 2112 57304 1 0 1
-5127.92 5500 -4664.47 -0.116506 2.31042 -2.33151 5675.99 2112 57310 1 0 1
-3017.24 5500 -2351.28 -0.483727 11.723 -0.550056 900.594 2112 57351 1 0 1
739.798 -5500 -3107.94 -1.85637 -7.88416 1.53065 1107.23 2112 57402 1 0 1
-4223.57 5500 5236.84 -0.828774 2.13343 1.85275 4272.83 2112 57413 1 0 1
1191.44 -5500 221.583 -1.53272 -2.90202 0.376241 926.026 2112 57604 1 0 1
-1741.34 5500 -4188.21 1.15704 3.57936 -5.77512 11530.4 22 57749 1075 1 1
-127.629 5500 2062.2 0.0520707 0.0533759 0.0278944 6498.81 22 57825 1016 1 1
1265.96 5500 4737.99 0.529083 0.171542 0.833932 6507.98 22 57825 1030 1 1
-418.851 -5500 -1876.43 -2.42862 -8.18093 -1.42029 606.826 2112 57833 1 0 1
1495.96 5500 174.652 10.8936 37.4267 4.2818 421.08 2112 57876 1 0 1
1950.03 -5500 -4238.3 1.22476 -1.45286 -1.15385 2989.12 22 58127 1006 1 1
-3186.83 -5500 -4841.81 -0.00722508 -0.0428824 -0.0749387 7808.92 22 58207 1012 1011 1
-1614.41 5500 4826.12 0.853367 2.88058 2.65769 2507.92 2112 58464 1 0 1
1696.11 5500 -3441.73 -0.215832 18.4368 -8.00006 1014.71 2112 58882 1 0 1
1324.1 5500 -1356.33 0.639685 1.00942 -0.326094 2170.39 2112 59109 1 0 1
1724.36 5500 -579.435 0.423622 2.03355 -0.444738 443.209 22 59306 1029 1 1
-479.606 5500 -2414.04 -0.0891014 2.17816 0.921581 2007.97 2112 59595 1 0 1
552.626 5500 963.026 -0.583572 0.256469 0.544561 7904.46 2112 59675 1 0 1
-5190.58 -5500 2166.3 -3.04129 -1.07221 1.1846 4615.9 22 59871 1052 1 1
-622.556 5500 -2942.75 -0.184377 0.329812 -0.35123 7305.06 2112 59993 1 0 1
-357.272 5500 -3197.19 0.154547 1.25455 0.468627 6063.36 2112 60029 1 0 1
1962.14 5500 1172.93 0.0461267 0.255013 0.108065 9236.98 2112 60041 1 0 1
2199.42 -5500 2596.26 0.449814 -0.250438 0.850027 18086.2 22 60070 1004 1 1
1173.37 -5500 1032.94 -0.0204751 -0.0682106 0.0134337 18081.5 22 60070 1007 1005 1
-1560.23 -5500 1428.55 -7.11017 -8.75268 10.2307 579.622 2112 60109 1 0 1
-3949.68 5500 3815.09 -0.427311 0.837138 1.44141 6122.68 2112 60154 1 0 1
714.082 -5500 -277.672 0.321752 -1.73171 -0.142417 922.833 2112 60222 1 0 1
1390.84 5500 -1192.53 -0.801831 1.44283 0.365135 2175.36 2112 60355 1 0 1
2298.75 -5500 -2263.49 0.465795 -1.10607 -0.108597 3666.33 2112 60361 1 0 1
327.154 5500 -2150.16 -0.0347729 0.285191 -0.160168 8054.38 2112 60460 1 0 1
932.394 5500 -3314.24 0.543282 0.681715 -0.450724 5169.87 2112 60738 1 0 1
1082.6 5500 -2333.46 2.06124 1.23051 -6.19365 1204.78 2112 60739 1 0 1
2123.37 -5500 -3475.8 16.0133 -22.1507 -5.49495 608.02 2112 60743 1 0 1
3676.51 5500 -3181.42 12.6264 9.83948 -7.65357 791.815 2112 60847 1 0 1
-1045.73 -5500 -653.714 -0.19823 -0.326201 -0.0257956 4340.14 2112 60888 1 0 1
-4248.18 5500 395.433 -1.40903 0.180069 0.587079 7676.31 2112 60907 1 0 1
-4353.16 -5500 1097.96 -0.297084 -0.926977 0.174055 7545.78 2112 61006 1 0 1
4482.47 5500 1700.41 -0.704728 6.97162 1.20904 2197.81 2112 61079 1 0 1
-83.1745 5500 -1693.7 -18.2441 25.8831 -6.54828 452.724 2112 61170 1 0 1
104.765 5500 -3793.13 0.971034 1.21036 -0.234728 8275.19 2112 61227 1 0 1
901.352 5500 4188.11 2.09526 3.40835 6.77732 1229.59 2112 61280 1 0 1
4513.22 -5500 2883.35 1.18254 -0.973891 -0.396226 8089.67 2112 61394 1 0 1
-70.2723 5500 3025.64 -0.109772 0.81345 0.157475 4843.07 2112 61487 1 0 1
3317.93 -5500 1810.8 0.217984 -0.607389 -0.126491 7455.26 22 61636 1074 1 1
-2174.08 -5500 -4402.04 -1.14491 -2.49276 -1.04234 7459.41 22 61636 1081 1 1
629.083 5500 -524.589 -0.187577 0.501638 -0.24825 2905.69 2112 61679 1 0 1
4399.77 5500 -2414 1.11882 2.55202 0.505451 3806.41 2112 61687 1 0 1
-4176.75 5500 -409.744 -6.12363 12.5841 -2.75271 782.321 2112 61908 1 0 1
-2085.72 5500 4773.06 1.15771 9.93456 6.65954 2079.79 2112 61917 1 0 1
-466.448 -5500 -76.2135 0.14584 -0.152748 0.110177 7343.13 22 62128 1004 1 1
508.856 -5500 5464.33 -0.151715 -1.04336 0.394831 10165.6 2112 62319 1 0 1
-2663.82 5500 -441.715 -0.03525 0.05822 -0.0449917 3565.92 22 62333 1003 1 1
5437.21 -5500 -804.664 0.984601 -1.3396 0.842313 6387.17 2112 62360 1 0 1
319.267 5500 520.243 -0.085959 0.1694 0.0303676 7160.11 2112 62362 1 0 1
3566.95 5500 5106.08 1.45266 1.54364 3.10384 3260.09 2112 62390 1 0 1
-2477.28 5500 482.931 -0.114172 1.96052 -0.380198 1840.18 2112 62524 1 0 1
4079.44 -5500 -3624.24 3.5256 -5.31363 -1.00987 1804.29 2112 62528 1 0 1
5146.13 5500 -4721.83 4.66637 11.9084 -15.5204 1068.52 2112 62765 1 0 1
1779.88 -5500 2980.09 4.05499 -8.37889 0.659482 1146.66 2112 62773 1 0 1
-1883.64 -5500 4765.92 -0.0781581 -3.01971 1.26985 2856.26 2112 62787 1 0 1
1152.2 -5500 143.268 7.75165 -10.9616 6.72794 496.53 2112 62960 1 0 1
-1347.11 -5500 1297.32 -25.3242 -28.0767 6.76791 434.742 2112 63047 1 0 1
-1546.59 -5500 -2247.31 -0.0755015 -0.457031 -0.153274 6448.76 2112 63068 1 0 1
921.095 -5500 -140.702 -0.0534527 -0.243448 -0.0587606 5318.92 2112 63379 1 0 1
-4198.87 5500 2404.04 -25.5408 11.9788 15.0553 630.363 2112 63397 1 0 1
4281.59 5500 -3338.05 0.0332233 0.0957543 -0.0374662 14804.4 22 63495 1040 1 1
5444.11 5500 -73.77 0.232671 0.314077 0.294231 14808.3 22 63495 1054 1 1
1701.5 5500 -985.17 -0.0560177 3.78685 -0.335697 1033.8 2112 63497 1 0 1
4022.73 5500 623.475 0.213156 0.591691 0.421439 5991.43 22 63550 1006 1 1
214.945 5500 -401.727 0.317812 0.316429 -0.342603 3323.8 2112 63816 1 0 1
4570.13 5500 -4996.88 17.5632 28.2014 -6.40111 772.887 2112 63878 1 0 1
-2334.51 -5500 806.035 -2.63075 -6.66938 -6.06545 873.632 2112 63914 1 0 1
270.359 5500 -3409.41 2.25164 19.2241 -8.69132 593.921 2112 64082 1 0 1
286.974 -5500 -1399.47 -0.0505547 -0.429587 0.137836 11084.1 22 64206 1099 1 1
-1317.52 -5500 -4392.47 -0.629601 -0.704855 -0.135645 10760.8 22 64229 1025 1 1
67.1339 5500 355.69 0.0523011 0.10704 -0.230145 10828.6 2112 64467 1 0 1
1744.07 5500 -2870.15 1.87115 2.63772 1.05755 2468.11 2112 64721 1 0 1
-4946.4 5500 -529.859 -2.87397 3.35049 -0.392334 2023.2 2112 64759 1 0 1
-3228.89 5500 3907.61 -4.45446 6.53807 5.51772 1166.18 2112 64821 1 0 1
-347.713 5500 -784.852 -0.0293803 0.127656 -0.00337194 11734.8 2112 64822 1 0 1
-1038.44 -5500 -3783.02 0.606277 -0.757539 -0.208838 8285.4 22 64829 1037 1 1
-4337.05 -5500 -4181.51 -1.85424 -3.71935 -1.59661 8284.47 22 64829 1050 1 1
2648.48 5500 -2123.07 -4.48295 7.1058 -8.89617 1245.13 2112 64982 1 0 1
-4862.44 5500 518.866 -1.06561 0.920388 0.877773 5367.95 2112 65105 1 0 1
2369.29 5500 -3710.61 1.73204 21.2312 -4.27773 701.29 2112 65187 1 0 1
4263.36 -5500 2940.12 3.14996 -3.74575 3.29173 1762.2 2112 65212 1 0 1
3352.96 -5500 1194.28 1.24115 -6.97123 -2.14805 517.465 22 65225 1049 1 1
-116.577 -5500 -1722.72 -0.0714741 -0.175201 0.180592 8238.1 22 65285 1070 1 1
-4581.74 -5500 -1752.78 -0.0671728 -0.0407297 0.0261032 51318.5 22 65489 1074 1 1
1339.28 5500 -1632.51 7.18525 2.64871 -0.481755 1020.49 2112 65679 1 0 1
3796.97 -5500 1054.12 0.043292 -0.624082 -0.191658 447.459 22 65720 1069 1 1
3471.6 -5500 5234.87 -0.00654913 -0.0389611 0.0632109 454.503 22 65720 1074 1 1
92.2068 -5500 -4097.71 -0.0617347 -0.11374 -0.0282635 1189.56 22 65791 1005 1 1
-4399.17 -5500 -404.689 -0.00235434 -0.119251 -0.0073152 16429.5 22 65953 1044 1041 1
2176.69 5500 1417.94 0.254761 3.07979 1.13011 1437.16 2112 66138 1 0 1
-939.579 5500 -1906.91 -2.88191 2.00882 -2.03233 1802.62 2112 66153 1 0 1
-1381.23 5500 1941.21 -0.089389 0.121997 -0.00841107 8166.27 22 66206 1024 1 1
1050.19 5500 1169.99 -1.00714 1.48226 0.707297 1530.37 2112 66209 1 0 1
2042.88 -5500 2863.91 2.35333 -6.00975 2.95232 4464.37 2112 66216 1 0 1
350.873 -5500 799.665 -0.555362 -0.725859 -0.248744 5420.62 22 66294 1052 1 1
-1211.94 -5500 -1042.33 0.259529 -1.41113 0.248299 3187.76 22 66371 1004 1 1
2323.8 -5500 -2906.1 0.034118 -0.0178462 -0.0302087 31448.8 22 66473 1019 1 1
2351.01 -5500 -2994.01 0.172523 -0.0918792 -0.148693 31448.5 22 66473 1026 1 1
2333.78 5500 1113.68 5.21402 24.9814 -11.9533 529.966 2112 66709 1 0 1
1232.01 5500 -367.419 0.162732 0.145833 -0.0886318 10383.3 2112 66956 1 0 1
4718.14 -5500 -302.669 18.6977 -27.1462 -18.1162 581.783 2112 66973 1 0 1
1348.88 -5500 459.152 -0.00505922 -0.708384 0.220488 2437.85 2112 67015 1 0 1
-3881.2 -5500 3272.71 -0.179232 -0.134525 -0.040622 8733.81 22 67079 1036 1 1
-1697.3 -5500 3303.05 -0.155942 -0.480552 -0.127637 8729.45 22 67079 1038 1 1
-2372.66 5500 239.79 -0.0156766 0.043082 0.00742284 17962.2 22 67232 1043 1 1
1582.4 5500 -3702.45 3.29506 1.84137 -0.799633 2700.49 2112 67283 1 0 1
1559.8 5500 3205.75 7.08216 21.1738 5.58064 595.646 2112 67336 1 0 1
-992.41 -5500 -1842.56 -0.165854 -0.166624 -0.19783 9580.92 2112 67350 1 0 1
-1814.08 -5500 691.754 -0.0638835 -0.208084 -0.150977 10567.1 2112 67424 1 0 1
-3743.48 5500 3085.83 -3.21395 4.20874 0.610362 1073.94 22 67710 1094 1 1
-1351.26 5500 5425.32 1.75374 4.45614 4.02208 1966.65 2112 67939 1 0 1
4209.33 -5500 522.682 29.6331 -15.5645 -3.1534 573.506 2112 68021 1 0 1
934.997 -5500 -2301.26 1.72303 -2.6552 0.494706 1647.12 22 68084 1041 1 1
-1867.34 -5500 -743.674 0.00938204 -0.544789 -0.17738 4367.62 2112 68098 1 0 1
-616.371 -5500 -1374.98 -0.601465 -2.31781 0.814801 1138.27 2112 68149 1 0 1
3228.17 5500 2315.01 7.34619 20.2596 24.8356 575.43 2112 68162 1 0 1
1570.15 5500 4465.69 0.425242 0.397938 0.74969 8295.61 2112 68293 1 0 1
-963.827 5500 -1451.71 -13.031 34.4215 -16.9996 424.991 2112 68317 1 0 1
-4920.09 5500 1168.03 -19.2767 32.5304 4.43403 1258.35 2112 68329 1 0 1
-4665.85 5500 -507.254 -0.124656 0.0639475 -0.0124024 4212.13 22 68332 1004 1 1
-2530.05 5500 -1888.84 -0.3254 0.433834 0.176801 8820.34 22 68448 1044 1 1
-1172.84 5500 729.288 -0.170197 0.223712 -0.180453 7290.27 2112 68698 1 0 1
3244.33 5500 -4931.7 0.0687445 0.108996 -0.116336 16310.6 22 68699 1050 1 1
589.606 -5500 3181.15 -0.85289 -37.9216 20.9256 462.719 2112 68841 1 0 1
-5173.61 -5500 -4781.26 -0.65016 -0.84885 -0.968614 9311.08 2112 68906 1 0 1
-5085.63 -5500 2607.78 -7.16771 -4.21859 1.70382 1510.37 2112 68929 1 0 1
-1961.97 -5500 3179.03 -0.902779 -0.548046 0.703499 4951.89 2112 68962 1 0 1
335.73 5500 -490.192 -20.7178 13.3856 -3.32648 479.087 2112 68971 1 0 1
-5289.46 -5500 -1035.59 -0.477809 -5.5957 -1.41454 2787.54 22 68975 1055 1 1
-1276.1 -5500 -2313.67 -0.387503 -0.937601 -0.418141 3679.65 2112 69023 1 0 1
-1785.46 5500 -527.427 -0.9072 26.1377 -3.98634 464.123 2112 69054 1 0 1
-1498.71 5500 1516.01 2.36657 6.15024 4.69294 718.694 2112 69123 1 0 1
3425.23 5500 4589.82 12.1623 13.2005 25.1626 1507.97 2112 69133 1 0 1
3048.99 5500 -72.2157 -1.36525 11.5554 0.474302 757.851 2112 69198 1 0 1
2831.04 5500 -3046.13 9.31298 29.1823 -20.844 525.129 2112 69236 1 0 1
-3421.55 5500 -4225.51 -12.7734 14.8203 -1.41473 898.624 2112 69333 1 0 1
3037.93 5500 -1927.17 0.889176 9.56049 -5.58827 1643.11 2112 69389 1 0 1
-4661.07 -5500 2030.73 -0.788196 -1.68389 1.63567 3906.23 2112 69484 1 0 1
-52.8766 -5500 -851.763 0.160597 -6.7886 3.44187 609.904 2112 69523 1 0 1
1863.5 5500 -913.391 4.24089 9.62048 -2.89283 1668.43 2112 69590 1 0 1
-2638.98 -5500 3850 -0.0358278 -1.02505 0.203229 7388.38 22 69624 1005 1 1
486.406 5500 -2863.64 0.0556022 0.0877705 -0.0094897 5516.22 22 69871 1107 1098 1
-4120.24 5500 -2761.24 -0.0320355 1.43752 -0.58032 6322.46 2112 69959 1 0 1
843.059 5500 -341.966 0.124498 0.207992 0.159024 5847.6 2112 69973 1 0 1
-1427.04 5500 239.651 7.19627 29.679 4.75277 446.873 2112 69975 1 0 1
288.96 -5500 -1192.47 -2.93606 -25.3942 6.68614 451.756 2112 70041 1 0 1
563.824 5500 -1768.11 22.5018 30.3149 2.37758 445.268 2112 70237 1 0 1
2687.3 -5500 -609.762 0.33412 -0.239419 -0.579164 9027.44 2112 70238 1 0 1
-2532.57 -5500 1870.44 -0.134891 -0.47058 -0.182347 10232.9 2112 70308 1 0 1
3017.82 5500 1168.41 -0.517862 14.1183 8.05466 682.279 2112 70373 1 0 1
311.288 -5500 -796.439 2.47436 -6.39808 -3.36935 547.258 2112 70480 1 0 1
-1101.99 -5500 2129.71 -0.55513 -0.746109 0.0518102 2205.39 22 70503 1063 1 1
75.0581 -5500 2332.07 2.12865 -2.98443 1.05071 2205.52 22 70503 1066 1 1
4588.79 -5500 1698.06 3.63518 -10.7453 0.754317 1083.88 2112 70573 1 0 1
2856.54 5500 -3783.34 2.51059 3.55969 0.47419 2604.19 2112 70577 1 0 1
3091.33 5500 552.649 0.290907 0.230155 0.135528 3650.01 22 70614 1037 1 1
3909.37 5500 -2909.06 10.6671 11.7675 -15.9383 740.099 2112 70677 1 0 1
4286.12 -5500 2307.17 21.1941 -9.91076 25.4143 656.701 2112 70712 1 0 1
2084.37 -5500 2854.92 0.0073804 -0.0830212 0.0974793 4678.73 22 70841 1087 1085 1
-2700.04 5500 -3273.82 -0.569024 2.03782 -1.0888 2707.87 22 70975 1047 1 1
2083.77 -5500 2793.58 -2.24533 -12.9637 -4.52435 1126.8 2112 71120 1 0 1
-4624.81 5500 -1791.35 -9.87603 8.0088 4.41637 1154.25 2112 71144 1 0 1
-1002.56 5500 -133.322 8.76384 20.7428 -22.1622 452.802 2112 71175 1 0 1
-1458 -5500 4660.05 -5.2133 -6.98261 0.988457 1572.6 2112 71345 1 0 1
-4918.72 -5500 -2930.72 -2.08884 -3.6896 -2.50829 2248.31 2112 71409 1 0 1
-1058.23 -5500 -3231.95 0.371858 -2.55616 -0.520284 4246.66 22 71503 1055 1 1
-1111.19 -5500 -3096.34 0.031949 -0.22463 -0.0516575 4247.09 22 71503 1056 1 1
680.568 -5500 828.776 0.706409 -0.788907 0.249287 1878.93 2112 71524 1 0 1
2575.34 -5500 4376.56 2.9038 -3.85532 3.16768 1696.17 2112 71594 1 0 1
3182.61 -5500 -2965.78 11.5291 -21.4088 -2.84503 633.531 2112 71613 1 0 1
1826.85 -5500 77.1511 10.8309 -12.9822 15.9282 514.416 2112 71695 1 0 1
-2041.95 -5500 -2158.69 -1.21255 -3.19664 -6.65211 383.632 22 71699 1060 1 1
942.888 5500 262.024 0.220997 2.29468 1.49634 953.967 2112 71725 1 0 1
1668.7 5500 3698.97 0.778041 1.01871 0.274821 6277.05 22 71739 1049 1 1
-2797.19 5500 2686.34 -0.624218 0.951753 1.12068 3933.84 2112 71950 1 0 1
-1484.3 5500 -3060.93 -6.27085 4.48954 -7.25121 871.326 2112 71959 1 0 1
1734.9 5500 3536.03 4.95627 13.7912 1.62047 822.403 2112 72096 1 0 1
-3857.15 -5500 3400.84 -0.0434697 -0.0690157 0.0454671 9072.43 22 72202 1125 1 1
-4457.01 5500 -963.204 -9.96301 22.7195 -7.24686 1252.55 2112 72226 1 0 1
-3056.75 -5500 -3434.08 -20.0838 -30.7898 -13.9232 540.855 2112 72230 1 0 1
-4067.67 5500 -5497.06 -6.56781 4.19054 -9.04271 1421.28 2112 72377 1 0 1
64.6871 5500 3974.72 -3.10754 4.12352 -0.0189875 2602.13 2112 72414 1 0 1
4004.66 5500 241.667 1.0881 4.805 1.82984 2612.51 2112 72558 1 0 1
-373.445 5500 -773.198 -3.42795 0.921896 -1.0895 1431.96 2112 72626 1 0 1
-1014.1 -5500 179.075 -0.737792 -0.556627 0.90054 2003.53 2112 72851 1 0 1
-187.008 -5500 3402.28 0.383213 -16.308 13.1 590.806 2112 72862 1 0 1
-1268.97 5500 4539.33 4.52106 7.927 2.8188 2191.81 2112 72982 1 0 1
-2834.27 -5500 -1799.36 -0.793946 -0.382535 -1.03993 5258.69 2112 73010 1 0 1
-1176.36 -5500 3028.22 -0.302359 -2.79756 4.87471 8681.5 22 73049 1037 1 1
836.471 -5500 -2279.7 6.95043 -4.94416 -5.91848 710.581 2112 73310 1 0 1
3222.52 -5500 -120.905 30.1615 -22.9606 6.14452 1208.08 2112 73511 1 0 1
-4638.6 5500 2124.95 -1.6323 2.1689 0.73684 3049.57 2112 73539 1 0 1
3221.41 -5500 -2637.61 -0.0328163 -0.0909839 -0.0290568 10025.9 22 73646 1068 1065 1
2756.11 5500 -3813.8 -1.00503 9.48953 -6.41334 1091.81 2112 73748 1 0 1
-3307.08 5500 -2057.47 0.193264 0.929262 0.0329909 9790.6 2112 73803 1 0 1
-3126.22 5500 2634.82 -2.16671 11.6522 9.1467 797.315 2112 73955 1 0 1
-3906.55 5500 2216.51 -0.214996 0.748786 0.137322 3329.41 22 74128 1054 1 1
4285.26 -5500 -4063.07 3.68944 -3.92638 -0.380779 433.097 22 74133 1113 1 1
1087.2 5500 3305.24 15.3886 22.8952 7.14503 557.003 2112 74195 1 0 1
536.573 -5500 -690.175 -0.533241 -4.56495 -2.31741 5723.06 22 74218 1079 1 1
-2162.03 -5500 -555.187 -3.37718 -5.61022 -1.45132 1614.81 2112 74313 1 0 1
-5075.19 -5500 1108.99 -14.0031 -22.6383 -7.05235 705.744 2112 74330 1 0 1
-2963.91 5500 -1126.87 11.4699 35.9366 0.720863 538.723 2112 74366 1 0 1
3938.19 5500 4373.46 0.16764 0.243366 0.0112675 5743.97 22 74400 1102 1098 1
-1667.7 -5500 -1031.44 -0.240341 -0.596584 -0.125938 873.81 22 74457 1055 1 1
-1403.24 -5500 -664.003 0.123122 -5.22679 0.73892 873.387 22 74457 1071 1 1
1016.89 -5500 944.009 0.0535648 -0.228197 -0.0748474 7769.78 2112 74472 1 0 1
2092.83 5500 -1292.34 -1.51553 7.82016 -0.362097 1257.44 2112 74508 1 0 1
454.569 -5500 -136.837 0.204243 -0.688597 -8.72904e-05 1828.33 2112 74733 1 0 1
-4555.75 -5500 468.568 -2.0542 -0.940196 0.473702 3488.13 2112 74789 1 0 1
-2973.13 -5500 2079.95 -0.0341353 -1.61478 0.34727 4976.69 22 74856 1114 1 1
-2619.36 -5500 -1420.5 -0.255191 -0.738134 -0.926468 4009.06 2112 75072 1 0 1
-476.471 5500 -1227.97 -0.39248 0.706975 0.193967 2419.58 2112 75134 1 0 1
3433.66 -5500 -1590.72 -0.0932524 -2.49935 -0.413131 4818.42 2112 75211 1 0 1
-1830.25 -5500 -1918.98 12.1252 -31.2155 15.4855 571.769 2112 75278 1 0 1
3270.7 -5500 -289.241 1.61908 -1.87512 0.0489706 1913.32 2112 75412 1 0 1
1770.63 -5500 66.5435 -0.0116967 -0.1455 0.0126416 1363.98 22 75581 1005 1 1
-4627.84 5500 -85.1857 -10.5711 38.0703 5.2206 569.575 2112 75590 1 0 1
1157.92 -5500 444 0.255729 -0.52622 -0.24308 3160.31 2112 75675 1 0 1
-4954.8 -5500 2396.33 -25.663 -31.306 4.66919 584.072 2112 75714 1 0 1
-473.567 5500 5155.19 -1.99504 34.6308 15.1815 589.949 2112 75807 1 0 1
-1017.08 -5500 -2731.48 0.121137 -0.22277 -0.0982215 8164.59 22 75901 1085 1 1
185.3 5500 -2382.96 1.02767 1.4226 0.26491 23660.1 22 75917 1090 1 1
3003.96 -5500 746.578 0.124759 -0.466226 0.283798 7815.9 2112 76115 1 0 1
680.94 -5500 -658.397 0.0193262 -0.186652 -0.0760831 8188.37 2112 76355 1 0 1
580.476 5500 2832.68 0.266076 0.698353 0.307741 4892.57 2112 76358 1 0 1
-4459.05 -5500 1637.89 -6.27484 -9.2174 6.4349 928.486 2112 76481 1 0 1
67.6645 -5500 1023.12 -0.165196 -1.03476 0.359321 2100.71 2112 76626 1 0 1
-1886.81 5500 4754.73 0.00178438 0.0487638 0.0229441 15379.1 22 76652 1033 1 1
-2823.06 -5500 4558.54 -0.00288946 -0.281329 0.297255 12679.3 22 76774 1008 1006 1
-2151.65 -5500 1248.65 0.353509 -1.12225 -0.758914 5036.22 2112 76848 1 0 1
2123.14 -5500 5136.48 -0.00937585 -0.126833 0.0494623 1152.65 22 77003 1076 1 1
1816.38 -5500 3996.84 -0.0686551 -0.359155 0.0118004 1151.45 22 77003 1084 1 1
-2720.6 -5500 2238.34 -1.61894 -0.368232 2.69433 3527.36 2112 77060 1 0 1
5322.56 5500 -1438.86 3.76471 8.60184 -7.81745 1289 2112 77201 1 0 1
-329.411 5500 624.959 1.04333 1.62258 2.81464 925.129 2112 77243 1 0 1
-3062.87 5500 -578.726 -5.17744 5.6316 -3.89371 888.609 2112 77379 1 0 1
-3509.49 -5500 -1386.84 -0.686107 -3.41807 -0.889849 1821.78 2112 77448 1 0 1
-502.505 -5500 -960.467 0.0472811 -0.158292 -0.149818 7092.57 2112 77838 1 0 1
318.481 5500 -2513.7 1.03438 1.18911 -0.00676365 3875.06 2112 77905 1 0 1
-1363.06 -5500 2430.14 0.528497 -0.563425 0.419805 9274.25 2112 77947 1 0 1
3409.76 5500 -2974.92 5.91419 3.75245 -4.58441 1242 2112 77968 1 0 1
3885.75 5500 2676.13 0.195402 0.44355 0.0483169 11885.4 22 78033 1005 1 1
-544.198 -5500 476.733 1.67884 -3.60702 0.867618 4302.23 2112 78451 1 0 1
-1455.22 5500 -1468.94 -0.131525 0.208351 -0.0374808 9432.63 2112 78464 1 0 1
-1121.71 5500 368.269 -0.608296 4.79137 2.10262 689.737 2112 78545 1 0 1
4438.08 -5500 -4857.36 0.683453 -3.23178 -1.2252 4132.41 2112 78585 1 0 1
-1307.74 -5500 -1029.47 -0.187738 -1.62474 0.861753 508.468 22 78621 1066 1 1
-3474.58 -5500 -3971.02 -0.113581 -0.122046 -0.0545753 7714.14 22 78644 1079 1 1
1272.88 5500 -2345.74 0.755219 0.288911 -0.761345 5634.33 2112 78759 1 0 1
-1690.87 -5500 -3815.72 -1.81371 -4.88597 -3.97621 1209.19 2112 78764 1 0 1
-2773.6 -5500 -313.332 -12.2268 -27.3999 7.86479 505.409 2112 78805 1 0 1
-818.098 5500 433.984 1.74283 3.4105 -0.606752 1338.8 2112 78891 1 0 1
2580.4 5500 4460.68 0.16169 0.913627 1.35721 5425.17 2112 78935 1 0 1
-2261.97 5500 1273.47 -0.648331 1.26263 -0.384856 16273.6 22 79036 1003 1 1
1458.25 -5500 -1653.19 -4.67826 -10.8259 2.16071 680.778 2112 79101 1 0 1
824.375 -5500 -1862.01 0.144189 -0.971296 0.716873 3740.78 2112 79261 1 0 1
-277.994 -5500 4463.84 0.047076 -1.53851 1.2798 4199.44 2112 79376 1 0 1
-1818.22 -5500 268.282 -5.75908 -7.13426 -2.09785 644.608 2112 79382 1 0 1
-3931.47 -5500 -1843.12 -5.95055 -6.01732 0.980273 1159.4 2112 79574 1 0 1
4630.79 -5500 -3565.57 5.3629 -4.64999 -2.17257 28745.6 22 79596 1052 1 1
-5352.42 5500 -4078.05 -11.6217 20.9751 -12.9113 810.756 2112 79665 1 0 1
1535.55 -5500 -1076.92 0.475589 -0.471414 -0.113389 528.874 22 79710 1004 1 1
146.997 5500 1043.56 3.35409 1.19969 1.68716 2040.12 2112 79851 1 0 1
165.913 5500 -1506.63 -7.79827 4.82092 0.785364 819.629 2112 79934 1 0 1
-996.774 -5500 247.346 2.84076 -6.23652 -2.98145 1164.72 2112 80006 1 0 1
2998.18 5500 1777.88 -0.141605 0.611244 0.0599131 7795.68 22 80148 1005 1 1
-1908.65 -5500 -4010.07 -0.318735 -1.24838 0.0166272 6474.15 2112 80153 1 0 1
-4967.43 5500 -2913.05 -3.0446 16.7044 -1.06915 1150.91 2112 80169 1 0 1
4836.13 -5500 -877.972 2.44567 -0.752301 -0.506732 5632.55 2112 80190 1 0 1
2759.1 -5500 -4206.67 0.668833 -4.60329 -0.329289 2492.9 2112 80361 1 0 1
-1635.54 -5500 -563.86 -0.0916276 -4.94326 1.11147 1551.71 2112 80374 1 0 1
-4823.22 -5500 2522.47 -1.47054 -3.28231 -0.138045 3056.62 2112 80416 1 0 1
766.058 -5500 -4707 0.0273814 -0.113706 -0.00523253 7729.68 22 80518 1031 1 1
-1347.68 -5500 4422.8 -0.0400836 -0.96254 0.257183 7841.51 2112 80544 1 0 1
2977.34 -5500 -2515.52 0.456922 -0.673869 -0.288721 16357.2 22 80561 1081 1 1
3089.18 -5500 -5090.37 0.0232134 -0.0300736 -0.0778473 16363.6 22 80561 1089 1 1
3423.21 5500 -1528.71 0.375753 0.848687 0.0228296 6013.58 2112 80581 1 0 1
1460.55 5500 431.088 1.58838 1.35515 1.2076 1274.42 2112 80594 1 0 1
-2752.34 5500 -3993.94 -16.8453 7.21931 -7.28144 874.056 2112 80666 1 0 1
1356.16 -5500 4520.6 0.299425 -0.809772 1.41906 4721.43 2112 80747 1 0 1
786.316 -5500 2100.38 -0.0891795 -1.46831 0.124698 4929.41 22 80792 1076 1 1
-712.706 5500 -1931.85 -0.309065 2.73208 -0.635226 1317.38 2112 80878 1 0 1
-4209.42 -5500 -1686.41 -0.175533 -0.0547514 0.0207974 680.041 22 81037 1098 1 1
-2842.92 -5500 2229.93 -2.54877 -3.39165 0.729234 3823.64 22 81161 1083 1 1
-2506.16 -5500 2469.28 -7.41436 -6.32423 5.73961 847.107 2112 81229 1 0 1
-2937.85 -5500 -1881.56 -1.01729 -0.679317 -0.345411 4199.97 2112 81349 1 0 1
1170.9 -5500 1063.73 -0.242957 -0.391073 0.0661119 5423.8 2112 81381 1 0 1
-267.336 -5500 2417.46 -0.0876009 -0.303967 0.104759 9607.01 2112 81426 1 0 1
-5356.43 -5500 -4290.5 -0.0465302 -1.1871 -0.621438 1991.33 22 81478 1003 1 1
-2259.65 5500 -1603.97 -0.573026 1.95737 -2.38223 1599.01 2112 81535 1 0 1
-2382.89 -5500 -2309.01 -3.37605 -11.9039 -9.34249 653.282 2112 81606 1 0 1
-2679.81 -5500 2764.52 -5.69305 -37.1511 -5.88514 552.169 2112 81677 1 0 1
5311.81 5500 -3963.62 0.0602121 0.0355715 -0.047093 5886.69 22 81802 1095 1093 1
-4828.85 -5500 -1890.31 -30.3717 -10.512 -7.61696 674.408 2112 81814 1 0 1
3649.12 -5500 262.183 0.305863 -1.30682 -1.25756 5037.79 2112 81911 1 0 1
2588.89 5500 319.589 0.0498903 0.807464 0.112526 4725.02 2112 82027 1 0 1
-4929.36 -5500 -851.968 -8.29767 -4.5302 3.13791 1315.3 2112 82062 1 0 1
2563.8 5500 1643.28 -0.401953 9.61987 -2.26752 905.674 2112 82251 1 0 1
-87.0763 5500 2934.06 0.373569 0.789084 0.353748 4614.3 2112 82506 1 0 1
-2543.72 -5500 3740.64 -0.353049 -0.915532 0.376942 8821.99 22 82788 1067 1 1
4407.32 -5500 1073.52 21.5084 -27.0036 0.959738 560.012 2112 82842 1 0 1
-3632.17 -5500 1054.88 -0.428725 -0.473873 -0.359615 9635.49 2112 82880 1 0 1
4704.68 -5500 -4274.54 11.7411 -31.0746 -1.78291 820.226 2112 82887 1 0 1
683.312 5500 1076.91 -0.363864 0.53726 0.218592 6256.2 22 82928 1003 1 1
-2436.72 5500 -2663.17 -0.128004 0.468021 -0.128622 641.129 22 82959 1065 1 1
-38.0778 5500 3054.67 -0.206706 0.628161 0.28499 5557.61 2112 83118 1 0 1
4017.87 -5500 403.334 12.7576 -31.1077 9.78021 537.274 2112 83206 1 0 1
-963.229 -5500 1393.74 -11.3378 -31.5655 -11.4012 450.735 2112 83248 1 0 1
-4809.43 5500 -3691.65 -0.136447 0.162578 -0.0705028 23304.1 22 83309 1010 1007 1
551.765 5500 -1238.92 -12.6614 31.5346 14.6271 437.11 2112 83400 1 0 1
-3990.63 -5500 4612.6 -1.18576 -27.753 25.7931 688.835 2112 83445 1 0 1
1116.55 5500 448.889 0.610595 1.87997 0.192177 1081.44 2112 83561 1 0 1
-1014.35 -5500 -3341.7 -2.65483 -31.3004 -1.03481 549.088 2112 83637 1 0 1
-251.979 -5500 1327.68 0.339552 -0.717437 -0.25197 2601.75 2112 83678 1 0 1
-2245.13 -5500 -782.398 -16.6346 -32.7497 -1.56272 448.587 2112 83767 1 0 1
-2515.27 5500 1341.12 -6.23654 23.0579 -19.3545 576.967 2112 83815 1 0 1
2847.64 5500 -3032.98 8.59308 6.80067 -4.67158 942.722 2112 83967 1 0 1
1263.49 -5500 -732.384 1.23757 -2.95761 1.01409 925.585 2112 83979 1 0 1
3699.92 5500 1463.51 0.915201 0.78575 -0.453347 7760.28 22 83984 1087 1 1
2097.49 5500 -5170.89 -0.22976 1.72156 -0.692272 6300.87 2112 84096 1 0 1
-401.934 -5500 -746.141 0.472918 -0.74988 -0.379991 1976 2112 84156 1 0 1
527.499 5500 4240.33 2.70777 2.95915 1.7676 5869.98 22 84229 1061 1 1
5089.47 5500 -5325.65 7.76536 16.3511 -37.1841 796.236 2112 84243 1 0 1
5260.63 5500 2097.29 0.514186 1.80131 -0.253896 3946.71 22 84249 1004 1 1
486.472 -5500 736.339 -1.44009 -4.31662 2.96564 646.05 2112 84289 1 0 1
2060.44 -5500 704.618 0.185019 -3.84631 -0.431489 4578.33 22 84297 1072 1 1
-223.355 5500 244.205 -8.38052 38.8186 -8.21155 403.311 2112 84400 1 0 1
-286.265 5500 -457.438 -0.332634 0.381151 -0.173271 3256.93 2112 84409 1 0 1
1542.43 5500 -312.908 0.257641 0.329889 -0.0416713 4602.41 2112 84437 1 0 1
-2832.88 -5500 2296.66 -1.55632 -3.33665 -1.23308 2166.36 2112 84646 1 0 1
4529.26 -5500 -3371.35 5.70053 -3.46218 -2.84505 5408.23 22 84954 1077 1 1
-600.281 -5500 4990.51 0.0558272 -0.229974 0.042647 561.864 22 85019 1069 1 1
-2391.58 5500 3391.19 -0.275285 0.426179 0.0581606 7862.28 22 85058 1083 1 1
-4953.06 5500 -1612.62 -0.271079 0.448169 -0.108749 5725.49 22 85062 1078 1 1
-888.673 5500 -1776.19 7.38135 36.1368 6.24055 450.986 2112 85183 1 0 1
-4944.59 5500 -2271.35 -1.62407 4.69084 1.53886 3887.86 2112 85247 1 0 1
-2056.71 5500 4857.72 -6.23374 25.4372 1.45225 805.526 2112 85410 1 0 1
2499.56 5500 -5054.85 0.136224 0.393684 -1.27135 8610.27 2112 85513 1 0 1
-1606.23 5500 -63.2342 -6.63715 11.8262 2.5586 518.931 2112 85546 1 0 1
55.5958 5500 4529.66 0.371048 0.849618 0.149857 9187.07 2112 85563 1 0 1
2677.5 -5500 -457.296 0.259598 -0.362487 -0.239822 10552.2 22 85584 1081 1 1
2628.14 5500 5179.55 6.17302 11.9072 19.8131 768.317 2112 85605 1 0 1
-3694.03 5500 -392.005 -0.128725 0.152238 -0.0866285 1930.84 22 85662 1058 1 1
-3600.88 5500 -2130.66 -0.424176 0.560069 -1.24061 1934.78 22 85662 1063 1 1
-3904.72 5500 688.63 -0.114519 0.117695 0.055975 1931.57 22 85662 1064 1 1
434.606 5500 4118.98 0.526403 1.80562 0.690107 15920.3 22 85711 1077 1 1
-3117.14 5500 1967.53 -4.55408 6.35205 7.83965 854.78 2112 86022 1 0 1
1020.69 -5500 214.237 -0.0945259 -0.179351 0.111337 9667.21 2112 86095 1 0 1
2472.99 -5500 3825.98 0.0641264 -0.689372 0.514632 7921.24 2112 86405 1 0 1
1361.53 5500 -2000.29 0.0117022 0.293861 -0.205636 8386.03 2112 86501 1 0 1
2858.76 -5500 1024.28 0.615406 -1.65802 1.34694 4003.33 22 86528 1005 1 1
-206.792 -5500 -2353.69 0.354643 -0.845121 -0.221231 4014.68 2112 86553 1 0 1
1146.79 5500 580.863 -0.19963 0.359205 0.215675 4691.44 2112 86714 1 0 1
-3636.04 5500 -2404.89 -0.53423 0.823855 0.156747 51512.7 22 86724 1061 1 1
550.913 5500 5398.75 -17.3796 21.6655 21.3945 688.27 2112 86808 1 0 1
-466.967 -5500 4387.59 -1.98713 -5.23993 5.01418 2789.01 2112 86877 1 0 1
-173.536 -5500 1864.29 0.181689 -0.192246 0.150683 9530.5 2112 86998 1002 1 1
-613.988 -5500 1651.72 0.889986 -3.09504 -2.55769 1399.26 2112 87154 1 0 1
379.172 -5500 4779.68 -1.35102 -1.38665 1.09262 13064.7 22 87174 1006 1 1
-3576.7 5500 1610.57 -25.1764 30.5969 -0.794287 509.976 2112 87204 1 0 1
-3454.48 5500 -3.72763 -1.79478 2.00718 -0.232496 1883.87 2112 87293 1 0 1
670.34 -5500 -1119.17 0.0230918 -0.138677 -0.0954595 9628.65 2112 87365 1 0 1
2785.76 -5500 -3987.61 0.0355085 -0.0753315 0.00183389 9088.2 22 87453 1022 1 1
-1700.35 -5500 -911.124 -16.5196 -16.2793 1.81034 483.075 2112 87623 1 0 1
-1758.35 5500 -3754.96 -4.40651 10.2876 0.601041 1851.86 2112 87696 1 0 1
2188.1 -5500 2488.02 17.4226 -23.3435 15.195 505.157 2112 87753 1 0 1
-4377.02 -5500 -618.239 -6.27222 -15.5892 -8.82336 791.067 2112 87755 1 0 1
-2886.34 5500 1590.26 -15.6045 13.0546 20.1197 551.332 2112 87779 1 0 1
235.754 5500 5265.03 2.98695 22.0336 24.5143 609.326 2112 87820 1 0 1
2219.99 -5500 1182.35 2.88327 -4.88148 0.086762 846.658 2112 87908 1 0 1
-3973.89 5500 -2093.38 -5.10317 4.67224 3.444 1783.03 2112 88022 1 0 1
4032.89 5500 -1539.64 -0.585375 21.6796 1.00626 774.497 2112 88207 1 0 1
-4681.37 -5500 1611.21 -0.0186959 -0.12889 0.0183938 1430.72 22 88286 1064 1 1
-3046.62 -5500 -470.177 0.661952 -12.5624 -2.05033 742.192 2112 88351 1 0 1
660.679 -5500 579.411 0.324999 -0.806236 -0.622066 2704 2112 88941 1 0 1
620.985 5500 380.743 -0.262292 0.413156 0.180675 2061.44 22 89119 1058 1 1
-3110.91 5500 1699 -0.0352006 0.234935 0.147551 467.59 22 89203 1005 1 1
-2639.31 5500 1758.89 0.0102456 0.0714138 0.0494939 468.301 22 89203 1017 1 1
-2366.2 5500 -4256.83 -6.9701 28.2257 -13.1958 1324.64 2112 89206 1 0 1
-881.418 5500 783.127 -0.802202 0.47034 -0.672883 4090.8 2112 89216 1 0 1
-2993.16 5500 4536.33 -5.80274 33.5896 12.8776 632.559 2112 89220 1 0 1
-51.3774 5500 677.478 -0.258957 0.473744 0.0454904 3012.09 2112 89230 1 0 1
4882.56 5500 -2269.6 0.121074 0.0999652 0.00582809 4614.16 22 89327 1083 1 1
4490.61 5500 -3890.95 0.798898 1.38959 -0.620835 8073.59 2112 89338 1 0 1
5273.89 5500 444.067 0.974619 3.96509 0.470238 6970.15 22 89341 1077 1 1
-386.518 5500 -307.271 -22.2162 20.9048 -4.1128 424.082 2112 89412 1 0 1
-80.245 -5500 -2875.76 -4.36141 -6.86874 -0.790121 931.135 2112 89424 1 0 1
-4355.95 -5500 2472.14 -1.80115 -3.25827 0.712576 3352.67 22 89446 1075 1 1
1500.85 -5500 1125.97 -3.16977 -4.46596 7.05866 1882.32 2112 89456 1 0 1
-2211.56 5500 -4662.03 -0.0170772 2.29253 -0.230814 5210.43 2112 89477 1 0 1
-1164.37 -5500 2268.27 -0.361064 -0.334843 -0.165687 10219.9 2112 89488 1 0 1
2594.1 5500 -3629.04 -1.60472 8.02521 -4.44395 1211.15 2112 89616 1 0 1
-4809.49 -5500 4699.05 -11.5538 -33.2926 4.36499 824.697 2112 89631 1 0 1
217.335 5500 -119.918 0.0713781 0.222959 -0.0103462 4133.3 2112 89652 1 0 1
-3977 5500 -2256.35 -2.15924 6.56369 -2.44385 1268 2112 89821 1 0 1
5120.72 -5500 -3962.28 0.0472347 -0.0273657 -0.0341389 7334 22 89826 1103 1084 1
2.44393 5500 600.564 -0.0795651 0.244536 -0.298836 4923.68 2112 89932 1 0 1
-758.27 5500 1585.86 -0.00890095 0.212261 0.0465265 10268.8 2112 89961 1 0 1
3104.68 5500 -844.984 8.15787 8.39395 -8.42339 743.31 2112 90168 1 0 1
-1379.74 5500 3244.64 -0.373931 1.0079 0.116575 4765.76 2112 90169 1 0 1
-5277.65 -5500 2979.73 -1.71198 -1.23706 -0.624452 8012.07 2112 90318 1 0 1
-183.272 5500 389.805 -9.65951 8.73345 9.12443 504.552 2112 90324 1 0 1
1309.94 5500 -1665.99 0.19553 0.249375 0.0850196 7040.91 22 90355 1066 1 1
-1225.62 5500 -612.368 -9.37343 42.0635 -4.68334 410.24 2112 90460 1 0 1
3717.59 5500 158.795 -0.111411 2.91508 -2.37672 3550.33 2112 90471 1 0 1
862.973 5500 3706.22 -0.0211742 0.0251182 0.0149078 4867.32 22 90606 1075 1 1
-3001.11 -5500 -3676.47 -1.03277 -0.794688 -1.43224 4339.94 2112 90621 1 0 1
-3535.3 -5500 1837.48 0.00440908 -0.0801871 0.0145729 8751.75 22 90636 1055 1 1
-2088.85 -5500 819.923 -1.02396 -0.437766 0.10376 3687.11 2112 90641 1 0 1
2122.56 -5500 17.3307 0.0389876 -0.864284 0.409172 20392.7 22 90652 1075 1 1
1494.14 -5500 -442.165 -2.28083 -3.46398 -0.317783 20393 22 90652 1093 1 1
-81.6754 -5500 -20.8609 5.23272 -14.2206 2.24418 455.567 2112 90706 1 0 1
1416.28 -5500 -1826.09 0.431008 -0.684642 -0.145761 4083.61 2112 90774 1 0 1
-48.1254 5500 -2057.1 -0.0615506 0.0472319 -0.0929653 1957.59 22 90811 1112 1 1
-366.39 5500 -2650.94 -0.025244 0.390384 -0.117537 10113.4 2112 90881 1 0 1
1746.98 5500 -1083.87 0.049835 0.375275 -0.154227 6456.18 2112 91025 1 0 1
-226.194 -5500 1171.33 -4.38533 -5.37605 4.54368 1503.78 2112 91170 1 0 1
1886.8 -5500 865.979 7.13774 -10.6091 11.5215 563.755 2112 91369 1 0 1
840.666 -5500 -276.198 0.731456 -10.9601 10.5456 495.181 2112 91384 1 0 1
4790.76 -5500 1400.37 3.1828 -2.61466 -0.154714 2181.92 2112 91498 1 0 1
1909.22 -5500 -1996.23 0.107282 -0.333056 -0.170349 7928.29 2112 91499 1 0 1
1036.53 5500 3258.6 -0.290282 1.22639 1.58651 3749.65 2112 91508 1 0 1
-1808.85 5500 -582.245 -0.19442 0.27898 -0.0133139 6444 2112 91537 1 0 1
-2186.45 5500 622.678 4.1105 20.1964 -2.07589 545.893 2112 91549 1 0 1
1534.43 5500 2619.03 -0.156734 1.40803 -0.587053 5659.36 2112 91575 1 0 1
-3053.09 5500 3647.48 -4.17971 5.18873 0.104168 11971.3 22 91605 1037 1 1
40.9796 -5500 -2174.32 0.194075 -1.68608 -0.741074 1684.14 2112 91750 1 0 1
-3085.27 5500 5263.61 -10.8243 29.876 13.8525 679.798 2112 91824 1 0 1
146.731 -5500 -3600.81 21.8033 -24.9567 -9.72667 563.958 2112 91856 1 0 1
-3360.58 -5500 2147.03 -5.98404 -7.69975 -1.71591 1006.28 2112 91979 1 0 1
-2041.24 -5500 4388.51 -0.0396932 -0.347507 0.203769 5016.81 22 92029 1004 1 1
1799.16 5500 -2484.09 -0.179794 0.868157 -0.209695 5635.02 2112 92042 1 0 1
-200.702 -5500 462.041 -0.66624 -5.12423 4.32931 1092.28 2112 92137 1 0 1
-2599.85 5500 3283.77 -1.99843 4.6396 1.40423 1442.59 2112 92440 1 0 1
-2549.34 5500 1914.74 -0.598247 5.21139 6.63431 984.514 2112 92456 1 0 1
263.956 -5500 4819.79 -0.540692 -3.02612 1.09146 3991.44 22 92547 1103 1 1
2477.89 5500 2500.9 0.290002 0.103745 0.187356 71806.1 22 92552 1056 1 1
2173.7 -5500 -3656.38 -0.0857739 -1.82911 -0.600923 4410.7 2112 92560 1 0 1
-3064.7 -5500 1279.14 0.0822665 -0.380095 0.280791 23626 22 92897 1036 1033 1
3568.44 5500 1332.35 1.54259 9.1864 2.40867 990.498 2112 93016 1 0 1
-2642.98 -5500 1358.86 -0.631734 -4.29155 -0.0133828 1953.97 2112 93122 1 0 1
-1651.69 5500 -582.316 8.29409 33.46 14.6778 1021.74 2112 93139 1 0 1
-865.568 5500 -5289.67 -1.77532 32.0328 -13.4241 1170.97 2112 93184 1 0 1
4819.87 -5500 2374 16.4714 -15.1034 -2.94455 798.792 2112 93193 1 0 1
-265.264 5500 -4761.94 0.105907 0.477965 -0.231847 3942.86 22 93355 1075 1071 1
3605.11 -5500 4481.97 -3.53977 -11.7804 12.8968 1209.94 2112 93415 1 0 1
288.946 5500 1269.28 0.12775 0.284616 0.0638612 7842.38 2112 93431 1 0 1
2509.84 5500 704.509 -9.33418 21.4104 27.4981 592.265 2112 93461 1 0 1
-2176.86 -5500 -2.53307 0.135762 -0.492144 0.017999 6408.35 2112 93512 1 0 1
-1016.31 -5500 -2771.32 1.69667 -2.76272 -0.631313 15131.4 22 93659 1065 1 1
-3357.59 -5500 -5201.38 -2.06152 -2.54126 -5.39137 2180.45 2112 93664 1 0 1
1372.85 -5500 1255.64 6.9091 -21.897 -3.6537 468.368 2112 93686 1 0 1
898.035 -5500 -3724.81 -3.76049 -7.05444 -9.7931 1653.62 2112 93744 1 0 1
-3495.34 5500 224.877 -1.04606 2.56611 -1.59365 7785.91 22 93846 1057 1 1
2686.27 -5500 -1192.01 0.188313 -0.749598 -0.351939 4339.58 2112 93978 1 0 1
3350.35 -5500 -851.377 0.217996 -4.35373 -0.977102 1517.72 2112 94128 1 0 1
1895.72 -5500 1252.73 -2.31028 -8.00231 -0.607935 1074.29 2112 94193 1 0 1
1812.73 5500 -1514 0.165933 11.7865 -29.1712 545.116 2112 94199 1 0 1
-1812.33 -5500 -3923.23 -0.921932 -1.10095 -0.851064 4702.3 2112 94291 1 0 1
-511.033 -5500 3918.61 -7.63636 -9.05844 2.41501 973.536 2112 94301 1 0 1
3055.95 5500 -4620.52 -0.320656 2.50128 -2.25012 3375.81 2112 94548 1 0 1
-1109.18 -5500 -698.875 -0.604491 -3.83623 0.508803 819.407 2112 94685 1 0 1
-697.706 -5500 5360.08 4.63374 -4.63306 4.52055 2171.59 2112 94797 1 0 1
1674.8 5500 -904.333 -2.70924 5.13629 -1.37361 2677.06 2112 94816 1 0 1
-788.764 5500 -2126.28 0.521638 1.98537 -1.17253 12000.3 22 94975 1066 1 1
-469.961 -5500 -2773.33 -24.6325 -19.5405 -7.67251 1066.3 2112 94980 1 0 1
-1167.4 5500 3221.29 -0.00403395 0.333253 0.362068 9617.86 2112 95062 1 0 1
3898.32 5500 -2221.05 4.48535 2.32115 0.442542 2988.37 2112 95194 1 0 1
-2787.59 -5500 1210.65 -0.275406 -0.281476 0.00817001 9617.43 2112 95264 1 0 1
-2235.11 5500 1324.01 1.47819 4.6361 -1.18361 1339.33 2112 95351 1 0 1
4686.67 -5500 1078.3 0.0329878 -0.12761 0.0874982 89091 22 95426 1086 1082 1
-2813.9 5500 -2558.62 -1.1544 2.00879 -1.83062 2120.37 2112 95450 1 0 1
2743.78 5500 -2149.26 0.379986 0.706434 -0.247687 8299.35 22 95462 1055 1 1
-2355.03 -5500 -4172.82 -2.44623 -7.19234 -3.68998 1231.75 2112 95473 1 0 1
393.229 5500 3992.72 -0.00751142 0.084648 0.085334 666.269 22 95563 1059 1 1
-493.686 5500 -3094.76 7.17858 12.223 -14.6916 624.333 2112 95655 1 0 1
-480.018 -5500 4845.28 -2.14509 -2.97115 1.03635 2952.4 2112 95672 1 0 1
-840.056 5500 -2622.91 -1.03406 4.83075 -1.37805 2240.34 22 95780 1064 1 1
-1789.91 -5500 -530.541 -0.021536 -0.531434 0.427236 4888.64 2112 95798 1 0 1
-2719.43 5500 3900.95 -0.193084 2.25133 1.35074 7761.25 22 95813 1081 1 1
-1811.82 5500 3382.31 0.0849952 0.2723 0.0534425 7761.77 22 95813 1086 1083 1
823.192 5500 -222.748 -4.87715 7.94113 -14.8064 550.433 2112 95907 1 0 1
928.271 5500 4801.4 -3.81988 16.6668 4.46327 891.959 2112 96042 1 0 1
-1497.29 5500 2330.05 0.236914 1.34261 2.08002 2036.95 2112 96066 1 0 1
-419.554 5500 -3853.95 18.9645 19.6004 -17.5934 604.833 2112 96277 1 0 1
-3698.19 5500 -3473.34 -6.30544 10.0998 2.68684 1369.1 2112 96471 1 0 1
-152.232 -5500 -1715.72 0.375061 -3.90615 -0.511713 902.432 2112 96549 1 0 1
-386.452 -5500 -1026.34 -5.84682 -5.70697 -11.8553 588.379 2112 96621 1 0 1
4272.13 5500 413.595 27.8111 23.2702 7.49573 540.895 2112 96791 1 0 1
4574.09 -5500 924.839 8.44692 -14.4004 -1.8852 1410.35 2112 96794 1 0 1
-2152.15 -5500 -1077.13 3.6461 -26.8517 -21.8976 476.577 2112 96808 1 0 1
2169.73 5500 -1585.61 0.214254 0.163015 -0.488023 9558.58 2112 96846 1 0 1
-275.489 5500 -4610.73 9.81906 30.7825 -16.2679 571.583 2112 97028 1 0 1
-330.649 -5500 -920.344 0.488807 -1.35443 -1.17543 1353.19 2112 97133 1 0 1
96.4311 5500 3921.83 1.04793 1.93486 0.316514 34181.9 22 97252 1004 1 1
-1920.05 5500 1558.01 -5.02267 5.28423 2.48768 2062.83 2112 97266 1 0 1
3080.52 5500 -4898.31 24.2021 28.1063 -0.919752 1519.54 2112 97414 1 0 1
-272.865 5500 -661.893 -0.0141853 0.160502 0.0106281 8366.1 2112 97478 1 0 1
708.018 5500 -1160.94 -0.378752 1.46779 0.356635 1518.44 2112 97489 1 0 1
5187.1 5500 2042 1.89862 0.676747 0.937649 7689.66 22 97533 1005 1 1
460.43 -5500 1885.91 9.78107 -12.0396 -2.70847 569.443 2112 97627 1 0 1
1009.27 -5500 -512.778 -0.404606 -0.526382 -0.204294 3569.04 2112 97641 1 0 1
2723.01 -5500 -1985.22 2.09826 -1.3955 -1.1247 2087.64 2112 97700 1 0 1
806.267 5500 -485.807 0.125528 0.106383 -0.0402121 8869.64 2112 98033 1 0 1
3128.08 5500 1178.54 0.505654 0.454295 -0.573456 10889.7 22 98091 1004 1 1
1104.66 -5500 -4840.45 3.15715 -4.18251 -1.41036 2843.24 22 98127 1085 1 1
2452.06 5500 -4675.1 -0.347554 1.09104 -0.714685 12969.4 22 98334 1004 1 1
-4795.85 5500 6.71606 -0.0347265 0.0701717 0.0216377 601.524 22 98398 1101 1 1
-1401.87 -5500 -1170.28 -3.76063 -29.6934 -11.9122 456.763 2112 98502 1 0 1
-856.003 5500 -5089.27 0.032573 1.22102 -0.669436 6232.92 2112 98536 1 0 1
5067.52 5500 -2554.48 3.0394 4.77569 -4.94333 1743.86 2112 98718 1 0 1
-5337.64 -5500 5041.8 -31.0791 -18.5778 3.26471 1094.33 2112 98755 1 0 1
3961.61 5500 -3009.19 -0.0571095 0.897126 -0.581433 6327.93 22 98818 1005 1 1
3757.99 -5500 -3037.66 12.1715 -24.5683 -18.4816 1294.96 2112 98924 1 0 1
1840.22 -5500 -1684.55 -12.9102 -13.1755 -7.30051 734.081 2112 98973 1 0 1
-3304.59 -5500 599.907 -8.05101 -16.4989 12.0722 2017.22 2112 99054 1 0 1
-907.562 -5500 -562.535 4.47449 -3.81176 1.16273 857.199 2112 99079 1 0 1
311.152 5500 4049.01 0.673704 0.892314 0.711256 5358.07 2112 99083 1 0 1
-346.51 -5500 -276.092 -0.0411151 -3.93494 -0.912636 667.839 2112 99185 1 0 1
1328.37 5500 -2947.22 -3.28233 37.0721 -6.34517 491.123 2112 99398 1 0 1
-3485.88 5500 -4146.8 -0.0517869 5.68269 -3.31923 1856.05 2112 99404 1 0 1
-4804.33 5500 -3731.76 -0.607527 1.63619 -0.768599 5237.51 22 99470 1064 1 1
1197.45 5500 2514.2 11.6572 23.7418 25.7729 471.855 2112 99575 1 0 1
1115.51 5500 1268.23 -0.513334 0.335763 0.350774 7585.31 2112 99646 1 0 1
1713.21 -5500 432.939 0.468922 -0.607853 0.109023 3083.19 2112 99818 1 0 1
-1298.33 5500 779.749 0.399263 0.601392 0.123222 4251.1 2112 99941 1 0 1
