#BLTrackFile VirtualDetector/Wallz280
#x y z Px Py Pz t PDGid EventID TrackID ParentID Weight
#mm mm mm MeV/c MeV/c MeV/c ns - - - - -
#BLTrackFile VirtualDetector/Wallz280
#x y z Px Py Pz t PDGid EventID TrackID ParentID Weight
#mm mm mm MeV/c MeV/c MeV/c ns - - - - -
-2673.37 -2466.81 -5500 -8.179 -3.29643 -5.91466 2133.34 2112 11 1 0 1
-184.154 3174.86 -5500 -0.401946 4.01599 -2.63707 1933.13 2112 102 1 0 1
170.726 1168.8 -5500 7.6573 6.6701 -19.8678 444.715 2112 148 1 0 1
-4250.14 -2170.13 -5500 0.00347852 -0.0355954 -0.131965 2116.51 22 154 1062 1060 1
502.95 -1206.44 5500 0.189576 -0.123824 0.636144 2789.12 2112 158 1 0 1
-1529.19 2207.74 5500 6.20601 2.60399 15.287 631.486 2112 274 1 0 1
1492.56 -3718.15 5500 12.7945 -8.52995 14.4684 674.016 2112 302 1 0 1
1874.54 -774.735 -5500 -0.213038 -1.64434 -1.50059 1768.82 2112 501 1 0 1
853.907 2295.53 -5500 1.10184 2.46202 -2.81636 367.279 22 708 1054 1 1
-48.2437 -2671.47 5500 -1.55999 -0.32692 2.1094 1813.12 2112 868 1 0 1
2461.85 281.513 -5500 2.28214 -2.49167 -1.88976 1553.5 2112 904 1 0 1
-3364.95 -3596.65 -5500 -0.711974 -0.66264 -0.578676 8001.18 2112 912 1 0 1
-4003.13 -1228.86 5500 -21.3071 11.4372 27.8392 554.981 2112 1043 1 0 1
-1522.5 388.66 -5500 -13.1039 3.25966 -6.03188 559.482 2112 1062 1 0 1
765.566 4137.17 5500 4.47193 1.55306 7.14249 1210.1 2112 1122 1 0 1
1651.53 3310.96 5500 -0.0119973 0.0687476 0.0875382 19597.5 22 1181 1115 1111 1
-3869.66 -372.974 5500 -1.16383 -0.154044 2.60313 4779.59 2112 1286 1 0 1
4484.72 -2194.19 -5500 0.363273 -2.08374 -1.95719 3925.29 2112 1323 1 0 1
-1183.22 2591.16 -5500 -14.9851 9.39376 -21.6462 501.884 2112 1388 1 0 1
4436.62 1727.06 5500 1.71411 1.20249 1.27045 3344.95 2112 1439 1 0 1
-60.6921 -79.4921 5500 -8.30312 1.82264 34.9827 410.074 2112 1445 1 0 1
988.704 -3955.82 -5500 0.426784 -0.12558 -0.323613 2203.43 22 1446 1040 1 1
1600.86 5192.86 5500 -1.89621 8.01361 9.99761 1069.07 2112 1466 1 0 1
-2485.1 4308.96 -5500 1.70116 15.5087 -9.54555 901.315 2112 1637 1 0 1
3639.1 -728.379 5500 0.536926 0.0502768 0.816262 203088 22 1655 1074 1 1
-2319.89 -4779.18 5500 0.159839 -0.297246 1.15574 11898.4 22 1690 1052 1 1
1072.38 -820.83 -5500 0.0358093 -0.451899 -0.349183 4360.36 2112 1695 1 0 1
-903.792 -2720.7 -5500 -0.764431 2.71279 -18.5429 613.011 2112 1756 1 0 1
-312.562 -1881.41 5500 -0.0280689 0.0243692 0.039508 17068.4 22 1860 1003 1 1
-351.838 2690.18 -5500 0.387853 1.88962 -2.14119 2071.45 2112 2004 1 0 1
3762.13 -3841.95 -5500 0.162785 -0.040466 -0.0524186 9518.69 22 2115 1035 1 1
1259.54 -3983.93 -5500 0.0654675 -0.0677016 -0.0668368 9512.59 22 2115 1039 1 1
883.801 -3879.45 -5500 0.575868 -0.814257 -0.9822 9511.21 22 2115 1048 1 1
1699.57 -4149.81 -5500 1.38623 -1.14939 -1.08709 9513.23 22 2115 1050 1 1
1122.77 127.589 5500 1.91814 -0.455869 1.02704 6834 22 2331 1004 1 1
4469.28 -1676.02 5500 0.287298 -1.39327 0.956254 8013.17 2112 2392 1 0 1
-327.539 515.511 -5500 -0.159269 -0.204323 -0.463293 3117.42 2112 2413 1 0 1
146.076 380.938 -5500 1.00081 0.402438 -1.32874 1169.23 2112 2452 1 0 1
-3235.4 -102.811 -5500 -0.870034 1.32136 -1.50411 2625.69 2112 2477 1 0 1
-1125.69 3382.69 -5500 -0.73944 0.232264 -0.685792 5812.5 2112 2478 1 0 1
3248.96 -6.49888 -5500 0.523914 -0.289708 -0.367342 7410.41 2112 2513 1 0 1
-2796.93 1738.01 5500 0.353374 0.274247 12.9142 755.271 2112 2525 1 0 1
1499.7 4048.46 5500 1.88438 10.0994 15.8685 688.846 2112 2556 1 0 1
-1367.99 -1192.72 5500 -20.9067 -6.074 27.9044 851.986 2112 2599 1 0 1
1143.3 1838.7 -5500 0.0389536 -0.738455 -1.42421 2632.73 2112 2893 1 0 1
-2714.29 -789.811 5500 0.023916 -0.0519682 0.0966359 1227.46 22 3084 1003 1 1
-748.782 -538.168 5500 0.111273 0.101966 0.382791 4023.11 2112 3292 1 0 1
-718.02 1929.75 -5500 -0.00471403 0.00620537 -0.165377 1420.48 22 3315 1075 1 1
-542.74 1740.58 -5500 0.0232437 -0.0230621 -0.0943307 1420.46 22 3315 1080 1079 1
-1621.88 -2266.73 5500 -1.47596 -0.428484 1.60921 1907.52 2112 3340 1 0 1
-1044.4 169.242 5500 -0.404634 0.46494 0.906745 2079.2 2112 3437 1 0 1
-263.591 3645.23 5500 -0.292423 0.534022 0.387649 7989.62 2112 3448 1 0 1
-1355.27 3463.95 5500 -2.13095 0.535125 7.35081 1171.81 2112 3450 1 0 1
-2137.31 151.493 5500 -0.576662 20.5139 20.4674 500.907 2112 3592 1 0 1
2969.18 -4163.61 5500 0.416224 -4.71313 9.83686 1140.36 2112 3629 1 0 1
417.326 -324.291 5500 -0.0168213 -0.0361054 0.120014 4818.77 22 3720 1113 1 1
1196.16 4632.43 -5500 5.64282 13.9759 -10.3892 765.957 2112 3780 1 0 1
2359.96 -2697.05 -5500 -0.0350039 -0.0114243 -0.648527 9035.97 2112 3845 1 0 1
2333.18 -1439.97 -5500 0.532779 -12.2481 -41.4112 451.963 2112 3876 1 0 1
-2160.55 2454.38 -5500 0.515337 0.146643 -1.09866 5659.97 2112 3898 1 0 1
242.157 657.297 5500 -0.0453804 -0.000565564 0.157842 8770.67 2112 4014 1 0 1
-1173.45 211.512 5500 0.0270131 0.120859 0.117789 14199.6 22 4240 1095 1 1
-3737.09 5294.87 5500 -3.27817 2.12693 7.73315 2386.49 2112 4314 1 0 1
3095.79 -299.368 -5500 -1.79322 -1.67534 -5.25517 11215.3 22 4364 1051 1 1
-1509.84 -1167.3 -5500 -0.0216334 0.00410587 -0.0500305 27589.4 22 4366 1032 1 1
-1474.03 -1418.58 -5500 -2.72107 0.734318 -4.77276 27588.1 22 4366 1050 1 1
1454.49 -5207.91 -5500 0.173738 -0.597518 -1.44814 5907.2 2112 4391 1 0 1
351.692 3486.41 -5500 0.461204 1.79852 -1.61926 2584 2112 4435 1 0 1
-339.385 4699.05 5500 0.167934 4.34101 2.24964 1510.96 22 4511 1101 1 1
-971.348 3013.32 -5500 -2.56552 2.80876 -0.567386 13056.9 22 4567 1027 1 1
575.884 200.327 -5500 -0.624036 -2.15343 -1.00538 13051.2 22 4567 1028 1 1
-959.029 -107.018 -5500 0.145917 -9.78226 -7.90787 536.512 2112 4612 1 0 1
536.824 4373.73 5500 9.86759 6.43462 34.1984 1031.88 2112 4707 1 0 1
1377.93 -1756.11 5500 1.19103 -0.145925 5.363 825.89 2112 4815 1 0 1
-4196.42 -247.817 5500 -1.30539 0.32875 1.24974 3546.67 2112 4936 1 0 1
-3426.87 -577.804 5500 1.98419 -3.59572 18.8552 688.871 2112 5021 1 0 1
1606.43 -525.886 -5500 0.135404 0.0214993 -0.132005 10567.1 2112 5063 1 0 1
-3189.53 -5302.99 5500 -2.94645 -3.16128 3.34408 2171.25 2112 5246 1 0 1
2231.87 -2000.25 5500 1.64367 -0.528194 0.267345 5307.33 2112 5276 1 0 1
-1445.38 1305.71 -5500 -10.5352 -1.24552 -16.4851 527.508 2112 5320 1 0 1
2184.26 -4753.9 -5500 0.0751099 -0.495538 -1.05431 7705.41 2112 5443 1 0 1
2935.41 -1877.53 5500 1.65303 -2.40615 0.833646 539.036 22 5465 1050 1 1
1441.98 -52.6545 -5500 0.0202042 -0.0232146 -0.0725778 769.042 22 5499 1124 1 1
617.265 959.344 5500 25.7644 -12.0251 12.0633 528.687 2112 5526 1 0 1
-4418.17 793.386 -5500 -1.92656 -0.486633 -2.88197 3749.18 2112 5534 1 0 1
-1769.25 -312.056 -5500 -0.0205646 -0.0286304 -0.0206929 5863.48 22 5555 1091 1065 1
-5313.09 -271.091 -5500 -4.15772 5.85178 -6.69778 1717.24 2112 5900 1 0 1
-920.358 -876.828 5500 0.015042 -0.126778 0.211873 7836.8 2112 6036 1 0 1
-5397.96 -2676.48 5500 -1.84954 0.349307 1.18298 2597.58 22 6079 1005 1 1
2211.27 5261.64 5500 4.54171 3.3218 3.51988 1948.65 2112 6196 1 0 1
-3634.37 4014 5500 -0.340112 1.4231 3.92075 2831.18 2112 6229 1 0 1
3257.87 1902.1 5500 0.599155 0.190658 16.7825 734.247 2112 6320 1 0 1
-2064.23 -4784.25 -5500 -1.93065 0.0129824 -3.8368 2105.03 22 6324 1082 1 1
-3476 3231.58 5500 -0.319717 -0.0350702 1.39709 6336.21 2112 6329 1 0 1
1250.15 -4442.64 -5500 -0.0241667 -0.21891 -0.260875 9236.99 22 6365 1024 1 1
3005.11 -627.388 -5500 3.18595 -1.39865 -4.38292 1676.29 2112 6666 1 0 1
1208.62 -252.643 -5500 0.274986 0.0564007 -0.785631 2373.43 2112 6731 1 0 1
690.2 -915.911 -5500 -4.08113 -5.77246 -6.81804 583.488 2112 6895 1 0 1
743.831 856.131 -5500 2.66601 1.503 -1.96629 8157.18 22 6928 1039 1 1
-49.459 499.898 -5500 -1.8759 -0.586446 -1.64721 8156.87 22 6928 1041 1 1
2340.54 -602.836 -5500 24.2573 -7.70473 -24.109 483.554 2112 7054 1 0 1
2844.9 2626.95 5500 0.00500787 -0.0350754 0.171418 534.241 22 7096 1060 1 1
4965.7 -2866 5500 2.4606 -0.0179704 15.3807 1306.31 2112 7162 1 0 1
573.729 -181.188 -5500 0.199531 -0.113586 -0.281006 4940.77 2112 7256 1 0 1
1283.2 -3341.4 -5500 -0.675053 -12.8485 -10.793 683.792 2112 7310 1 0 1
-1014.64 -654.2 5500 0.122647 -0.0103511 0.241537 6483.77 2112 7477 1 0 1
-1822.08 625.763 5500 0.0573633 -0.283152 0.550744 4714.86 2112 7765 1 0 1
1569.64 1874.77 -5500 -0.821466 10.8292 -12.5227 568.334 2112 7787 1 0 1
2368.62 -1193.11 5500 -2.88303 2.62976 25.8922 1260.16 2112 7788 1 0 1
2551.91 858.009 5500 -8.21515 5.24793 33.4202 491.728 2112 7836 1 0 1
1832.87 -1865.32 5500 0.136201 -0.215869 0.567064 6503.79 22 7921 1006 1 1
3872.26 4138.29 5500 -0.208687 0.692628 0.905456 1386.69 22 7966 1045 1 1
-4708.43 -189.877 5500 -0.850337 1.07662 0.936205 7153.7 2112 8027 1 0 1
-634.428 -806.61 -5500 -28.8696 -8.5034 -9.58911 478.942 2112 8033 1 0 1
2018.39 -4206.67 5500 -0.0095465 -0.378653 0.639007 7100.4 22 8163 1084 1 1
1325.71 -3224.91 5500 -1.48731 -0.349348 5.05765 7099.48 22 8163 1086 1 1
1925.27 4523 -5500 -0.834401 1.10385 -29.0985 751.679 2112 8331 1 0 1
29.904 -518.623 5500 0.0123795 -0.0633768 0.0641991 8061.21 22 8413 1034 1 1
-32.6179 -258.712 5500 -0.00974151 -0.0417157 0.101274 8061.02 22 8413 1076 1 1
-2945.53 -1090.74 -5500 -0.120844 -0.236479 -0.257983 15640.2 22 8451 1064 1 1
-2617.43 -399.616 -5500 -0.998237 -0.506793 -3.90483 15638.6 22 8451 1068 1 1
1822.95 -2164.88 -5500 0.0206871 -0.0516962 -0.123071 11085.3 22 8565 1003 1 1
-15.4315 5147.2 5500 0.0573702 0.71671 0.520642 8750.99 2112 8592 1 0 1
-4934.75 -935.546 5500 -1.30057 -0.142983 0.626425 464.459 22 8628 1071 1 1
-193.763 1225.79 5500 -7.2481 -7.36267 14.5342 500.847 2112 8806 1 0 1
-2436.38 2158.82 -5500 -0.25649 -0.208946 -0.681175 16781.9 22 8810 1003 1 1
309.789 125.927 -5500 0.0793765 -0.124971 -0.302304 3668.68 2112 8835 1 0 1
-2265.69 -2972.48 -5500 -3.40561 -11.9157 -12.5334 666.254 2112 8842 1 0 1
1215.96 853.132 -5500 0.0586968 -0.0169691 -0.141505 9938.05 2112 8864 1 0 1
-1688.93 -4079.15 -5500 5.24761 -5.32256 -7.03155 1403.38 2112 8897 1 0 1
2997.72 -3945.23 5500 1.55987 -0.713802 9.08758 1385.88 2112 8921 1 0 1
4321.82 541.437 5500 0.0130299 -0.035303 0.291129 3392.15 22 8933 1052 1 1
-1697.38 2364.11 -5500 -19.0016 0.308904 -16.7393 549.275 2112 8988 1 0 1
4197.06 1567.6 -5500 14.499 -0.956095 -12.7909 756.173 2112 9009 1 0 1
-4242 1841.64 -5500 -2.41031 1.32607 -1.35927 2651.78 2112 9176 1 0 1
2175.71 -2779.17 5500 1.26428 -5.87817 2.91969 1260.32 2112 9230 1 0 1
2118.76 -893.698 -5500 0.0962702 -0.0695235 -0.048766 3213.5 22 9286 1053 1 1
-2529.34 1968.95 5500 0.0314541 0.421846 0.400895 8878.53 2112 9330 1 0 1
-4283.67 691.164 -5500 -23.7027 1.11976 -28.0818 536.015 2112 9347 1 0 1
-2798.35 2622.4 5500 0.00758048 1.07146 0.525335 6960.99 2112 9558 1 0 1
-353.82 2417.08 -5500 1.28444 1.56795 -3.06841 1159.59 2112 9601 1 0 1
486.151 -1447.36 5500 0.222813 -0.430711 1.20954 1601.23 2112 9845 1 0 1
2028.57 -5284.15 5500 0.331263 -0.958469 1.18839 4610.36 22 9897 1070 1 1
-3461.9 20.7729 -5500 -9.07309 7.58671 -41.215 481.945 2112 10008 1 0 1
-2059.67 4101.18 5500 -0.850932 2.18918 1.59991 3284.93 2112 10051 1 0 1
1932.8 -2995.34 5500 0.230756 -0.32219 1.35838 3583.44 2112 10078 1 0 1
5442.71 1167.92 -5500 15.0798 4.17759 -22.012 703.735 2112 10109 1 0 1
3601.64 -907.737 -5500 13.7092 -14.3444 -27.8104 521.827 2112 10111 1 0 1
3159.51 -4925.38 -5500 -0.0539016 -0.286654 -0.766568 12380.4 22 10120 1092 1 1
344.269 -3797.84 -5500 2.41198 -5.98659 -1.02782 1736.97 2112 10291 1 0 1
-279.305 5375.64 -5500 -0.151373 1.29789 -2.47802 3430.78 2112 10390 1 0 1
-723.788 -4026.26 -5500 -16.3582 -8.1249 -18.8847 660.191 2112 10405 1 0 1
-3404.36 -880.786 5500 -5.85889 -5.92718 22.6609 582.034 2112 10598 1 0 1
-1072.69 -106.017 5500 -8.65019 3.33051 22.017 454.95 2112 10709 1 0 1
-118.051 2246.77 -5500 -0.00251434 0.114175 -0.143976 2139.36 22 10818 1100 1 1
3257.69 188.521 5500 0.137881 0.0670849 0.293504 3773.28 22 10886 1039 1 1
-3522.97 -3215.57 5500 0.0963388 -0.0593084 0.733422 6626.18 22 10966 1004 1003 1
4609.04 -3061.13 5500 17.4855 -25.9163 28.0223 584.871 2112 10985 1 0 1
-1488.22 1468.59 5500 -0.270014 0.464839 0.681955 3255.81 2112 11017 1 0 1
1428.57 -2636.5 5500 0.385328 -0.266065 1.79438 2383.57 2112 11018 1 0 1
2108.73 -1961.26 5500 -0.727228 -1.71697 2.82133 1535.33 2112 11054 1 0 1
3289.18 -3364.08 -5500 0.19657 -0.826513 -0.992149 5853.27 2112 11114 1 0 1
-2191.82 2446.31 5500 -3.95885 2.81364 30.035 930.366 2112 11141 1 0 1
2137.95 2881.01 -5500 -0.533014 1.76829 -2.42735 2724.86 2112 11186 1 0 1
4835.47 -1868.45 -5500 1.53542 -0.405079 -1.17612 4180.97 2112 11190 1 0 1
5299.29 -1556.36 -5500 0.426175 -0.64733 -0.921536 8524.66 2112 11225 1 0 1
-5200.7 3011.18 5500 -0.032807 0.0177227 0.069479 407.241 22 11301 1004 1 1
-2721.29 1201.24 -5500 -11.1297 -17.2956 -13.444 3128.57 2112 11323 1 0 1
-367.429 -362.157 -5500 -14.229 12.6973 -17.0661 449.373 2112 11407 1 0 1
3048.71 803.031 -5500 0.52746 -0.0875312 -0.327803 7492.57 2112 11572 1 0 1
4042.91 -857.963 -5500 0.898008 2.21994 -2.45794 4120.02 2112 11727 1 0 1
-12.1081 -3396.39 5500 0.123251 -0.32621 0.623383 382.677 22 11830 1003 1 1
-1029.75 -1002.04 -5500 -0.584771 -1.26065 -0.847221 2126.8 2112 11879 1 0 1
-1099.88 -1123.32 5500 2.65624 -4.32014 6.00708 724.002 2112 11909 1 0 1
-337.679 -2380.77 -5500 -0.514585 0.0738164 -0.437169 7142.58 2112 11917 1 0 1
835.616 789.408 -5500 -2.39239 0.676928 -2.95344 877.731 2112 11950 1 0 1
1102.08 2124.29 5500 -0.786721 0.486318 2.03953 1784.27 2112 11991 1 0 1
-473.628 2953.04 5500 -0.331353 1.75602 0.762229 2917.08 2112 12029 1 0 1
-4950.7 -1034.85 -5500 -1.404 -1.39362 -1.47237 3833.31 2112 12078 1 0 1
-280.271 -3246.02 -5500 -0.00487443 0.0063926 -2.539 2250.22 2112 12150 1 0 1
3082.15 1647.61 -5500 1.18933 -0.0499698 -1.18222 7881.76 22 12196 1006 1 1
-151.967 -2.49591 5500 5.1824 -5.00583 3.6547 1438.69 2112 12416 1 0 1
-3145.96 2808.19 5500 -0.0624524 -0.0555113 0.157429 6428.03 22 12513 1058 1056 1
-1528.81 -1363.14 -5500 -1.19197 -0.258786 -1.12756 2243.74 2112 12621 1 0 1
-3562.47 -2145.99 5500 8.82315 -16.0066 33.1198 626.145 2112 12632 1 0 1
-1671.75 -1079.47 -5500 0.00906614 0.0217409 -0.2932 5323.55 22 12664 1076 1 1
518.9 1601.31 -5500 0.459546 0.074095 -0.565755 3106.78 2112 12801 1 0 1
-3708.42 -2627.62 5500 -0.129302 -0.00588509 0.0876661 3056.42 22 12892 1057 1 1
-4795 -3816.34 5500 -1.75237 -4.15544 2.08364 2887.48 2112 13119 1 0 1
-532.792 -164.419 5500 -0.0308991 -0.021118 0.0934757 11314.7 2112 13527 1 0 1
-1289.68 2021.5 -5500 -0.156828 0.519077 -0.617081 12756.9 22 13636 1054 1 1
-1843.18 -1204.77 -5500 -0.0704671 0.0483899 -0.245113 9680.84 2112 13668 1 0 1
1845.38 755.405 5500 -0.321341 -0.178324 0.87595 2646.51 22 13796 1079 1 1
-83.6055 -4984.8 5500 -0.0868861 -0.084669 0.119203 25039.6 22 13865 1059 1057 1
587.696 -550.553 -5500 0.174935 0.0401932 -0.263658 5793.3 2112 13998 1 0 1
-2.8023 -1626.81 5500 -0.196066 0.209372 1.15205 2635.3 2112 14003 1 0 1
-2274.67 -5482.22 -5500 -0.950075 -1.15944 -4.4982 2929.03 2112 14040 1 0 1
3345.5 -470.014 -5500 6.88292 -9.92382 -23.7561 544.053 2112 14115 1 0 1
-3475.36 219.357 -5500 -0.0517091 8.85792 -32.5557 549.891 2112 14157 1 0 1
-197.953 677.637 5500 -0.259714 -0.322351 0.630167 2213.22 2112 14557 1 0 1
-4551.23 1409.87 5500 -4.69963 -2.0208 9.04488 1112.56 2112 14568 1 0 1
2718.06 555.886 -5500 3.07035 3.35415 -3.69227 3234.18 2112 14634 1 0 1
-5451.92 -868.623 -5500 -10.8528 0.984217 -8.30281 1023.7 2112 14688 1 0 1
3721.87 -4575.32 -5500 11.0899 -6.34375 -20.7018 798.229 2112 14946 1 0 1
-2845.31 2019.31 5500 6.28723 9.09574 18.2612 698.07 2112 15072 1 0 1
717.863 992.356 5500 0.309644 -0.0229453 0.232083 5657.22 2112 15219 1 0 1
-1098.9 -4511.19 5500 3.50151 -7.70334 8.62462 1041.08 2112 15245 1 0 1
-4063.9 3760.24 -5500 -12.3836 4.0828 -12.2264 1197.9 2112 15261 1 0 1
-4154.6 822.863 5500 -2.5376 2.80783 18.358 723.964 2112 15298 1 0 1
802.209 -904.129 -5500 -3.44675 8.4048 -19.6421 461.973 2112 15369 1 0 1
0.658019 2606.11 5500 -0.773428 3.81017 4.67412 875.969 2112 15384 1 0 1
-459.714 -4551.39 -5500 -0.850659 -0.893036 -1.94631 3384.72 2112 15386 1 0 1
1545.5 -1997.97 -5500 -0.426092 0.845961 -2.63183 1857.96 2112 15424 1 0 1
-1767.99 -3833.43 5500 -0.00117103 0.0133987 0.06443 693.428 22 15506 1042 1 1
-4590.93 849.647 5500 -9.86556 -10.5127 26.159 657.834 2112 15565 1 0 1
2678.88 -709.954 -5500 1.00367 2.40516 -12.14 1411.91 2112 15585 1 0 1
-2482.89 -3041.31 5500 -4.37266 2.07384 6.30747 1361.98 2112 15606 1 0 1
-2198.42 4627.98 5500 -1.89993 0.726465 1.19642 4917.34 2112 15620 1 0 1
-5137.92 3472.88 5500 -0.447482 1.74427 2.00139 5529.73 2112 15689 1 0 1
-691.6 -2069.9 5500 1.13179 -2.7207 4.60317 886.547 2112 15732 1 0 1
1196.28 2541.8 -5500 2.70544 10.6704 -8.47748 644.76 2112 15741 1 0 1
2111.94 4659.24 5500 0.525178 0.294929 1.3248 6545.55 2112 15938 1 0 1
-3786.62 -626.69 5500 -0.488542 -2.14855 4.93712 2129.98 2112 15970 1 0 1
-50.2866 811.633 5500 -0.273534 0.191671 0.314236 4049.51 2112 15998 1 0 1
135.346 2150.29 5500 2.94932 0.866943 5.34863 1283.78 2112 16072 1 0 1
-339.432 1292.96 -5500 -0.106317 0.0103283 -0.153492 389.018 22 16351 1092 1 1
-3777.44 -3001.54 5500 -0.141725 -1.08667 0.964592 6113.53 2112 16444 1 0 1
-1263.91 -468.709 5500 -3.03267 0.595809 5.65387 624.583 2112 16549 1 0 1
-2000.85 2677.13 5500 1.35241 0.438218 2.19818 3997.3 2112 16579 1 0 1
-988.842 -505.449 5500 -0.270668 -0.0922428 0.265257 4054.46 2112 16625 1 0 1
-1649.83 5467.53 -5500 -0.212812 2.32392 -4.55316 9057.69 22 16659 1072 1 1
4222.5 3149.15 5500 1.95914 2.76293 10.7022 1230.33 2112 16662 1 0 1
1291.38 -1717.54 -5500 -0.081533 -0.172481 -0.106384 444.932 22 16795 1090 1 1
-3822.97 -888 -5500 -0.0306381 0.00396331 -0.07416 9283.83 22 16893 1070 1 1
5387.87 732.351 5500 15.3037 1.76394 8.72158 918.151 2112 16960 1 0 1
2194.22 -1373.75 -5500 0.0160601 -0.0205176 -0.094184 8644.13 22 16991 1044 1 1
4180.19 3761.62 5500 13.8948 2.52173 8.28485 1022.93 2112 17036 1 0 1
1434.83 -1987.56 -5500 0.94477 0.760849 -8.54625 738.881 2112 17044 1 0 1
940.461 2001.92 5500 1.60962 0.409727 2.08487 1485.77 2112 17147 1 0 1
2626.34 3446.54 -5500 -0.961164 1.05751 -2.17582 4675.63 2112 17159 1 0 1
-335.011 2356.08 5500 -0.14326 -0.621881 2.59712 10761.7 22 17160 1065 1 1
-1155.97 4201.52 5500 -13.0098 5.6694 26.4401 629.772 2112 17286 1 0 1
445.03 -1781.76 5500 0.107763 0.427544 0.966063 2934.92 2112 17307 1 0 1
-1938.97 -5219.96 -5500 -5.03675 -31.0405 -17.3666 629.754 2112 17578 1 0 1
2007.41 -1373.33 -5500 6.70257 8.61194 -15.5719 562.67 2112 17649 1 0 1
-4606.09 3198.03 -5500 -3.47165 1.48256 -3.40728 2751.5 2112 17676 1 0 1
4408.48 2636.28 -5500 -0.0606946 0.860877 -1.97737 5670.44 2112 17890 1 0 1
-408.669 1155.99 5500 -0.0294156 0.0776031 0.153777 5511.69 22 18172 1021 1018 1
-1382.08 2522.46 -5500 5.5326 -0.994534 -15.2519 957.072 2112 18192 1 0 1
-3912.92 3929.85 -5500 -0.293719 0.216853 -0.544601 11553.4 22 18241 1049 1 1
-480.868 45.0428 5500 0.0730974 -0.0602095 0.280877 5260.11 2112 18262 1 0 1
212.321 192.725 5500 0.227688 0.149859 0.170644 5458.64 2112 18266 1 0 1
795.107 -871.676 5500 0.130906 -0.0633701 0.23972 5983.26 2112 18388 1 0 1
-3570.68 -577.61 -5500 -0.78738 -1.07837 -0.37073 8620.6 2112 18505 1 0 1
-1955.04 2081.1 5500 -0.592966 -0.185819 2.25627 6634.99 22 18606 1115 1 1
-983.595 -1398.54 -5500 -0.0933512 -0.227141 -0.692819 2775.66 2112 18666 1 0 1
518.597 598.756 5500 0.0752059 0.300542 0.249961 4400.1 2112 18690 1 0 1
-2315.52 -1133.07 5500 -3.10768 0.741398 1.83658 1502.15 2112 18816 1 0 1
-410.632 -145.198 5500 0.310189 0.0367493 0.207511 5187.08 2112 18821 1 0 1
-4097.99 3315.74 5500 -0.931724 4.24493 5.61909 1652.97 2112 18869 1 0 1
-1214.88 2102.95 -5500 12.4059 8.31234 -38.7283 453.308 2112 19070 1 0 1
-2423.75 3690.41 -5500 0.0469146 1.21878 -1.38508 4050.9 2112 19118 1 0 1
1594.64 -358.599 5500 10.3954 15.5627 19.2604 468.517 2112 19265 1 0 1
321.198 317.975 -5500 5.92964 5.45165 -5.73892 558.47 2112 19362 1 0 1
-4972.98 -1900.63 -5500 -0.0219624 -0.0322561 -0.0716729 5078.23 22 19534 1108 1 1
371.125 4236.75 -5500 -0.0339342 0.137894 -0.229322 1586.13 22 19933 1030 1 1
-174.227 -33.6652 5500 -0.136489 -0.156883 0.160381 9370.05 2112 19973 1 0 1
-2494.72 1534.85 -5500 -0.443731 -0.023872 -0.988881 3378.25 2112 20036 1 0 1
-1567.99 2858.13 5500 1.62856 2.94818 6.02969 1080.07 2112 20055 1 0 1
1892.88 5362.1 -5500 0.00704648 0.0798947 -0.385051 1137.33 22 20062 1091 1 1
-1310.8 133.691 -5500 -0.0115779 -0.0065583 -0.0623006 29598.6 22 20086 1029 1 1
3112.75 -2423.19 5500 4.07332 0.854869 4.09829 1472.14 2112 20096 1 0 1
2738.17 1625.2 5500 -0.217999 -0.0798027 0.918515 4312.81 22 20219 1005 1 1
1595.57 2203.28 5500 4.01807 9.5614 11.4147 590.546 2112 20387 1 0 1
3309.93 -2746.08 -5500 16.8734 -11.2934 -30.9169 532.564 2112 20487 1 0 1
-57.8941 69.4866 -5500 19.1294 10.3516 -11.0661 481.513 2112 20568 1 0 1
1455.88 -2562.55 5500 -5.6474 -10.0269 7.28364 1272.38 2112 20666 1 0 1
1541.8 2101.66 -5500 24.1388 2.174 -21.2959 492.634 2112 20710 1 0 1
-1162.43 -1624.33 -5500 -5.23323 2.1823 -3.26255 1033.04 2112 20963 1 0 1
-4773.07 4495.41 5500 -1.51207 0.361021 0.932292 20934.1 22 21115 1004 1 1
-363.628 1010.35 -5500 0.00496114 0.0510443 -0.0998532 10768.9 2112 21143 1 0 1
-388.459 -215.105 5500 1.76052 -17.7498 18.2448 445.242 2112 21239 1 0 1
537.206 121.3 5500 -0.892082 3.82265 11.2759 471.397 2112 21349 1 0 1
2814.72 -2774.39 5500 0.0128144 -0.0418651 0.130646 3218.23 22 21368 1005 1 1
136.258 1204.37 -5500 2.49977 4.45904 -2.47221 784.842 2112 21640 1 0 1
-3868.26 2572.68 5500 -0.078232 0.569876 0.635185 474.853 22 21734 1092 1086 1
-37.0693 4510.38 -5500 -0.0787843 0.174553 -0.274051 863.907 22 21964 1040 1 1
826.661 2743.45 -5500 0.604914 -1.2751 -3.01334 863.186 22 21964 1058 1 1
-2365.26 2534.04 -5500 -0.853762 -0.267398 -0.979368 7797.45 22 22100 1082 1 1
-1031.55 4552.88 -5500 0.000478975 0.0851464 -0.069261 7798.77 22 22100 1117 1109 1
460.03 -1509.39 5500 -2.59096 -2.63429 5.29165 746.075 2112 22126 1 0 1
340.873 950.173 -5500 2.87204 0.206799 -12.3892 529.279 2112 22138 1 0 1
-1680.31 -1536.04 -5500 4.57341 -33.6149 -15.1992 510.6 2112 22176 1 0 1
-1169.37 351.885 -5500 -1.60187 0.332 -0.936544 1879.57 2112 22275 1 0 1
3910.14 961.222 5500 16.1732 19.6414 27.0055 1213.29 2112 22334 1 0 1
1841.35 -3509.31 -5500 -1.6016 -0.657932 -11.8804 967.809 2112 22353 1 0 1
-2683.35 250.698 -5500 -0.788028 -26.4939 -26.7308 519.785 2112 22354 1 0 1
-3646.1 1177.84 -5500 -2.75441 5.93804 -6.56239 1024.98 2112 22426 1 0 1
1014.91 5360.43 -5500 1.83302 3.44539 -14.5478 1095.35 2112 22585 1 0 1
3129.39 1563.35 -5500 0.0774354 -0.00449418 -0.172265 28174.2 22 22591 1033 1 1
-5481.34 -4227.46 5500 -2.13556 0.0257126 1.08406 7738.49 2112 22673 1 0 1
4381.96 719.488 5500 5.68448 3.55212 22.7904 657.612 2112 22762 1 0 1
-673.782 -785.444 5500 -7.30599 -4.29593 38.1932 411.305 2112 22768 1 0 1
-2563.27 -3377.84 5500 0.676947 -1.80351 8.17589 1223.09 2112 22803 1 0 1
677.117 2057.37 -5500 0.364806 0.202745 -0.445188 4680.38 2112 22900 1 0 1
1312.76 -946.344 5500 0.495041 -1.20436 1.39014 1344.47 2112 22907 1 0 1
-466.635 808.499 -5500 -0.198361 35.5244 -22.9149 417.631 2112 22909 1 0 1
1131.65 -5417.51 5500 7.98919 -7.03463 22.652 786.696 2112 22999 1 0 1
-1519.61 710.22 -5500 -9.51236 0.933309 -8.37087 552.439 2112 23079 1 0 1
3505.56 3119.28 5500 0.968745 -0.178984 0.765952 8562.96 2112 23115 1 0 1
-629.452 -278.18 -5500 -0.719272 0.234443 -2.09038 23186.6 22 23118 1004 1 1
129.71 -3301.73 -5500 0.0415973 0.0588648 -0.238574 8174.55 22 23140 1086 1 1
774.431 1184.78 5500 0.295697 2.85369 2.22106 1018.61 2112 23215 1 0 1
1109.31 823.963 -5500 -0.232588 0.196905 -0.594717 3049.12 2112 23284 1 0 1
3756.67 367.98 5500 0.485316 0.763752 0.83574 19150.3 22 23293 1068 1 1
-1654.75 282.757 5500 -1.80264 -4.45179 1.81938 3187.97 2112 23381 1 0 1
2670.46 -2771.2 -5500 1.19147 -2.07936 -4.20855 1444.3 2112 23431 1 0 1
-2765.19 -1901.47 -5500 0.00963699 0.0388442 -0.275388 6574.62 22 23443 1057 1 1
-725.028 708.066 -5500 0.17133 1.50034 -2.03549 1649.94 2112 23538 1 0 1
4459.92 -488.751 -5500 1.59806 -0.32126 -0.300454 6008.12 2112 23590 1 0 1
-3269.51 -4034.27 -5500 -0.266203 -0.005135 -0.557725 410.08 22 23729 1032 1 1
-4473.36 603.59 5500 -8.95663 1.32808 12.1103 816.05 2112 23865 1 0 1
3829.59 883.836 -5500 0.113377 0.0290705 -0.312739 7994.24 22 23871 1047 1 1
3700.3 2244.33 -5500 0.0285359 0.12499 -0.142916 7996.09 22 23871 1054 1050 1
-412.574 2214.45 -5500 0.231327 -0.180358 -0.441781 8795.12 2112 23889 1 0 1
960.449 2289.93 5500 26.0765 -1.62972 18.2161 537.013 2112 23941 1 0 1
983.685 2010.55 -5500 -0.0896912 1.02362 -2.90134 1260.3 2112 24087 1 0 1
-1612.96 -1766.81 -5500 -0.0659058 0.0171935 -0.06439 5864.45 22 24125 1037 1 1
272.955 -2989.21 -5500 0.74859 -0.651287 -0.441336 5866.84 22 24125 1038 1 1
-2347.75 887.343 5500 0.91402 -0.340683 4.71408 1139.53 2112 24512 1 0 1
4815.53 -45.9045 -5500 5.29145 -9.32777 -17.1448 846.152 2112 24709 1 0 1
-1201.14 -1717.64 -5500 0.022948 -0.0391183 -0.0800427 1365.35 22 24716 1022 1 1
-1428.23 -1162.4 -5500 0.0198445 0.0164904 -0.0741803 1366.68 22 24716 1056 1 1
-930.504 -33.0934 -5500 0.333565 0.679016 -1.19578 1478.58 2112 24731 1 0 1
-747.685 1435.84 -5500 0.355165 -0.709628 -1.01239 2748.29 2112 24753 1 0 1
3824.72 2345.38 -5500 1.75481 0.300048 -0.781696 10209.2 22 24820 1004 1 1
-1078.24 -865.689 5500 -0.471183 1.12667 0.656261 3569.63 2112 25025 1 0 1
-2422.4 -3069.82 5500 -1.3087 -1.14874 1.3819 43135.3 22 25036 1004 1 1
-1392.7 -5129.34 5500 0.0124746 -0.646779 1.12374 6864.81 2112 25195 1 0 1
3721.69 5203.78 -5500 -4.69746 14.5814 -19.4223 1113.9 2112 25218 1 0 1
-3373.49 3881.95 5500 -4.69127 -0.99639 4.62564 2296.69 2112 25271 1 0 1
-5349.09 -2330.1 5500 -1.66032 -2.16683 3.09211 559.69 22 25291 1102 1 1
-440.513 2505.52 5500 -7.62386 2.2388 34.3642 468.794 2112 25337 1 0 1
-3634.67 -3139.82 -5500 -1.31655 -0.604828 -2.82028 2690.45 2112 25345 1 0 1
1961.62 -197.454 -5500 2.4108 0.11861 -2.68861 1076.92 2112 25378 1 0 1
3764.98 -3584.67 -5500 -0.160424 -0.397857 -0.751544 9874.1 22 25428 1082 1 1
-785.068 -1047.66 -5500 -0.912141 -0.0750803 -2.71286 919.068 2112 25430 1 0 1
-4023.67 262.865 5500 0.956061 2.51649 24.3867 683.15 2112 25451 1 0 1
-2910.25 1243.23 -5500 0.55177 -0.153524 -3.5029 1811.02 2112 25530 1 0 1
-853.736 280.205 -5500 0.0754333 0.0906533 -0.231565 6446.79 2112 25650 1 0 1
-1800.69 -2155.03 -5500 -1.55039 -0.793413 -1.60505 1872.58 2112 25779 1 0 1
-415.803 -4656.67 -5500 1.35472 -3.49054 -0.651927 3715.45 2112 25803 1 0 1
455.381 -4395.44 5500 -0.347425 -1.13137 0.930022 6831.97 2112 25937 1 0 1
-2152.11 -2437.42 -5500 -4.1457 1.61854 -3.88946 1595.71 2112 25997 1 0 1
1206.27 -2808.55 -5500 0.796698 0.111038 -0.683521 6697.35 2112 26198 1 0 1
3124.8 -1578.1 5500 0.340182 -0.0682908 0.533947 6869.43 2112 26268 1 0 1
-3602.39 -2115.05 -5500 -11.5069 10.1825 -21.0087 714.078 2112 26308 1 0 1
-1895.52 2678.19 -5500 7.34614 0.454717 -22.9947 616.151 2112 26358 1 0 1
3282.05 -1773.04 5500 1.20885 -0.354849 0.561932 4985.88 2112 26436 1 0 1
217.132 -210.089 -5500 4.687 12.8304 -11.6628 490.291 2112 26450 1 0 1
2110.47 -4070.13 5500 1.00293 -1.50028 0.706447 4391.66 2112 26509 1 0 1
-1654.84 1578.28 5500 -2.47751 4.19652 0.643824 1777.3 2112 26569 1 0 1
991.264 -96.8623 -5500 0.131345 -0.0928155 -0.348117 3809.91 2112 26607 1 0 1
-1799.32 -1670.46 5500 -0.41563 -0.214565 1.22746 14221.4 22 26644 1068 1 1
3957.14 -3090.88 5500 1.33513 0.14826 0.813961 6956.52 2112 26815 1 0 1
-260.939 -3134.34 -5500 -0.24862 -1.06229 -2.19771 1865.75 2112 26931 1 0 1
1694.43 1298.35 5500 7.47471 3.49961 5.18581 689.457 2112 26943 1 0 1
-2175.79 -3626.09 -5500 -0.0568801 -0.0393974 -0.0193152 10659 22 26952 1082 1061 1
3744.36 -299.72 5500 0.0165711 -0.0211019 0.118782 29799.5 22 26961 1077 1076 1
-2570.89 2852.24 5500 -0.781167 1.92787 1.63293 2531.06 2112 26978 1 0 1
1363.45 4389.17 5500 0.213694 3.99957 0.615054 2985.98 2112 27063 1 0 1
-2771.22 5486.09 -5500 -8.60278 9.36246 -8.71416 1061.81 2112 27146 1 0 1
572.646 4483.23 -5500 1.44098 0.269208 -4.20567 2409.09 22 27215 1055 1003 1
5066.84 -1574.99 -5500 0.310633 -0.00533812 -0.40132 64886.8 22 27317 1048 1 1
-2686.26 695.992 -5500 1.19177 -1.31346 -4.89554 1292.89 2112 27385 1 0 1
-115.122 1442.82 -5500 -0.0509769 0.0820474 -0.247579 2886.16 22 27507 1059 1058 1
4069.79 1009.2 5500 0.45359 0.309951 0.456442 8355.26 2112 27709 1 0 1
-4800.45 2707.98 5500 -0.14302 -0.0832742 0.149378 6913.82 22 27737 1021 1019 1
-1744.4 2172.99 -5500 -0.681561 2.99655 -0.544677 2640.84 2112 27751 1 0 1
-1319.89 571.623 -5500 0.00966351 0.130107 -0.238716 7041.43 2112 27923 1 0 1
-110.047 2735.43 -5500 -0.00877802 0.0860335 -0.149698 3852.18 22 27931 1003 1002 1
-641.083 -4192.09 5500 -0.0197696 -0.00695641 0.0836558 7916.98 22 28009 1081 1080 1
-3261.08 -2166.92 -5500 -17.286 5.73455 -27.8612 555.001 2112 28164 1 0 1
475.235 3831.74 -5500 0.0639865 0.207806 -0.15722 6734.36 22 28194 1091 1 1
-4996.24 3738.32 -5500 -10.0415 3.55221 -5.73222 1537.9 2112 28208 1 0 1
-802.674 -3642.29 -5500 -3.64775 -11.5904 -37.0074 500.829 2112 28230 1 0 1
1097.2 -477.31 5500 -0.315743 0.00803564 0.347606 6816.93 2112 28243 1 0 1
-2896.56 -2049.79 5500 1.32441 0.682736 8.98012 1159.89 2112 28349 1 0 1
3867 -2394.83 5500 18.1448 -19.4929 22.3923 569.259 2112 28350 1 0 1
-2088.29 5106.94 -5500 0.172312 3.33808 -0.971161 3711.25 2112 28370 1 0 1
-1528.2 2234.24 5500 -21.1784 16.7397 21.5973 491.967 2112 28476 1 0 1
-2173.41 5166.68 5500 -3.66998 6.06974 3.35043 1547.48 2112 28651 1 0 1
3667.95 -2388.3 5500 0.592866 -0.403308 0.853705 5619.99 2112 28681 1 0 1
-1415.42 -3147.96 5500 -18.7688 -0.690166 19.4426 613.937 2112 28828 1 0 1
-1569.63 -3777.87 -5500 -3.9172 -3.11218 -2.02892 33194.6 22 28971 1065 1 1
-3786.42 562.257 -5500 -0.139962 -0.0408045 -0.0738999 4372.91 22 28975 1041 1 1
-2741.33 476.796 -5500 -0.0402054 -0.0357369 -0.0513194 4371 22 28975 1068 1 1
-1736.25 1973.02 -5500 0.995198 2.23622 -2.04901 4371.03 22 28975 1090 1 1
-4052.92 2143.18 -5500 -1.68229 -0.277887 -0.923575 4909.67 2112 28998 1 0 1
539.204 3394.98 -5500 -2.47353 3.42386 -9.10113 833.541 2112 29027 1 0 1
4413.28 479.655 -5500 2.73311 -1.07175 -0.974131 3190.48 2112 29136 1 0 1
-4615.72 -745.694 5500 -1.73087 -0.338708 1.89351 8724.49 22 29165 1061 1 1
-1134.36 1228.73 -5500 0.272755 1.05962 -4.3736 1735.41 2112 29186 1 0 1
-1503.64 2119.58 5500 -0.0372731 0.369405 0.472338 7313.38 2112 29307 1 0 1
-4214.28 -1588.81 -5500 -0.0716677 -0.0547392 -0.228509 5702.28 22 29310 1047 1 1
1533.91 1332.42 5500 0.328785 -0.0269657 0.539897 4765.49 2112 29322 1 0 1
-2883.59 -748.983 -5500 -0.78167 0.0220912 -2.14364 1956.42 2112 29335 1 0 1
-2401.61 2628.31 5500 0.186799 -0.110816 0.909228 8082.8 2112 29667 1 0 1
2779.83 2193.87 -5500 0.327373 1.47165 -8.73282 915.71 2112 29712 1 0 1
-2593.08 -920.451 5500 -0.609485 -0.0789399 0.408415 4958.9 2112 29717 1 0 1
-289.759 -268.286 5500 -0.0715676 -0.194999 0.511322 2299.14 2112 29735 1 0 1
-100.385 2251.03 -5500 0.360409 -0.320762 -1.26198 3878.08 2112 29767 1 0 1
-1179.7 460.172 -5500 -1.66578 -0.699074 -2.21965 967.272 2112 29852 1 0 1
4736.61 -5024.27 -5500 1.63945 -7.13118 -6.31676 1773 2112 29873 1 0 1
-896.914 -4917.68 5500 -0.620231 -1.09392 4.96718 5747.06 22 29918 1044 1 1
2937.8 2251.52 5500 2.72561 -1.37332 22.483 650.718 2112 30117 1 0 1
5499.98 2847.1 5500 1.2858 0.280204 0.985726 6597.67 2112 30235 1 0 1
-2539.63 -4097.96 5500 -4.53681 -0.719423 25.151 749.676 2112 30327 1 0 1
-3961.3 -5450.85 -5500 -0.153192 -0.173997 -0.377792 4574.59 22 30625 1032 1 1
-2111.63 -514.62 5500 -0.305306 -0.153416 0.453518 4789.71 2112 30638 1 0 1
4147.04 -1601.47 5500 0.0608531 -0.0845995 1.18574 7636.78 2112 31042 1 0 1
-5419.99 -463.326 -5500 -0.554631 0.343617 -0.582583 1997.69 22 31115 1042 1 1
-4074.81 2815.15 -5500 0.668372 9.29069 -17.6558 861.093 2112 31160 1 0 1
-4931.3 -3228.1 5500 -8.23874 -13.3268 12.0638 885.246 2112 31284 1 0 1
4968.4 -1919.65 -5500 0.167376 0.109057 -0.445055 17529.5 22 31514 1054 1 1
4244.2 -3545.88 -5500 0.116372 -0.230913 -0.910475 17528.9 22 31514 1060 1 1
131.38 -226.782 5500 -0.834701 0.184892 0.32765 3964.87 2112 31537 1 0 1
2128.34 -3613.77 -5500 -5.44921 -5.60688 -17.7769 761.378 2112 31547 1 0 1
2614.39 1438.11 5500 0.54961 -0.736641 1.19421 3499.72 2112 31606 1 0 1
-2915.3 4194.52 5500 0.240108 0.356452 4.1473 483.512 22 31687 1088 1 1
-1825.35 4433.83 -5500 0.0667145 0.791525 -0.429582 9466.73 2112 31695 1 0 1
-3514.4 5015.79 -5500 0.0184073 0.0890279 -0.0598941 2335.05 22 31751 1005 1 1
3629.25 368.735 5500 0.382367 0.050656 0.797518 6074.51 2112 31783 1 0 1
-2308.46 -3698.99 5500 -0.0184028 -0.128643 0.209189 6842.5 22 31850 1043 1 1
-4758.9 -486.144 5500 -0.861682 0.744791 0.527107 6848.86 22 31850 1060 1 1
1526.49 -4418.15 5500 -1.2372 -0.0937322 5.89549 2453.04 2112 31873 1 0 1
4422.82 741.382 -5500 2.20116 -0.543779 -1.85658 2705.54 2112 31886 1 0 1
205.945 -4266.08 -5500 8.41779 -20.3249 -30.4869 541.649 2112 31942 1 0 1
717.967 -2254.24 5500 0.907167 3.51529 8.04896 798.855 2112 31973 1 0 1
1652.9 -1892.92 -5500 4.73552 -1.74163 -33.7158 489.604 2112 32002 1 0 1
-287.801 -3612.43 5500 0.0244784 -0.0296121 0.0492636 6606.69 22 32109 1057 1056 1
315.22 -947.843 -5500 -4.44905 4.43068 -8.53074 563.706 2112 32169 1 0 1
73.3417 2450.55 5500 0.0144442 -0.00879243 0.206509 5279.37 22 32228 1054 1 1
165.983 2238.19 5500 -0.162128 -0.00199359 0.47939 5278.84 22 32228 1063 1 1
1699.76 272.765 5500 14.2631 12.9381 35.1126 423.906 2112 32260 1 0 1
5380.94 32.1824 5500 0.818616 0.109149 1.00722 6681.24 2112 32404 1 0 1
-732.267 -3325.28 -5500 0.717129 -0.560021 -1.33736 13756.8 22 32410 1005 1 1
-1555.21 -3206.09 5500 -0.229349 -0.797226 1.27697 3519.09 22 32457 1005 1 1
1391.02 3024.41 -5500 0.165892 5.44639 -6.43389 2210.67 2112 32459 1 0 1
-5023.64 -4169.53 5500 -4.86193 -5.83248 15.8899 2244.23 2112 32498 1 0 1
-1167.06 -1102.52 -5500 0.719707 -0.364015 -0.698365 3328.19 2112 32508 1 0 1
-3358.96 -279.271 5500 3.5165 -3.78438 12.9043 925.032 2112 32653 1 0 1
3147.62 -1895.76 5500 0.413834 0.65769 4.24078 1741.86 2112 32656 1 0 1
-2956.99 1929.79 -5500 -3.76836 5.19416 -9.35034 803.077 2112 32695 1 0 1
-1825.36 1437.62 -5500 -0.259632 0.173033 -0.418496 5048.86 2112 32781 1 0 1
-422.178 1874.13 -5500 -0.596065 0.0267698 -0.69114 3238.98 2112 32992 1 0 1
-2238.04 -1901.45 -5500 0.0485693 -0.0444051 -0.107966 8439.34 22 33130 1038 1 1
-3858.88 -4447.06 -5500 -0.933148 -1.55789 -0.935613 5038.28 2112 33140 1 0 1
2314.27 1692.17 5500 1.17061 3.81787 6.37532 932.779 2112 33148 1 0 1
921.131 -2248.21 -5500 0.969072 0.0988196 -1.53434 10443.8 22 33298 1021 1 1
4761.29 4083.31 -5500 0.0318658 0.0242476 -0.0709628 9908.14 22 33402 1065 1 1
-1446.81 -3235.3 -5500 -1.35996 -5.80948 -7.89465 817.297 2112 33432 1 0 1
-4482.49 132.217 -5500 -0.569782 -0.445472 -1.00216 480.252 22 33482 1068 1 1
-3181.09 1624.59 -5500 0.762044 1.74667 -4.2068 479.468 22 33482 1069 1 1
-776.657 -75.9832 -5500 0.54787 0.447937 -0.536794 4356.96 2112 33484 1 0 1
195.515 -2241.05 5500 -0.108165 -0.0369106 0.094226 31441.2 22 33519 1069 1 1
-5015.15 -1596.06 -5500 -0.651095 -0.537414 -0.430119 9792.15 2112 33538 1 0 1
3678.58 2124.34 -5500 2.05825 2.53453 -8.70912 1039.95 2112 33625 1 0 1
-3733.75 -101.312 5500 -2.32457 -2.06096 4.73775 1272.58 2112 33738 1 0 1
794.655 -404.209 -5500 0.206915 -0.332781 -0.95747 1768.88 22 33797 1048 1 1
2503.03 1403.21 5500 -3.23981 21.5899 21.9427 1061.6 2112 33836 1 0 1
-4495.11 4447.07 -5500 -7.82008 5.196 -10.4466 1139.13 2112 33840 1 0 1
578.588 763.452 -5500 -4.08254 -2.69521 -5.61905 656.03 2112 33868 1 0 1
2667.28 3046.72 5500 0.165488 0.122391 0.247053 614.63 22 34024 1055 1050 1
-3263.64 -2018.32 -5500 0.021977 -0.0990496 -0.415887 4022.41 22 34066 1068 1 1
-1824.08 -4882.3 5500 -0.267236 -0.595377 1.77494 4901.42 2112 34067 1 0 1
-2401.57 4832.66 5500 -7.15646 12.2659 16.0787 762.704 2112 34093 1 0 1
2461.48 4810.88 5500 -0.00910633 0.473212 0.581967 8804.48 22 34453 1054 1 1
2832.3 3819.13 5500 0.32254 0.848435 2.08014 8802.77 22 34453 1062 1 1
945.499 1027.58 5500 1.28201 0.0766303 1.06271 1700.83 2112 34461 1 0 1
-3107.15 1440.63 5500 -0.105611 0.0752652 0.0515654 18143.3 22 34653 1066 1 1
1981.79 -2050.02 -5500 0.639905 -0.336984 -0.953569 3002.68 2112 34656 1 0 1
-2836.52 50.132 5500 -1.11056 -3.70242 4.34855 1194.04 2112 34725 1 0 1
-108.216 1470.07 -5500 -0.251185 1.00708 -3.42746 1418.46 2112 34743 1 0 1
1929.58 -2280.13 5500 1.2491 -10.2442 31.9146 751.217 2112 34796 1 0 1
-3849.57 3500.41 -5500 -1.39641 3.48236 -2.44397 2289.77 2112 34823 1 0 1
-5382.39 335.931 -5500 -0.267087 0.105544 -0.0613767 9150.17 22 34881 1055 1 1
-2076.01 -698.598 -5500 -0.0197497 0.142222 -0.366938 9140.64 22 34881 1078 1076 1
-4135.78 1594.84 -5500 -0.186219 1.36053 -1.09153 6110.84 2112 34908 1 0 1
2388.44 -1928.34 -5500 3.24693 -1.47673 -3.13795 1245.39 2112 34910 1 0 1
-1810.95 1713.88 -5500 -0.590946 1.329 -2.48785 1414.32 2112 34928 1 0 1
3647.83 2634.88 5500 6.56257 5.15094 15.119 735.053 2112 34960 1 0 1
-2719.16 277.002 -5500 -21.4133 19.4196 -20.2167 490.999 2112 35044 1 0 1
610.18 3404.44 5500 3.69369 0.980488 15.7351 664.987 2112 35141 1 0 1
-2213.59 4248.47 5500 -11.485 4.05255 8.4488 1023.01 2112 35196 1 0 1
-1053.55 1532.05 -5500 -0.602345 0.355129 -0.596884 3036.47 2112 35216 1 0 1
-3374.57 2968.34 -5500 -5.01391 11.4927 -5.73824 1448.69 2112 35228 1 0 1
-2451.84 2371.27 -5500 -0.856324 -0.356434 -1.42424 3365.38 2112 35295 1 0 1
1760.87 -2479.1 5500 2.79763 -2.81356 10.2964 701.713 2112 35309 1002 1 1
849.466 1967.25 5500 -0.0146843 0.0159868 0.157485 3409.65 22 35354 1019 1018 1
-5456.04 -2929.89 5500 -3.22369 -2.71428 13.371 1352.89 2112 35518 1 0 1
-4252.95 3257.27 5500 0.106582 1.52596 1.11898 8445.63 2112 35604 1 0 1
4210.64 -2163.98 5500 5.13263 2.02482 3.31082 1967.52 2112 35609 1 0 1
-3387.19 4934.16 -5500 0.0328256 0.167501 -0.188665 16976.2 22 35663 1004 1 1
-4959.76 5251.18 5500 -3.68469 4.71843 0.985556 3655.8 2112 35900 1 0 1
-177.417 -2111.41 5500 1.28014 -1.142 0.652776 5686.76 2112 36028 1 0 1
2327.2 4206.18 -5500 13.6814 14.5794 -31.5607 568.158 2112 36065 1 0 1
290.466 -5391.56 5500 -12.6047 -11.232 20.0858 808.695 2112 36129 1 0 1
-154.959 488.335 5500 0.538593 1.09195 2.31756 819.088 2112 36226 1 0 1
-405.934 2928.37 -5500 0.131885 0.155973 -0.370814 2089.19 22 36626 1076 1 1
1403.78 -553.621 5500 -5.65441 1.40383 9.53533 1470.29 2112 36638 1 0 1
4976.51 -3820.41 -5500 8.52473 -18.0864 -5.55706 1111.38 2112 36642 1 0 1
-371.611 -384.141 5500 0.00870812 -0.0664251 0.232565 4758.32 2112 36723 1 0 1
4636.8 -489.811 -5500 1.22236 0.529751 -3.6079 2335.3 2112 36827 1 0 1
3727.1 1244.14 5500 -0.0596784 0.281775 0.609174 19557 22 36866 1004 1 1
-260.327 1152.64 5500 -1.85703 2.30504 4.97213 2676.35 22 36871 1052 1 1
994.856 -4709.63 -5500 4.26899 -12.1081 -13.3809 772.931 2112 36904 1 0 1
2928.19 -598.124 5500 -13.0338 -5.42401 35.1595 525.809 2112 36905 1 0 1
477.659 1800.64 5500 0.476027 0.500363 0.86926 2424.54 2112 36990 1 0 1
4658.58 1201.62 5500 1.76055 1.58455 3.08039 2330.57 2112 37041 1 0 1
-1830.41 -5011.03 -5500 -0.384722 -0.0658454 -2.79961 5056.44 2112 37171 1 0 1
-1141.83 553.124 5500 -0.24987 -0.0251374 0.267741 4735.47 2112 37199 1 0 1
59.9123 -1767.21 -5500 2.43278 -7.37198 -12.5015 518.788 2112 37222 1 0 1
1414.21 -2707.1 -5500 0.9299 -8.24861 -3.53818 952.067 2112 37258 1 0 1
-2171.52 -3734.3 5500 -0.449181 0.255968 1.07589 5987.8 22 37336 1077 1 1
5473.77 -72.4389 -5500 9.52589 -10.0818 -30.4391 712.045 2112 37410 1 0 1
842.858 -1397.06 5500 -1.17048 -1.38688 5.76194 663.185 2112 37482 1 0 1
-3453.12 3544.23 5500 -0.486614 0.11216 0.654491 9804.82 2112 37619 1 0 1
-156.048 2153.36 -5500 0.878998 -0.190777 -2.40887 1427.5 2112 37954 1 0 1
3097.46 -4748.41 5500 1.61602 -0.792557 1.10917 6896.7 22 38127 1090 1 1
3916.48 3279.48 -5500 0.148394 2.71337 -6.66753 1673.32 2112 38183 1 0 1
-3514.39 -239.642 -5500 -1.13991 0.249867 -1.15444 2505.03 22 38203 1005 1 1
-1767.93 -1823.1 5500 -5.01407 0.801752 5.45262 845.566 2112 38258 1 0 1
-129.46 -1444.36 5500 -1.211 1.71188 3.5918 950.172 2112 38340 1 0 1
4560.07 -2168.8 -5500 -0.239544 -0.953372 -1.81684 7749.16 2112 38528 1 0 1
997.482 1394.67 -5500 7.64103 1.56035 -14.6423 494.684 2112 38721 1 0 1
20.4041 262.063 -5500 2.38162 3.68665 -1.54202 1712.45 2112 38763 1 0 1
12.6666 -3479.78 -5500 0.527239 -0.258918 -0.616261 6919.9 2112 38790 1 0 1
3580.65 -3194.45 -5500 1.31843 0.007349 -2.29371 3424.39 2112 38874 1 0 1
1675.69 1368.94 5500 8.80866 -4.24577 13.4004 585.737 2112 38913 1 0 1
-3063.54 1697.7 -5500 -4.52799 -0.453875 -18.2039 635.069 2112 38963 1 0 1
233.027 1195.28 5500 -1.91449 8.26563 13.9523 1853.8 2112 38966 1 0 1
-5234.22 -2190.54 5500 -1.00544 -0.398683 0.358055 9247.03 2112 39084 1 0 1
-4189.25 -2688.44 -5500 -12.8296 -14.4651 -13.2669 695.687 2112 39092 1 0 1
3427.31 -1421.96 5500 11.8475 17.4516 24.5852 619.522 2112 39150 1 0 1
-4513.48 -138.646 -5500 -5.6944 -0.970077 -2.49705 1546.12 2112 39197 1 0 1
-2162.94 1401.31 5500 1.09524 -17.475 25.1602 549.838 2112 39230 1 0 1
-3331.53 1017.07 5500 -10.4952 6.6755 20.2758 566.674 2112 39236 1 0 1
-5241.71 -4739.36 5500 -0.377468 -24.6527 26.7722 935.166 2112 39449 1 0 1
4071.25 11.6615 5500 0.0477015 0.0126893 0.0702038 4896.46 22 39470 1005 1 1
10.3344 3456.13 5500 -6.22461 10.9044 7.74101 1382.8 2112 39481 1 0 1
1516.69 1799.28 -5500 0.244264 0.359233 -0.197208 391.522 22 39512 1078 1076 1
1642.62 -1919.25 -5500 1.99787 5.28945 -6.49584 1123.39 2112 39519 1 0 1
730.276 1475.93 -5500 -8.57781 8.58651 -18.2006 498.836 2112 39685 1 0 1
-4607.96 4121.61 5500 -0.0468904 -0.00572648 0.131422 3100.83 22 39688 1058 1 1
-197.15 -1301.84 5500 1.22363 -5.67908 3.31053 1472.25 2112 39736 1 0 1
-1962.18 1356.11 5500 0.193642 0.0114849 0.273665 8014.23 22 39782 1061 1 1
3911.22 2945.77 5500 0.165035 0.72994 0.470672 8010.85 22 39782 1067 1 1
4423.25 1447.23 -5500 0.366637 0.349256 -0.28493 858.371 22 39851 1081 1 1
1750.84 -4532.42 5500 0.315718 -0.623299 0.437984 9097.1 2112 39933 1 0 1
1362.19 3039.05 5500 -0.577314 2.25669 5.63754 1134.12 2112 40028 1 0 1
1109.73 2839.27 5500 -0.310303 0.191325 0.459738 9280.39 2112 40095 1 0 1
564.15 2147.19 -5500 -1.16943 1.4753 -1.65823 2273.6 2112 40167 1 0 1
4987.09 -2313.17 5500 10.175 1.76164 14.3355 2309.11 2112 40188 1 0 1
-4747.72 -3330.83 -5500 -1.96424 -4.01007 -17.7045 1073.47 2112 40291 1 0 1
3565.37 -2450.82 -5500 0.233466 0.224335 -0.464556 403.187 22 40301 1139 1 1
1047.91 4728.98 5500 14.0942 14.4843 24.3027 613.915 2112 40387 1 0 1
-3099.12 -5348.21 -5500 5.3707 -19.4274 -28.2192 764.215 2112 40442 1 0 1
1129.89 -750.984 -5500 -0.143316 0.471256 -2.28779 1112.63 2112 40714 1 0 1
-4062.92 -4801.69 -5500 -17.9319 -15.3962 -25.1757 1354.53 2112 40762 1 0 1
-4255.3 -2656.91 -5500 -0.851451 -2.12355 -7.45246 1516.08 2112 40933 1 0 1
3260.61 5067.71 5500 0.484621 0.525403 0.976619 9342.79 22 41026 1058 1 1
3207.78 -3369.53 5500 0.21322 -0.060061 0.377937 7213.48 22 41068 1004 1 1
-1403.52 -251.983 5500 0.340127 0.324994 0.862242 2699.33 2112 41106 1 0 1
1502.79 -2713.48 5500 1.72887 -2.66556 1.47604 2169.04 22 41171 1062 1 1
-2780.62 -1715.84 5500 -5.60025 2.4987 6.09987 990.004 2112 41322 1 0 1
2583.03 4349.33 -5500 -0.0358485 0.118799 -0.113899 3060.27 22 41735 1068 1 1
-4157.56 1480.05 5500 -0.012761 0.169317 0.164866 3821.99 22 41736 1064 1 1
-1782.41 1836.17 5500 -2.83753 1.08193 5.10566 2590.6 2112 41814 1 0 1
-4262.46 -2961.29 -5500 -0.122305 -0.102304 -0.233312 5810.07 22 41867 1109 1106 1
-2749.23 989.743 5500 -0.361565 2.03509 1.41177 3120.86 2112 41900 1 0 1
-615.338 3443.21 -5500 -7.8 1.75987 -34.22 527.028 2112 42160 1 0 1
635.591 -1977.72 5500 -0.467997 1.16069 5.24465 1302.22 2112 42170 1 0 1
-3741.76 5244.82 5500 -0.381332 3.76953 4.42886 2494.93 2112 42323 1 0 1
5072.96 4575.2 5500 6.04004 3.97709 9.70979 2862.04 2112 42662 1 0 1
2431.66 2549.17 5500 0.214066 -0.0852995 0.603253 8372.14 22 42718 1004 1 1
2921.83 844.789 -5500 -3.43762 -9.29654 -16.122 1542.78 2112 42759 1 0 1
418.429 -4753.99 5500 0.0551387 -0.40552 1.18676 6308.31 2112 42761 1 0 1
3041.96 5011.92 -5500 0.31295 0.946593 -0.590566 9008.28 2112 42767 1 0 1
-103.567 -2558.9 5500 0.0258258 -0.0416571 0.378096 8117.79 2112 42850 1 0 1
-1124.42 -384.758 5500 -1.72855 -3.4726 34.166 425.966 2112 42966 1 0 1
-4766.64 418.187 -5500 -8.00221 -7.29085 -21.5345 724.879 2112 43005 1 0 1
1239.28 4071.43 -5500 0.962007 3.49274 -2.88915 9902.1 22 43012 1067 1 1
-41.2344 715.067 -5500 -0.547539 -0.00564818 -2.14436 1981.94 22 43199 1069 1 1
3674.66 -2926.8 5500 0.15895 -0.260883 0.24084 390.733 22 43227 1084 1 1
3729.47 1636.62 -5500 3.36325 -5.51842 -10.4567 1067.35 2112 43340 1 0 1
1515.59 -1706.73 -5500 -0.232107 0.124587 -0.652422 5991.07 2112 43437 1 0 1
152.206 5468.19 -5500 0.18772 9.00325 -8.72821 1100.15 2112 43493 1 0 1
-2156.66 4919.3 5500 9.9546 7.89848 31.1902 873.542 2112 43498 1 0 1
741.833 -4325.21 5500 11.3831 0.175999 16.276 927.795 2112 43557 1 0 1
568.13 602.473 -5500 -2.94455 -1.54131 -7.33833 600.336 2112 43627 1 0 1
-4832.89 -1678.93 5500 -0.226211 0.0104055 0.568731 9127.08 22 43675 1005 1 1
-1326.33 1486.86 -5500 -0.00506754 0.000801686 -0.104839 28281.2 22 43708 1040 1 1
9.94679 -4817.31 -5500 6.30679 -10.5619 -27.95 628.188 2112 44067 1 0 1
-944.57 1376.16 -5500 -1.23707 -0.699209 -0.975378 2262.46 2112 44443 1 0 1
-1132.16 -476.872 5500 -0.949556 0.320312 1.14214 390.75 22 44484 1068 1 1
3137.47 -1900.32 -5500 9.7136 -10.9828 -6.59534 753.914 2112 44724 1 0 1
4126.8 -1134.73 -5500 13.9554 1.96701 -38.0156 526.381 2112 44909 1 0 1
2796.65 2206.39 -5500 0.357606 -0.0425239 -0.65414 7683.77 2112 44922 1 0 1
-3261.74 -2327.15 -5500 -0.178331 0.118781 -0.400049 19105.2 22 44982 1040 1 1
1734.74 -4023.89 5500 -2.34046 -3.58278 3.18705 165094 22 45027 1074 1 1
4761.31 -4299.1 5500 1.10698 -0.74809 1.70166 1510.49 22 45081 1055 1 1
-2760.3 -3613.66 -5500 -2.66537 -0.334591 -2.8173 3069.49 2112 45145 1 0 1
5036.29 -192.045 5500 21.9483 12.8712 20.5724 1776.26 2112 45168 1 0 1
-88.1192 -3089.96 5500 4.9322 -8.2819 19.7503 555.41 2112 45312 1 0 1
-1137.29 -4026.38 -5500 -1.01568 -3.20747 -5.02013 1338.86 2112 45314 1 0 1
1214.26 5073.68 -5500 3.3051 9.45377 -6.56207 1050.47 2112 45432 1 0 1
71.3234 -4975.75 5500 -15.5163 -15.0116 11.3687 858.091 2112 45445 1 0 1
-4610.05 419.902 5500 -13.2324 -7.24958 20.8787 1206.32 2112 45579 1 0 1
1160.7 2693.05 5500 -0.835673 1.3011 3.73452 1291.78 2112 45845 1 0 1
-2903.64 4521.86 -5500 0.167494 2.24528 -3.80606 2763 2112 46001 1 0 1
-306.709 1259.07 5500 -0.132721 0.0332281 0.37665 4457.1 2112 46032 1 0 1
-1179.11 -2140.67 5500 -13.4906 7.2282 30.1514 477.972 2112 46113 1 0 1
489.782 1913.13 -5500 1.6682 -1.08192 -7.45269 749.099 2112 46175 1 0 1
4530.34 590.806 -5500 0.480667 -0.128677 -2.40095 3433.86 2112 46308 1 0 1
4514.68 -4653.47 5500 4.78655 -1.24853 3.32986 2549.47 2112 46374 1 0 1
3070.16 1395.22 5500 2.54701 -0.430076 2.25243 2231.5 2112 46398 1 0 1
-10.5868 -2043.59 -5500 -0.0566843 -0.00184788 -0.103829 6561.75 22 46474 1028 1 1
1888.01 -1753.06 5500 -1.40763 -6.73492 16.611 1173.79 2112 46623 1 0 1
-4882.15 1580.42 5500 -2.91882 0.697738 0.653091 3690.91 2112 46789 1 0 1
1625.97 3228.55 5500 0.00988365 0.405178 1.52861 3377.77 2112 46829 1 0 1
-2441.62 -1148.03 -5500 -0.0912869 -0.153337 -0.369916 8311.06 2112 46945 1 0 1
-2202.11 -1361.76 -5500 -0.1573 -1.69475 -1.7304 1848.42 2112 47175 1 0 1
2690.44 -4628.9 5500 0.549427 -3.19001 9.2014 1376.94 2112 47302 1 0 1
3594.61 -1897.8 -5500 0.36234 -0.0437571 -0.505704 9356.58 2112 47494 1 0 1
-4775.88 -2744.74 5500 -5.23764 0.275306 17.3846 1541.88 2112 47632 1 0 1
3177.07 -1335.81 -5500 30.4587 -10.3218 -13.5229 534.773 2112 47645 1 0 1
-2293.05 -1365.75 5500 -23.4044 -1.13803 15.5905 506.78 2112 47651 1 0 1
1706.53 913.121 5500 0.227811 -0.00173115 0.14693 10479.4 2112 47834 1 0 1
5300.09 2432.79 5500 0.494981 0.664962 2.12835 11151.9 22 48135 1056 1 1
-479.026 -828.002 -5500 -2.02416 8.57845 -9.42274 1216.22 2112 48160 1 0 1
-1837.23 -1309.84 -5500 -7.39973 -3.83343 -7.21087 1392.33 2112 48245 1 0 1
1133.63 1797.07 5500 21.4231 -6.8755 22.4891 486.608 2112 48334 1 0 1
-2100.15 3258.92 5500 0.0404333 0.0214137 0.137204 6407.29 22 48434 1068 1067 1
889.344 986.642 5500 -1.92662 5.41105 14.904 1741.34 2112 48488 1 0 1
-2273.7 -1761.74 5500 -10.7286 1.90166 8.82704 750.549 2112 48524 1 0 1
809.057 2334.31 -5500 2.2205 9.0203 -10.3965 615.241 2112 48766 1 0 1
-3943.29 1396.87 5500 -0.142786 0.146032 1.02227 7094.1 2112 48823 1 0 1
-674.094 -4485.16 5500 -0.585322 -0.725976 0.967125 6766.14 2112 48896 1 0 1
-1705.74 -1354.87 5500 -6.12186 -1.28513 2.93512 873.351 2112 49049 1 0 1
-2204.87 -1385.45 -5500 0.687565 0.00481987 -1.09456 2906.32 22 49138 1069 1 1
163.429 3182.12 -5500 -0.0436049 -0.124068 -0.931171 5549.1 2112 49195 1 0 1
1118.43 -2308.21 5500 0.0313738 -0.579469 0.960095 2915.44 2112 49224 1 0 1
1436.09 2215.84 -5500 -3.00154 11.3038 -21.093 540.291 2112 49247 1 0 1
-3328.21 -665.779 -5500 -8.70758 -13.0612 -31.1946 507.646 2112 49269 1 0 1
1057.55 2386 -5500 1.35371 -4.3519 -8.836 915.609 2112 49299 1 0 1
3093.47 2547.04 5500 -8.71569 19.2524 26.0921 622.721 2112 49314 1 0 1
-790.139 2062.99 -5500 -0.805879 -1.16317 -1.65126 2467.45 2112 49379 1 0 1
-3291.25 883.228 -5500 -1.23755 1.1911 -4.145 20224.3 22 49419 1082 1 1
648.899 -2375.96 -5500 6.06158 -13.9967 -10.3026 556.663 2112 49463 1 0 1
1620.89 1198.15 5500 0.343284 -0.1463 0.396194 5274.19 2112 49568 1 0 1
-2100.41 673.64 -5500 0.0407432 0.518542 -0.458965 6307.28 2112 49693 1 0 1
-1996.21 1519.55 5500 -0.0880519 0.1074 0.243536 17711 22 49705 1006 1 1
2494.67 1253.59 5500 0.151839 0.354852 0.377803 6887.62 2112 49732 1 0 1
-2240.81 -975.676 -5500 -0.0104337 0.524311 -0.739449 5007.85 2112 49876 1 0 1
-2988.19 1255.2 5500 -32.2841 -3.13227 10.4771 560.492 2112 50206 1 0 1
-1652.45 919.455 5500 1.02922 28.4104 18.1402 473.967 2112 50232 1 0 1
-231.965 -762.024 -5500 0.138755 11.8244 -24.7766 432.012 2112 50298 1 0 1
4034.02 -230.302 5500 4.7197 7.45222 13.3218 814.1 2112 50330 1 0 1
151.644 635.2 5500 -0.244372 -0.0232291 0.3728 3193.68 2112 50413 1 0 1
439.343 -301.924 5500 -0.133213 -0.0150759 0.211003 5978.12 2112 50480 1 0 1
2409.77 3087.48 -5500 -0.00409328 0.0140445 -0.0957092 9851.59 22 50482 1005 1 1
-632.235 -1775.55 5500 -0.543775 1.16015 1.81858 1842.05 2112 50634 1 0 1
-232.828 -1483.71 5500 -1.54576 0.455192 1.34147 1590.68 2112 50780 1 0 1
-4146.17 2924.64 5500 -1.70382 0.145945 1.00883 5340.07 2112 51069 1 0 1
-4855.95 3900.53 5500 -1.67199 1.03254 1.92846 3982.57 2112 51140 1 0 1
-3274.73 3341.06 5500 0.745814 4.99752 14.8571 906.081 2112 51141 1 0 1
-420.001 3438.08 5500 0.0460145 0.136902 0.201912 3916.82 22 51311 1075 1 1
-4848.25 1625.94 5500 -4.782 -2.05429 6.45806 1473.35 2112 51435 1 0 1
3125.8 3515.81 -5500 0.394918 0.440716 -0.224784 9000.94 22 51561 1004 1 1
3693.24 5183.15 -5500 5.09781 3.00886 -3.53635 2747.23 2112 51586 1 0 1
2535.7 -1164.59 -5500 1.00991 0.185242 -2.17997 1696.06 2112 51668 1 0 1
-3547.62 1656.43 5500 -6.27547 -0.506179 9.04602 863.695 2112 51679 1 0 1
-4332.15 -5470.67 5500 -0.530619 -0.50347 1.57295 8797.9 2112 51706 1 0 1
222.603 -3692.35 -5500 -0.255527 -0.576577 -1.47867 3279.61 2112 51742 1 0 1
1577.03 -2724.55 -5500 0.963016 -0.263763 -0.63157 4848.65 2112 51769 1 0 1
3562.97 -3664.86 5500 2.42007 -0.122621 1.64078 2091.5 22 51988 1069 1 1
-106.735 -800.013 5500 -1.29141 -0.196102 2.35231 1024.81 2112 52031 1 0 1
-3035.15 3474.17 -5500 -2.1543 -3.47218 -36.7802 653.733 2112 52074 1 0 1
2948.06 1759.24 -5500 0.254049 -0.0172758 -0.686423 6321.14 2112 52144 1 0 1
672.697 -3087.25 5500 0.138946 -0.771722 0.491181 5126.47 2112 52198 1 0 1
-1201.42 -3012.08 5500 -4.75789 -2.02955 4.65232 1071.55 2112 52292 1 0 1
2147.97 566.614 -5500 0.0832866 0.174314 -0.422708 6293.27 2112 52332 1 0 1
-1543.25 -4504.6 5500 -1.63268 -0.214997 1.44781 12527.4 22 52348 1005 1 1
454.343 -5333.75 -5500 -0.174557 -0.324192 -0.911696 9993.87 2112 52359 1 0 1
-702.348 -4777.16 5500 -2.51134 -9.21635 9.31702 896.019 2112 52412 1 0 1
-4989.84 933.156 -5500 -19.0029 -11.5425 -25.1992 636.045 2112 52430 1 0 1
3895.38 4179.49 -5500 1.3961 5.28998 -9.75654 1262.2 2112 52437 1 0 1
4494.96 -317.815 -5500 2.32348 0.579022 -0.556106 4094.36 2112 52450 1 0 1
511.919 4973.2 -5500 -0.419774 1.12872 -0.271564 10063.7 2112 52457 1 0 1
369.619 -1429.39 5500 -0.0245214 -1.96922 0.954557 4792.98 22 52667 1095 1 1
4228.71 -330.583 -5500 8.175 -3.79294 -3.63851 1895.1 2112 52701 1 0 1
5482.31 -3224.94 5500 0.815357 -0.488329 0.575866 9561.54 2112 52793 1 0 1
-2046.14 4455.96 -5500 -0.620983 29.7299 -14.4169 634.869 2112 52822 1 0 1
588.909 2414.24 -5500 -0.504634 7.29648 -6.3099 710.197 2112 52913 1 0 1
4759.44 -898.93 -5500 16.6751 11.1559 -15.1621 736.942 2112 52981 1 0 1
-1642.39 21.9137 -5500 -0.149966 -0.0176432 -0.29868 6137.75 2112 53025 1 0 1
-3605.07 -1177.51 5500 -12.3599 0.668504 23.64 579.738 2112 53127 1 0 1
-1646.21 3972.2 5500 -0.567235 0.59975 1.48377 3890.73 2112 53129 1 0 1
-457.371 5239.91 -5500 0.027681 0.0287285 -0.136433 12961.8 22 53164 1004 1 1
446.977 -1495.62 5500 0.0309794 -0.0423084 0.252029 7607.06 2112 53250 1 0 1
-2627.83 1262.06 5500 -3.59176 -5.18047 6.02362 1035.37 2112 53288 1 0 1
-5077.15 -2043.82 -5500 -4.84178 5.2499 -19.4879 1118.58 2112 53291 1 0 1
818.402 -3215.62 -5500 -0.234539 2.07519 -7.67338 1205.93 2112 53304 1 0 1
782.625 1044.19 5500 -0.0173175 -0.0619583 0.220527 40892.7 22 53314 1112 1 1
2088.07 -2082.98 5500 0.971941 -0.548075 1.91316 22666.9 22 53317 1031 1 1
-4488.23 1162.2 -5500 -0.455357 0.0386712 -0.445423 22638 22 53317 1032 1 1
730.546 -143.027 5500 15.4656 0.833766 34.6796 410.312 2112 53334 1 0 1
923.877 -5065.07 -5500 0.560565 -0.642407 -0.72982 8626.17 2112 53343 1 0 1
-2031.39 729.604 -5500 -0.247837 -0.0280858 -0.227349 4375.33 22 53345 1074 1 1
-3304.21 224.392 -5500 -1.51848 -0.431188 -0.429928 4379.43 22 53345 1075 1 1
-2902.68 -4482.88 5500 -6.75877 -2.94201 2.45301 3874.41 2112 53349 1 0 1
472.167 1851.29 5500 -0.035834 -0.114272 0.787785 3721.2 2112 53595 1 0 1
4373.19 3770.95 -5500 7.12932 -0.482042 -3.34494 2478.96 2112 53644 1 0 1
1009.91 3669.42 5500 4.4245 0.650738 5.62093 1345.65 2112 53684 1 0 1
4654.06 -4287.09 5500 22.7854 -24.3419 9.54974 728.259 2112 53968 1 0 1
-5102.58 704.143 -5500 -0.0870266 0.0366572 -0.0608473 1525.99 22 54066 1070 1 1
-4059.01 336.52 -5500 -0.765458 0.473046 -1.6691 1522.66 22 54066 1083 1 1
-2966.79 -1503.56 5500 -3.52757 -2.68089 11.2356 704.486 2112 54163 1 0 1
-2160.28 -502.109 5500 -0.0779138 0.00153681 0.0499013 824.86 22 54241 1006 1 1
2856.68 -844.761 -5500 22.2855 9.81599 -5.36766 766.295 2112 54335 1 0 1
4005.36 5210.06 5500 6.84451 29.2959 13.637 773.529 2112 54362 1 0 1
1267.48 -3094.47 5500 -4.13053 -5.5421 21.5664 591.648 2112 54370 1 0 1
-4636.98 2565.6 -5500 -15.3205 12.697 -28.2539 617.593 2112 54385 1 0 1
2899.55 1489.58 5500 8.2546 6.63536 27.5978 518.057 2112 54519 1 0 1
-1238.67 -1444.54 5500 -0.663079 -0.802645 0.804853 2886.92 2112 54710 1 0 1
-726.248 211.378 5500 6.98666 -7.60091 17.7026 1235.08 2112 54891 1 0 1
-4570.53 -4213.23 5500 -0.0828499 -0.232256 0.248448 9952.92 22 54894 1059 1 1
-4201.51 -482.487 5500 -6.77018 11.6074 29.5726 607.145 2112 54947 1 0 1
-1352.58 1164.59 -5500 -0.00301916 -0.10771 -0.320918 9566.06 2112 54985 1 0 1
-4028.34 -148.182 -5500 -0.411057 -0.00536911 -1.62682 3724.11 2112 55139 1 0 1
-3821.44 -1532.41 -5500 -0.680022 -0.411772 -0.554467 6803.05 22 55141 1004 1 1
-2931.02 -3947.41 5500 -0.489482 -1.60502 1.99912 3076.74 2112 55150 1 0 1
-506.935 -5088.68 5500 -0.216314 -0.425216 0.621958 4845.02 22 55204 1006 1 1
-570.837 -395.92 -5500 0.208302 1.24877 -1.82729 2364.54 22 55211 1003 1 1
102.217 -455.937 5500 9.8052 -8.91746 14.5096 476.112 2112 55241 1 0 1
-5034.9 -3461.26 5500 -0.0570792 -0.349937 0.947028 426.023 22 55262 1045 1 1
-3444.71 -421.843 5500 -3.03326 1.33093 35.3924 514.089 2112 55350 1 0 1
-2024.11 4205.52 -5500 -0.665438 0.175919 -1.37954 5387.34 2112 55556 1 0 1
-1805.6 -1288.71 -5500 -12.6744 -17.0405 -7.85721 1292.09 2112 55563 1 0 1
-1818.5 2849.36 5500 -0.0983853 0.371919 0.383125 8480.64 2112 55790 1 0 1
-5158.51 1917.05 -5500 -1.38011 0.309946 -0.88829 6574.92 2112 55871 1 0 1
-821.685 3187.52 5500 0.304517 3.47846 3.63634 1445.81 22 55880 1085 1 1
-745.88 -473.398 -5500 0.173065 0.349387 -0.3653 4851.5 2112 55945 1 0 1
3234.31 -1392.02 5500 0.57242 0.0773053 7.86243 1034.3 2112 55986 1 0 1
2525.02 1775.62 -5500 0.3136 0.317411 -0.782684 3545.53 22 56033 1004 1 1
3162.26 -5188.17 5500 3.2267 -9.67356 6.52218 1219.7 2112 56057 1 0 1
353.287 -2120.3 5500 -0.00435574 -1.77536 4.7179 2193.56 2112 56084 1 0 1
3298.29 2976 5500 0.195969 0.338128 0.943911 7698.04 2112 56097 1 0 1
-3220.88 1929.41 -5500 -13.3436 3.22989 -17.2306 625.18 2112 56238 1 0 1
4444.24 -4190.25 5500 13.6213 -2.00023 4.51246 1467.16 2112 56249 1 0 1
-402.152 1521.42 5500 -2.14874 2.59527 5.53813 639.653 2112 56258 1 0 1
-1339.08 -3176.39 5500 0.535684 -0.836475 0.754206 7888.37 2112 56430 1 0 1
4344.15 -4681.54 5500 0.337442 -0.385174 0.659719 8070.35 22 56509 1067 1 1
-1064.52 2074.47 -5500 -0.0120642 0.0988387 -0.0395177 2009.16 22 56541 1031 1 1
1875.04 -1110.92 -5500 -0.729583 -0.213827 -1.22541 3679.35 2112 56930 1 0 1
-2236.67 -2341.64 -5500 -0.149338 0.131234 -0.902083 5280.33 2112 56979 1 0 1
569.717 2024.59 -5500 2.65208 -0.413308 -3.07259 1186.81 2112 57033 1 0 1
-3159.91 -902.921 -5500 -6.6275 -8.43882 -24.8773 553.206 2112 57243 1 0 1
1573.09 -279.48 5500 -0.907439 0.368311 1.44114 2532.05 2112 57288 1 0 1
622.305 -2714.36 -5500 0.535028 -6.13234 -1.96278 1611.26 2112 57302 1 0 1
2363.14 2411.76 5500 -0.0858166 0.79851 0.612601 5585.92 2112 57389 1 0 1
-645.587 1863.11 5500 -0.0180991 0.0389038 0.113153 5832.44 22 57422 1062 1 1
-2279.85 -2214.96 -5500 -0.808779 -1.59762 -6.98696 2867.03 2112 57435 1 0 1
2216.48 -1060.06 -5500 -0.61241 -2.9472 -15.6773 578.28 2112 57444 1 0 1
-457.939 2870.37 -5500 9.68857 19.4192 -13.7735 570.293 2112 57617 1 0 1
4764.2 614.276 -5500 9.92527 2.65134 -8.45944 912.705 2112 57623 1 0 1
1768.56 1670.45 -5500 0.0831309 0.00367487 -0.090101 52322.5 22 57809 1031 1 1
991.635 2018.9 -5500 -0.0437517 0.127922 -0.123088 52323.4 22 57809 1033 1 1
755.827 1172.9 -5500 -1.64818 -1.80525 -2.39856 52322.7 22 57809 1039 1 1
5478 -187.234 -5500 6.57211 -1.11404 -4.93419 1383.49 2112 57837 1 0 1
3579.06 -4215.2 5500 20.9205 -7.84167 24.0879 664.574 2112 57898 1 0 1
2356.15 1416.03 5500 3.40757 0.825558 8.86622 1510.17 2112 57913 1 0 1
-488.834 -1991.14 5500 1.00098 -4.4078 2.85769 917.029 2112 57932 1 0 1
-4705.63 3652.25 -5500 -0.255321 0.468 -0.473566 4495.77 22 57959 1003 1 1
-212.765 -2669.79 5500 0.00759273 -0.0424169 0.042471 15414.5 22 58073 1025 1 1
-743.561 3241.78 -5500 0.599276 4.45026 -6.07502 930.237 2112 58096 1 0 1
-4532.55 -4121.72 5500 -6.31252 -2.62924 7.00476 1447.44 2112 58302 1 0 1
-2268.59 -673.864 5500 -0.388749 -0.0202613 0.768842 3187.85 2112 58614 1 0 1
3204.05 -1491.84 5500 0.743442 0.127125 0.382976 8334.86 2112 58619 1 0 1
3912.11 4382.36 5500 0.856379 0.695223 1.93008 13485 22 58653 1006 1 1
-2218.9 1879.54 -5500 -0.379475 0.0836872 -2.18889 1422.91 22 58707 1004 1 1
-3494.02 -375.406 5500 -1.99057 -3.92248 10.5019 841.092 2112 58826 1 0 1
1575.37 -1855.34 5500 0.462582 0.774294 0.813021 5729.83 2112 58827 1 0 1
2876.02 1420.47 5500 0.559509 0.255468 1.04085 3682.01 2112 58886 1 0 1
-3851.25 3174.36 5500 -0.352262 0.302637 0.872515 7856.73 2112 58940 1 0 1
1555.62 -4263.14 -5500 -0.226827 -1.02635 -1.16788 11239.3 22 58962 1050 1 1
-1714.12 -3183.4 5500 -3.05345 -0.497947 1.49133 2715.06 2112 58963 1 0 1
-4691.3 -199.421 -5500 -0.915598 -0.886219 -0.773691 6390.43 2112 59049 1 0 1
-2636.55 -1507.86 -5500 -2.38417 0.141034 -2.46929 3082.92 2112 59061 1003 1 1
-3287.75 2604.2 -5500 -21.0241 20.8668 -8.85813 617.56 2112 59131 1 0 1
2760.29 -1482.28 5500 -1.49258 -3.28642 4.23404 1540.97 2112 59252 1 0 1
-5281.15 3900.05 5500 -1.94132 0.710958 1.27533 5097.92 2112 59342 1 0 1
-2499.15 2556.9 5500 -0.209601 0.0732766 0.693625 7023.35 2112 59407 1 0 1
-1837.23 824.43 5500 -2.2516 2.24416 2.53068 1008.06 2112 59472 1 0 1
776.807 -917.169 -5500 0.0759758 -0.241665 -0.31427 5297.96 2112 59525 1 0 1
4032.45 -856.569 5500 -1.0414 -1.50345 34.6147 602.298 2112 59651 1 0 1
-1565.02 -4493.28 -5500 0.145093 -0.578088 -0.530629 9642.3 2112 59736 1 0 1
-2861.87 2906.31 5500 -0.950434 -0.512549 2.21245 6683.53 2112 59756 1 0 1
-2730.35 -2338.23 -5500 -0.0304862 -0.311686 -0.598105 7376.99 2112 59793 1 0 1
-3069.33 3417.88 -5500 -0.998093 1.02685 -1.28815 495.418 22 59939 1039 1 1
-2524.46 2672.16 -5500 -0.0758616 0.0974061 -0.321855 494.505 22 59939 1041 1 1
1283.44 1879.9 5500 -6.65102 8.04596 12.0685 609.115 2112 59967 1 0 1
-1141.39 -2699.78 5500 -14.4087 -23.4151 21.3956 493.987 2112 59982 1 0 1
348.606 632.86 -5500 3.8563 0.311354 -7.37661 557.78 2112 59995 1 0 1
-3066.2 -4284.21 -5500 0.1665 -0.683613 -3.38859 5099.89 2112 60007 1 0 1
-1275.24 -1009.43 5500 0.0189684 0.204855 0.702389 2834.47 2112 60126 1 0 1
575.36 -1983.95 -5500 0.133745 -0.0669731 -0.661412 3544.88 2112 60391 1 0 1
-1027.9 3930.63 -5500 0.269348 1.83052 -1.96201 2643.77 2112 60562 1 0 1
3928.43 3549.21 -5500 3.28558 -0.42721 -4.39081 2202.71 2112 60607 1 0 1
-2744.08 -4798.65 -5500 4.36769 -20.4993 -10.6456 913.674 2112 60620 1 0 1
-1452.71 -1310.27 -5500 0.0490105 -0.519428 -0.32692 5440.26 2112 60793 1 0 1
-652.963 -1814.15 -5500 4.38844 6.87069 -19.9853 518.266 2112 60909 1 0 1
-1961.46 -262.479 -5500 -0.317859 0.145833 -0.23071 6723.78 2112 61100 1 0 1
423.135 -2478.4 5500 1.42511 2.56105 8.21738 860.835 2112 61201 1002 1 1
5486.17 -5277.73 -5500 19.9119 -22.6054 -21.3793 735.851 2112 61304 1 0 1
-2837.59 491.353 5500 -0.393738 0.0980648 0.241153 8322.53 2112 61467 1 0 1
866.912 -699.279 5500 -1.90785 2.36874 3.17216 9832.82 22 61563 1106 1 1
-482.27 -826.395 5500 2.2418 -1.15578 3.40856 2410.56 22 61661 1080 1 1
-3726.86 -1958.95 5500 2.56054 4.01734 31.6187 683.899 2112 61666 1 0 1
267.621 1770.56 5500 0.0726565 10.1265 10.5478 559.833 2112 61667 1 0 1
2308.17 401.193 -5500 1.94661 -0.596122 -0.693695 2348.74 2112 61720 1 0 1
1932.8 5141.88 5500 13.4088 20.4896 25.4947 615.217 2112 61729 1 0 1
-241.514 -2025.65 -5500 -0.475988 0.191288 -0.886571 3301.3 2112 61760 1 0 1
2932.75 663.269 5500 -3.44282 4.60422 10.4805 873.28 2112 61768 1 0 1
1890.43 1294.96 5500 -1.24505 -13.1601 31.2164 482.12 2112 61883 1 0 1
68.1034 4313.29 -5500 0.149133 5.88019 -3.64347 1288.92 2112 62063 1 0 1
-1602.99 1527.35 5500 -21.3138 -1.19781 28.5927 451.337 2112 62094 1 0 1
2328.06 528.49 5500 0.286046 1.4755 1.19826 2402.9 2112 62216 1 0 1
-730.734 -1823.64 -5500 0.279975 0.536508 -0.807618 4203.22 2112 62227 1 0 1
205.771 3989.47 5500 -0.252513 0.646579 1.55337 5357.3 2112 62324 1 0 1
-1534.88 2981.03 -5500 -0.244369 -0.154111 -0.355012 28411.7 22 62381 1101 1 1
-2224.95 2877.55 -5500 -0.216932 -0.177236 -0.701866 8344.24 2112 62500 1 0 1
1629.93 5131.09 5500 -1.4979 4.22745 9.96458 1256.57 2112 62537 1 0 1
-3620.02 59.7003 -5500 -1.16776 0.645378 -1.25321 3057.15 2112 62602 1 0 1
-2794.6 2512.5 -5500 -25.15 3.28364 -27.4417 515.404 2112 62675 1 0 1
4318.96 -664.844 -5500 8.79024 -22.0803 -28.8732 590.29 2112 62809 1 0 1
4686.75 3222.95 -5500 22.9405 -2.17432 -32.0215 1401.12 2112 63198 1 0 1
4930.24 798.801 5500 0.393218 -0.293618 0.494123 377.906 22 63244 1075 1 1
-4366.68 2665.54 5500 -0.558687 0.863021 1.55527 4615.14 2112 63248 1 0 1
1581.93 -987.873 -5500 0.0911717 0.0210129 -1.06364 3163.7 2112 63262 1 0 1
-4040.72 85.9087 -5500 -16.1369 0.685477 -31.9966 1342.1 2112 63264 1 0 1
528.047 -123.792 5500 -0.118071 -0.206765 0.733713 1849.53 2112 63367 1 0 1
-3562.95 433.007 -5500 -0.22729 0.162819 -0.417435 9140.46 2112 63450 1 0 1
2108.11 5403.66 -5500 -1.3208 2.33674 -3.05417 14808.5 22 63495 1057 1 1
2565.35 -5467.88 5500 16.5406 -17.9898 23.4395 671.523 2112 63555 1 0 1
1248.11 1021.44 5500 2.0421 -5.04993 7.38082 663.169 2112 63593 1 0 1
4140.75 9.10895 -5500 15.1274 9.95323 -19.1885 611.381 2112 63757 1 0 1
-2023.76 1622.96 5500 -12.3655 9.76158 28.95 1142.32 2112 63866 1 0 1
-1786.39 -4530.04 5500 -0.785556 -0.797119 0.465573 7484.7 2112 63920 1 0 1
4092.44 1060.24 -5500 25.8797 -19.6886 -24.4252 575.883 2112 63939 1 0 1
-2518.31 -3164.39 5500 -1.18277 -1.19238 1.05633 3217.3 2112 64055 1 0 1
-1592.13 -650.867 5500 -9.90733 23.2062 29.4359 452.294 2112 64115 1 0 1
-703.927 371.184 -5500 -0.16146 -0.0285715 -0.169391 6402.22 2112 64292 1 0 1
-5228.54 -3323.44 5500 -7.20172 -6.54747 11.2785 1070.13 2112 64319 1 0 1
-2561.31 204.691 5500 -0.0207094 0.0650383 0.0685577 9878.39 22 64369 1109 1 1
-1765.26 -943.857 5500 -5.91374 -3.47498 3.18826 771.679 2112 64676 1 0 1
2133.03 -4922.69 -5500 -11.6039 -11.0342 -30.4893 792.999 2112 64800 1 0 1
746.683 2614.05 5500 8.68797 2.04729 11.2527 635.474 2112 64827 1 0 1
-1627.32 1611.91 5500 -0.76299 0.741765 1.9518 9534.95 22 64838 1004 1 1
3111.73 -561.37 -5500 13.556 2.6543 -5.18005 1442.69 2112 65003 1 0 1
2571.67 -372.965 -5500 1.34101 -2.26581 -2.50734 1506.91 2112 65016 1 0 1
5007.45 -2029.13 5500 8.00286 -3.85442 19.1856 810.68 2112 65061 1 0 1
-1655.41 5312.87 -5500 -0.115658 0.198148 -0.315983 8564.26 22 65286 1072 1 1
-1368.66 -4334.86 -5500 -0.459832 0.0709822 -0.985762 9486.33 2112 65360 1 0 1
4025.62 4261.31 -5500 13.4986 5.53354 -8.01278 1005.59 2112 65480 1 0 1
1144.11 -3762.27 -5500 -0.310637 -0.861158 -1.77705 3320.58 2112 65526 1 0 1
-585.251 -817.254 -5500 0.249893 0.490076 -0.591564 2720.75 2112 65577 1 0 1
-2039.4 4138.07 5500 -1.08757 1.93432 3.65512 1918.07 2112 65613 1 0 1
-1641.7 1495.3 5500 -0.989765 -0.339251 0.621499 3482.88 2112 65680 1 0 1
619.669 -3320.01 5500 1.22768 1.15105 3.90883 3148.46 2112 65773 1 0 1
-216.373 4393.23 5500 13.193 13.9914 9.67512 849.476 2112 65778 1 0 1
352.047 408.801 5500 -6.65079 19.6526 9.07581 484.629 2112 65789 1 0 1
-150.955 -1993.67 5500 0.492127 -0.361694 0.845241 4542.96 22 65947 1004 1 1
5086.53 -3551.22 5500 5.96438 0.124154 1.81228 3575.32 2112 66060 1 0 1
4991.4 -814.765 5500 8.63578 7.58988 8.0082 1703 2112 66082 1 0 1
384.166 -2940.92 -5500 1.94398 -1.29914 -2.69718 1485.83 2112 66092 1 0 1
1789.92 -2088.28 5500 -0.592372 -0.151184 0.94501 427.233 22 66173 1075 1 1
-460.076 2240.98 5500 0.479694 -6.30611 28.0803 491.471 2112 66246 1 0 1
697.822 3904.6 -5500 -4.24303 1.44639 -14.3008 1429.2 2112 66494 1 0 1
-3624.18 2332.83 5500 -15.8433 3.89976 16.6789 654.051 2112 66500 1 0 1
4502.24 -4485.34 5500 0.764847 -0.0484869 0.796867 14796.6 22 66534 1005 1 1
-205.991 -3373.6 5500 -1.32747 -2.4761 14.9065 1465.5 2112 66568 1 0 1
-789.314 -1565 5500 -1.32115 -0.33025 0.749515 148741 22 66617 1084 1 1
-302.925 -1486.34 5500 -0.187795 -0.113686 0.198742 148740 22 66617 1086 1 1
-1233.56 3072.55 5500 -0.505728 1.1021 0.58031 4372.21 2112 66700 1 0 1
2575.27 -3449.25 -5500 0.263144 0.00495007 -2.47894 4673.79 2112 66705 1 0 1
366.846 -3714.8 -5500 -0.0622606 -0.0619311 -0.123438 9058.63 22 66806 1027 1 1
805.804 -3120.89 -5500 -0.0972292 -0.0394901 -0.533108 9057.51 22 66806 1034 1 1
507.994 -1708.17 5500 1.25718 -1.52324 1.43686 1393.18 2112 66825 1 0 1
-2521.95 -3169.98 5500 0.167247 -1.893 2.22539 2536.33 2112 66831 1 0 1
-4655.6 -5350.39 5500 -0.483154 -0.457778 0.362735 1677.95 22 66920 1052 1 1
334.754 1235.1 -5500 1.14428 0.519124 -8.5413 1353.3 2112 67007 1 0 1
4366.86 -1816.95 5500 9.63398 -5.32556 28.0953 628.963 2112 67202 1 0 1
3805.03 -2856.43 -5500 28.5185 -14.2606 -22.6133 552.523 2112 67242 1 0 1
80.5363 5438.14 5500 0.0368859 0.182663 0.989904 7269.25 22 67265 1017 1 1
-134.192 -4193.07 5500 0.413372 -0.284603 1.41889 4981.72 2112 67282 1 0 1
2856.1 -112.493 -5500 -1.57189 -2.44209 -4.84466 9153.84 11 67338 1103 1093 1
2787.79 4772.57 5500 0.305908 0.943031 0.374421 9628.27 2112 67367 1 0 1
4328.92 -154.919 5500 0.313356 1.03976 1.24399 6796.83 2112 67405 1 0 1
1730.6 4899.08 -5500 1.50718 1.20974 -2.64866 3060.73 2112 67420 1 0 1
-1273.28 403.282 -5500 -3.0442 -7.42464 -24.4611 437.141 2112 67468 1 0 1
656.514 3752.71 -5500 -0.693462 2.1281 -10.727 926.1 2112 67519 1 0 1
-527.918 3727.78 -5500 -0.115156 0.00687794 -0.7941 8041.4 2112 67523 1 0 1
-1055.23 1224.92 -5500 -0.749196 -0.513889 -1.62872 1651.8 2112 67615 1 0 1
-1104.68 -1887.89 -5500 -1.60766 -0.232718 -13.5982 581.888 2112 67862 1 0 1
814.775 2923.2 -5500 -24.3321 5.01185 -25.5386 578.173 2112 67864 1 0 1
-915.612 262.833 5500 -0.578524 -0.86321 0.669976 3056.66 2112 67918 1 0 1
-2236.69 -2184.65 -5500 1.00568 -1.74296 -4.70221 1257.43 2112 67980 1 0 1
3263.91 -1189.76 -5500 0.714947 -0.0184714 -0.621134 4845.52 2112 68004 1 0 1
-4618.65 -103.388 -5500 -0.12852 -0.213727 -0.162972 1630.05 22 68084 1025 1 1
1705.1 -3332.2 -5500 2.16667 0.953896 -4.51748 2204.76 2112 68109 1 0 1
1244.96 1206.81 -5500 19.544 11.5118 -19.812 454.215 2112 68489 1 0 1
-935.12 -1381.37 -5500 -0.185879 -0.203489 -0.968498 1972.35 2112 68521 1 0 1
-3230.03 -566.963 5500 0.072271 -0.21488 0.618214 7932.95 2112 68524 1 0 1
2083.01 -2246.78 -5500 -0.000496814 0.0998386 -0.262443 11946.7 22 68697 1076 1 1
714.547 2674.5 5500 -0.0603391 0.222434 0.173285 1748.55 22 68839 1053 1 1
2513.08 -2737.4 5500 4.10536 0.818788 11.3038 851.899 2112 68903 1 0 1
-2381.56 459.235 -5500 -1.54916 3.37919 -4.12086 6154.8 22 69057 1046 1 1
-1722.69 1113.04 5500 -0.98436 0.144139 0.572649 2870.14 2112 69071 1 0 1
720.856 -3650.61 -5500 -21.5686 -6.29922 -24.6464 1309.36 2112 69072 1 0 1
3388.48 -1368.02 5500 5.34696 -21.5989 26.9017 537.931 2112 69093 1 0 1
-4542.78 1238.2 -5500 -10.1416 -1.24008 -4.98339 1088.5 2112 69113 1 0 1
1156.12 6.96836 -5500 0.834063 -0.268653 -1.18936 1391.86 2112 69116 1 0 1
-234.865 1799.37 5500 10.2084 -0.798279 17.5333 514.85 2112 69125 1 0 1
-4173.52 1937.06 -5500 -1.54506 -0.424148 -1.19856 4266.68 2112 69197 1 0 1
676.094 4192.24 5500 7.09844 20.6457 8.58113 694.931 2112 69286 1 0 1
-95.4968 857.966 -5500 -2.78152 1.1608 -5.77607 558.983 2112 69500 1 0 1
-4961.78 -1359.85 5500 -0.0974507 -0.150496 0.151628 6725.08 22 69678 1051 1 1
-3494.93 1175.42 5500 0.00921302 0.0193287 0.0532936 6722.6 22 69678 1052 1 1
-1157.3 -784.647 5500 -2.10413 0.55286 9.29585 1255.1 2112 69732 1 0 1
858.754 -3866.55 -5500 -0.33222 0.089608 -1.17221 7276.96 2112 69738 1 0 1
4448.86 2638.42 -5500 6.4651 16.2669 -27.0496 651.529 2112 69941 1 0 1
3037.36 -797.849 -5500 0.673646 -0.0694986 -0.372513 6332.8 2112 69992 1 0 1
4898.35 -3067.46 5500 0.447966 -0.56232 1.04546 7809.66 2112 69997 1 0 1
-5398.06 1613.37 5500 -0.155748 0.0225053 0.167618 788.785 22 70031 1029 1 1
-2551.25 -4838.28 5500 -2.55344 -10.688 14.6229 855.882 2112 70071 1 0 1
-1525.89 201.069 5500 -0.158444 0.68967 0.636935 9605.48 22 70072 1061 1 1
-1412.24 -447.192 5500 -0.305789 -0.607913 3.60427 9604.62 22 70072 1086 1 1
-4089.31 -3526.04 -5500 -3.51342 -8.36188 -7.98671 1099.57 2112 70114 1 0 1
2237.28 842.09 5500 0.641695 -0.646481 2.27652 1626.58 2112 70327 1 0 1
922.748 154.595 -5500 0.98068 1.48962 -6.61989 1802.03 2112 70337 1 0 1
-1318.15 3056.14 -5500 -0.254545 21.6669 -37.4887 467.687 2112 70390 1 0 1
3746.89 -1000.45 -5500 1.12535 0.462467 -1.00065 4035.53 2112 70417 1 0 1
-461.796 -1646.91 5500 -0.234668 -0.314874 0.275913 4970.75 2112 70439 1 0 1
-127.217 4070.95 -5500 0.204917 0.464645 -0.403148 9995.99 2112 70529 1 0 1
57.9751 1981.93 -5500 0.330268 0.506138 -0.284654 6278.69 2112 70855 1 0 1
4721.44 2277.18 -5500 23.3471 -7.30819 -29.4906 621.662 2112 70861 1 0 1
-1001.56 -3432.97 5500 -2.13039 -11.0378 17.8681 1083.15 2112 70898 1 0 1
2095.47 4320.34 5500 0.43594 0.986005 0.954266 5014.08 2112 71017 1 0 1
3357.32 3534.7 -5500 5.89561 9.82592 -40.1025 568.374 2112 71222 1 0 1
3966.62 3632.58 -5500 6.18413 8.13009 -1.75445 1616.71 2112 71241 1 0 1
-441.758 784.242 5500 -2.64083 1.8104 34.5762 414.798 2112 71349 1 0 1
3829.84 2184.21 5500 0.291698 0.130142 0.688258 8552.58 2112 71601 1 0 1
810.874 -1449.81 5500 0.144341 0.297704 0.497235 4391.5 2112 71605 1 0 1
1459.12 -767.693 -5500 0.452858 -0.183493 -0.400495 3916.78 2112 71616 1 0 1
2127.24 -4459.69 5500 -0.728211 -1.60301 2.00025 6237.51 2112 71648 1 0 1
3010.44 676.496 -5500 12.0515 8.37755 -5.13943 720.45 2112 71675 1 0 1
507.707 2786.73 5500 -4.15699 6.66035 32.033 482.075 2112 71692 1 0 1
2011.29 -158.149 -5500 -0.184703 0.00858221 -0.242215 3057.29 22 71712 1052 1 1
-759.962 3236.42 -5500 -15.1941 22.4595 -19.3587 538.022 2112 71751 1 0 1
2436.29 -655.754 -5500 0.0784043 -0.0978003 -0.226863 6933.92 22 71914 1063 1 1
-2049.57 -2448.57 -5500 -1.03093 -2.27138 -4.42009 1113.5 2112 72066 1 0 1
171.262 -715.003 5500 1.88048 -6.59913 2.35879 903.491 2112 72113 1 0 1
-1181.28 5157.8 -5500 -0.00640146 0.267393 -0.158653 407.721 22 72191 1057 1 1
914.051 2611.27 -5500 -9.3765 -0.775344 -21.2608 1174.36 2112 72309 1 0 1
-3893.95 -1258.37 5500 -0.722353 -3.62216 2.90814 2191.59 2112 72371 1 0 1
1774.06 -1453.65 5500 6.98354 -0.207409 19.2541 520.822 2112 72489 1 0 1
3119.73 -2102.41 5500 0.107308 -0.0487391 0.768859 7529.59 2112 72583 1 0 1
1854.57 -2206.93 -5500 -2.50379 -3.17459 -9.08677 777.729 2112 72628 1 0 1
3718.7 1345.64 5500 1.51167 0.556404 0.230771 5806.35 2112 72757 1 0 1
-2576.78 -616.872 5500 12.6247 -8.51978 18.6221 732.467 2112 72828 1 0 1
-4575.53 -3094.35 -5500 -3.1444 -3.17007 -15.09 1049.09 2112 72829 1 0 1
2279.78 5420.03 -5500 2.74099 1.94309 -7.05407 1805.29 2112 72852 1 0 1
-2740.52 -3486.75 -5500 0.140443 -0.398654 -0.836391 8536.49 2112 72883 1 0 1
2227.83 2858.88 5500 6.1425 3.09906 10.2953 773.068 2112 72940 1 0 1
2533.79 3775.99 5500 1.07493 0.927073 0.385889 32487.4 22 73023 1084 1 1
-1634.81 3377.94 5500 -1.12809 1.68392 4.98682 1289.28 2112 73093 1 0 1
-2774.91 1118.64 -5500 -0.811049 -1.58706 -2.44344 2076.45 2112 73207 1 0 1
-3421.71 190.77 5500 -3.71102 -5.88247 6.58845 1919.32 2112 73422 1 0 1
-1861.16 -2989.13 -5500 0.0170826 -0.0957275 -0.138925 2877.09 22 73429 1003 1 1
4187.81 199.02 5500 1.55167 3.79068 29.9597 1091.68 2112 73506 1 0 1
-1417.6 3813.92 5500 3.25192 7.88051 27.3435 603.049 2112 73532 1 0 1
-347.082 1303.6 5500 -9.32103 4.96509 25.6946 458.304 2112 73650 1 0 1
258.073 -452.41 -5500 -0.839394 -0.422815 -1.98141 12621.4 22 73664 1034 1 1
370.26 4114.59 5500 0.912578 0.103431 1.71913 4559.56 2112 74136 1 0 1
-408.664 494.733 -5500 -0.731746 0.207226 -2.08891 6593.53 22 74223 1005 1 1
2429.6 1138.77 5500 0.243678 0.370438 0.37863 6727.02 2112 74463 1 0 1
371.703 -797.933 -5500 -2.74183 -0.894384 -1.21084 1534.53 2112 74627 1 0 1
-2150.23 1459.5 -5500 -0.121198 -0.0254613 -0.127745 1154.94 22 74736 1087 1 1
-1985.41 4630.16 5500 -2.667 0.189212 2.26948 4646.22 2112 74815 1 0 1
3152.35 -584.978 5500 7.79393 1.84386 5.49622 825.001 2112 74824 1 0 1
621.066 -2935.55 -5500 0.845019 0.313589 -2.03214 13337.2 22 75056 1006 1 1
-2068.51 -105.434 -5500 -25.9988 13.2936 -24.0213 455.347 2112 75136 1 0 1
1836.51 665.476 5500 -0.0480752 -0.031723 0.415633 2801.21 22 75393 1050 1 1
-1094.58 2844.07 -5500 -0.042912 -0.322507 -0.912532 6110.41 2112 75660 1 0 1
1378.61 473.505 5500 1.68716 1.44012 2.21164 1065.36 2112 75751 1 0 1
5146.97 2748.25 -5500 10.5812 2.90645 -9.28234 1031.44 2112 75786 1 0 1
4684.64 -355.393 5500 0.298492 -0.0170448 0.100508 113228 22 75809 1004 1 1
-4223.03 -1552.43 -5500 -33.2279 8.60818 -19.6982 573.249 2112 75846 1 0 1
205.417 -652.818 -5500 11.2481 -3.88067 -6.65493 539.011 2112 76008 1 0 1
-2775.2 4866.05 5500 -22.276 24.5877 18.3245 618.443 2112 76027 1 0 1
2915.43 725.302 5500 0.0745305 -0.226292 0.261887 11621.4 22 76098 1078 1 1
3508.41 1493.8 5500 -3.7509 3.66691 11.9923 1788.29 2112 76135 1 0 1
-954.62 3014.45 5500 0.0138714 -0.209829 0.436811 2743.6 22 76143 1003 1 1
234.473 -3997.43 -5500 -0.104364 -0.103279 -0.056063 7443.18 22 76242 1053 1 1
684.995 -125.817 5500 0.0246809 -0.200986 0.344693 3402.63 2112 76409 1 0 1
-3559.09 -2651.76 5500 -2.587 2.81037 7.08843 2681.06 2112 76501 1 0 1
-3066.19 -1733.78 -5500 -0.250914 -1.51421 -5.28538 2678.1 2112 76580 1 0 1
-198.784 -1128.67 -5500 -0.133648 0.0871142 -0.412345 3816.92 2112 76620 1 0 1
4872.98 -2273.9 5500 0.164525 0.00613814 0.149949 524.087 22 76644 1078 1075 1
-157.192 990.56 -5500 0.11722 0.0356596 -0.132895 9043.06 2112 76783 1 0 1
-962.985 -203.87 -5500 0.0436667 0.0866883 -0.254328 5619.72 2112 76859 1 0 1
-2380.78 3520.95 -5500 -0.0760727 0.0167629 -0.0398896 7770.99 22 76945 1046 1 1
-668.02 2763.66 -5500 -0.70324 -0.484449 -1.62791 7766.24 22 76945 1057 1 1
-873.825 -1586.67 5500 -0.0110926 0.0382893 0.0912413 13847.9 22 76975 1137 1 1
-538.206 -475.26 -5500 5.87196 3.15273 -38.6617 409.51 2112 77142 1 0 1
-2075.19 -3244.12 -5500 -0.125529 -0.811915 -0.507522 7828.68 2112 77353 1 0 1
-4921.81 325.522 5500 -0.747481 0.202487 0.855425 6530.76 2112 77411 1 0 1
-65.643 -1631.4 5500 -20.1866 -7.50022 7.7032 1210.94 2112 77639 1002 1 1
-1810.04 316.39 5500 0.000372049 0.113378 0.384964 6317.4 2112 77769 1 0 1
1873.68 1072.04 5500 0.0513703 0.000819148 0.0224894 2806.2 22 77846 1080 1077 1
-277.2 1418.6 -5500 0.183821 -0.144784 -0.239484 12387.1 22 77919 1052 1049 1
-1707.38 3956.45 5500 3.29674 5.1167 3.77096 1789.1 2112 78043 1 0 1
-3957.52 1469.97 5500 -0.0818888 -0.0985561 1.43924 5621.86 2112 78098 1 0 1
453.692 -1127.21 5500 -1.01633 1.00499 2.68284 1092.44 2112 78171 1 0 1
-3848.02 3541.28 5500 -1.90875 0.24278 2.76956 3079.81 2112 78439 1 0 1
-3203.49 -1174.15 -5500 -1.7286 -1.0073 -1.4131 2999.47 2112 78485 1 0 1
1143.45 -4072.01 -5500 1.50419 -4.23802 -14.8341 801.739 2112 78660 1 0 1
-100.226 1482.53 -5500 -1.26064 -0.53672 -1.18599 2086.49 2112 78770 1 0 1
2629.11 -210.337 -5500 1.41426 7.95749 -9.0201 1559.93 2112 78830 1 0 1
5104.85 -4208.64 5500 1.94444 -2.23589 4.15833 2747.21 2112 78890 1 0 1
5197.97 -201.369 -5500 0.848305 0.118541 -1.71555 4572.05 2112 78912 1 0 1
155.766 993.966 -5500 0.111729 0.195907 -0.190865 5705.41 2112 78932 1 0 1
5155.2 -80.1749 5500 0.334082 0.0265687 0.149524 435.173 22 78962 1057 1 1
-1610.52 2409.77 -5500 -0.0427562 0.173248 -0.344339 9078.3 2112 79021 1 0 1
-2933.85 2400.28 5500 -4.0489 3.40119 2.78695 1273.14 2112 79191 1 0 1
831.481 -3611.66 5500 -2.83568 1.47652 14.3928 841.999 2112 79214 1 0 1
1620.78 -5151.16 5500 -0.171427 -3.42468 2.8316 2274.68 2112 79256 1 0 1
-368.514 -1745.66 -5500 -15.3675 2.17514 -32.3152 443.614 2112 79265 1 0 1
781.959 -2311.04 5500 -5.85275 9.89753 35.4592 479.963 2112 79324 1 0 1
-58.5304 -2381.9 5500 -0.370265 0.10827 2.26576 21772 22 79342 1065 1 1
-227.73 1450.62 5500 2.83465 1.78453 2.55893 594.142 22 79372 1080 1 1
-2432.05 -1102.3 -5500 -0.0988254 0.130842 -0.453759 7240.98 2112 79476 1 0 1
945.871 -181.31 -5500 2.19491 0.533216 -5.11646 603.647 2112 79533 1 0 1
1187.95 388.93 5500 4.81939 -1.39406 4.4618 692.089 2112 79731 1 0 1
-2881.56 2653.31 -5500 -2.49887 1.00693 -0.717461 3173.98 2112 79811 1 0 1
-36.4865 -4166.26 5500 -1.85688 -3.03346 1.95171 2062.1 2112 79839 1 0 1
664.239 -941.955 5500 -14.7103 -6.56513 30.9783 428.458 2112 79865 1 0 1
1469.21 4328.26 5500 1.13598 0.758843 2.00056 5890.14 22 80019 1101 1 1
2503.35 1440.2 5500 1.56973 1.45918 0.78829 2041.47 22 80107 1074 1 1
-3954.38 2139.46 5500 -9.84467 9.03039 12.4268 733.326 2112 80297 1 0 1
25.1887 -3694.15 5500 -7.65167 -5.67888 6.25152 1032.9 2112 80487 1 0 1
-3375.61 -30.2338 5500 -0.00454018 -0.0678594 1.37601 14587.1 22 80634 1004 1 1
-4807.84 -4807.42 5500 -2.86969 -3.21599 4.20421 2302.78 2112 80657 1 0 1
3007.01 -4923.26 5500 9.66189 -38.5906 4.34722 776.347 2112 80790 1 0 1
3782.31 3314.91 5500 6.25684 4.21514 35.4934 647.492 2112 80811 1 0 1
-2242.67 -1983.73 5500 -0.14855 0.0713916 0.875888 5408.76 22 80833 1070 1 1
-1407.58 -362.692 5500 -3.34416 -3.60047 3.45422 776.105 2112 80968 1 0 1
-3466.3 1562.26 -5500 -6.06125 6.49783 -7.28459 827.997 2112 80979 1 0 1
-2145.74 3312.96 -5500 -0.0144903 0.0730023 -0.0194092 9541.74 22 80992 1005 1 1
3839.83 1672.56 5500 0.0550984 -0.0684245 0.127184 8465.6 22 81063 1004 1 1
-3476.08 488.873 5500 -0.581599 -0.991631 1.65319 4015.31 2112 81085 1 0 1
4213.53 -3578.43 -5500 1.1835 -3.25419 -2.67698 3664.21 2112 81145 1 0 1
1367.77 1985.59 5500 0.0258431 0.110945 0.0511833 5793.75 22 81664 1004 1 1
4649.73 -2177.46 5500 7.90623 3.39994 20.7944 825.92 2112 81708 1 0 1
-11.7325 -742.285 -5500 2.97117 -4.61205 -3.34003 3545.99 22 81772 1058 1 1
2204.69 -798.235 -5500 -0.194589 -1.3025 -1.79104 2783.02 22 81945 1003 1 1
4977.01 257.179 5500 0.0234177 0.0335032 0.0993295 12966.2 22 81985 1005 1 1
3371.91 -240.267 5500 7.15045 0.310194 6.74575 825.132 2112 81987 1 0 1
2445.18 -1552.33 -5500 1.83692 -1.27505 -6.18388 880.39 2112 82004 1 0 1
-115.063 884.606 5500 2.00604 0.46437 1.4576 1266.32 2112 82183 1 0 1
1254.2 -3444.7 -5500 -0.52556 -0.302822 -0.720264 8634.57 2112 82329 1 0 1
-2000.44 2756.76 -5500 -0.17958 0.137612 -0.629074 6686.67 2112 82363 1 0 1
2697.42 -3977.49 5500 0.00199935 -0.0791602 0.0601114 9149.26 22 82445 1006 1 1
-1785.19 -3416.65 -5500 -1.04233 -0.103802 -1.10887 4582.74 2112 82549 1 0 1
4672.89 2456.62 5500 7.47543 15.2029 29.6247 637.316 2112 82568 1 0 1
-1155.4 -4845.76 -5500 0.585872 -1.24436 -1.1898 5881.67 2112 82578 1 0 1
1711.11 1672.25 5500 6.19337 17.2156 6.37128 618.68 2112 82636 1 0 1
262.421 -1107.48 -5500 0.508819 -1.24653 -0.783791 1105.73 22 82828 1045 1 1
-1765.58 -532.373 5500 -0.26343 -1.61235 1.65355 1440.01 2112 82888 1 0 1
-2211.13 4118.08 5500 0.107564 2.23855 0.910368 4058.43 2112 83023 1 0 1
-1720.32 3777.76 5500 0.0613606 -0.102869 3.00459 3950.55 2112 83300 1 0 1
4176.89 -1045.25 -5500 17.0201 12.0454 -37.3331 531.058 2112 83315 1 0 1
-4010 -1948.09 -5500 -24.5525 -11.9278 -33.6755 512.424 2112 83335 1 0 1
3985.1 -3815.51 5500 -0.3706 -1.04883 1.71697 7705.72 2112 83403 1 0 1
2218.32 3121.76 -5500 0.0551845 3.52163 -6.50509 1093.11 2112 83476 1 0 1
3230.01 2993.64 -5500 0.0448356 0.456709 -0.760006 73767.6 22 83546 1005 1 1
-1596.47 -2137.53 5500 0.567275 0.444679 1.24743 4678.99 2112 83562 1 0 1
5043.2 -278.476 5500 22.9169 7.99704 25.3249 600.016 2112 83660 1 0 1
1598.76 2312.95 5500 0.0546684 -0.0371484 0.0879155 73209.9 22 83677 1006 1 1
4453.85 1635.99 5500 0.039842 0.150316 0.210764 1961.37 22 83818 1041 1 1
4839.62 -3184.45 5500 0.111167 -0.467528 0.299666 1965.95 22 83818 1042 1 1
-3503.47 2249.38 -5500 -0.0795155 0.589443 -1.5411 14118.4 22 83842 1051 1 1
-1892.74 -930.607 -5500 -1.23652 -18.6996 -29.0065 1240.06 2112 83877 1 0 1
4740.15 -2402.19 5500 0.49585 -0.0987849 0.782576 9357.37 2112 83962 1 0 1
-1698.39 -4911.02 5500 -0.756146 -1.73669 1.39335 6102.09 22 84246 1067 1 1
-4735.02 1413.82 5500 -0.369438 0.280316 0.322498 6695.18 22 84252 1076 1 1
-2229.2 554.067 -5500 0.791809 -0.697593 -1.78589 2354.16 2112 84334 1 0 1
-2741.49 1569.09 5500 -4.54398 -0.472677 7.6017 865.402 2112 84343 1 0 1
3818.55 3925.74 5500 7.65674 7.14824 21.2462 773.51 2112 84446 1 0 1
4168.34 109.122 5500 0.461909 0.145325 0.302089 12514.1 22 84455 1086 1 1
208.606 -496.8 -5500 -0.55259 -0.489031 -1.43554 13518 22 84517 1091 1 1
-4764.61 4291.68 5500 -1.09663 2.37637 1.81408 4242.6 2112 84584 1 0 1
1962.27 -1908.99 5500 0.916313 1.16 1.71702 2837.33 2112 84586 1 0 1
308.762 -3831.08 -5500 0.16174 -0.38349 -0.638145 7039.29 2112 84642 1 0 1
-1342.6 -1609.23 5500 -0.313457 -0.583306 0.644782 7831.32 22 84651 1059 1 1
1022.08 -1086.8 5500 -0.734938 1.5364 35.1293 1236.68 2112 84693 1 0 1
2509.76 1586.75 -5500 -0.57245 0.842789 -1.97863 3234.32 2112 84700 1 0 1
1013.04 4274.2 -5500 -0.793961 3.62463 -7.65777 1399.28 2112 84877 1 0 1
-3368.7 437.281 5500 -0.67194 0.958759 2.588 1949.16 2112 84926 1 0 1
4622.61 -814.417 5500 1.04359 -8.58868 12.6318 1122.46 2112 84989 1 0 1
-4092.94 5270.41 -5500 -0.00954202 0.124891 -0.277868 5733.25 22 85062 1050 1 1
3661.03 4913.68 -5500 0.424303 0.559576 -0.635942 7868.91 22 85114 1055 1 1
1849.54 1671.53 -5500 -0.00513958 0.0268775 -0.132501 904.046 22 85332 1069 1 1
952.713 2601.99 -5500 -0.505722 -0.659291 -3.00161 2375.98 2112 85336 1 0 1
3512.25 -2053.69 5500 26.2649 -12.0388 9.78428 605.249 2112 85368 1 0 1
665.391 3996.2 5500 0.739865 2.40254 7.68325 1058.45 2112 85381 1 0 1
-1595.89 -5182.34 -5500 -2.12806 -3.69417 -3.89785 1780.34 2112 85448 1 0 1
3933.34 3281.14 5500 0.00824605 0.0453852 0.113678 10225.8 22 85679 1004 1 1
-1355.11 -939.555 5500 0.210898 -0.0651578 1.98241 2107.07 2112 85794 1 0 1
-2407.04 -4343.92 5500 -0.47471 -0.319148 0.661089 9100.54 2112 85812 1 0 1
-1789.19 1113.17 -5500 -1.81803 0.121118 -2.64718 1330.74 22 85987 1056 1 1
3707.61 -3455.72 -5500 1.21584 -0.961667 -0.460483 5283.47 22 86048 1092 1 1
4266.61 476.993 -5500 22.9493 9.61899 -20.6351 564.085 2112 86206 1 0 1
922.159 4021.23 5500 0.0888925 0.267076 0.589266 8660.54 2112 86303 1 0 1
2945.42 3289.66 -5500 0.926723 2.18733 -3.21969 2006.03 2112 86396 1 0 1
65.3832 3511.94 -5500 -12.219 1.72365 -20.9345 633.203 2112 86514 1 0 1
-2120.67 -2642.16 -5500 -19.9274 -26.4634 -19.8881 499.705 2112 86536 1 0 1
4199.95 -1993.26 5500 0.0627753 -0.0628563 0.188094 13611.5 22 86543 1040 1 1
5279.93 2472.3 5500 0.975339 2.05034 1.03029 13618.5 22 86543 1058 1 1
601.832 -2924.24 5500 5.37508 -12.2413 33.0864 478.386 2112 86618 1 0 1
-2032.06 1713.22 -5500 9.11976 4.60806 -14.4056 664.518 2112 86632 1 0 1
-377.154 2246.03 5500 -0.140556 -0.17702 0.355152 9740.13 2112 86748 1 0 1
455.402 2591.67 5500 -0.126888 0.016799 0.396424 8159.26 2112 86846 1 0 1
-347.944 -3839.44 5500 -0.859052 2.20396 8.67468 1443.22 2112 86886 1 0 1
269.043 3561.91 -5500 -0.486912 6.81848 -7.14079 865.469 2112 87030 1 0 1
-1871.63 2033.53 5500 -5.68445 0.537948 4.70924 904.476 2112 87048 1 0 1
288.816 -459.195 5500 0.224092 -1.53509 0.714073 1546.82 2112 87078 1 0 1
3941.57 767.879 -5500 0.230908 0.312348 -0.485028 9910.18 2112 87139 1 0 1
-2169.65 124.581 5500 -14.4621 0.918326 14.9162 513.349 2112 87171 1 0 1
-1083.32 -682.5 5500 -4.48352 11.2316 9.8768 2504.23 2112 87309 1 0 1
389.364 -2376 -5500 -0.175822 -0.183216 -0.375381 7171.24 2112 87342 1 0 1
1738.86 1079.87 -5500 0.465234 -0.0200981 -0.375796 5471.41 2112 87366 1 0 1
-4575.4 5160.75 -5500 -10.321 19.9616 -2.25182 1205.86 2112 87379 1 0 1
4250.81 -4323.48 -5500 0.594799 -0.754593 -0.678532 8458.43 2112 87427 1 0 1
692.931 -3257.28 -5500 2.88387 -19.2155 -2.00226 1655.39 2112 87589 1 0 1
-1122.44 -1417.27 -5500 -9.57802 2.09486 -4.14795 801.202 2112 87598 1 0 1
2008.71 1359.67 5500 0.297036 0.0707796 0.299676 7172.14 2112 87603 1 0 1
-25.8566 -1420.48 -5500 -0.146122 -0.0628236 -0.27003 5885.85 2112 87649 1 0 1
990.207 3007.78 -5500 14.9715 -3.48369 -18.4787 623.956 2112 87765 1 0 1
3392.87 -5370.78 -5500 0.387881 -0.539346 -2.87046 5829.67 2112 87812 1 0 1
-310.167 -1050.47 -5500 1.76165 0.0829716 -1.24919 1498.26 2112 87948 1 0 1
422.831 1610.64 5500 1.51054 -0.408372 5.40827 730.952 2112 88031 1 0 1
286.159 -3759.42 5500 0.906642 -1.0059 0.960638 1775.29 22 88044 1004 1 1
5276.28 828.491 -5500 4.6418 -2.38092 -7.90414 1346.97 2112 88135 1 0 1
609.746 3334.68 5500 0.227738 0.155443 1.08996 15582.1 22 88197 1067 1 1
250.497 -4071.2 -5500 0.0442899 -0.434444 -1.33646 428.424 22 88253 1044 1004 1
4835.59 2950.84 5500 10.1462 3.88935 22.1398 770.027 2112 88306 1 0 1
-676.864 3281.5 5500 0.116621 0.355766 1.17266 3794.5 2112 88375 1 0 1
75.2647 3475.04 -5500 0.504069 -0.477911 -1.98503 3928.95 2112 88413 1 0 1
-1023.37 819.581 -5500 -3.00206 1.93761 -6.51459 4610.19 22 88447 1048 1 1
-2155.98 -3402.64 5500 -1.62908 -2.15143 3.52966 2252.32 2112 88605 1 0 1
4122.98 -758.33 5500 1.74379 0.921605 6.32232 1415.93 2112 88685 1 0 1
2625.03 -2322.96 -5500 2.42623 -1.19728 -3.17559 5499.78 22 88780 1096 1 1
-2542.97 -3969.77 5500 -0.4313 -4.43433 17.0865 826.885 2112 88890 1 0 1
1365.05 113.827 -5500 -0.335673 -0.108148 -0.369794 2095.73 22 88936 1094 1069 1
-108.949 2265.45 -5500 22.8171 -0.208147 -16.23 573.923 2112 89069 1 0 1
3705.65 -3509.32 -5500 -0.060582 -0.51558 -2.16188 2162.47 22 89154 1004 1 1
-2888.56 1367.21 -5500 0.115091 0.14918 -0.295394 1854.5 22 89326 1066 1 1
-826.518 398.844 5500 -1.6743 1.16396 0.885354 12688.2 22 89507 1004 1 1
3010.63 391.538 -5500 0.37972 1.21734 -1.9229 15630.3 22 89517 1060 1 1
417.851 -349.621 5500 0.433832 -0.145914 0.300786 3456.83 2112 89570 1 0 1
434.734 -3659.29 5500 0.0909864 -0.155754 0.181557 434.036 22 89739 1085 1 1
-212.767 634.115 5500 0.0720915 0.160255 0.138391 7753.06 2112 89760 1 0 1
1656.97 -1756.6 -5500 -1.20256 -11.6969 -3.49833 935.618 2112 89836 1 0 1
-2478.98 -621.463 5500 -6.96057 -0.554349 4.29106 831.212 2112 89899 1 0 1
521.325 -381.121 5500 -16.6362 -0.449466 26.1027 904.249 2112 89906 1 0 1
-5040 -3189.78 5500 -0.0198679 -0.0113224 0.0888991 5490.89 22 90233 1004 1 1
472.226 -3038.75 5500 -1.2886 -1.62255 2.2179 1846.74 2112 90385 1 0 1
-1015.8 3635.77 -5500 6.25499 4.38373 -9.16697 985.572 2112 90420 1 0 1
3713.07 679.018 -5500 3.53379 0.0722684 -5.89822 1658.8 22 90532 1061 1 1
-3787.46 -2600.99 5500 5.19831 -18.7818 27.558 689.809 2112 90554 1 0 1
1778.47 3842.27 5500 -0.0568105 -0.00867926 0.377694 4868.98 22 90606 1058 1 1
3483.9 207.741 -5500 3.15486 -0.829592 -3.34075 1358.28 2112 90635 1 0 1
-2867.12 -893.826 -5500 -2.5206 -0.302914 -1.92731 1736.27 2112 90685 1 0 1
4577.64 -1575.57 5500 0.00872658 -0.0821177 0.305563 31246.6 22 90742 1025 1 1
5251.02 -922.82 5500 0.364596 -0.0825357 1.18991 31246.8 22 90742 1030 1 1
-992.181 2100.35 5500 0.163979 0.206705 0.504797 5006.84 2112 90744 1 0 1
-4646.16 -1228.26 5500 -1.05183 1.74924 8.57508 1551.49 2112 90847 1 0 1
2194.98 4089.55 -5500 0.545841 0.201897 -2.10843 4257.09 2112 90924 1 0 1
-2335.37 2388.02 5500 -1.01531 -0.522261 1.68668 2060.38 22 91075 1052 1 1
4403.99 63.1997 -5500 2.89682 -3.6619 -2.50607 2390.32 2112 91121 1 0 1
-2604.38 421.931 5500 0.962267 0.133391 1.39263 7400.1 2112 91205 1 0 1
3935.92 -1464.28 5500 0.0948584 -1.70448 1.424 14883.4 22 91327 1003 1 1
-4277.89 -86.1711 -5500 -0.112438 0.264147 -2.43824 3414.48 2112 91341 1 0 1
-4560.88 -113.422 -5500 -0.808526 0.459328 -1.42059 10064 22 91408 1067 1 1
-1199.67 3610.08 5500 3.92265 5.26283 16.5596 700.976 2112 91414 1 0 1
3176.78 534.088 -5500 11.6421 -4.47757 -30.7735 514.544 2112 91495 1 0 1
-1200.38 3704.11 5500 0.0657315 0.233811 1.24184 11968.5 22 91605 1035 1 1
-1073.51 2632.16 5500 -22.8522 -4.33768 25.6186 515.711 2112 91886 1 0 1
-48.6733 -3139.22 -5500 0.129184 -0.220882 -0.0598335 1860.51 22 91887 1073 1 1
-2147.64 1267.55 5500 0.04085 -0.0150225 2.26219 1825.24 22 91887 1080 1 1
4439.18 -905.551 5500 0.253501 0.0865289 0.193862 12019.1 22 91920 1005 1 1
668.751 -2533.22 -5500 1.20045 -0.494712 -1.80448 22751.7 22 91922 1005 1 1
3487.36 2827.97 -5500 -0.472459 0.796017 -1.49547 9800.29 22 92037 1005 1 1
915.471 -2541.94 -5500 -0.114175 -0.102329 -0.367125 9774.89 2112 92164 1 0 1
600.511 1159.76 -5500 2.58728 1.62157 -1.54093 6351.99 22 92187 1078 1 1
-329.244 34.343 -5500 -16.0934 -15.773 -13.5506 450.9 2112 92219 1 0 1
2755.58 -349.199 -5500 1.30002 -1.59916 -3.87158 1279.47 2112 92290 1 0 1
-1979.96 -4223 5500 -0.137582 0.0104235 0.590246 5619.66 22 92439 1054 1 1
343.018 5.70733 5500 2.05325 -0.705428 10.5909 522.02 2112 92499 1 0 1
1785.04 -1930.14 5500 0.0492428 0.0224075 0.0595812 8107.91 22 92567 1004 1 1
82.1621 338.807 -5500 -1.47001 -16.0702 -37.5015 405.165 2112 92689 1 0 1
661.742 -4665.62 -5500 -0.975795 -0.280673 -5.50459 2157.95 2112 92790 1 0 1
-4429.04 -519.721 -5500 -0.340879 -0.0916152 -0.601158 9964.28 2112 92848 1 0 1
3429.79 1022.22 5500 2.89171 -1.105 4.98223 1838.95 22 93162 1095 1 1
3107.71 -3844.95 5500 0.293526 0.0804844 0.474606 3899.66 22 93202 1046 1 1
-5106.79 778.241 -5500 -0.0541406 0.0285424 -0.0813674 406.171 22 93205 1003 1 1
-2760.3 -3477.71 5500 -0.27317 -0.555888 0.341364 9793.07 2112 93319 1 0 1
602.27 -4019.05 5500 -0.035461 -0.067698 0.0428029 3908.43 22 93355 1035 1 1
2093.09 -2046.35 5500 0.229665 0.094691 0.331334 3905.09 22 93355 1048 1 1
-1121.9 4698.51 -5500 -0.0405906 0.11168 -0.162616 3942.43 22 93355 1074 1072 1
3279.7 -1221.13 -5500 -0.964064 0.836165 -4.88133 4253.31 22 93357 1074 1 1
-1245.99 2575.96 5500 -0.286108 0.196239 1.013 14675.6 22 93369 1098 1 1
-4412.99 431.464 5500 -4.83095 -3.56489 2.70162 2621.23 2112 93464 1 0 1
2597.79 -2769.14 5500 3.3331 -1.11996 2.11778 1185.79 22 93508 1086 1 1
22.8237 -1914.7 -5500 0.297852 -1.43934 -6.34699 678.805 2112 93568 1 0 1
-4333.31 -2048.2 5500 0.236707 -1.5799 1.8888 8756.05 2112 93628 1 0 1
1262.19 -712.721 5500 3.60687 -8.0268 17.7434 463.884 2112 93707 1 0 1
-708.906 5039.77 5500 0.0561465 0.15632 0.0928047 4080.97 22 93762 1036 1035 1
950.424 821.348 -5500 2.9726 17.5469 -13.8683 483.459 2112 93806 1 0 1
1039.09 1722.66 5500 -0.908026 1.06329 4.26186 1667.13 2112 93866 1 0 1
-2784.22 -634.675 -5500 -2.20907 1.95696 -11.0851 1154.26 2112 93870 1 0 1
-4937.24 153.111 5500 -14.7047 -6.24133 16.1538 1481.15 2112 93922 1 0 1
-5387.91 -360.994 -5500 -19.7243 2.55013 -25.1735 631.014 2112 94057 1 0 1
-4572.43 -1347.82 -5500 -0.178967 -2.93025 -8.89533 1414.86 2112 94152 1 0 1
3329.99 3196.13 5500 0.451647 0.18622 1.01582 6564.54 2112 94192 1 0 1
-2303.98 2696.65 5500 -0.456767 0.16178 0.625531 418.27 22 94247 1052 1 1
4553.09 4374.83 5500 7.69266 25.1782 23.0089 700.707 2112 94458 1 0 1
2068.33 780.953 -5500 -5.08849 -0.211947 -6.4892 1029.13 2112 94462 1 0 1
-2807.67 28.8558 -5500 -3.01335 -6.93296 -27.9057 507.217 2112 94527 1 0 1
-5370.19 -4286.32 5500 -2.9384 -5.53813 4.1256 3542.08 2112 94572 1 0 1
2898.96 -4410.81 -5500 -0.572328 -1.16028 -1.80773 1748.19 22 94748 1005 1 1
2587.15 3579.37 -5500 11.0524 6.56612 -21.6957 633.234 2112 94752 1 0 1
2102.27 2878.78 5500 -1.89971 26.0488 28.2926 511.858 2112 94764 1 0 1
1256.11 3559.84 -5500 -4.87424 12.217 -12.6122 697.768 2112 94788 1 0 1
-115.274 -3291.72 5500 0.0540795 -0.859591 1.19115 3019.85 2112 94819 1 0 1
2726.73 -4233.59 5500 0.0289804 0.00397215 0.100254 10136.3 22 94872 1005 1 1
2023.26 5306.23 -5500 0.0406295 0.591539 -4.2459 3583.98 2112 94887 1 0 1
-3138.62 4738.35 -5500 -1.57774 3.42756 -1.98253 2694.48 2112 94899 1 0 1
-260.584 -1590.82 5500 1.89021 2.71549 4.65757 1096.01 22 95055 1058 1 1
-1687.28 -596.875 5500 1.94349 0.0194006 2.11471 1743.71 2112 95100 1 0 1
4155.09 -1035.55 5500 19.7136 -3.60333 19.7371 595.23 2112 95114 1 0 1
-474.885 1978.31 -5500 -0.0140567 9.0081 -11.899 564.359 2112 95172 1 0 1
-686.067 -1428.72 -5500 -0.780819 0.303604 -0.576635 3408.72 2112 95191 1 0 1
3411.33 2667.28 5500 7.67069 5.26598 17.0408 688.902 2112 95306 1 0 1
1239 1637.61 -5500 0.00549314 -0.0312331 -0.357828 6991.56 2112 95442 1 0 1
3678.63 4282.71 -5500 0.124131 -0.0160929 -0.353868 8309.29 22 95462 1053 1 1
-316.132 771.161 5500 -0.083446 0.522795 0.61989 2744.11 2112 95493 1 0 1
5426.56 675.789 -5500 5.22723 2.65653 -8.51486 2020.53 2112 95520 1 0 1
-5057.54 3515.71 5500 -2.20135 0.534398 1.07019 5699.22 2112 95689 1 0 1
3268.29 1256.47 5500 0.281247 1.42232 0.942149 4280.43 2112 95825 1 0 1
4584.15 -345.307 5500 25.1628 -5.90358 24.1575 2142.23 2112 95874 1 0 1
-3048.59 3733.74 -5500 -0.807067 1.06515 -0.670757 15771.8 22 95982 1093 1 1
-3275.25 1374.97 5500 1.31404 0.228862 6.07788 1499.51 2112 96004 1 0 1
-1564.09 -467.037 5500 6.47205 5.65023 32.3749 443.995 2112 96052 1 0 1
924.77 1312.63 -5500 1.31457 -1.91658 -4.47025 835.414 2112 96102 1 0 1
-1178.25 -1254.17 -5500 -0.024533 0.0303175 -0.14669 1217.53 22 96144 1057 1 1
-1363.84 -2914.71 5500 -9.68221 -17.1818 17.3019 1064.11 2112 96235 1 0 1
-1409.15 2895.5 5500 0.348322 0.204854 0.663132 9120.7 2112 96286 1 0 1
3108.45 3573.39 -5500 1.33782 -0.561078 -5.72144 2023.21 2112 96297 1 0 1
-498.024 -4863.68 5500 0.189319 -1.45364 6.6363 1652.35 2112 96395 1 0 1
5028.92 2178.31 5500 0.636677 0.468673 0.388726 3243.36 22 96660 1039 1 1
-2257.35 -2200.9 -5500 -2.72636 -9.89499 -8.40955 1919.37 2112 96698 1 0 1
-1933.03 3033.77 5500 -12.7504 20.011 36.2784 475.658 2112 96784 1 0 1
-2455.96 852.351 -5500 -4.48834 -12.2337 -25.1886 509.784 2112 96863 1 0 1
-924.453 -3748.01 5500 0.278196 -0.273 0.52373 9424.03 2112 97130 1 0 1
91.5081 -3266.43 -5500 -11.1945 6.91451 -28.8077 592.22 2112 97146 1 0 1
1012.01 48.2663 -5500 0.374667 -0.153164 -1.40841 2505.35 22 97150 1036 1 1
-4599.64 -1424.48 5500 -8.65274 -3.88981 30.2864 623.278 2112 97215 1 0 1
621.271 -3811.12 -5500 -1.61815 -0.977488 -1.57254 3882.05 2112 97256 1 0 1
-3558.26 -277.139 -5500 -14.2854 -15.9268 -37.2785 488.241 2112 97535 1 0 1
-1265.21 -5293.39 -5500 -11.6951 -19.3261 -12.6188 726.774 2112 97668 1 0 1
-4476.43 -1383.19 5500 -0.520289 2.21999 14.7408 1092.29 2112 97705 1 0 1
5088.27 2353.29 -5500 8.45327 4.9776 -14.036 893.271 2112 97724 1 0 1
2339.38 -2510.74 -5500 15.1354 -30.2128 -22.8055 489.732 2112 97728 1 0 1
-2146.2 2493.32 5500 3.01859 -8.32694 20.2465 778.508 2112 97740 1 0 1
1093.56 -720.423 5500 0.018774 0.0300816 0.191331 8951.22 2112 97766 1 0 1
-5333.36 -3082.1 -5500 -0.121572 -0.244995 -0.349728 412.704 22 97788 1063 1061 1
-3878.12 -309.492 5500 -2.20627 -2.8337 6.8834 7546.47 22 97809 1063 1 1
-3447.59 4962.11 5500 -1.01341 0.471116 0.818979 11320.1 22 97820 1013 1 1
-4815.69 -3205.1 -5500 -4.616 -7.71309 -14.761 991.905 2112 97828 1 0 1
-646.393 2368.35 5500 -0.16814 0.196023 1.15066 2673.11 2112 97970 1 0 1
3240.95 995.193 -5500 0.0434741 -0.00186838 -0.0824429 11723.9 22 98060 1032 1 1
4817.44 491.144 -5500 3.50576 -0.888742 -2.02768 11727.2 22 98060 1086 1 1
404.733 3110.43 5500 0.1707 -0.102223 1.73861 2998.8 2112 98110 1 0 1
3239.19 -3809.75 5500 7.3699 -7.57752 13.4518 828.291 2112 98221 1 0 1
3549.09 -2223.1 5500 -7.47212 -12.9926 33.2411 622.989 2112 98237 1 0 1
-4464.59 5370.66 -5500 -22.9066 22.7814 -11.5764 778.033 2112 98261 1 0 1
-38.199 -1760.75 -5500 0.846984 3.35446 -4.38831 2700.37 22 98264 1072 1 1
4392.46 1329.99 -5500 5.47084 -0.593116 -5.4821 1279.27 2112 98428 1 0 1
2799.34 359.313 -5500 2.02698 -0.244319 -0.879591 12573.5 22 98445 1004 1 1
-2503.66 1170.89 5500 -3.71788 -1.96274 2.86935 1270.99 2112 98481 1 0 1
1675.39 -3068.58 -5500 9.36396 3.81016 -34.6579 525.129 2112 98533 1 0 1
1105.59 -1124.09 5500 0.0432582 0.233423 0.231465 9984.88 2112 98654 1 0 1
-2243.38 -2407.71 5500 -4.12961 0.0372351 13.4833 710.038 2112 98771 1 0 1
31.1025 2261.13 5500 -0.2532 0.328185 0.432685 5426.52 2112 98803 1 0 1
2078.1 -810.382 -5500 4.59285 3.05486 -7.65745 658.769 2112 99091 1 0 1
-2877.61 4493.18 5500 1.51027 4.35337 4.7454 2088.46 2112 99159 1 0 1
-1853.71 -2234.71 -5500 -0.0372412 -1.28755 -1.45275 2709.89 22 99168 1057 1 1
-2429.56 2438.86 -5500 3.48763 -0.529694 -8.55226 1318.95 2112 99242 1 0 1
-888.015 -532.481 -5500 0.0162189 -0.0411994 -0.172702 7834.57 2112 99278 1 0 1
-1705.65 -2476.63 5500 -0.328184 -0.284473 0.608306 5062.38 2112 99295 1 0 1
3795.92 4481.73 5500 0.897895 5.16509 1.84099 2715.02 2112 99306 1 0 1
2322.83 3621.83 -5500 -0.0469739 1.66364 -0.983974 1453.16 22 99362 1070 1 1
1534.9 -1545.99 -5500 8.12665 -9.8995 -29.6416 468.28 2112 99527 1 0 1
2277.51 3221.35 5500 1.38294 0.150542 1.00041 25441.3 22 99559 1004 1 1
-71.6207 -3792.62 5500 -0.889658 -1.15988 1.72429 11529.1 22 99614 1075 1 1
3284.88 2253.89 5500 0.501221 -1.07456 3.05551 2943.16 2112 99673 1 0 1
398.825 608.651 5500 -0.045611 0.0501675 0.0858439 4245.78 22 99694 1048 1 1
-73.6276 -1771.26 -5500 -3.36494 -7.61113 -34.0819 431.056 2112 99765 1 0 1
-2052.13 -1245.04 5500 0.487464 -1.52558 5.46407 923.381 2112 99777 1 0 1
-55.2407 -2792.82 5500 -1.6044 0.032222 8.99513 775.993 2112 99830 1 0 1
-1834.07 1196.34 -5500 -0.0497761 0.0459796 -0.0457952 12149.5 22 99950 1057 1 1
-2260.06 153.514 -5500 -4.0103 -2.04832 -2.24085 12150.2 22 99950 1085 1 1
3648.91 -2572.54 5500 2.04863 -0.479882 4.38895 1703.4 2112 99991 1 0 1
