#BLTrackFile VirtualDetector/Wallz290
#x y z Px Py Pz t PDGid EventID TrackID ParentID Weight
#mm mm mm MeV/c MeV/c MeV/c ns - - - - -
#BLTrackFile VirtualDetector/Wallz290
#x y z Px Py Pz t PDGid EventID TrackID ParentID Weight
#mm mm mm MeV/c MeV/c MeV/c ns - - - - -
-1658.31 -2456.06 -5500 -0.682394 -2.0575 -3.78345 2386.11 2112 11 1 0 1
12.0408 2020.41 -5500 0.103235 -0.161805 -0.862208 3837.38 2112 102 1 0 1
170.726 1168.8 -5500 7.6573 6.6701 -19.8678 444.715 2112 148 1 0 1
1006.85 -1853.91 5500 0.258849 -0.304293 0.150338 8423.55 2112 158 1 0 1
-1426.21 2572.18 5500 6.54054 6.78692 12.9187 670.074 2112 274 1 0 1
1466.25 -2845.02 5500 12.2027 1.97106 14.2292 684.474 2112 302 1 0 1
-1725.68 -3214.98 5500 -2.76161 2.05638 8.01922 1149.76 2112 407 1 0 1
853.907 2295.53 -5500 1.10184 2.46202 -2.81636 367.279 22 708 1054 1 1
-48.2437 -2671.47 5500 -1.55999 -0.32692 2.1094 1813.12 2112 868 1 0 1
2461.85 281.513 -5500 2.28214 -2.49167 -1.88976 1553.5 2112 904 1 0 1
-3364.95 -3596.65 -5500 -0.711974 -0.66264 -0.578676 8001.18 2112 912 1 0 1
-4003.13 -1228.86 5500 -21.3071 11.4372 27.8392 554.981 2112 1043 1 0 1
-234.165 3673.26 5500 0.319806 -0.191272 4.54968 1659.15 2112 1122 1 0 1
1651.53 3310.96 5500 -0.0119973 0.0687476 0.0875382 19597.5 22 1181 1115 1111 1
2942.31 774.626 5500 0.00865655 0.0106221 0.0590103 12976.7 22 1439 1026 1 1
2655.31 637.269 5500 -0.0909255 -0.011185 0.624105 12976.4 22 1439 1041 1 1
65.9215 -244.226 5500 6.66185 -13.4209 18.5166 426.965 2112 1445 1 0 1
-621.224 -4261.76 -5500 0.105944 -0.219928 -0.375874 2200.8 22 1446 1040 1 1
-4679.44 2067.69 -5500 -9.26512 0.10745 -7.10032 1108.57 2112 1637 1 0 1
3639.1 -728.379 5500 0.536926 0.0502768 0.816262 203088 22 1655 1074 1 1
-2319.89 -4779.18 5500 0.159839 -0.297246 1.15574 11898.4 22 1690 1052 1 1
1046.53 -542.596 -5500 0.0111468 -0.207545 -0.459936 3646.95 2112 1695 1 0 1
-679.721 -4169.46 -5500 0.359886 -2.4886 -2.27106 2051.49 2112 1756 1 0 1
4418.97 -4090.34 5500 0.970843 -0.456063 1.30421 6153.03 2112 1849 1 0 1
-312.562 -1881.41 5500 -0.0280689 0.0243692 0.039508 17068.4 22 1860 1003 1 1
-871.014 2667.1 -5500 -1.00366 1.44085 -1.69875 2327.84 2112 2004 1 0 1
3762.13 -3841.95 -5500 0.162785 -0.040466 -0.0524186 9518.69 22 2115 1035 1 1
1029.91 -2345.22 -5500 0.244196 0.176828 -0.329333 9510.92 22 2115 1056 1 1
804.447 -3474.7 -5500 0.278929 -0.299717 -0.612977 9510.52 22 2115 1060 1 1
1122.77 127.589 5500 1.91814 -0.455869 1.02704 6834 22 2331 1004 1 1
112.256 651.687 -5500 0.406327 0.0249482 -0.30147 4061.48 2112 2413 1 0 1
134.649 -195.516 -5500 0.116223 -0.376676 -0.165539 4874.74 2112 2452 1 0 1
3248.96 -6.49888 -5500 0.523914 -0.289708 -0.367342 7410.41 2112 2513 1 0 1
-2796.93 1738.01 5500 0.353374 0.274247 12.9142 755.271 2112 2525 1 0 1
1499.7 4048.46 5500 1.88438 10.0994 15.8685 688.846 2112 2556 1 0 1
-1152.56 -868.742 5500 -0.25047 0.423159 0.620894 3634.61 2112 2599 1 0 1
-2714.29 -789.811 5500 0.023916 -0.0519682 0.0966359 1227.46 22 3084 1003 1 1
3677.58 -4535.27 -5500 0.066224 -0.0681909 -0.0994201 12904.2 22 3274 1020 1 1
-888.67 -214.187 5500 -0.0278218 0.238798 0.18557 6785.68 2112 3292 1 0 1
493.465 1301.22 -5500 0.092816 -0.0484686 -0.0487209 1423.36 22 3315 1075 1 1
-832.204 -260.072 5500 0.204224 -0.703572 0.744439 2301.11 2112 3437 1 0 1
-263.591 3645.23 5500 -0.292423 0.534022 0.387649 7989.62 2112 3448 1 0 1
-597.779 3874 5500 0.619083 1.0111 3.00511 2145.65 2112 3450 1 0 1
-1965.82 156.424 5500 0.643704 2.9484 3.04719 1127.45 2112 3592 1 0 1
2969.18 -4163.61 5500 0.416224 -4.71313 9.83686 1140.36 2112 3629 1 0 1
412.931 -146.454 5500 -0.0171095 0.0482867 0.107836 4818.81 22 3720 1113 1 1
2333.18 -1439.97 -5500 0.532779 -12.2481 -41.4112 451.963 2112 3876 1 0 1
-2160.55 2454.38 -5500 0.515337 0.146643 -1.09866 5659.97 2112 3898 1 0 1
242.157 657.297 5500 -0.0453804 -0.000565564 0.157842 8770.67 2112 4014 1 0 1
-1173.45 211.512 5500 0.0270131 0.120859 0.117789 14199.6 22 4240 1095 1 1
3095.79 -299.368 -5500 -1.79322 -1.67534 -5.25517 11215.3 22 4364 1051 1 1
-1070.53 -1278.99 -5500 0.0202986 -0.0065077 -0.0483405 27589.4 22 4366 1032 1 1
-1474.03 -1418.58 -5500 -2.72107 0.734318 -4.77276 27588.1 22 4366 1051 1 1
1454.49 -5207.91 -5500 0.173738 -0.597518 -1.44814 5907.2 2112 4391 1 0 1
1974.48 3000.91 -5500 1.29949 0.326944 -0.598471 5423.76 2112 4435 1 0 1
1415.7 5462.06 5500 2.44038 3.60444 1.34063 1515.13 11 4511 1108 1101 1
544.231 517.468 -5500 -0.837835 -1.57423 -1.19231 13050.4 22 4567 1028 1 1
-959.029 -107.018 -5500 0.145917 -9.78226 -7.90787 536.512 2112 4612 1 0 1
1308.07 -2554.52 5500 0.257784 -2.75902 2.22403 1368.63 2112 4815 1 0 1
-3141.65 -721.233 5500 -0.18794 -0.189858 1.33266 3364.51 2112 4936 1 0 1
-4139.46 2016.44 5500 -3.28535 13.7595 9.92653 935.545 2112 5021 1 0 1
-1246.58 -1412.95 5500 -14.2653 8.6727 17.8217 495.743 2112 5089 1 0 1
-3189.53 -5302.99 5500 -2.94645 -3.16128 3.34408 2171.25 2112 5246 1 0 1
-188.483 -1349.97 5500 -0.587281 -0.321952 1.48121 1754.42 2112 5276 1 0 1
-2143.56 1630 -5500 -2.82272 0.812564 -1.49795 1577.59 2112 5320 1 0 1
2935.41 -1877.53 5500 1.65303 -2.40615 0.833646 539.036 22 5465 1050 1 1
1088.08 -256.862 -5500 -0.00855681 -0.0192199 -0.0573552 768.961 22 5499 1051 1 1
-3640.58 1242.52 -5500 0.299273 1.90138 -2.24646 19114.3 11 5955 1063 1062 1
-4004.74 344.764 -5500 -0.00699858 0.0506979 -0.131325 19112.5 22 5955 1064 1063 1
-920.358 -876.828 5500 0.015042 -0.126778 0.211873 7836.8 2112 6036 1 0 1
2356.88 4623.66 5500 4.9882 2.05206 3.62394 1905.44 2112 6196 1 0 1
3257.87 1902.1 5500 0.599155 0.190658 16.7825 734.247 2112 6320 1 0 1
-3476 3231.58 5500 -0.319717 -0.0350702 1.39709 6336.21 2112 6329 1 0 1
1250.15 -4442.64 -5500 -0.0241667 -0.21891 -0.260875 9236.99 22 6365 1024 1 1
4930.1 -2264.6 5500 0.908142 -0.576452 4.88304 2470.34 2112 6615 1 0 1
3005.11 -627.388 -5500 3.18595 -1.39865 -4.38292 1676.29 2112 6666 1 0 1
660.081 -453.944 -5500 -0.172039 -0.0706177 -0.132076 8925.6 2112 6731 1 0 1
-1652.4 514.931 5500 -0.042111 -0.222947 0.25738 9960.93 2112 6796 1 0 1
690.2 -915.911 -5500 -4.08113 -5.77246 -6.81804 583.488 2112 6895 1 0 1
743.831 856.131 -5500 2.66601 1.503 -1.96629 8157.18 22 6928 1039 1 1
-49.459 499.898 -5500 -1.8759 -0.586446 -1.64721 8156.87 22 6928 1041 1 1
2340.54 -602.836 -5500 24.2573 -7.70473 -24.109 483.554 2112 7054 1 0 1
-4815.86 2421.95 5500 -0.00306868 0.0533031 0.0948392 9434.68 22 7108 1042 1 1
4965.7 -2866 5500 2.4606 -0.0179704 15.3807 1306.31 2112 7162 1 0 1
1997.36 -2436.48 -5500 5.77153 -1.58319 -7.96333 777.16 2112 7310 1 0 1
-1014.64 -654.2 5500 0.122647 -0.0103511 0.241537 6483.77 2112 7477 1 0 1
3747.19 5211.89 5500 -0.00569352 0.0486848 0.0328345 10145 22 7482 1041 1 1
-1822.08 625.763 5500 0.0573633 -0.283152 0.550744 4714.86 2112 7765 1 0 1
1775.27 1289.42 -5500 4.01198 -0.753468 -15.7326 535.578 2112 7787 1 0 1
2551.91 858.009 5500 -8.21515 5.24793 33.4202 491.728 2112 7836 1 0 1
1832.87 -1865.32 5500 0.136201 -0.215869 0.567064 6503.79 22 7921 1006 1 1
-1146.62 -185.156 -5500 -29.2789 9.28192 -5.78073 532.656 2112 8033 1 0 1
2018.39 -4206.67 5500 -0.0095465 -0.378653 0.639007 7100.4 22 8163 1084 1 1
1325.71 -3224.91 5500 -1.48731 -0.349348 5.05765 7099.48 22 8163 1086 1 1
1925.27 4523 -5500 -0.834401 1.10385 -29.0985 751.679 2112 8331 1 0 1
-202.582 -211.579 5500 -0.0487512 -0.0266123 0.077723 8060.78 22 8413 1059 1 1
-2945.53 -1090.74 -5500 -0.120844 -0.236479 -0.257983 15640.2 22 8451 1064 1 1
-2617.43 -399.616 -5500 -0.998237 -0.506793 -3.90483 15638.6 22 8451 1068 1 1
1807.41 -1943.96 -5500 0.0195676 -0.0200182 -0.13108 11085.1 22 8565 1003 1 1
-4934.75 -935.546 5500 -1.30057 -0.142983 0.626425 464.459 22 8628 1071 1 1
-193.763 1225.79 5500 -7.2481 -7.36267 14.5342 500.847 2112 8806 1 0 1
-2436.38 2158.82 -5500 -0.25649 -0.208946 -0.681175 16781.9 22 8810 1003 1 1
309.789 125.927 -5500 0.0793765 -0.124971 -0.302304 3668.68 2112 8835 1 0 1
-2265.69 -2972.48 -5500 -3.40561 -11.9157 -12.5334 666.254 2112 8842 1 0 1
1215.96 853.132 -5500 0.0586968 -0.0169691 -0.141505 9938.05 2112 8864 1 0 1
2997.72 -3945.23 5500 1.55987 -0.713802 9.08758 1385.88 2112 8921 1 0 1
-330.378 -2830.35 5500 0.270387 0.0047343 0.418982 9875.4 2112 8940 1 0 1
4197.06 1567.6 -5500 14.499 -0.956095 -12.7909 756.173 2112 9009 1 0 1
-2845.74 535.508 -5500 -0.830771 -1.0354 -2.65306 1576.54 2112 9176 1 0 1
2175.71 -2779.17 5500 1.26428 -5.87817 2.91969 1260.32 2112 9230 1 0 1
-2529.34 1968.95 5500 0.0314541 0.421846 0.400895 8878.53 2112 9330 1 0 1
-4283.67 691.164 -5500 -23.7027 1.11976 -28.0818 536.015 2112 9347 1 0 1
-876.389 4224.01 -5500 -0.272803 2.46333 -0.78004 3205.02 2112 9601 1 0 1
486.151 -1447.36 5500 0.222813 -0.430711 1.20954 1601.23 2112 9845 1 0 1
3969.97 -2966.32 -5500 0.269594 -0.910454 -1.0351 5889.28 2112 9862 1 0 1
2028.57 -5284.15 5500 0.331263 -0.958469 1.18839 4610.36 22 9897 1070 1 1
-3461.9 20.7729 -5500 -9.07309 7.58671 -41.215 481.945 2112 10008 1 0 1
-2059.67 4101.18 5500 -0.850932 2.18918 1.59991 3284.93 2112 10051 1 0 1
1932.8 -2995.34 5500 0.230756 -0.32219 1.35838 3583.44 2112 10078 1 0 1
5442.71 1167.92 -5500 15.0798 4.17759 -22.012 703.735 2112 10109 1 0 1
3601.64 -907.737 -5500 13.7092 -14.3444 -27.8104 521.827 2112 10111 1 0 1
3159.51 -4925.38 -5500 -0.0539016 -0.286654 -0.766568 12380.4 22 10120 1093 1 1
344.269 -3797.84 -5500 2.41198 -5.98659 -1.02782 1736.97 2112 10291 1 0 1
-3404.36 -880.786 5500 -5.85889 -5.92718 22.6609 582.034 2112 10598 1 0 1
-1072.69 -106.017 5500 -8.65019 3.33051 22.017 454.95 2112 10709 1 0 1
-118.051 2246.77 -5500 -0.00251434 0.114175 -0.143976 2139.36 22 10818 1100 1 1
3257.69 188.521 5500 0.137881 0.0670849 0.293504 3773.28 22 10886 1039 1 1
4609.04 -3061.13 5500 17.4855 -25.9163 28.0223 584.871 2112 10985 1 0 1
-2046.52 1526.01 5500 -0.563224 0.296106 0.37164 5169.41 2112 11017 1 0 1
1428.57 -2636.5 5500 0.385328 -0.266065 1.79438 2383.57 2112 11018 1 0 1
3289.18 -3364.08 -5500 0.19657 -0.826513 -0.992149 5853.27 2112 11114 1 0 1
-2191.82 2446.31 5500 -3.95885 2.81364 30.035 930.366 2112 11141 1 0 1
2137.95 2881.01 -5500 -0.533014 1.76829 -2.42735 2724.86 2112 11186 1 0 1
5299.29 -1556.36 -5500 0.426175 -0.64733 -0.921536 8524.66 2112 11225 1 0 1
-12.1081 -3396.39 5500 0.123251 -0.32621 0.623383 382.677 22 11830 1003 1 1
-2699.44 -1880.99 -5500 -1.05643 -0.7481 -0.170703 6578.66 2112 11879 1 0 1
898.801 -1703.86 5500 6.30794 -2.57385 1.25187 1585.97 2112 11909 1 0 1
-337.679 -2380.77 -5500 -0.514585 0.0738164 -0.437169 7142.58 2112 11917 1 0 1
2037.35 1317.43 5500 1.01299 -0.998808 1.25396 2613.19 2112 11991 1 0 1
-473.628 2953.04 5500 -0.331353 1.75602 0.762229 2917.08 2112 12029 1 0 1
-2843.18 -428.195 -5500 0.462851 -0.626609 -1.13068 4828.01 2112 12078 1 0 1
-280.271 -3246.02 -5500 -0.00487443 0.0063926 -2.539 2250.22 2112 12150 1 0 1
3082.15 1647.61 -5500 1.18933 -0.0499698 -1.18222 7881.76 22 12196 1006 1 1
-344.127 648.354 5500 1.16911 2.34519 1.85797 1656.11 2112 12416 1 0 1
-1502.64 4422.69 5500 0.0603477 0.0662145 0.212686 6426.71 22 12513 1041 1 1
-5015.67 4357.3 5500 -0.17921 0.089242 0.170126 6432.06 22 12513 1043 1 1
-1528.81 -1363.14 -5500 -1.19197 -0.258786 -1.12756 2243.74 2112 12621 1 0 1
-3562.47 -2145.99 5500 8.82315 -16.0066 33.1198 626.145 2112 12632 1 0 1
-1671.75 -1079.47 -5500 0.00906614 0.0217409 -0.2932 5323.55 22 12664 1076 1 1
518.9 1601.31 -5500 0.459546 0.074095 -0.565755 3106.78 2112 12801 1 0 1
-3708.42 -2627.62 5500 -0.129302 -0.00588509 0.0876661 3056.42 22 12892 1057 1 1
-4795 -3816.34 5500 -1.75237 -4.15544 2.08364 2887.48 2112 13119 1 0 1
235.631 2905.33 5500 0.0442268 -0.115699 0.218278 389.324 22 13231 1003 1 1
-2485.1 -5219.19 5500 -0.133816 -1.31145 0.347228 9325.98 2112 13496 1 0 1
-532.792 -164.419 5500 -0.0308991 -0.021118 0.0934757 11314.7 2112 13527 1 0 1
-648.343 1336.12 -5500 0.152892 -0.0660962 -0.188901 12757 22 13636 1054 1 1
1845.38 755.405 5500 -0.321341 -0.178324 0.87595 2646.51 22 13796 1079 1 1
-83.6055 -4984.8 5500 -0.0868861 -0.084669 0.119203 25039.6 22 13865 1059 1057 1
-2913.92 -5450.73 5500 -1.46991 -2.90137 5.27527 2060.31 2112 13973 1 0 1
587.696 -550.553 -5500 0.174935 0.0401932 -0.263658 5793.3 2112 13998 1 0 1
-167.512 -2037.87 5500 -0.438267 -0.557883 0.87813 3062.65 2112 14003 1 0 1
3345.5 -470.014 -5500 6.88292 -9.92382 -23.7561 544.053 2112 14115 1 0 1
-3475.36 219.357 -5500 -0.0517091 8.85792 -32.5557 549.891 2112 14157 1 0 1
2560.68 5251.79 -5500 0.590868 1.06611 -2.62814 3750.47 2112 14300 1 0 1
-197.953 677.637 5500 -0.259714 -0.322351 0.630167 2213.22 2112 14557 1 0 1
2718.06 555.886 -5500 3.07035 3.35415 -3.69227 3234.18 2112 14634 1 0 1
-5451.92 -868.623 -5500 -10.8528 0.984217 -8.30281 1023.7 2112 14688 1 0 1
-2845.31 2019.31 5500 6.28723 9.09574 18.2612 698.07 2112 15072 1 0 1
18.23 4935.48 5500 -1.33339 1.07965 2.77497 3043.01 2112 15107 1 0 1
2008.85 -2472.07 5500 -0.0318112 -0.0736454 0.0386233 1144.4 22 15200 1038 1035 1
717.863 992.356 5500 0.309644 -0.0229453 0.232083 5657.22 2112 15219 1 0 1
-4063.9 3760.24 -5500 -12.3836 4.0828 -12.2264 1197.9 2112 15261 1 0 1
-4154.6 822.863 5500 -2.5376 2.80783 18.358 723.964 2112 15298 1 0 1
802.209 -904.129 -5500 -3.44675 8.4048 -19.6421 461.973 2112 15369 1 0 1
0.658019 2606.11 5500 -0.773428 3.81017 4.67412 875.969 2112 15384 1 0 1
-459.714 -4551.39 -5500 -0.850659 -0.893036 -1.94631 3384.72 2112 15386 1 0 1
-4590.93 849.647 5500 -9.86556 -10.5127 26.159 657.834 2112 15565 1 0 1
2678.88 -709.954 -5500 1.00367 2.40516 -12.14 1411.91 2112 15585 1 0 1
-2482.89 -3041.31 5500 -4.37266 2.07384 6.30747 1361.98 2112 15606 1 0 1
-2198.42 4627.98 5500 -1.89993 0.726465 1.19642 4917.34 2112 15620 1 0 1
-5137.92 3472.88 5500 -0.447482 1.74427 2.00139 5529.73 2112 15689 1 0 1
-691.6 -2069.9 5500 1.13179 -2.7207 4.60317 886.547 2112 15732 1 0 1
1196.28 2541.8 -5500 2.70544 10.6704 -8.47748 644.76 2112 15741 1 0 1
-3789.24 -234.167 5500 -0.245263 -0.438967 2.23021 3409.22 2112 15970 1 0 1
-50.2866 811.633 5500 -0.273534 0.191671 0.314236 4049.51 2112 15998 1 0 1
2002.5 1935.14 5500 4.08248 -0.208319 1.1617 2614.68 2112 16072 1 0 1
-339.432 1292.96 -5500 -0.106317 0.0103283 -0.153492 389.018 22 16351 1092 1 1
-3777.44 -3001.54 5500 -0.141725 -1.08667 0.964592 6113.53 2112 16444 1 0 1
-1263.91 -468.709 5500 -3.03267 0.595809 5.65387 624.583 2112 16549 1 0 1
-2741.49 3195.98 5500 0.475536 0.933024 2.01816 4252.87 2112 16579 1 0 1
-988.842 -505.449 5500 -0.270668 -0.0922428 0.265257 4054.46 2112 16625 1 0 1
-1649.83 5467.53 -5500 -0.212812 2.32392 -4.55316 9057.69 22 16659 1072 1 1
5131.68 2984.69 5500 4.88966 1.83914 9.35059 1343.57 2112 16662 1 0 1
1147.77 -1941.79 -5500 -0.0899331 -0.177909 -0.0882751 445.723 22 16795 1090 1 1
1501.94 -999.482 -5500 -0.0445478 0.0161505 -0.0623896 8644.71 22 16991 1044 1 1
4180.19 3761.62 5500 13.8948 2.52173 8.28485 1022.93 2112 17036 1 0 1
1434.83 -1987.56 -5500 0.94477 0.760849 -8.54625 738.881 2112 17044 1 0 1
940.461 2001.92 5500 1.60962 0.409727 2.08487 1485.77 2112 17147 1 0 1
-335.011 2356.08 5500 -0.14326 -0.621881 2.59712 10761.7 22 17160 1065 1 1
-1155.97 4201.52 5500 -13.0098 5.6694 26.4401 629.772 2112 17286 1 0 1
-1630.01 -2949.89 -5500 -0.0998508 -0.0455631 -1.04488 4639.91 2112 17578 1 0 1
-4606.09 3198.03 -5500 -3.47165 1.48256 -3.40728 2751.5 2112 17676 1 0 1
693.443 -3457.59 -5500 -0.031903 0.0155454 -0.0706341 1273.16 22 17885 1047 1 1
-408.669 1155.99 5500 -0.0294156 0.0776031 0.153777 5511.69 22 18172 1021 1018 1
-3732.38 2804.88 -5500 -9.46596 1.02859 -6.49624 1315.54 2112 18192 1 0 1
-3912.92 3929.85 -5500 -0.293719 0.216853 -0.544601 11553.4 22 18241 1049 1 1
-480.868 45.0428 5500 0.0730974 -0.0602095 0.280877 5260.11 2112 18262 1 0 1
795.107 -871.676 5500 0.130906 -0.0633701 0.23972 5983.26 2112 18388 1 0 1
-3522.39 -459.625 5500 -0.389767 0.692629 1.34165 4985.84 2112 18439 1 0 1
-1955.04 2081.1 5500 -0.592966 -0.185819 2.25627 6634.99 22 18606 1115 1 1
-983.595 -1398.54 -5500 -0.0933512 -0.227141 -0.692819 2775.66 2112 18666 1 0 1
518.597 598.756 5500 0.0752059 0.300542 0.249961 4400.1 2112 18690 1 0 1
-1229.77 -978.789 5500 0.542062 1.95181 2.91058 1138.17 2112 18816 1 0 1
-989.807 -149.959 5500 -0.146855 0.0578396 0.248322 4981.55 2112 18821 1 0 1
-4097.99 3315.74 5500 -0.931724 4.24493 5.61909 1652.97 2112 18869 1 0 1
-1199.9 2521.02 -5500 10.6082 20.8071 -28.5281 478.861 2112 19070 1 0 1
-2423.75 3690.41 -5500 0.0469146 1.21878 -1.38508 4050.9 2112 19118 1 0 1
1594.64 -358.599 5500 10.3954 15.5627 19.2604 468.517 2112 19265 1 0 1
321.198 317.975 -5500 5.92964 5.45165 -5.73892 558.47 2112 19362 1 0 1
5084.61 -1934.4 5500 0.602298 -2.28817 4.81834 2437.45 2112 19932 1 0 1
371.125 4236.75 -5500 -0.0339342 0.137894 -0.229322 1586.13 22 19933 1030 1 1
-2452.83 1488.8 -5500 -0.402942 -0.075196 -1.00144 3342.34 2112 20036 1 0 1
-1567.99 2858.13 5500 1.62856 2.94818 6.02969 1080.07 2112 20055 1 0 1
1892.88 5362.1 -5500 0.00704648 0.0798947 -0.385051 1137.33 22 20062 1091 1 1
-1310.8 133.691 -5500 -0.0115779 -0.0065583 -0.0623006 29598.6 22 20086 1029 1 1
3112.75 -2423.19 5500 4.07332 0.854869 4.09829 1472.14 2112 20096 1 0 1
2738.17 1625.2 5500 -0.217999 -0.0798027 0.918515 4312.81 22 20219 1005 1 1
1595.57 2203.28 5500 4.01807 9.5614 11.4147 590.546 2112 20387 1 0 1
3309.93 -2746.08 -5500 16.8734 -11.2934 -30.9169 532.564 2112 20487 1 0 1
241.01 290.004 -5500 19.5161 12.1537 -6.60334 528.163 2112 20568 1 0 1
1541.8 2101.66 -5500 24.1388 2.174 -21.2959 492.634 2112 20710 1 0 1
-1162.43 -1624.33 -5500 -5.23323 2.1823 -3.26255 1033.04 2112 20963 1 0 1
-4773.07 4495.41 5500 -1.51207 0.361021 0.932292 20934.1 22 21115 1004 1 1
-363.628 1010.35 -5500 0.00496114 0.0510443 -0.0998532 10768.9 2112 21143 1 0 1
-388.459 -215.105 5500 1.76052 -17.7498 18.2448 445.242 2112 21239 1 0 1
537.206 121.3 5500 -0.892082 3.82265 11.2759 471.397 2112 21349 1 0 1
2814.72 -2774.39 5500 0.0128144 -0.0418651 0.130646 3218.23 22 21368 1005 1 1
-2843.56 2318.81 5500 0.581701 -0.516533 2.24396 5258.44 2112 21424 1 0 1
136.258 1204.37 -5500 2.49977 4.45904 -2.47221 784.842 2112 21640 1 0 1
-3868.26 2572.68 5500 -0.078232 0.569876 0.635185 474.853 22 21734 1092 1086 1
-37.0693 4510.38 -5500 -0.0787843 0.174553 -0.274051 863.907 22 21964 1040 1 1
826.661 2743.45 -5500 0.604914 -1.2751 -3.01334 863.186 22 21964 1058 1 1
-2365.26 2534.04 -5500 -0.853762 -0.267398 -0.979368 7797.45 22 22100 1082 1 1
-1031.55 4552.88 -5500 0.000478975 0.0851464 -0.069261 7798.77 22 22100 1117 1109 1
667.392 -384.013 5500 0.00910532 4.44302 2.02067 1145.34 2112 22126 1 0 1
340.873 950.173 -5500 2.87204 0.206799 -12.3892 529.279 2112 22138 1 0 1
-1680.31 -1536.04 -5500 4.57341 -33.6149 -15.1992 510.6 2112 22176 1 0 1
-2223.33 -4080.42 -5500 0.221007 -7.28746 -8.6516 1013.11 2112 22182 1 0 1
-592.465 271.994 -5500 0.0734947 0.0107087 -0.178425 5745.4 2112 22275 1 0 1
3910.14 961.222 5500 16.1732 19.6414 27.0055 1213.29 2112 22334 1 0 1
1841.35 -3509.31 -5500 -1.6016 -0.657932 -11.8804 967.809 2112 22353 1 0 1
-3646.1 1177.84 -5500 -2.75441 5.93804 -6.56239 1024.98 2112 22426 1 0 1
1014.91 5360.43 -5500 1.83302 3.44539 -14.5478 1095.35 2112 22585 1 0 1
5251.47 4298.61 -5500 0.0653495 0.0696363 -0.0309769 28183.6 22 22591 1033 1 1
4381.96 719.488 5500 5.68448 3.55212 22.7904 657.612 2112 22762 1 0 1
-673.782 -785.444 5500 -7.30599 -4.29593 38.1932 411.305 2112 22768 1 0 1
-2563.27 -3377.84 5500 0.676947 -1.80351 8.17589 1223.09 2112 22803 1 0 1
677.117 2057.37 -5500 0.364806 0.202745 -0.445188 4680.38 2112 22900 1 0 1
-228.249 532.684 -5500 0.110197 -0.0234636 -0.160582 5866.87 2112 22909 1 0 1
-1519.61 710.22 -5500 -9.51236 0.933309 -8.37087 552.439 2112 23079 1 0 1
-629.452 -278.18 -5500 -0.719272 0.234443 -2.09038 23186.6 22 23118 1004 1 1
129.71 -3301.73 -5500 0.0415973 0.0588648 -0.238574 8174.55 22 23140 1086 1 1
774.431 1184.78 5500 0.295697 2.85369 2.22106 1018.61 2112 23215 1 0 1
1109.31 823.963 -5500 -0.232588 0.196905 -0.594717 3049.12 2112 23284 1 0 1
3756.67 367.98 5500 0.485316 0.763752 0.83574 19150.3 22 23293 1068 1 1
-1091.64 1314.56 5500 -0.756483 -3.39941 3.18863 2635.2 2112 23381 1 0 1
2023.94 -1916.55 -5500 -0.749225 0.59831 -3.27205 1713.39 2112 23431 1 0 1
-2765.19 -1901.47 -5500 0.00963699 0.0388442 -0.275388 6574.62 22 23443 1057 1 1
-531.413 790.997 -5500 0.142012 0.195386 -0.185921 6070.47 2112 23538 1 0 1
2203.42 -133.932 -5500 1.0589 -0.438783 -1.16905 2045.22 2112 23590 1 0 1
-1916.6 -2678.76 -5500 0.0117933 0.219741 -0.443325 410.155 22 23729 1032 1 1
-2929.81 -4865.99 -5500 -0.169914 -0.175974 -0.531068 410.076 22 23729 1036 1 1
-4473.36 603.59 5500 -8.95663 1.32808 12.1103 816.05 2112 23865 1 0 1
3829.59 883.836 -5500 0.113377 0.0290705 -0.312739 7994.24 22 23871 1047 1 1
3700.3 2244.33 -5500 0.0285359 0.12499 -0.142916 7996.09 22 23871 1054 1050 1
-3725.36 3950.59 5500 1.51756 3.50822 10.4354 1599.65 2112 23880 1 0 1
-412.574 2214.45 -5500 0.231327 -0.180358 -0.441781 8795.12 2112 23889 1 0 1
960.449 2289.93 5500 26.0765 -1.62972 18.2161 537.013 2112 23941 1 0 1
-3847.79 -1082.41 -5500 -0.0580857 0.0172084 -0.0132444 5871.73 22 24125 1055 1053 1
-5333.59 -3217.72 -5500 -2.08305 0.376265 -1.19146 6376.55 2112 24246 1 0 1
-2347.75 887.343 5500 0.91402 -0.340683 4.71408 1139.53 2112 24512 1 0 1
-747.685 1435.84 -5500 0.355165 -0.709628 -1.01239 2748.29 2112 24753 1 0 1
3824.72 2345.38 -5500 1.75481 0.300048 -0.781696 10209.2 22 24820 1004 1 1
-1023.26 -2911.51 5500 -0.407565 -1.0223 0.647531 3609.6 2112 25025 1 0 1
-2422.4 -3069.82 5500 -1.3087 -1.14874 1.3819 43135.3 22 25036 1004 1 1
-5494.9 -2231.59 -5500 -0.203109 -1.3049 -3.58411 5492.76 2112 25103 1 0 1
-1392.7 -5129.34 5500 0.0124746 -0.646779 1.12374 6864.81 2112 25195 1 0 1
-2080.54 4711.69 5500 -0.883361 0.139436 1.62644 5745.31 2112 25271 1 0 1
-5349.09 -2330.1 5500 -1.66032 -2.16683 3.09211 559.69 22 25291 1102 1 1
-440.513 2505.52 5500 -7.62386 2.2388 34.3642 468.794 2112 25337 1 0 1
-3634.67 -3139.82 -5500 -1.31655 -0.604828 -2.82028 2690.45 2112 25345 1 0 1
1614.3 -396.089 -5500 0.324591 -0.993964 -2.51673 1112.94 2112 25378 1 0 1
3764.98 -3584.67 -5500 -0.160424 -0.397857 -0.751544 9874.1 22 25428 1082 1 1
-283.587 -1033.16 -5500 2.01476 0.0243778 -1.88498 1100.16 2112 25430 1 0 1
-4023.67 262.865 5500 0.956061 2.51649 24.3867 683.15 2112 25451 1 0 1
-2910.25 1243.23 -5500 0.55177 -0.153524 -3.5029 1811.02 2112 25530 1 0 1
-1800.69 -2155.03 -5500 -1.55039 -0.793413 -1.60505 1872.58 2112 25779 1 0 1
-2048.93 -1373.69 -5500 -1.06777 -1.00999 -2.6997 1312.18 2112 25803 1 0 1
-1207.45 -3521.45 5500 -1.05136 -0.287059 0.600689 9119.88 2112 25937 1 0 1
1206.27 -2808.55 -5500 0.796698 0.111038 -0.683521 6697.35 2112 26198 1 0 1
3124.8 -1578.1 5500 0.340182 -0.0682908 0.533947 6869.43 2112 26268 1 0 1
-2725.49 1796.79 -5500 -3.15953 -8.53185 -16.2024 708.319 2112 26358 1 0 1
3282.05 -1773.04 5500 1.20885 -0.354849 0.561932 4985.88 2112 26436 1 0 1
217.132 -210.089 -5500 4.687 12.8304 -11.6628 490.291 2112 26450 1 0 1
2110.47 -4070.13 5500 1.00293 -1.50028 0.706447 4391.66 2112 26509 1 0 1
-705.015 -268.727 5500 -0.344622 -1.6064 2.41173 862.436 2112 26569 1 0 1
594.03 -248.117 -5500 -0.110623 -0.0879972 -0.111814 9340.17 2112 26607 1 0 1
-1799.32 -1670.46 5500 -0.41563 -0.214565 1.22746 14221.4 22 26644 1068 1 1
3957.14 -3090.88 5500 1.33513 0.14826 0.813961 6956.52 2112 26815 1 0 1
1694.43 1298.35 5500 7.47471 3.49961 5.18581 689.457 2112 26943 1 0 1
3744.36 -299.72 5500 0.0165711 -0.0211019 0.118782 29799.5 22 26961 1077 1076 1
-1729.82 2459.22 5500 0.775297 1.52609 1.97307 2211.68 2112 26978 1 0 1
1130.11 3455.48 5500 -0.108672 3.9573 0.859096 2273.32 2112 27063 1 0 1
-2771.22 5486.09 -5500 -8.60278 9.36246 -8.71416 1061.81 2112 27146 1 0 1
572.646 4483.23 -5500 1.44098 0.269208 -4.20567 2409.09 22 27215 1055 1003 1
-2686.26 695.992 -5500 1.19177 -1.31346 -4.89554 1292.89 2112 27385 1 0 1
-115.122 1442.82 -5500 -0.0509769 0.0820474 -0.247579 2886.16 22 27507 1059 1058 1
3283.9 3845.2 -5500 0.244642 2.00019 -3.40404 2465.8 2112 27651 1 0 1
2999.83 792.147 5500 0.0157988 0.193168 0.397902 9488.32 2112 27709 1 0 1
-1319.89 571.623 -5500 0.00966351 0.130107 -0.238716 7041.43 2112 27923 1 0 1
-110.047 2735.43 -5500 -0.00877802 0.0860335 -0.149698 3852.18 22 27931 1003 1002 1
-3261.08 -2166.92 -5500 -17.286 5.73455 -27.8612 555.001 2112 28164 1 0 1
-4996.24 3738.32 -5500 -10.0415 3.55221 -5.73222 1537.9 2112 28208 1 0 1
-802.674 -3642.29 -5500 -3.64775 -11.5904 -37.0074 500.829 2112 28230 1 0 1
1436.78 -489.189 5500 -0.0705487 -0.000923402 0.391644 6344.17 2112 28243 1 0 1
-2555.1 -3137.26 5500 2.19381 -3.34791 6.66796 1387.53 2112 28349 1 0 1
3867 -2394.83 5500 18.1448 -19.4929 22.3923 569.259 2112 28350 1 0 1
-2088.29 5106.94 -5500 0.172312 3.33808 -0.971161 3711.25 2112 28370 1 0 1
-1528.2 2234.24 5500 -21.1784 16.7397 21.5973 491.967 2112 28476 1 0 1
-2173.41 5166.68 5500 -3.66998 6.06974 3.35043 1547.48 2112 28651 1 0 1
3667.95 -2388.3 5500 0.592866 -0.403308 0.853705 5619.99 2112 28681 1 0 1
-1569.63 -3777.87 -5500 -3.9172 -3.11218 -2.02892 33194.6 22 28971 1065 1 1
-3786.42 562.257 -5500 -0.139962 -0.0408045 -0.0738999 4372.91 22 28975 1041 1 1
-2741.33 476.796 -5500 -0.0402054 -0.0357369 -0.0513194 4371 22 28975 1068 1 1
-1736.25 1973.02 -5500 0.995198 2.23622 -2.04901 4371.03 22 28975 1090 1 1
-4052.92 2143.18 -5500 -1.68229 -0.277887 -0.923575 4909.67 2112 28998 1 0 1
539.204 3394.98 -5500 -2.47353 3.42386 -9.10113 833.541 2112 29027 1 0 1
-4615.72 -745.694 5500 -1.73087 -0.338708 1.89351 8724.49 22 29165 1061 1 1
-1134.36 1228.73 -5500 0.272755 1.05962 -4.3736 1735.41 2112 29186 1 0 1
-1503.64 2119.58 5500 -0.0372731 0.369405 0.472338 7313.38 2112 29307 1 0 1
-3964.37 -3461.41 -5500 -0.00939633 -0.0716481 -0.0574053 5705.87 22 29310 1047 1 1
1712.6 964.756 5500 0.337534 -0.262749 0.358868 6343.62 2112 29322 1 0 1
-2883.59 -748.983 -5500 -0.78167 0.0220912 -2.14364 1956.42 2112 29335 1 0 1
-4252.66 3386.34 5500 -1.85247 0.374203 0.814988 5317.17 2112 29368 1 0 1
-2401.61 2628.31 5500 0.186799 -0.110816 0.909228 8082.8 2112 29667 1 0 1
-2593.08 -920.451 5500 -0.609485 -0.0789399 0.408415 4958.9 2112 29717 1 0 1
-289.759 -268.286 5500 -0.0715676 -0.194999 0.511322 2299.14 2112 29735 1 0 1
-100.385 2251.03 -5500 0.360409 -0.320762 -1.26198 3878.08 2112 29767 1 0 1
-1179.7 460.172 -5500 -1.66578 -0.699074 -2.21965 967.272 2112 29852 1 0 1
4736.61 -5024.27 -5500 1.63945 -7.13118 -6.31676 1773 2112 29873 1 0 1
-896.914 -4917.68 5500 -0.620231 -1.09392 4.96718 5747.06 22 29918 1044 1 1
4137.03 3137.85 5500 0.6978 0.533248 1.21256 5485.57 2112 30235 1 0 1
-99.1922 -4700.28 -5500 0.0176253 -0.88759 -2.54709 3001.78 2112 30266 1 0 1
-3961.3 -5450.85 -5500 -0.153192 -0.173997 -0.377792 4574.59 22 30625 1032 1 1
2334.43 4798.97 -5500 2.9257 9.66805 -15.0771 809.701 2112 30697 1 0 1
533.201 1116.78 -5500 4.90445 -7.1497 -9.44015 537.971 2112 30988 1 0 1
4147.04 -1601.47 5500 0.0608531 -0.0845995 1.18574 7636.78 2112 31042 1 0 1
-5419.99 -463.326 -5500 -0.554631 0.343617 -0.582583 1997.69 22 31115 1042 1 1
-4931.3 -3228.1 5500 -8.23874 -13.3268 12.0638 885.246 2112 31284 1 0 1
4968.4 -1919.65 -5500 0.167376 0.109057 -0.445055 17529.5 22 31514 1054 1 1
4244.2 -3545.88 -5500 0.116372 -0.230913 -0.910475 17528.9 22 31514 1060 1 1
131.38 -226.782 5500 -0.834701 0.184892 0.32765 3964.87 2112 31537 1 0 1
2614.39 1438.11 5500 0.54961 -0.736641 1.19421 3499.72 2112 31606 1 0 1
-1825.35 4433.83 -5500 0.0667145 0.791525 -0.429582 9466.73 2112 31695 1 0 1
-4557.61 2825.77 -5500 -0.00408644 0.0327332 -0.0491012 2329.61 22 31751 1005 1 1
-5410.93 1433.46 -5500 -0.0556177 0.0129835 -0.0568081 10331.7 22 31840 1031 1 1
-254.273 -4395.45 5500 0.107527 -0.0935482 0.0854306 6846.45 22 31850 1065 1 1
4422.82 741.382 -5500 2.20116 -0.543779 -1.85658 2705.54 2112 31886 1 0 1
205.945 -4266.08 -5500 8.41779 -20.3249 -30.4869 541.649 2112 31942 1 0 1
2374.34 -892.339 -5500 18.4242 21.1993 -17.6646 557.16 2112 32002 1 0 1
-287.801 -3612.43 5500 0.0244784 -0.0296121 0.0492636 6606.69 22 32109 1057 1056 1
315.22 -947.843 -5500 -4.44905 4.43068 -8.53074 563.706 2112 32169 1 0 1
73.3417 2450.55 5500 0.0144442 -0.00879243 0.206509 5279.37 22 32228 1054 1 1
165.983 2238.19 5500 -0.162128 -0.00199359 0.47939 5278.84 22 32228 1063 1 1
5132.14 -3469.86 5500 1.9163 -10.5764 29.2754 1679.02 2112 32246 1 0 1
3861.16 -1120.76 5500 33.4508 -17.6342 6.23863 604.232 2112 32260 1 0 1
-732.267 -3325.28 -5500 0.717129 -0.560021 -1.33736 13756.8 22 32410 1005 1 1
-1555.21 -3206.09 5500 -0.229349 -0.797226 1.27697 3519.09 22 32457 1005 1 1
1391.02 3024.41 -5500 0.165892 5.44639 -6.43389 2210.67 2112 32459 1 0 1
-5023.64 -4169.53 5500 -4.86193 -5.83248 15.8899 2244.23 2112 32498 1 0 1
-1748.98 -663.981 -5500 0.0281209 0.175031 -0.783467 3046.23 2112 32508 1 0 1
-3358.96 -279.271 5500 3.5165 -3.78438 12.9043 925.032 2112 32653 1 0 1
3147.62 -1895.76 5500 0.413834 0.65769 4.24078 1741.86 2112 32656 1 0 1
-3515.16 -380.585 -5500 -0.877621 -1.5395 -0.941299 3960.49 2112 32695 1 0 1
-1170.16 1093.87 -5500 0.105051 -0.0300861 -0.19256 10171.1 2112 32781 1 0 1
-1073.07 1574.62 -5500 -0.712974 -0.17667 -0.347589 5692.99 2112 32992 1 0 1
-2238.04 -1901.45 -5500 0.0485693 -0.0444051 -0.107966 8439.34 22 33130 1038 1 1
-2751.2 -2472.16 -5500 -0.25613 -0.30434 -1.34658 3635.33 2112 33140 1 0 1
2314.27 1692.17 5500 1.17061 3.81787 6.37532 932.779 2112 33148 1 0 1
-3106.93 2484.79 -5500 -0.637524 2.27105 -3.32624 2610.26 2112 33192 1 0 1
921.131 -2248.21 -5500 0.969072 0.0988196 -1.53434 10443.8 22 33298 1021 1 1
721.363 2806.21 5500 0.0518995 -0.112961 3.26963 1587.81 2112 33393 1 0 1
4761.29 4083.31 -5500 0.0318658 0.0242476 -0.0709628 9908.14 22 33402 1065 1 1
-1446.81 -3235.3 -5500 -1.35996 -5.80948 -7.89465 817.297 2112 33432 1 0 1
-4482.49 132.217 -5500 -0.569782 -0.445472 -1.00216 480.252 22 33482 1068 1 1
-3181.09 1624.59 -5500 0.762044 1.74667 -4.2068 479.468 22 33482 1069 1 1
-776.657 -75.9832 -5500 0.54787 0.447937 -0.536794 4356.96 2112 33484 1 0 1
195.515 -2241.05 5500 -0.108165 -0.0369106 0.094226 31441.2 22 33519 1069 1 1
3678.58 2124.34 -5500 2.05825 2.53453 -8.70912 1039.95 2112 33625 1 0 1
-3733.75 -101.312 5500 -2.32457 -2.06096 4.73775 1272.58 2112 33738 1 0 1
794.655 -404.209 -5500 0.206915 -0.332781 -0.95747 1768.88 22 33797 1048 1 1
2503.03 1403.21 5500 -3.23981 21.5899 21.9427 1061.6 2112 33836 1 0 1
527.822 305.513 -5500 -2.94782 -5.84255 -3.41579 789.89 2112 33868 1 0 1
2667.28 3046.72 5500 0.165488 0.122391 0.247053 614.63 22 34024 1055 1050 1
-3263.64 -2018.32 -5500 0.021977 -0.0990496 -0.415887 4022.41 22 34066 1068 1 1
-2748.71 5483.05 5500 -8.21876 14.4806 12.9196 849.325 2112 34093 1 0 1
2461.48 4810.88 5500 -0.00910633 0.473212 0.581967 8804.48 22 34453 1054 1 1
2832.3 3819.13 5500 0.32254 0.848435 2.08014 8802.77 22 34453 1062 1 1
-4487.25 3466.17 5500 -0.0195849 7.59592 16.5337 1092.68 2112 34528 1 0 1
-3107.15 1440.63 5500 -0.105611 0.0752652 0.0515654 18143.3 22 34653 1066 1 1
1981.79 -2050.02 -5500 0.639905 -0.336984 -0.953569 3002.68 2112 34656 1 0 1
2763.86 -2092.72 5500 17.8208 -1.98376 20.709 812.666 2112 34796 1 0 1
-3849.57 3500.41 -5500 -1.39641 3.48236 -2.44397 2289.77 2112 34823 1 0 1
-5382.39 335.931 -5500 -0.267087 0.105544 -0.0613767 9150.17 22 34881 1055 1 1
-2076.01 -698.598 -5500 -0.0197497 0.142222 -0.366938 9140.64 22 34881 1078 1076 1
-4135.78 1594.84 -5500 -0.186219 1.36053 -1.09153 6110.84 2112 34908 1 0 1
2388.44 -1928.34 -5500 3.24693 -1.47673 -3.13795 1245.39 2112 34910 1 0 1
-2781.88 526.041 -5500 -1.35802 -0.983812 -0.81944 3196.05 2112 34928 1 0 1
-2719.16 277.002 -5500 -21.4133 19.4196 -20.2167 490.999 2112 35044 1 0 1
1097.79 2676.35 5500 0.430203 -0.371738 0.768252 6416.67 2112 35141 1 0 1
-2213.59 4248.47 5500 -11.485 4.05255 8.4488 1023.01 2112 35196 1 0 1
-1491.85 1883.02 -5500 -0.578834 0.404028 -0.281037 5501.36 2112 35216 1 0 1
-3374.57 2968.34 -5500 -5.01391 11.4927 -5.73824 1448.69 2112 35228 1 0 1
15.5766 4867.68 -5500 0.780441 1.00033 -0.588023 7386.64 2112 35295 1 0 1
1760.87 -2479.1 5500 2.79763 -2.81356 10.2964 701.713 2112 35309 1002 1 1
849.466 1967.25 5500 -0.0146843 0.0159868 0.157485 3409.65 22 35354 1019 1018 1
-4834.09 -652.236 5500 -0.20094 -0.0149208 1.84924 5293.48 2112 35604 1 0 1
-4959.76 5251.18 5500 -3.68469 4.71843 0.985556 3655.8 2112 35900 1 0 1
-416.297 -1357.33 5500 1.284 -0.20368 0.866804 5096.5 2112 36028 1 0 1
2327.2 4206.18 -5500 13.6814 14.5794 -31.5607 568.158 2112 36065 1 0 1
290.466 -5391.56 5500 -12.6047 -11.232 20.0858 808.695 2112 36129 1 0 1
-154.959 488.335 5500 0.538593 1.09195 2.31756 819.088 2112 36226 1 0 1
-2644.44 -636.554 5500 1.81399 0.0312793 2.82956 2799.46 2112 36256 1 0 1
-405.934 2928.37 -5500 0.131885 0.155973 -0.370814 2089.19 22 36626 1076 1 1
1623.87 -10.6231 5500 -0.268871 1.83187 1.59016 2362.8 2112 36638 1 0 1
-429.128 -379.805 5500 -0.0470581 -0.0612492 0.229127 4806.22 2112 36723 1 0 1
4636.8 -489.811 -5500 1.22236 0.529751 -3.6079 2335.3 2112 36827 1 0 1
3727.1 1244.14 5500 -0.0596784 0.281775 0.609174 19557 22 36866 1004 1 1
-260.327 1152.64 5500 -1.85703 2.30504 4.97213 2676.35 22 36871 1052 1 1
994.856 -4709.63 -5500 4.26899 -12.1081 -13.3809 772.931 2112 36904 1 0 1
477.659 1800.64 5500 0.476027 0.500363 0.86926 2424.54 2112 36990 1 0 1
4461.88 1002.03 5500 1.50988 1.31565 3.30211 2213 2112 37041 1 0 1
-1141.83 553.124 5500 -0.24987 -0.0251374 0.267741 4735.47 2112 37199 1 0 1
59.9123 -1767.21 -5500 2.43278 -7.37198 -12.5015 518.788 2112 37222 1 0 1
1414.21 -2707.1 -5500 0.9299 -8.24861 -3.53818 952.067 2112 37258 1 0 1
-2171.52 -3734.3 5500 -0.449181 0.255968 1.07589 5987.8 22 37336 1077 1 1
-3453.12 3544.23 5500 -0.486614 0.11216 0.654491 9804.82 2112 37619 1 0 1
3343.96 -1031.58 -5500 -3.11855 2.18061 -13.8294 910.837 2112 37630 1 0 1
663.544 2617.13 -5500 1.16998 0.452653 -0.80008 3400.98 2112 37954 1 0 1
5346.28 -1004.21 -5500 0.171798 -0.70697 -1.15051 11296.6 22 38035 1039 1 1
540.949 2872.75 5500 -1.471 0.146374 1.54224 3447.6 2112 38063 1 0 1
-4938.45 2497.29 -5500 -2.35765 1.13987 -4.90856 2010.78 2112 38100 1 0 1
3097.46 -4748.41 5500 1.61602 -0.792557 1.10917 6896.7 22 38127 1090 1 1
-3514.39 -239.642 -5500 -1.13991 0.249867 -1.15444 2505.03 22 38203 1005 1 1
-1608.24 -905.509 5500 -0.212211 0.543783 0.392234 6475.17 2112 38258 1 0 1
-129.46 -1444.36 5500 -1.211 1.71188 3.5918 950.172 2112 38340 1 0 1
-5184.53 -336.042 5500 -0.0175046 0.0625519 0.266973 14314.5 22 38579 1013 1 1
-2643.79 -4558.36 5500 0.0773634 -0.0756643 0.253529 11312.4 22 38621 1004 1 1
997.482 1394.67 -5500 7.64103 1.56035 -14.6423 494.684 2112 38721 1 0 1
-272.287 -148.248 -5500 0.896321 1.95033 -3.07468 1475.78 2112 38763 1 0 1
-280.809 -3843.06 -5500 0.268718 -0.315171 -0.439691 10169.6 2112 38790 1 0 1
2415.66 -1426.9 5500 -0.13891 1.09055 2.11683 2513.05 2112 38880 1 0 1
1755.29 1537.71 5500 1.41662 0.0267776 1.85469 1539.73 2112 38913 1 0 1
-2544.75 2361.56 -5500 1.36091 3.97318 -8.95843 913.323 2112 38963 1 0 1
233.027 1195.28 5500 -1.91449 8.26563 13.9523 1853.8 2112 38966 1 0 1
-3785.36 -1349 5500 -0.500424 -0.0961198 0.379376 8800.54 2112 39084 1 0 1
-4189.25 -2688.44 -5500 -12.8296 -14.4651 -13.2669 695.687 2112 39092 1 0 1
4459.8 -2678.17 5500 15.1507 -0.0316836 13.9785 807.496 2112 39150 1 0 1
-4513.48 -138.646 -5500 -5.6944 -0.970077 -2.49705 1546.12 2112 39197 1 0 1
-3331.53 1017.07 5500 -10.4952 6.6755 20.2758 566.674 2112 39236 1 0 1
2336.62 3392.04 -5500 -1.95353 5.02806 -2.96153 2333.19 2112 39290 1 0 1
4071.25 11.6615 5500 0.0477015 0.0126893 0.0702038 4896.46 22 39470 1005 1 1
10.3344 3456.13 5500 -6.22461 10.9044 7.74101 1382.8 2112 39481 1 0 1
1516.69 1799.28 -5500 0.244264 0.359233 -0.197208 391.522 22 39512 1078 1076 1
3589.96 -3827.76 -5500 2.63087 -0.922302 -1.48435 3288.84 2112 39519 1 0 1
730.276 1475.93 -5500 -8.57781 8.58651 -18.2006 498.836 2112 39685 1 0 1
-670.839 -1636.68 5500 -2.12383 -4.75868 1.64786 1745.08 2112 39736 1 0 1
-224.889 4832.55 -5500 -0.135266 0.0852905 -0.225225 10118 22 39755 1064 1 1
-1962.18 1356.11 5500 0.193642 0.0114849 0.273665 8014.23 22 39782 1061 1 1
3911.22 2945.77 5500 0.165035 0.72994 0.470672 8010.85 22 39782 1067 1 1
2172.34 236.199 -5500 -0.165344 0.0360408 -0.234314 855.335 22 39851 1081 1 1
1056.81 -3360.44 5500 0.086304 -0.296344 0.69926 5990.77 2112 39933 1 0 1
1362.19 3039.05 5500 -0.577314 2.25669 5.63754 1134.12 2112 40028 1 0 1
1109.73 2839.27 5500 -0.310303 0.191325 0.459738 9280.39 2112 40095 1 0 1
-3906.62 3771.83 5500 -2.57126 20.5369 32.614 619.965 2112 40106 1 0 1
4218.7 2380.43 -5500 0.0748408 0.456094 -0.980477 5305.77 22 40134 1022 1 1
5049.9 65.8651 -5500 1.98754 -2.35655 -4.6891 5306.5 22 40134 1031 1 1
564.15 2147.19 -5500 -1.16943 1.4753 -1.65823 2273.6 2112 40167 1 0 1
4987.09 -2313.17 5500 10.175 1.76164 14.3355 2309.11 2112 40188 1 0 1
-4747.72 -3330.83 -5500 -1.96424 -4.01007 -17.7045 1073.47 2112 40291 1 0 1
1047.91 4728.98 5500 14.0942 14.4843 24.3027 613.915 2112 40387 1 0 1
-4062.92 -4801.69 -5500 -17.9319 -15.3962 -25.1757 1354.53 2112 40762 1 0 1
-661.107 5141.75 -5500 0.795368 0.499755 -1.08671 9676.76 2112 40853 1 0 1
-4458.34 -5373.28 -5500 -0.715114 -4.92293 -3.67206 2629.87 2112 40933 1 0 1
-3312.2 -1620.58 5500 -0.077459 0.0978751 0.144969 13531.6 22 40962 1005 1 1
3260.61 5067.71 5500 0.484621 0.525403 0.976619 9342.79 22 41026 1058 1 1
-1474.09 64.1324 5500 0.147057 0.623619 0.598137 3461.46 2112 41106 1 0 1
1502.79 -2713.48 5500 1.72887 -2.66556 1.47604 2169.04 22 41171 1062 1 1
-2476.95 -1501.37 5500 -4.04313 4.00097 6.48057 958.85 2112 41322 1 0 1
3081 -1127.79 -5500 0.606123 -0.188109 -0.53956 9385.77 2112 41571 1 0 1
2583.03 4349.33 -5500 -0.0358485 0.118799 -0.113899 3060.27 22 41735 1068 1 1
-1782.41 1836.17 5500 -2.83753 1.08193 5.10566 2590.6 2112 41814 1 0 1
-1151.32 -3502.21 -5500 0.393408 0.301973 -1.28324 9195.76 2112 41856 1 0 1
-4575 -3308.65 -5500 -0.482511 -0.344332 -0.584991 5810.18 22 41867 1095 1 1
-2968.76 -203.49 5500 -0.692331 0.0800334 1.3563 3199.23 2112 41900 1 0 1
-3741.76 5244.82 5500 -0.381332 3.76953 4.42886 2494.93 2112 42323 1 0 1
5072.96 4575.2 5500 6.04004 3.97709 9.70979 2862.04 2112 42662 1 0 1
2431.66 2549.17 5500 0.214066 -0.0852995 0.603253 8372.14 22 42718 1004 1 1
3982.88 1549.88 -5500 4.31348 -2.40091 -11.9071 1682.77 2112 42759 1 0 1
418.429 -4753.99 5500 0.0551387 -0.40552 1.18676 6308.31 2112 42761 1 0 1
3041.96 5011.92 -5500 0.31295 0.946593 -0.590566 9008.28 2112 42767 1 0 1
-4766.64 418.187 -5500 -8.00221 -7.29085 -21.5345 724.879 2112 43005 1 0 1
1239.28 4071.43 -5500 0.962007 3.49274 -2.88915 9902.1 22 43012 1067 1 1
-41.2344 715.067 -5500 -0.547539 -0.00564818 -2.14436 1981.94 22 43199 1069 1 1
3674.66 -2926.8 5500 0.15895 -0.260883 0.24084 390.733 22 43227 1084 1 1
3729.47 1636.62 -5500 3.36325 -5.51842 -10.4567 1067.35 2112 43340 1 0 1
1515.59 -1706.73 -5500 -0.232107 0.124587 -0.652422 5991.07 2112 43437 1 0 1
152.206 5468.19 -5500 0.18772 9.00325 -8.72821 1100.15 2112 43493 1 0 1
1456.33 -5012.4 5500 8.37376 -2.0692 8.78583 1389.59 2112 43557 1 0 1
-3764.42 -2581.18 5500 -0.794787 0.316211 1.9494 4781.89 2112 43652 1 0 1
-1326.33 1486.86 -5500 -0.00506754 0.000801686 -0.104839 28281.2 22 43708 1040 1 1
-1847.3 -1196.67 -5500 -0.157659 -0.480296 -0.262581 7036.16 2112 43767 1 0 1
1090.27 -4825.43 -5500 17.2563 -8.92085 -23.369 674.52 2112 44067 1 0 1
-1345.61 2094.55 -5500 -1.1008 0.362118 -0.538608 3609.92 2112 44443 1 0 1
-1132.16 -476.872 5500 -0.949556 0.320312 1.14214 390.75 22 44484 1068 1 1
2189.8 -932.298 -5500 1.23001 -2.8586 -9.96294 641.064 2112 44724 1 0 1
2796.65 2206.39 -5500 0.357606 -0.0425239 -0.65414 7683.77 2112 44922 1 0 1
-3261.74 -2327.15 -5500 -0.178331 0.118781 -0.400049 19105.2 22 44982 1040 1 1
1734.74 -4023.89 5500 -2.34046 -3.58278 3.18705 165094 22 45027 1074 1 1
3309.83 -4625.06 -5500 0.112305 -0.0164302 -0.0841711 1491.26 22 45081 1035 1 1
-2760.3 -3613.66 -5500 -2.66537 -0.334591 -2.8173 3069.49 2112 45145 1 0 1
-88.1192 -3089.96 5500 4.9322 -8.2819 19.7503 555.41 2112 45312 1 0 1
-1137.29 -4026.38 -5500 -1.01568 -3.20747 -5.02013 1338.86 2112 45314 1 0 1
-4042.54 -3874.87 -5500 0.92417 -9.07969 -22.805 1617.64 2112 45380 1 0 1
71.3234 -4975.75 5500 -15.5163 -15.0116 11.3687 858.091 2112 45445 1 0 1
-4610.05 419.902 5500 -13.2324 -7.24958 20.8787 1206.32 2112 45579 1 0 1
-4229.57 302.609 5500 -5.52076 -2.35056 7.24659 1040.49 2112 45682 1 0 1
-306.709 1259.07 5500 -0.132721 0.0332281 0.37665 4457.1 2112 46032 1 0 1
-1179.11 -2140.67 5500 -13.4906 7.2282 30.1514 477.972 2112 46113 1 0 1
-226.795 929.018 -5500 -1.11291 -2.01824 -1.17967 2138.5 2112 46175 1 0 1
-10.5868 -2043.59 -5500 -0.0566843 -0.00184788 -0.103829 6561.75 22 46474 1028 1 1
-5408.71 542.945 -5500 -17.2856 -5.94553 -29.7343 1038.52 2112 46541 1 0 1
2786.54 -1398.9 5500 1.83074 0.101018 1.91639 2435.46 2112 46623 1 0 1
-4882.15 1580.42 5500 -2.91882 0.697738 0.653091 3690.91 2112 46789 1 0 1
-2104.3 -1153.89 -5500 -0.0458068 -1.1048 -1.33984 2275.64 2112 47175 1 0 1
3594.61 -1897.8 -5500 0.36234 -0.0437571 -0.505704 9356.58 2112 47494 1 0 1
-4775.88 -2744.74 5500 -5.23764 0.275306 17.3846 1541.88 2112 47632 1 0 1
3177.07 -1335.81 -5500 30.4587 -10.3218 -13.5229 534.773 2112 47645 1 0 1
-2293.05 -1365.75 5500 -23.4044 -1.13803 15.5905 506.78 2112 47651 1 0 1
1706.53 913.121 5500 0.227811 -0.00173115 0.14693 10479.4 2112 47834 1 0 1
5300.09 2432.79 5500 0.494981 0.664962 2.12835 11151.9 22 48135 1056 1 1
-479.026 -828.002 -5500 -2.02416 8.57845 -9.42274 1216.22 2112 48160 1 0 1
-2332.13 -3925.07 -5500 -0.710139 -0.87723 -1.5239 19223.4 11 48233 1018 1004 1
-1837.23 -1309.84 -5500 -7.39973 -3.83343 -7.21087 1392.33 2112 48245 1 0 1
1133.63 1797.07 5500 21.4231 -6.8755 22.4891 486.608 2112 48334 1 0 1
-2100.15 3258.92 5500 0.0404333 0.0214137 0.137204 6407.29 22 48434 1068 1067 1
889.344 986.642 5500 -1.92662 5.41105 14.904 1741.34 2112 48488 1 0 1
-2273.7 -1761.74 5500 -10.7286 1.90166 8.82704 750.549 2112 48524 1 0 1
757.289 2163.44 -5500 1.47301 6.77802 -11.7797 594.543 2112 48766 1 0 1
-674.094 -4485.16 5500 -0.585322 -0.725976 0.967125 6766.14 2112 48896 1 0 1
-691.849 -1572.13 5500 1.31685 -3.65769 3.75 777.734 2112 49049 1 0 1
-2204.87 -1385.45 -5500 0.687565 0.00481987 -1.09456 2906.32 22 49138 1069 1 1
1118.43 -2308.21 5500 0.0313738 -0.579469 0.960095 2915.44 2112 49224 1 0 1
1436.09 2215.84 -5500 -3.00154 11.3038 -21.093 540.291 2112 49247 1 0 1
-3328.21 -665.779 -5500 -8.70758 -13.0612 -31.1946 507.646 2112 49269 1 0 1
638.589 3316.57 -5500 -0.238016 0.202733 -0.888534 5302.12 2112 49299 1 0 1
3093.47 2547.04 5500 -8.71569 19.2524 26.0921 622.721 2112 49314 1 0 1
-3291.25 883.228 -5500 -1.23755 1.1911 -4.145 20224.3 22 49419 1082 1 1
648.899 -2375.96 -5500 6.06158 -13.9967 -10.3026 556.663 2112 49463 1 0 1
-2470.2 574.058 -5500 -0.199838 0.429089 -0.43666 6543.32 2112 49693 1 0 1
-1996.21 1519.55 5500 -0.0880519 0.1074 0.243536 17711 22 49705 1006 1 1
2494.67 1253.59 5500 0.151839 0.354852 0.377803 6887.62 2112 49732 1 0 1
3560.04 -2432.68 -5500 -0.0344038 -0.078838 -0.163979 1306.8 22 50195 1061 1 1
-2988.19 1255.2 5500 -32.2841 -3.13227 10.4771 560.492 2112 50206 1 0 1
-1652.45 919.455 5500 1.02922 28.4104 18.1402 473.967 2112 50232 1 0 1
-377.783 -1330.15 -5500 -1.0946 -3.24027 -2.24948 807.281 2112 50298 1 0 1
4034.02 -230.302 5500 4.7197 7.45222 13.3218 814.1 2112 50330 1 0 1
151.644 635.2 5500 -0.244372 -0.0232291 0.3728 3193.68 2112 50413 1 0 1
439.343 -301.924 5500 -0.133213 -0.0150759 0.211003 5978.12 2112 50480 1 0 1
2409.77 3087.48 -5500 -0.00409328 0.0140445 -0.0957092 9851.59 22 50482 1005 1 1
-756.859 -1138.19 5500 -0.238742 0.69367 0.460725 5628.69 2112 50634 1 0 1
-4146.17 2924.64 5500 -1.70382 0.145945 1.00883 5340.07 2112 51069 1 0 1
-1993.35 4853.11 5500 0.463591 0.965761 0.984897 7314.33 2112 51140 1 0 1
-3274.73 3341.06 5500 0.745814 4.99752 14.8571 906.081 2112 51141 1 0 1
-420.001 3438.08 5500 0.0460145 0.136902 0.201912 3916.82 22 51311 1075 1 1
-2100.67 3588.87 5500 -3.99772 0.00792958 7.99511 1119.59 2112 51315 1 0 1
-1469.66 3636.92 -5500 -0.895559 -0.611481 -6.68929 1380.65 2112 51355 1 0 1
-4848.25 1625.94 5500 -4.782 -2.05429 6.45806 1473.35 2112 51435 1 0 1
3125.8 3515.81 -5500 0.394918 0.440716 -0.224784 9000.94 22 51561 1004 1 1
3693.24 5183.15 -5500 5.09781 3.00886 -3.53635 2747.23 2112 51586 1 0 1
2227.98 -1773.24 -5500 0.144201 -0.974529 -1.51533 2223.19 2112 51668 1 0 1
-3547.62 1656.43 5500 -6.27547 -0.506179 9.04602 863.695 2112 51679 1 0 1
-4332.15 -5470.67 5500 -0.530619 -0.50347 1.57295 8797.9 2112 51706 1 0 1
3562.97 -3664.86 5500 2.42007 -0.122621 1.64078 2091.5 22 51988 1069 1 1
1842.51 -4002.49 -5500 0.0543981 -0.311378 -0.609399 9490.53 2112 52140 1 0 1
2948.06 1759.24 -5500 0.254049 -0.0172758 -0.686423 6321.14 2112 52144 1 0 1
-385.187 -1542.78 5500 -0.21251 2.2936 1.99584 1968.66 2112 52292 1 0 1
-1543.25 -4504.6 5500 -1.63268 -0.214997 1.44781 12527.4 22 52348 1005 1 1
-702.348 -4777.16 5500 -2.51134 -9.21635 9.31702 896.019 2112 52412 1 0 1
3895.38 4179.49 -5500 1.3961 5.28998 -9.75654 1262.2 2112 52437 1 0 1
482.049 -1028.7 5500 0.015521 -0.0287218 0.0435097 4792 22 52667 1107 1104 1
4228.71 -330.583 -5500 8.175 -3.79294 -3.63851 1895.1 2112 52701 1 0 1
-2046.14 4455.96 -5500 -0.620983 29.7299 -14.4169 634.869 2112 52822 1 0 1
588.909 2414.24 -5500 -0.504634 7.29648 -6.3099 710.197 2112 52913 1 0 1
-1271.93 -3924.2 5500 5.1654 2.32007 30.4785 674.116 2112 52925 1 0 1
-1493.2 26.0416 -5500 -0.0441538 -0.0153924 -0.313661 5930.83 2112 53025 1 0 1
-3605.07 -1177.51 5500 -12.3599 0.668504 23.64 579.738 2112 53127 1 0 1
-1646.21 3972.2 5500 -0.567235 0.59975 1.48377 3890.73 2112 53129 1 0 1
-457.371 5239.91 -5500 0.027681 0.0287285 -0.136433 12961.8 22 53164 1004 1 1
-2895.79 2098.85 5500 -5.50164 -0.803449 6.60669 983.331 2112 53288 1 0 1
818.402 -3215.62 -5500 -0.234539 2.07519 -7.67338 1205.93 2112 53304 1 0 1
782.625 1044.19 5500 -0.0173175 -0.0619583 0.220527 40892.7 22 53314 1112 1 1
2088.07 -2082.98 5500 0.971941 -0.548075 1.91316 22666.9 22 53317 1031 1 1
-4488.23 1162.2 -5500 -0.455357 0.0386712 -0.445423 22638 22 53317 1032 1 1
730.546 -143.027 5500 15.4656 0.833766 34.6796 410.312 2112 53334 1 0 1
-2031.39 729.604 -5500 -0.247837 -0.0280858 -0.227349 4375.33 22 53345 1074 1 1
-2060.29 31.6177 -5500 -0.516489 -0.686974 -0.494757 4376.43 22 53345 1075 1 1
251.465 -3079.58 5500 -0.980569 -0.239407 7.43003 2845.37 2112 53349 1 0 1
529.339 1218.18 5500 0.0185655 -0.453458 0.382069 6288.48 2112 53595 1 0 1
1150.22 -4490.32 -5500 0.0237794 0.0222562 -0.148988 8689.37 22 53646 1046 1 1
4654.06 -4287.09 5500 22.7854 -24.3419 9.54974 728.259 2112 53968 1 0 1
-3882.63 -461.034 -5500 -1.06817 -0.777323 -3.13204 1522.4 22 54066 1087 1 1
-2966.79 -1503.56 5500 -3.52757 -2.68089 11.2356 704.486 2112 54163 1 0 1
-5306.39 -387.522 5500 -5.49536 -3.20759 6.108 2732.98 2112 54232 1 0 1
-2160.28 -502.109 5500 -0.0779138 0.00153681 0.0499013 824.86 22 54241 1006 1 1
-592.082 -1911.64 -5500 -20.05 0.900002 -13.0474 557.863 2112 54335 1 0 1
4005.36 5210.06 5500 6.84451 29.2959 13.637 773.529 2112 54362 1 0 1
1267.48 -3094.47 5500 -4.13053 -5.5421 21.5664 591.648 2112 54370 1 0 1
-4636.98 2565.6 -5500 -15.3205 12.697 -28.2539 617.593 2112 54385 1 0 1
-1238.67 -1444.54 5500 -0.663079 -0.802645 0.804853 2886.92 2112 54710 1 0 1
-4570.53 -4213.23 5500 -0.0828499 -0.232256 0.248448 9952.92 22 54894 1059 1 1
-4201.51 -482.487 5500 -6.77018 11.6074 29.5726 607.145 2112 54947 1 0 1
-1666.5 1417.94 -5500 -0.164031 0.0323323 -0.291503 10125.2 2112 54985 1 0 1
-4575.5 -2756.25 -5500 -6.25829 0.644497 -4.80692 1599.54 2112 55007 1 0 1
-3525.26 -160.905 5500 -4.29045 -1.28759 2.75257 1749.3 2112 55019 1 0 1
-3821.44 -1532.41 -5500 -0.680022 -0.411772 -0.554467 6803.05 22 55141 1004 1 1
-2931.02 -3947.41 5500 -0.489482 -1.60502 1.99912 3076.74 2112 55150 1 0 1
-506.935 -5088.68 5500 -0.216314 -0.425216 0.621958 4845.02 22 55204 1006 1 1
-570.837 -395.92 -5500 0.208302 1.24877 -1.82729 2364.54 22 55211 1003 1 1
-3444.71 -421.843 5500 -3.03326 1.33093 35.3924 514.089 2112 55350 1 0 1
5196.18 -1938.91 -5500 0.976767 0.0233031 -0.949288 6762.22 2112 55504 1 0 1
-1805.6 -1288.71 -5500 -12.6744 -17.0405 -7.85721 1292.09 2112 55563 1 0 1
-1818.5 2849.36 5500 -0.0983853 0.371919 0.383125 8480.64 2112 55790 1 0 1
-821.685 3187.52 5500 0.304517 3.47846 3.63634 1445.81 22 55880 1085 1 1
-745.88 -473.398 -5500 0.173065 0.349387 -0.3653 4851.5 2112 55945 1 0 1
3684.62 -2458.07 5500 2.28875 -4.31475 6.05703 1209.69 2112 55986 1 0 1
2525.02 1775.62 -5500 0.3136 0.317411 -0.782684 3545.53 22 56033 1004 1 1
3162.26 -5188.17 5500 3.2267 -9.67356 6.52218 1219.7 2112 56057 1 0 1
353.287 -2120.3 5500 -0.00435574 -1.77536 4.7179 2193.56 2112 56084 1 0 1
3298.29 2976 5500 0.195969 0.338128 0.943911 7698.04 2112 56097 1 0 1
-3220.88 1929.41 -5500 -13.3436 3.22989 -17.2306 625.18 2112 56238 1 0 1
4444.24 -4190.25 5500 13.6213 -2.00023 4.51246 1467.16 2112 56249 1 0 1
-402.152 1521.42 5500 -2.14874 2.59527 5.53813 639.653 2112 56258 1 0 1
4344.15 -4681.54 5500 0.337442 -0.385174 0.659719 8070.35 22 56509 1067 1 1
-1064.52 2074.47 -5500 -0.0120642 0.0988387 -0.0395177 2009.16 22 56541 1031 1 1
1782.1 -1332.75 -5500 -0.765695 -0.46254 -1.09506 3951.79 2112 56930 1 0 1
-1467.03 2985.25 -5500 -3.01871 1.79004 -1.34351 2046.52 2112 57033 1 0 1
-4390.1 501.92 5500 0.00675504 0.00350592 0.0822374 3071.93 22 57150 1067 1065 1
-3159.91 -902.921 -5500 -6.6275 -8.43882 -24.8773 553.206 2112 57243 1 0 1
1573.09 -279.48 5500 -0.907439 0.368311 1.44114 2532.05 2112 57288 1 0 1
-185.738 -1181.25 -5500 -4.10901 1.20685 -2.50395 1463.8 2112 57302 1 0 1
3553.19 3665.91 -5500 0.166162 1.01614 -0.863062 6701.35 2112 57304 1 0 1
-645.587 1863.11 5500 -0.0180991 0.0389038 0.113153 5832.44 22 57422 1062 1 1
-2279.85 -2214.96 -5500 -0.808779 -1.59762 -6.98696 2867.03 2112 57435 1 0 1
2725.91 -808.118 -5500 6.4802 1.36139 -10.9289 648.283 2112 57444 1 0 1
-1894.94 36.6105 -5500 -10.0637 -19.6883 -6.90473 720.863 2112 57617 1 0 1
4764.2 614.276 -5500 9.92527 2.65134 -8.45944 912.705 2112 57623 1 0 1
1768.56 1670.45 -5500 0.0831309 0.00367487 -0.090101 52322.5 22 57809 1031 1 1
991.635 2018.9 -5500 -0.0437517 0.127922 -0.123088 52323.4 22 57809 1033 1 1
886.797 1249.99 -5500 -1.20011 -1.58426 -2.52142 52322.3 22 57809 1039 1 1
3466.62 -62.7204 -5500 0.00834545 -0.716592 -4.99613 1371.56 2112 57837 1 0 1
3253.79 -2213.87 5500 12.3557 11.4667 17.4343 765.607 2112 57898 1 0 1
2356.15 1416.03 5500 3.40757 0.825558 8.86622 1510.17 2112 57913 1 0 1
-672.95 -1525.93 5500 -0.324222 -1.76624 3.93298 789.443 2112 57932 1 0 1
3745.93 2556.37 5500 0.485169 1.97949 3.35405 2245.39 2112 58040 1 0 1
4343.5 -3930.07 -5500 4.86736 -17.2086 -15.1505 817.975 2112 58058 1 0 1
-212.765 -2669.79 5500 0.00759273 -0.0424169 0.042471 15414.5 22 58073 1025 1 1
-4532.55 -4121.72 5500 -6.31252 -2.62924 7.00476 1447.44 2112 58302 1 0 1
-2268.59 -673.864 5500 -0.388749 -0.0202613 0.768842 3187.85 2112 58614 1 0 1
3204.05 -1491.84 5500 0.743442 0.127125 0.382976 8334.86 2112 58619 1 0 1
3912.11 4382.36 5500 0.856379 0.695223 1.93008 13485 22 58653 1006 1 1
-2218.9 1879.54 -5500 -0.379475 0.0836872 -2.18889 1422.91 22 58707 1004 1 1
-3494.02 -375.406 5500 -1.99057 -3.92248 10.5019 841.092 2112 58826 1 0 1
-61.8062 -2680.2 5500 -0.323608 0.151284 0.472176 9361.83 2112 58827 1 0 1
2848.02 1177.91 5500 0.365074 -0.014942 0.746265 4953.39 2112 58886 1 0 1
1555.62 -4263.14 -5500 -0.226827 -1.02635 -1.16788 11239.3 22 58962 1050 1 1
945.006 -3409.71 5500 0.468975 -0.545427 0.993214 3824.24 2112 58963 1 0 1
-4691.3 -199.421 -5500 -0.915598 -0.886219 -0.773691 6390.43 2112 59049 1 0 1
-2636.55 -1507.86 -5500 -2.38417 0.141034 -2.46929 3082.92 2112 59061 1003 1 1
-2252.38 1210.54 -5500 -6.62835 1.90245 -10.0025 618.08 2112 59131 1 0 1
2760.29 -1482.28 5500 -1.49258 -3.28642 4.23404 1540.97 2112 59252 1 0 1
-5281.15 3900.05 5500 -1.94132 0.710958 1.27533 5097.92 2112 59342 1 0 1
-2499.15 2556.9 5500 -0.209601 0.0732766 0.693625 7023.35 2112 59407 1 0 1
417.87 -1266.76 -5500 -0.119337 -0.243285 -0.126497 9781.3 2112 59525 1 0 1
4032.45 -856.569 5500 -1.0414 -1.50345 34.6147 602.298 2112 59651 1 0 1
-1565.02 -4493.28 -5500 0.145093 -0.578088 -0.530629 9642.3 2112 59736 1 0 1
-2861.87 2906.31 5500 -0.950434 -0.512549 2.21245 6683.53 2112 59756 1 0 1
-2730.35 -2338.23 -5500 -0.0304862 -0.311686 -0.598105 7376.99 2112 59793 1 0 1
-3069.33 3417.88 -5500 -0.998093 1.02685 -1.28815 495.418 22 59939 1039 1 1
-2524.46 2672.16 -5500 -0.0758616 0.0974061 -0.321855 494.505 22 59939 1041 1 1
1283.44 1879.9 5500 -6.65102 8.04596 12.0685 609.115 2112 59967 1 0 1
-1141.39 -2699.78 5500 -14.4087 -23.4151 21.3956 493.987 2112 59982 1 0 1
490.463 474.712 -5500 1.75495 -1.05278 -1.95758 890.593 2112 59995 1 0 1
-1275.24 -1009.43 5500 0.0189684 0.204855 0.702389 2834.47 2112 60126 1 0 1
3928.43 3549.21 -5500 3.28558 -0.42721 -4.39081 2202.71 2112 60607 1 0 1
520.888 -3285.07 -5500 -6.00359 8.28725 -23.7179 724.71 2112 60743 1 0 1
-2609.75 220.501 -5500 -0.432847 0.311506 -0.187809 8787.39 2112 60793 1 0 1
-652.963 -1814.15 -5500 4.38844 6.87069 -19.9853 518.266 2112 60909 1 0 1
5486.17 -5277.73 -5500 19.9119 -22.6054 -21.3793 735.851 2112 61304 1 0 1
-2837.59 491.353 5500 -0.393738 0.0980648 0.241153 8322.53 2112 61467 1 0 1
866.912 -699.279 5500 -1.90785 2.36874 3.17216 9832.82 22 61563 1106 1 1
-482.27 -826.395 5500 2.2418 -1.15578 3.40856 2410.56 22 61661 1080 1 1
267.621 1770.56 5500 0.0726565 10.1265 10.5478 559.833 2112 61667 1 0 1
2308.17 401.193 -5500 1.94661 -0.596122 -0.693695 2348.74 2112 61720 1 0 1
1932.8 5141.88 5500 13.4088 20.4896 25.4947 615.217 2112 61729 1 0 1
3382.4 2492.18 5500 -0.0979897 8.02964 4.74707 1400.81 2112 61768 1 0 1
1202.39 1475.74 5500 -16.7953 -4.26147 20.0771 530.227 2112 61883 1 0 1
-1602.99 1527.35 5500 -21.3138 -1.19781 28.5927 451.337 2112 62094 1 0 1
2451.09 -630.133 5500 0.20309 -0.213807 0.488226 5043 2112 62216 1 0 1
-730.734 -1823.64 -5500 0.279975 0.536508 -0.807618 4203.22 2112 62227 1 0 1
205.771 3989.47 5500 -0.252513 0.646579 1.55337 5357.3 2112 62324 1 0 1
-2224.95 2877.55 -5500 -0.216932 -0.177236 -0.701866 8344.24 2112 62500 1 0 1
2961.26 4233.13 5500 0.437937 0.0935295 1.1482 7876.9 2112 62537 1 0 1
-3620.02 59.7003 -5500 -1.16776 0.645378 -1.25321 3057.15 2112 62602 1 0 1
-2308.25 2531.05 -5500 -14.6177 1.84646 -28.6654 523.08 2112 62675 1 0 1
4318.96 -664.844 -5500 8.79024 -22.0803 -28.8732 590.29 2112 62809 1 0 1
4930.24 798.801 5500 0.393218 -0.293618 0.494123 377.906 22 63244 1075 1 1
-4040.72 85.9087 -5500 -16.1369 0.685477 -31.9966 1342.1 2112 63264 1 0 1
438.641 -51.8808 5500 -0.327977 0.00914688 0.619231 2041.01 2112 63367 1 0 1
-3562.95 433.007 -5500 -0.22729 0.162819 -0.417435 9140.46 2112 63450 1 0 1
2108.11 5403.66 -5500 -1.3208 2.33674 -3.05417 14808.5 22 63495 1061 1 1
2565.35 -5467.88 5500 16.5406 -17.9898 23.4395 671.523 2112 63555 1 0 1
1710.91 1705.33 5500 1.68285 0.877172 1.45405 1574.76 2112 63593 1 0 1
-2023.76 1622.96 5500 -12.3655 9.76158 28.95 1142.32 2112 63866 1 0 1
-2518.31 -3164.39 5500 -1.18277 -1.19238 1.05633 3217.3 2112 64055 1 0 1
-1592.13 -650.867 5500 -9.90733 23.2062 29.4359 452.294 2112 64115 1 0 1
-3442.31 -4085.24 5500 0.13426 -0.770237 1.09007 7997.65 2112 64286 1 0 1
-703.927 371.184 -5500 -0.16146 -0.0285715 -0.169391 6402.22 2112 64292 1 0 1
-5228.54 -3323.44 5500 -7.20172 -6.54747 11.2785 1070.13 2112 64319 1 0 1
-2561.31 204.691 5500 -0.0207094 0.0650383 0.0685577 9878.39 22 64369 1109 1 1
-1603.92 -792.584 5500 -5.68019 -2.70813 4.03208 697.277 2112 64676 1 0 1
746.683 2614.05 5500 8.68797 2.04729 11.2527 635.474 2112 64827 1 0 1
-1627.32 1611.91 5500 -0.76299 0.741765 1.9518 9534.95 22 64838 1004 1 1
1757.81 -1173.96 -5500 0.314629 -1.03607 -1.73552 2107.42 2112 65003 1 0 1
2571.67 -372.965 -5500 1.34101 -2.26581 -2.50734 1506.91 2112 65016 1 0 1
5007.45 -2029.13 5500 8.00286 -3.85442 19.1856 810.68 2112 65061 1 0 1
-1655.41 5312.87 -5500 -0.115658 0.198148 -0.315983 8564.26 22 65286 1072 1 1
-1368.66 -4334.86 -5500 -0.459832 0.0709822 -0.985762 9486.33 2112 65360 1 0 1
4025.62 4261.31 -5500 13.4986 5.53354 -8.01278 1005.59 2112 65480 1 0 1
1518.48 -3493.58 -5500 0.15782 -0.54424 -1.83076 3246.37 2112 65526 1 0 1
-603.458 -1087.64 -5500 0.170786 0.0720598 -0.496552 3157.79 2112 65577 1 0 1
-402.316 1314.39 5500 0.436575 -0.714686 0.836359 2723.57 2112 65680 1 0 1
619.669 -3320.01 5500 1.22768 1.15105 3.90883 3148.46 2112 65773 1 0 1
-216.373 4393.23 5500 13.193 13.9914 9.67512 849.476 2112 65778 1 0 1
-150.955 -1993.67 5500 0.492127 -0.361694 0.845241 4542.96 22 65947 1004 1 1
4991.4 -814.765 5500 8.63578 7.58988 8.0082 1703 2112 66082 1 0 1
384.166 -2940.92 -5500 1.94398 -1.29914 -2.69718 1485.83 2112 66092 1 0 1
1789.92 -2088.28 5500 -0.592372 -0.151184 0.94501 427.233 22 66173 1075 1 1
-460.076 2240.98 5500 0.479694 -6.30611 28.0803 491.471 2112 66246 1 0 1
-2216.18 3789.74 -5500 -2.16493 0.016151 -1.24236 6144.3 2112 66494 1 0 1
-3624.18 2332.83 5500 -15.8433 3.89976 16.6789 654.051 2112 66500 1 0 1
4502.24 -4485.34 5500 0.764847 -0.0484869 0.796867 14796.6 22 66534 1005 1 1
-205.991 -3373.6 5500 -1.32747 -2.4761 14.9065 1465.5 2112 66568 1 0 1
-789.314 -1565 5500 -1.32115 -0.33025 0.749515 148741 22 66617 1084 1 1
-302.925 -1486.34 5500 -0.187795 -0.113686 0.198742 148740 22 66617 1086 1 1
-1233.56 3072.55 5500 -0.505728 1.1021 0.58031 4372.21 2112 66700 1 0 1
366.846 -3714.8 -5500 -0.0622606 -0.0619311 -0.123438 9058.63 22 66806 1027 1 1
805.804 -3120.89 -5500 -0.0972292 -0.0394901 -0.533108 9057.51 22 66806 1034 1 1
507.994 -1708.17 5500 1.25718 -1.52324 1.43686 1393.18 2112 66825 1 0 1
-4655.6 -5350.39 5500 -0.483154 -0.457778 0.362735 1677.95 22 66920 1052 1 1
4392.56 1.93937 -5500 2.01054 -0.60482 -0.178094 7786.38 2112 67007 1 0 1
-1765.26 -3855.51 5500 -0.10304 -0.0882627 0.204712 8728.12 22 67079 1055 1 1
4366.86 -1816.95 5500 9.63398 -5.32556 28.0953 628.963 2112 67202 1 0 1
3805.03 -2856.43 -5500 28.5185 -14.2606 -22.6133 552.523 2112 67242 1 0 1
80.5363 5438.14 5500 0.0368859 0.182663 0.989904 7269.25 22 67265 1017 1 1
3151.77 -29.6735 -5500 -0.0100744 -0.038025 -0.0852066 9153.5 22 67338 1104 1103 1
1730.6 4899.08 -5500 1.50718 1.20974 -2.64866 3060.73 2112 67420 1 0 1
-1273.28 403.282 -5500 -3.0442 -7.42464 -24.4611 437.141 2112 67468 1 0 1
1011.97 4505.13 -5500 1.18925 4.98244 -7.31444 1139.07 2112 67519 1 0 1
-527.918 3727.78 -5500 -0.115156 0.00687794 -0.7941 8041.4 2112 67523 1 0 1
-637.623 1878.35 -5500 0.264594 0.745102 -0.649799 3260.59 2112 67615 1 0 1
-1671.48 -1780.35 -5500 -9.3446 1.39094 -9.66304 644.568 2112 67862 1 0 1
814.775 2923.2 -5500 -24.3321 5.01185 -25.5386 578.173 2112 67864 1 0 1
-763.94 437.887 5500 -0.34219 -0.677951 0.969855 2627.07 2112 67918 1 0 1
-3187.76 -2115.89 -5500 -1.89801 -1.00557 -3.21727 1621.42 2112 67980 1 0 1
3263.91 -1189.76 -5500 0.714947 -0.0184714 -0.621134 4845.52 2112 68004 1 0 1
-4618.65 -103.388 -5500 -0.12852 -0.213727 -0.162972 1630.05 22 68084 1025 1 1
1861.71 -5233.21 -5500 1.40009 -2.04195 -2.47853 3253 2112 68109 1 0 1
579.175 1119.04 -5500 -16.7814 7.68752 -21.95 448.351 2112 68489 1 0 1
-935.12 -1381.37 -5500 -0.185879 -0.203489 -0.968498 1972.35 2112 68521 1 0 1
-3230.03 -566.963 5500 0.072271 -0.21488 0.618214 7932.95 2112 68524 1 0 1
2083.01 -2246.78 -5500 -0.000496814 0.0998386 -0.262443 11946.7 22 68697 1076 1 1
714.547 2674.5 5500 -0.0603391 0.222434 0.173285 1748.55 22 68839 1053 1 1
-2381.56 459.235 -5500 -1.54916 3.37919 -4.12086 6154.8 22 69057 1046 1 1
-1428.52 877.223 5500 -0.719187 -0.23129 0.717251 2416.99 2112 69071 1 0 1
3388.48 -1368.02 5500 5.34696 -21.5989 26.9017 537.931 2112 69093 1 0 1
-4542.78 1238.2 -5500 -10.1416 -1.24008 -4.98339 1088.5 2112 69113 1 0 1
1039.73 -238.544 -5500 0.10793 -0.400031 -0.356919 3350.57 2112 69116 1 0 1
-848.314 1952.12 5500 -0.297364 0.135419 0.835958 2749.57 2112 69125 1 0 1
676.094 4192.24 5500 7.09844 20.6457 8.58113 694.931 2112 69286 1 0 1
-3391.12 2350.3 -5500 -14.2718 -5.77215 -10.7432 839.871 2112 69333 1 0 1
-4961.78 -1359.85 5500 -0.0974507 -0.150496 0.151628 6725.08 22 69678 1051 1 1
-1157.3 -784.647 5500 -2.10413 0.55286 9.29585 1255.1 2112 69732 1 0 1
858.754 -3866.55 -5500 -0.33222 0.089608 -1.17221 7276.96 2112 69738 1 0 1
2512.15 3234.93 -5500 -1.99699 2.61837 -3.15819 2693.33 2112 69941 1 0 1
4898.35 -3067.46 5500 0.447966 -0.56232 1.04546 7809.66 2112 69997 1 0 1
-5398.06 1613.37 5500 -0.155748 0.0225053 0.167618 788.785 22 70031 1029 1 1
-1525.89 201.069 5500 -0.158444 0.68967 0.636935 9605.48 22 70072 1061 1 1
-1412.24 -447.192 5500 -0.305789 -0.607913 3.60427 9604.62 22 70072 1086 1 1
-4089.31 -3526.04 -5500 -3.51342 -8.36188 -7.98671 1099.57 2112 70114 1 0 1
2237.28 842.09 5500 0.641695 -0.646481 2.27652 1626.58 2112 70327 1 0 1
1057.23 317.264 -5500 2.57876 3.31171 -4.20004 1880.78 2112 70337 1 0 1
-1318.15 3056.14 -5500 -0.254545 21.6669 -37.4887 467.687 2112 70390 1 0 1
2211.83 -2281.06 -5500 -0.0911072 -0.236821 -0.372047 10158.6 2112 70417 1 0 1
-22.4407 -1443.63 5500 0.0927156 -0.146308 0.253053 5341.23 2112 70439 1 0 1
-127.217 4070.95 -5500 0.204917 0.464645 -0.403148 9995.99 2112 70529 1 0 1
57.9751 1981.93 -5500 0.330268 0.506138 -0.284654 6278.69 2112 70855 1 0 1
4721.44 2277.18 -5500 23.3471 -7.30819 -29.4906 621.662 2112 70861 1 0 1
-1001.56 -3432.97 5500 -2.13039 -11.0378 17.8681 1083.15 2112 70898 1 0 1
3180.39 2255.23 -5500 2.42982 -10.3961 -34.185 599.876 2112 71222 1 0 1
-441.758 784.242 5500 -2.64083 1.8104 34.5762 414.798 2112 71349 1 0 1
3829.84 2184.21 5500 0.291698 0.130142 0.688258 8552.58 2112 71601 1 0 1
1096.2 -1724.54 5500 0.349237 0.0508482 0.437801 4873.83 2112 71605 1 0 1
1459.12 -767.693 -5500 0.452858 -0.183493 -0.400495 3916.78 2112 71616 1 0 1
2319.52 -661.708 -5500 7.33707 -5.83549 -6.95555 654.568 2112 71675 1 0 1
1394.85 3527.26 5500 16.1261 19.7259 19.8097 538.848 2112 71692 1 0 1
2011.29 -158.149 -5500 -0.184703 0.00858221 -0.242215 3057.29 22 71712 1052 1 1
-759.962 3236.42 -5500 -15.1941 22.4595 -19.3587 538.022 2112 71751 1 0 1
2436.29 -655.754 -5500 0.0784043 -0.0978003 -0.226863 6933.92 22 71914 1063 1 1
1333.01 2791.62 5500 -0.145267 -0.0168905 0.570199 9273.96 2112 71924 1 0 1
-2049.57 -2448.57 -5500 -1.03093 -2.27138 -4.42009 1113.5 2112 72066 1 0 1
171.262 -715.003 5500 1.88048 -6.59913 2.35879 903.491 2112 72113 1 0 1
-1181.28 5157.8 -5500 -0.00640146 0.267393 -0.158653 407.721 22 72191 1057 1 1
2377.89 2351.1 -5500 10.8428 -3.44651 -13.9644 1275.24 2112 72309 1 0 1
-3893.95 -1258.37 5500 -0.722353 -3.62216 2.90814 2191.59 2112 72371 1 0 1
2554.84 -1173.99 5500 12.9925 3.47993 8.34299 659.969 2112 72489 1 0 1
3119.73 -2102.41 5500 0.107308 -0.0487391 0.768859 7529.59 2112 72583 1 0 1
2463.79 -2500.13 -5500 2.15904 -4.35206 -6.8738 892.454 2112 72628 1 0 1
-4575.53 -3094.35 -5500 -3.1444 -3.17007 -15.09 1049.09 2112 72829 1 0 1
-2740.52 -3486.75 -5500 0.140443 -0.398654 -0.836391 8536.49 2112 72883 1 0 1
2227.83 2858.88 5500 6.1425 3.09906 10.2953 773.068 2112 72940 1 0 1
1183.35 3696.07 5500 0.345022 0.947636 0.414384 32484.7 22 73023 1084 1 1
-1634.81 3377.94 5500 -1.12809 1.68392 4.98682 1289.28 2112 73093 1 0 1
880.348 -1009.53 -5500 -0.01193 -0.214559 -0.231015 8137.48 2112 73203 1 0 1
-2774.91 1118.64 -5500 -0.811049 -1.58706 -2.44344 2076.45 2112 73207 1 0 1
-1861.16 -2989.13 -5500 0.0170826 -0.0957275 -0.138925 2877.09 22 73429 1003 1 1
-347.082 1303.6 5500 -9.32103 4.96509 25.6946 458.304 2112 73650 1 0 1
258.073 -452.41 -5500 -0.839394 -0.422815 -1.98141 12621.4 22 73664 1034 1 1
2254.33 4626.89 5500 14.1837 1.88687 18.7558 828.22 2112 74195 1 0 1
-408.664 494.733 -5500 -0.731746 0.207226 -2.08891 6593.53 22 74223 1005 1 1
2227.99 387.814 5500 0.109911 -0.0664969 0.335406 7407.83 2112 74463 1 0 1
1506.64 -2216.89 -5500 0.422841 -2.87638 -0.657674 2384.38 2112 74627 1 0 1
-2036.36 404.277 -5500 -0.0587882 -0.129782 -0.0750247 1156.67 22 74736 1087 1 1
-1558.71 2475.18 -5500 -0.299647 2.09263 -1.82143 1155.05 22 74736 1110 1 1
966.959 -1557.66 5500 -4.98888 -3.21699 3.15518 1130.71 2112 74824 1 0 1
-143.036 -3889.59 -5500 -0.143347 -0.440485 -0.716701 13337.6 22 75056 1006 1 1
-2068.51 -105.434 -5500 -25.9988 13.2936 -24.0213 455.347 2112 75136 1 0 1
1836.51 665.476 5500 -0.0480752 -0.031723 0.415633 2801.21 22 75393 1050 1 1
1378.61 473.505 5500 1.68716 1.44012 2.21164 1065.36 2112 75751 1 0 1
3011.88 -4058.01 -5500 -0.117726 -0.130614 -0.413658 2491.57 22 75757 1004 1 1
5146.97 2748.25 -5500 10.5812 2.90645 -9.28234 1031.44 2112 75786 1 0 1
2781.59 1.93924 5500 0.121611 0.0650489 0.22647 113223 22 75809 1004 1 1
-3607.38 -3533.51 -5500 -22.7353 -24.3365 -19.5341 574.815 2112 75846 1 0 1
-2775.2 4866.05 5500 -22.276 24.5877 18.3245 618.443 2112 76027 1 0 1
2915.43 725.302 5500 0.0745305 -0.226292 0.261887 11621.4 22 76098 1078 1 1
-4977.88 -3202.36 5500 -1.89311 -16.5235 15.0725 1015.08 2112 76191 1 0 1
-3904.53 4280.45 5500 -0.127211 0.128708 0.272693 10450.1 22 76241 1102 1 1
3683.89 -3577.95 -5500 0.0661654 -0.0921803 -0.0620287 7440.36 22 76242 1053 1 1
684.995 -125.817 5500 0.0246809 -0.200986 0.344693 3402.63 2112 76409 1 0 1
-3559.09 -2651.76 5500 -2.587 2.81037 7.08843 2681.06 2112 76501 1 0 1
-3066.19 -1733.78 -5500 -0.250914 -1.51421 -5.28538 2678.1 2112 76580 1 0 1
368.298 -709.359 -5500 0.254433 0.277343 -0.197835 6719.3 2112 76620 1 0 1
4872.98 -2273.9 5500 0.164525 0.00613814 0.149949 524.087 22 76644 1078 1075 1
-157.192 990.56 -5500 0.11722 0.0356596 -0.132895 9043.06 2112 76783 1 0 1
-962.985 -203.87 -5500 0.0436667 0.0866883 -0.254328 5619.72 2112 76859 1 0 1
-2380.78 3520.95 -5500 -0.0760727 0.0167629 -0.0398896 7770.99 22 76945 1046 1 1
-668.02 2763.66 -5500 -0.70324 -0.484449 -1.62791 7766.24 22 76945 1057 1 1
-873.825 -1586.67 5500 -0.0110926 0.0382893 0.0912413 13847.9 22 76975 1137 1 1
5444.36 -1526.62 5500 1.75716 1.84204 8.85355 2771.57 2112 77117 1 0 1
-538.206 -475.26 -5500 5.87196 3.15273 -38.6617 409.51 2112 77142 1 0 1
-4571.47 -2679.09 5500 -0.724909 0.186255 1.94449 5199.21 2112 77183 1 0 1
-2414.62 -1806.11 -5500 -0.261748 0.00147969 -0.418267 9010.58 2112 77353 1 0 1
-4921.81 325.522 5500 -0.747481 0.202487 0.855425 6530.76 2112 77411 1 0 1
-1810.04 316.39 5500 0.000372049 0.113378 0.384964 6317.4 2112 77769 1 0 1
1873.68 1072.04 5500 0.0513703 0.000819148 0.0224894 2806.2 22 77846 1080 1077 1
2331.3 4334.13 5500 -2.79137 4.76365 9.11218 1995.64 2112 77872 1 0 1
-3957.52 1469.97 5500 -0.0818888 -0.0985561 1.43924 5621.86 2112 78098 1 0 1
453.692 -1127.21 5500 -1.01633 1.00499 2.68284 1092.44 2112 78171 1 0 1
-2228.97 -985.149 -5500 0.0733282 -0.685649 -1.4716 2931.97 2112 78485 1 0 1
4531.68 -2082 -5500 0.734667 -0.29569 -1.70791 4276.36 2112 78585 1 0 1
4188.25 -5319.44 -5500 7.43154 -4.01921 -3.99162 1794.35 2112 78660 1 0 1
406.783 1730.28 -5500 -0.168351 0.0361596 -1.77106 1629.2 2112 78770 1 0 1
3657.11 -851.05 -5500 5.96092 0.991916 -4.80361 1849.12 2112 78830 1 0 1
155.766 993.966 -5500 0.111729 0.195907 -0.190865 5705.41 2112 78932 1 0 1
-1610.52 2409.77 -5500 -0.0427562 0.173248 -0.344339 9078.3 2112 79021 1 0 1
-2933.85 2400.28 5500 -4.0489 3.40119 2.78695 1273.14 2112 79191 1 0 1
831.481 -3611.66 5500 -2.83568 1.47652 14.3928 841.999 2112 79214 1 0 1
-368.514 -1745.66 -5500 -15.3675 2.17514 -32.3152 443.614 2112 79265 1 0 1
781.959 -2311.04 5500 -5.85275 9.89753 35.4592 479.963 2112 79324 1 0 1
-58.5304 -2381.9 5500 -0.370265 0.10827 2.26576 21772 22 79342 1065 1 1
-227.73 1450.62 5500 2.83465 1.78453 2.55893 594.142 22 79372 1080 1 1
945.871 -181.31 -5500 2.19491 0.533216 -5.11646 603.647 2112 79533 1 0 1
1187.95 388.93 5500 4.81939 -1.39406 4.4618 692.089 2112 79731 1 0 1
664.239 -941.955 5500 -14.7103 -6.56513 30.9783 428.458 2112 79865 1 0 1
1469.21 4328.26 5500 1.13598 0.758843 2.00056 5890.14 22 80019 1101 1 1
2503.35 1440.2 5500 1.56973 1.45918 0.78829 2041.47 22 80107 1074 1 1
-1073.79 4270.31 5500 8.76437 14.3298 5.97736 1080.47 2112 80297 1 0 1
25.1887 -3694.15 5500 -7.65167 -5.67888 6.25152 1032.9 2112 80487 1 0 1
136.086 -4071.31 -5500 -0.0114305 -0.186799 -0.17168 7725.97 22 80518 1044 1040 1
-3375.61 -30.2338 5500 -0.00454018 -0.0678594 1.37601 14587.1 22 80634 1004 1 1
-4807.84 -4807.42 5500 -2.86969 -3.21599 4.20421 2302.78 2112 80657 1 0 1
3001.41 59.5432 5500 12.0237 2.9789 5.99279 713.627 2112 80790 1 0 1
3782.31 3314.91 5500 6.25684 4.21514 35.4934 647.492 2112 80811 1 0 1
-2242.67 -1983.73 5500 -0.14855 0.0713916 0.875888 5408.76 22 80833 1070 1 1
-1034.21 -389.038 5500 0.497284 -3.40848 3.0373 817.186 2112 80968 1 0 1
-3466.3 1562.26 -5500 -6.06125 6.49783 -7.28459 827.997 2112 80979 1 0 1
-1929.81 1249.28 -5500 -0.0249537 0.0214745 -0.0643225 9536.04 22 80992 1005 1 1
3839.83 1672.56 5500 0.0550984 -0.0684245 0.127184 8465.6 22 81063 1004 1 1
-3476.08 488.873 5500 -0.581599 -0.991631 1.65319 4015.31 2112 81085 1 0 1
4213.53 -3578.43 -5500 1.1835 -3.25419 -2.67698 3664.21 2112 81145 1 0 1
1367.77 1985.59 5500 0.0258431 0.110945 0.0511833 5793.75 22 81664 1004 1 1
4649.73 -2177.46 5500 7.90623 3.39994 20.7944 825.92 2112 81708 1 0 1
-11.7325 -742.285 -5500 2.97117 -4.61205 -3.34003 3545.99 22 81772 1058 1 1
2204.69 -798.235 -5500 -0.194589 -1.3025 -1.79104 2783.02 22 81945 1003 1 1
4977.01 257.179 5500 0.0234177 0.0335032 0.0993295 12966.2 22 81985 1005 1 1
3371.91 -240.267 5500 7.15045 0.310194 6.74575 825.132 2112 81987 1 0 1
2445.18 -1552.33 -5500 1.83692 -1.27505 -6.18388 880.39 2112 82004 1 0 1
-415.496 648.845 5500 0.587831 -0.677735 1.49592 1249.49 2112 82183 1 0 1
1254.2 -3444.7 -5500 -0.52556 -0.302822 -0.720264 8634.57 2112 82329 1 0 1
-2000.44 2756.76 -5500 -0.17958 0.137612 -0.629074 6686.67 2112 82363 1 0 1
2697.42 -3977.49 5500 0.00199935 -0.0791602 0.0601114 9149.26 22 82445 1006 1 1
4672.89 2456.62 5500 7.47543 15.2029 29.6247 637.316 2112 82568 1 0 1
1711.11 1672.25 5500 6.19337 17.2156 6.37128 618.68 2112 82636 1 0 1
262.421 -1107.48 -5500 0.508819 -1.24653 -0.783791 1105.73 22 82828 1045 1 1
-4430.57 -5209.64 5500 -1.62159 -3.29609 9.492 1868 2112 82834 1 0 1
-1765.58 -532.373 5500 -0.26343 -1.61235 1.65355 1440.01 2112 82888 1 0 1
-2084.73 2446.06 5500 0.384541 1.33798 1.59742 2531.5 2112 83023 1 0 1
-1720.32 3777.76 5500 0.0613606 -0.102869 3.00459 3950.55 2112 83300 1 0 1
4176.89 -1045.25 -5500 17.0201 12.0454 -37.3331 531.058 2112 83315 1 0 1
4827.53 1879.75 5500 0.0901043 -0.0349147 0.125084 4596.73 22 83373 1037 1 1
5010.74 2407.88 5500 2.97634 -0.194683 3.87712 4596.68 22 83373 1050 1 1
3985.1 -3815.51 5500 -0.3706 -1.04883 1.71697 7705.72 2112 83403 1 0 1
2218.32 3121.76 -5500 0.0551845 3.52163 -6.50509 1093.11 2112 83476 1 0 1
3230.01 2993.64 -5500 0.0448356 0.456709 -0.760006 73767.6 22 83546 1005 1 1
5043.2 -278.476 5500 22.9169 7.99704 25.3249 600.016 2112 83660 1 0 1
1870.32 1335.41 5500 0.0501206 -0.0758345 0.0575955 73212.2 22 83677 1006 1 1
-4158.85 4526.15 5500 -2.20596 0.394019 3.39292 3269.4 2112 83815 1 0 1
3650.51 210.682 5500 -0.0192338 0.00434326 0.101446 1959.85 22 83818 1060 1 1
4453.85 1635.99 5500 0.039842 0.150316 0.210764 1961.37 22 83818 1064 1 1
4839.62 -3184.45 5500 0.111167 -0.467528 0.299666 1965.95 22 83818 1065 1 1
4996.84 -1165.73 5500 0.033321 -0.0442632 0.0690737 1961.93 22 83818 1093 1 1
-2886.58 2441.76 -5500 0.363793 0.604025 -1.23084 14118.9 22 83842 1051 1 1
-2132.78 -746.99 -5500 -12.9555 -9.6341 -29.2891 1239.78 2112 83877 1 0 1
4740.15 -2402.19 5500 0.49585 -0.0987849 0.782576 9357.37 2112 83962 1 0 1
-1698.39 -4911.02 5500 -0.756146 -1.73669 1.39335 6102.09 22 84246 1067 1 1
3357.44 -5031.3 -5500 -2.49075 -11.788 -25.9639 855.981 2112 84248 1 0 1
-2229.2 554.067 -5500 0.791809 -0.697593 -1.78589 2354.16 2112 84334 1 0 1
3818.55 3925.74 5500 7.65674 7.14824 21.2462 773.51 2112 84446 1 0 1
4168.34 109.122 5500 0.461909 0.145325 0.302089 12514.1 22 84455 1086 1 1
208.606 -496.8 -5500 -0.55259 -0.489031 -1.43554 13518 22 84517 1091 1 1
-1085.18 -851.945 -5500 -0.206994 -0.126623 -0.117853 9722.04 2112 84528 1 0 1
-4764.61 4291.68 5500 -1.09663 2.37637 1.81408 4242.6 2112 84584 1 0 1
-1068.89 -1568.84 5500 0.0613002 -0.502355 0.613982 7831.1 22 84651 1059 1 1
1022.08 -1086.8 5500 -0.734938 1.5364 35.1293 1236.68 2112 84693 1 0 1
4119.98 1793.97 -5500 0.796694 0.444955 -0.739297 6362.12 2112 84700 1 0 1
-4142.05 3314.52 -5500 -7.95633 -4.2185 -11.2187 1440.05 2112 84836 1 0 1
-3368.7 437.281 5500 -0.67194 0.958759 2.588 1949.16 2112 84926 1 0 1
4479.09 -1163.21 5500 0.361934 -9.56791 11.8627 1166.78 2112 84989 1 0 1
-4893.66 -3002.41 5500 -0.133483 -0.0179867 0.0397485 564.057 22 85019 1069 1 1
-4092.94 5270.41 -5500 -0.00954202 0.124891 -0.277868 5733.25 22 85062 1050 1 1
717.099 2748.54 -5500 -1.03466 -0.280003 -2.84655 2444.7 2112 85336 1 0 1
609.451 -1685.24 5500 -22.7109 -9.05353 13.4159 547.697 2112 85368 1 0 1
665.391 3996.2 5500 0.739865 2.40254 7.68325 1058.45 2112 85381 1 0 1
-1572.78 -5133.52 -5500 -2.10762 -3.63816 -3.96018 1759.08 2112 85448 1 0 1
3933.34 3281.14 5500 0.00824605 0.0453852 0.113678 10225.8 22 85679 1004 1 1
-1355.11 -939.555 5500 0.210898 -0.0651578 1.98241 2107.07 2112 85794 1 0 1
-1789.19 1113.17 -5500 -1.81803 0.121118 -2.64718 1330.74 22 85987 1056 1 1
3707.61 -3455.72 -5500 1.21584 -0.961667 -0.460483 5283.47 22 86048 1092 1 1
4092.56 218.69 -5500 22.0408 5.51208 -22.9644 546.475 2112 86206 1 0 1
922.159 4021.23 5500 0.0888925 0.267076 0.589266 8660.54 2112 86303 1 0 1
2945.42 3289.66 -5500 0.926723 2.18733 -3.21969 2006.03 2112 86396 1 0 1
65.3832 3511.94 -5500 -12.219 1.72365 -20.9345 633.203 2112 86514 1 0 1
3737.27 -1920.81 -5500 0.554999 0.19682 -0.614689 8112.5 2112 86515 1 0 1
-2120.67 -2642.16 -5500 -19.9274 -26.4634 -19.8881 499.705 2112 86536 1 0 1
4199.95 -1993.26 5500 0.0627753 -0.0628563 0.188094 13611.5 22 86543 1040 1 1
5279.93 2472.3 5500 0.975339 2.05034 1.03029 13618.5 22 86543 1058 1 1
-4130.01 0.60588 -5500 -2.02274 -2.0666 -1.88733 2620.54 2112 86632 1 0 1
-377.154 2246.03 5500 -0.140556 -0.17702 0.355152 9740.13 2112 86748 1 0 1
455.402 2591.67 5500 -0.126888 0.016799 0.396424 8159.26 2112 86846 1 0 1
327.533 -4017.26 5500 0.512293 0.329297 3.87245 3916.44 2112 86877 1 0 1
269.043 3561.91 -5500 -0.486912 6.81848 -7.14079 865.469 2112 87030 1 0 1
288.816 -459.195 5500 0.224092 -1.53509 0.714073 1546.82 2112 87078 1 0 1
3798.48 148.586 -5500 0.212108 0.109068 -0.571096 8578.91 2112 87139 1 0 1
472.398 -3712.63 5500 -0.210875 -0.0235805 0.260949 13071.9 11 87174 1008 1006 1
-1083.32 -682.5 5500 -4.48352 11.2316 9.8768 2504.23 2112 87309 1 0 1
1717.31 577.888 -5500 0.305725 -0.291785 -0.256595 7266.08 2112 87366 1 0 1
-4575.4 5160.75 -5500 -10.321 19.9616 -2.25182 1205.86 2112 87379 1 0 1
4250.81 -4323.48 -5500 0.594799 -0.754593 -0.678532 8458.43 2112 87427 1 0 1
491.551 -393.556 -5500 7.75669 11.325 -10.6951 1311.77 2112 87589 1 0 1
-1122.44 -1417.27 -5500 -9.57802 2.09486 -4.14795 801.202 2112 87598 1 0 1
2008.71 1359.67 5500 0.297036 0.0707796 0.299676 7172.14 2112 87603 1 0 1
-310.167 -1050.47 -5500 1.76165 0.0829716 -1.24919 1498.26 2112 87948 1 0 1
855.164 1510.92 5500 4.16927 -1.00108 3.55357 877.225 2112 88031 1 0 1
286.159 -3759.42 5500 0.906642 -1.0059 0.960638 1775.29 22 88044 1004 1 1
3292.36 -3156.07 5500 -0.846293 -10.6829 10.5224 939.048 2112 88045 1 0 1
5276.28 828.491 -5500 4.6418 -2.38092 -7.90414 1346.97 2112 88135 1 0 1
429.415 118.089 -5500 -0.0207415 0.0676163 -0.0958256 11461.7 2112 88147 1 0 1
1653.14 2880.76 5500 0.11333 -0.0268822 0.113892 15584.1 22 88197 1067 1 1
354.217 1662.03 -5500 0.1206 0.00803391 -0.135949 15549.8 22 88197 1072 1 1
250.497 -4071.2 -5500 0.0442899 -0.434444 -1.33646 428.424 22 88253 1044 1004 1
4835.59 2950.84 5500 10.1462 3.88935 22.1398 770.027 2112 88306 1 0 1
-676.864 3281.5 5500 0.116621 0.355766 1.17266 3794.5 2112 88375 1 0 1
-1023.37 819.581 -5500 -3.00206 1.93761 -6.51459 4610.19 22 88447 1048 1 1
-2155.98 -3402.64 5500 -1.62908 -2.15143 3.52966 2252.32 2112 88605 1 0 1
2625.03 -2322.96 -5500 2.42623 -1.19728 -3.17559 5499.78 22 88780 1096 1 1
-2542.97 -3969.77 5500 -0.4313 -4.43433 17.0865 826.885 2112 88890 1 0 1
3654.84 -974.285 5500 0.0682039 -0.0857991 0.519548 10436.6 2112 88926 1 0 1
1365.05 113.827 -5500 -0.335673 -0.108148 -0.369794 2095.73 22 88936 1094 1069 1
5389.71 -2402.55 -5500 0.572265 0.133336 -1.10311 2163.54 22 89154 1004 1 1
-2888.56 1367.21 -5500 0.115091 0.14918 -0.295394 1854.5 22 89326 1066 1 1
-4051.03 -3484.33 5500 -0.0207687 -0.0071207 0.111303 3357.18 22 89446 1063 1 1
-826.518 398.844 5500 -1.6743 1.16396 0.885354 12688.2 22 89507 1004 1 1
2893.59 473.537 -5500 0.151812 1.29982 -1.82284 15630.4 22 89517 1060 1 1
417.851 -349.621 5500 0.433832 -0.145914 0.300786 3456.83 2112 89570 1 0 1
434.734 -3659.29 5500 0.0909864 -0.155754 0.181557 434.036 22 89739 1085 1 1
-54.1829 315.708 5500 0.124844 -0.0195537 0.10394 9479.5 2112 89760 1 0 1
3080.34 -1040.7 -5500 8.50155 -7.56663 -3.73507 904.765 2112 89836 1 0 1
-2478.98 -621.463 5500 -6.96057 -0.554349 4.29106 831.212 2112 89899 1 0 1
521.325 -381.121 5500 -16.6362 -0.449466 26.1027 904.249 2112 89906 1 0 1
-1238.62 -2807.56 5500 -0.1009 -0.519486 2.03104 2111.34 2112 90318 1 0 1
-156.39 -3877.16 5500 -0.696885 -0.90851 0.557349 5707.44 2112 90385 1 0 1
3713.07 679.018 -5500 3.53379 0.0722684 -5.89822 1658.8 22 90532 1061 1 1
-3787.46 -2600.99 5500 5.19831 -18.7818 27.558 689.809 2112 90554 1 0 1
2612.72 1638.73 -5500 -0.00350168 1.92515 -1.47763 2459.28 2112 90635 1 0 1
207.796 -2066.26 -5500 0.0609218 -0.0774393 -0.815763 8770.81 22 90636 1075 1 1
-2867.12 -893.826 -5500 -2.5206 -0.302914 -1.92731 1736.27 2112 90685 1 0 1
4577.64 -1575.57 5500 0.00872658 -0.0821177 0.305563 31246.6 22 90742 1025 1 1
5251.02 -922.82 5500 0.364596 -0.0825357 1.18991 31246.8 22 90742 1030 1 1
-4646.16 -1228.26 5500 -1.05183 1.74924 8.57508 1551.49 2112 90847 1 0 1
2194.98 4089.55 -5500 0.545841 0.201897 -2.10843 4257.09 2112 90924 1 0 1
-2335.37 2388.02 5500 -1.01531 -0.522261 1.68668 2060.38 22 91075 1052 1 1
3213.37 3083.09 -5500 0.774203 0.989964 -1.92898 2997.27 2112 91121 1 0 1
-3398.51 712.933 5500 0.534878 0.351068 1.5676 6829.77 2112 91205 1 0 1
3176.78 534.088 -5500 11.6421 -4.47757 -30.7735 514.544 2112 91495 1 0 1
-1200.38 3704.11 5500 0.0657315 0.233811 1.24184 11968.5 22 91605 1035 1 1
3430.63 2850.3 -5500 -0.45904 0.314271 -1.71743 6900.63 2112 91735 1 0 1
-1418.22 -4983.63 -5500 -5.05713 -9.01629 -28.0823 674.757 2112 91856 1 0 1
-1073.51 2632.16 5500 -22.8522 -4.33768 25.6186 515.711 2112 91886 1 0 1
-412.297 -1439.78 -5500 0.181306 -0.0373208 -0.126588 1856.13 22 91887 1073 1 1
4439.18 -905.551 5500 0.253501 0.0865289 0.193862 12019.1 22 91920 1005 1 1
668.751 -2533.22 -5500 1.20045 -0.494712 -1.80448 22751.7 22 91922 1005 1 1
3487.36 2827.97 -5500 -0.472459 0.796017 -1.49547 9800.29 22 92037 1005 1 1
915.471 -2541.94 -5500 -0.114175 -0.102329 -0.367125 9774.89 2112 92164 1 0 1
-64.3763 279.769 -5500 0.37824 -1.2697 -25.4999 427.017 2112 92219 1 0 1
2285.77 -514.361 -5500 -0.834256 -2.22748 -3.64188 1321.94 2112 92290 1 0 1
-1979.96 -4223 5500 -0.137582 0.0104235 0.590246 5619.66 22 92439 1054 1 1
343.018 5.70733 5500 2.05325 -0.705428 10.5909 522.02 2112 92499 1 0 1
1785.04 -1930.14 5500 0.0492428 0.0224075 0.0595812 8107.91 22 92567 1004 1 1
82.1621 338.807 -5500 -1.47001 -16.0702 -37.5015 405.165 2112 92689 1 0 1
-3434.58 -318.812 -5500 0.0363939 -0.0145644 -0.579213 10276.1 2112 92848 1 0 1
3429.79 1022.22 5500 2.89171 -1.105 4.98223 1838.95 22 93162 1095 1 1
3107.71 -3844.95 5500 0.293526 0.0804844 0.474606 3899.66 22 93202 1046 1 1
-5106.79 778.241 -5500 -0.0541406 0.0285424 -0.0813674 406.171 22 93205 1003 1 1
-2760.3 -3477.71 5500 -0.27317 -0.555888 0.341364 9793.07 2112 93319 1 0 1
1283.73 -2352.71 5500 -0.0772968 -0.0146997 0.619268 3904.29 22 93355 1055 1 1
3279.7 -1221.13 -5500 -0.964064 0.836165 -4.88133 4253.31 22 93357 1074 1 1
-1245.99 2575.96 5500 -0.286108 0.196239 1.013 14675.6 22 93369 1098 1 1
-3603.02 -1483.15 5500 -0.524873 -1.40559 0.476222 8987.12 2112 93464 1 0 1
2597.79 -2769.14 5500 3.3331 -1.11996 2.11778 1185.79 22 93508 1086 1 1
22.8237 -1914.7 -5500 0.297852 -1.43934 -6.34699 678.805 2112 93568 1 0 1
1262.19 -712.721 5500 3.60687 -8.0268 17.7434 463.884 2112 93707 1 0 1
-708.906 5039.77 5500 0.0561465 0.15632 0.0928047 4080.97 22 93762 1036 1035 1
1413.49 722.743 -5500 5.90834 2.51047 -3.55001 719.283 2112 93806 1 0 1
4942.14 1283.06 -5500 0.609585 -0.808839 -1.47093 7864.75 2112 93809 1 0 1
1039.09 1722.66 5500 -0.908026 1.06329 4.26186 1667.13 2112 93866 1 0 1
-2784.22 -634.675 -5500 -2.20907 1.95696 -11.0851 1154.26 2112 93870 1 0 1
4922.31 -4438.1 -5500 0.208109 -0.583911 -1.66286 9043.3 2112 93927 1 0 1
-5387.91 -360.994 -5500 -19.7243 2.55013 -25.1735 631.014 2112 94057 1 0 1
-5058.38 -2673.46 -5500 -0.613914 -2.53572 -3.14263 3210.79 2112 94152 1 0 1
3329.99 3196.13 5500 0.451647 0.18622 1.01582 6564.54 2112 94192 1 0 1
-2303.98 2696.65 5500 -0.456767 0.16178 0.625531 418.27 22 94247 1052 1 1
4553.09 4374.83 5500 7.69266 25.1782 23.0089 700.707 2112 94458 1 0 1
2068.33 780.953 -5500 -5.08849 -0.211947 -6.4892 1029.13 2112 94462 1 0 1
-2730.69 1225.23 -5500 -0.309094 10.5619 -10.7465 681.449 2112 94527 1 0 1
2898.96 -4410.81 -5500 -0.572328 -1.16028 -1.80773 1748.19 22 94748 1005 1 1
2587.15 3579.37 -5500 11.0524 6.56612 -21.6957 633.234 2112 94752 1 0 1
2793.47 3360.03 5500 12.3269 29.2722 21.386 550.317 2112 94764 1 0 1
1256.11 3559.84 -5500 -4.87424 12.217 -12.6122 697.768 2112 94788 1 0 1
-115.274 -3291.72 5500 0.0540795 -0.859591 1.19115 3019.85 2112 94819 1 0 1
-113.16 -1600.57 5500 2.38969 2.10717 3.71432 1096.2 22 95055 1058 1 1
-1868.12 -333.332 5500 1.17472 0.488629 1.63612 2161.33 2112 95100 1 0 1
4394.1 -2205.29 5500 0.521237 -0.496486 0.433472 9199.18 2112 95114 1 0 1
-474.885 1978.31 -5500 -0.0140567 9.0081 -11.899 564.359 2112 95172 1 0 1
-692.268 -2182.57 -5500 -0.596664 -0.446676 -0.441221 4361.43 2112 95191 1 0 1
4100.71 3381 -5500 -0.295224 1.38146 -1.53928 6965.61 2112 95328 1 0 1
-616.114 684.894 5500 -0.60743 0.235384 0.464885 3175.58 2112 95493 1 0 1
5426.56 675.789 -5500 5.22723 2.65653 -8.51486 2020.53 2112 95520 1 0 1
-5057.54 3515.71 5500 -2.20135 0.534398 1.07019 5699.22 2112 95689 1 0 1
4584.15 -345.307 5500 25.1628 -5.90358 24.1575 2142.23 2112 95874 1 0 1
4978.32 605.909 -5500 1.57173 2.29039 -2.81652 405.869 22 95971 1037 1 1
-3048.59 3733.74 -5500 -0.807067 1.06515 -0.670757 15771.8 22 95982 1093 1 1
1783.46 3806.16 5500 1.92023 6.18316 9.89025 849.224 2112 96042 1 0 1
-1564.09 -467.037 5500 6.47205 5.65023 32.3749 443.995 2112 96052 1 0 1
-903.647 -2287.98 -5500 0.0219438 -0.107379 -0.0585581 1219.37 22 96144 1057 1 1
-1363.84 -2914.71 5500 -9.68221 -17.1818 17.3019 1064.11 2112 96235 1 0 1
-4464.43 4314.14 -5500 0.403472 8.79274 -13.5899 1243.28 2112 96375 1 0 1
-498.024 -4863.68 5500 0.189319 -1.45364 6.6363 1652.35 2112 96395 1 0 1
5028.92 2178.31 5500 0.636677 0.468673 0.388726 3243.36 22 96660 1039 1 1
-577.353 1948.94 5500 -0.179467 0.14389 0.223 9982 2112 96670 1 0 1
-1847.87 2742.93 5500 -10.7099 11.0511 39.3474 468.407 2112 96784 1 0 1
-1917.58 1391.14 -5500 6.38739 1.45492 -15.6842 582.237 2112 96863 1 0 1
821.582 3241.64 -5500 0.333532 -0.180584 -0.471914 8195.3 22 96978 1045 1044 1
-924.453 -3748.01 5500 0.278196 -0.273 0.52373 9424.03 2112 97130 1 0 1
1012.01 48.2663 -5500 0.374667 -0.153164 -1.40841 2505.35 22 97150 1036 1 1
-3282.15 1127.28 -5500 -5.29014 24.6643 -33.8864 498.481 2112 97535 1 0 1
-4077.25 -2311.43 5500 -4.6502 -3.69536 16.1929 786.322 2112 97660 1 0 1
1736.86 -2610.16 -5500 18.9414 6.86422 -14.3144 687.495 2112 97668 1 0 1
5088.27 2353.29 -5500 8.45327 4.9776 -14.036 893.271 2112 97724 1 0 1
2339.38 -2510.74 -5500 15.1354 -30.2128 -22.8055 489.732 2112 97728 1 0 1
-2146.2 2493.32 5500 3.01859 -8.32694 20.2465 778.508 2112 97740 1 0 1
1093.56 -720.423 5500 0.018774 0.0300816 0.191331 8951.22 2112 97766 1 0 1
-3878.12 -309.492 5500 -2.20627 -2.8337 6.8834 7546.47 22 97809 1063 1 1
-3447.59 4962.11 5500 -1.01341 0.471116 0.818979 11320.1 22 97820 1013 1 1
-4815.69 -3205.1 -5500 -4.616 -7.71309 -14.761 991.905 2112 97828 1 0 1
-646.393 2368.35 5500 -0.16814 0.196023 1.15066 2673.11 2112 97970 1 0 1
3240.95 995.193 -5500 0.0434741 -0.00186838 -0.0824429 11723.9 22 98060 1032 1 1
4817.44 491.144 -5500 3.50576 -0.888742 -2.02768 11727.2 22 98060 1086 1 1
-201.868 5150.47 5500 -0.168241 0.740503 0.476721 9211.74 2112 98110 1 0 1
3347.44 -3418.89 5500 8.43742 -4.58911 13.7925 818.533 2112 98221 1 0 1
3549.09 -2223.1 5500 -7.47212 -12.9926 33.2411 622.989 2112 98237 1 0 1
-4464.59 5370.66 -5500 -22.9066 22.7814 -11.5764 778.033 2112 98261 1 0 1
-38.199 -1760.75 -5500 0.846984 3.35446 -4.38831 2700.37 22 98264 1072 1 1
4392.46 1329.99 -5500 5.47084 -0.593116 -5.4821 1279.27 2112 98428 1 0 1
2799.34 359.313 -5500 2.02698 -0.244319 -0.879591 12573.5 22 98445 1004 1 1
-2503.66 1170.89 5500 -3.71788 -1.96274 2.86935 1270.99 2112 98481 1 0 1
369.031 -3307.09 -5500 -12.4041 -1.13765 -21.0495 613.942 2112 98533 1 0 1
-2243.38 -2407.71 5500 -4.12961 0.0372351 13.4833 710.038 2112 98771 1 0 1
194.729 2146.56 5500 -0.14408 0.273412 0.49471 4920.99 2112 98803 1 0 1
2225.87 -1074.56 -5500 6.03867 -0.213988 -7.1925 675.074 2112 99091 1 0 1
-2877.61 4493.18 5500 1.51027 4.35337 4.7454 2088.46 2112 99159 1 0 1
-1853.71 -2234.71 -5500 -0.0372412 -1.28755 -1.45275 2709.89 22 99168 1057 1 1
3795.92 4481.73 5500 0.897895 5.16509 1.84099 2715.02 2112 99306 1 0 1
2322.83 3621.83 -5500 -0.0469739 1.66364 -0.983974 1453.16 22 99362 1070 1 1
1534.9 -1545.99 -5500 8.12665 -9.8995 -29.6416 468.28 2112 99527 1 0 1
2277.51 3221.35 5500 1.38294 0.150542 1.00041 25441.3 22 99559 1004 1 1
-71.6207 -3792.62 5500 -0.889658 -1.15988 1.72429 11529.1 22 99614 1075 1 1
3284.88 2253.89 5500 0.501221 -1.07456 3.05551 2943.16 2112 99673 1 0 1
-73.6276 -1771.26 -5500 -3.36494 -7.61113 -34.0819 431.056 2112 99765 1 0 1
-2150 -990.647 5500 -0.138434 0.339912 3.89364 1154.06 2112 99777 1 0 1
-55.2407 -2792.82 5500 -1.6044 0.032222 8.99513 775.993 2112 99830 1 0 1
-1834.07 1196.34 -5500 -0.0497761 0.0459796 -0.0457952 12149.5 22 99950 1057 1 1
-2260.06 153.514 -5500 -4.0103 -2.04832 -2.24085 12150.2 22 99950 1085 1 1
