#BLTrackFile VirtualDetector/Wallx290
#x y z Px Py Pz t PDGid EventID TrackID ParentID Weight
#mm mm mm MeV/c MeV/c MeV/c ns - - - - -
#BLTrackFile VirtualDetector/Wallx290
#x y z Px Py Pz t PDGid EventID TrackID ParentID Weight
#mm mm mm MeV/c MeV/c MeV/c ns - - - - -
5999.9 -645.696 -3775.96 27.1925 -0.50823 -19.7388 702.236 2112 52 1 0 1
5999.9 -1050.19 -599.634 0.168129 -0.0253425 -0.0165969 1294.43 22 119 1032 1 1
5999.9 1363.63 3670.15 0.174633 0.026361 0.0999007 3078.4 22 129 1004 1 1
-5999.9 946.491 1485.15 -30.4388 6.07566 10.9845 616.196 2112 290 1 0 1
5999.9 -4457.22 -875.34 3.5274 -2.61152 -0.884337 5097.84 2112 471 1 0 1
-5999.9 4784.59 1561.49 -0.241587 0.20083 0.0690958 3838.45 22 524 1033 1 1
5999.9 631.3 -2039.46 0.0655574 0.0117898 -0.0288056 7256.44 22 711 1045 1 1
-5999.9 1363.11 -109.976 -3.13254 0.786298 -0.143054 5505.02 2112 716 1 0 1
5999.9 -3746.44 -3096.77 6.49109 -4.27532 -3.53964 2660.26 2112 816 1 0 1
5999.9 -1067.3 4035.68 6.17806 -0.807379 3.55918 3049.01 2112 868 1 0 1
-5999.9 -797.758 1214.19 -0.35643 -0.0867528 0.0694925 1954.98 22 968 1072 1 1
-5999.9 1460.65 -3398.89 -13.1039 3.25966 -6.03188 1455.17 2112 1062 1 0 1
5999.9 437.136 -4078.61 2.207 0.0881858 -1.20534 9200.42 2112 1208 1 0 1
5999.9 -3940.28 598.318 11.9262 -6.78193 1.66494 1680.59 2112 1400 1 0 1
-5999.9 232.636 -3206.09 -0.132007 0.0149441 -0.0568115 1890.79 22 1446 1004 1 1
-5999.9 3157.45 -996.326 -1.06185 0.640691 -0.259132 198198 22 1655 1030 1 1
5999.9 2005.12 -242.7 25.0112 11.1572 0.34542 812.769 2112 1746 1 0 1
-5999.9 -2691.66 -911.056 -2.46604 -1.21078 -0.38672 7493.33 22 1791 1018 1 1
-5999.9 -980.491 3902.75 -0.109351 -0.00521693 0.0660683 686.054 22 1934 1015 1 1
5999.9 -4950.01 4245.97 0.77938 -0.545578 0.505991 690.699 22 1934 1023 1 1
-5999.9 1150.01 -855.013 -0.315617 0.0337502 -0.0476312 12530 22 1978 1008 1006 1
5999.9 -381.197 114.965 16.3067 -1.33016 -0.0203353 1111.91 2112 2190 1 0 1
5999.9 -5096.24 -1773.35 0.860654 -0.753921 -0.311507 3610.35 22 2269 1054 1034 1
5999.9 1987.87 -3691.11 3.32072 0.866839 -1.981 5434.03 2112 2554 1 0 1
5999.9 -780.471 1097.57 0.349446 -0.00958876 0.0665252 4688.1 22 2593 1029 1027 1
-5999.9 -3122.33 3033.7 -4.92571 -3.23079 3.03313 3553.15 2112 2609 1 0 1
-5999.9 2960.35 2377.15 -19.0496 7.5616 5.60581 1112.02 2112 2733 1 0 1
-5999.9 1607.82 4667.73 -0.142182 0.0286535 0.121785 4868.48 22 2735 1042 1 1
-5999.9 -1636.19 1173.04 -0.354024 -0.127237 0.0735271 890.464 22 3084 1003 1 1
5999.9 -620.701 4855.01 1.48231 -0.306834 1.18285 7713.49 22 3168 1042 1 1
5999.9 506.729 -4992.35 1.39534 -0.0313432 -1.10547 7412.95 22 3169 1042 1 1
-5999.9 -438.443 400.311 -29.3024 1.11823 1.11793 662.864 2112 3252 1 0 1
-5999.9 2711.93 1722.41 -3.73599 1.41475 0.861288 5010.77 2112 3279 1 0 1
-5999.9 -106.773 -4584.39 -3.65756 0.077924 -2.93323 4822.56 2112 3487 1 0 1
5999.9 882.352 548.021 1.74303 0.228942 0.0804456 12212.1 22 3514 1005 1 1
5999.9 -4041.72 -4557.21 4.38761 -3.06015 -3.6731 3909.09 2112 3590 1 0 1
5999.9 2653.3 -1085.94 3.91527 1.53671 -0.482413 12083.1 11 3602 1054 1040 1
-5999.9 -491.466 2125.18 -1.31062 -0.0751777 0.344002 3123.18 22 3720 1030 1 1
5999.9 -3339.98 -965.536 3.83519 -2.32369 -0.9433 16641.1 22 3753 1022 1 1
-5999.9 -2040.61 1040.1 -10.9623 -3.92282 1.25378 1607.87 2112 3795 1 0 1
5999.9 -2615.25 1863.36 5.66306 -2.54117 1.35042 3185.25 2112 4061 1 0 1
5999.9 -1951.4 4838.54 20.0067 -4.56631 17.887 964.668 2112 4137 1 0 1
-5999.9 1608.39 1874.54 -0.305809 0.0888047 0.118185 79.4636 22 4210 1032 1 1
-5999.9 653.488 1923.67 -0.320176 0.0529837 0.0862999 24564.5 22 4348 1006 1 1
5999.9 -551.551 -173.391 17.273 -0.910882 0.590366 1125.07 2112 4441 1 0 1
5999.9 671.543 -4308.57 1.83732 0.226453 -1.23086 8722.09 22 4595 1005 1 1
5999.9 5260.97 843.532 28.9757 22.9003 2.10387 749.117 2112 4707 1 0 1
5999.9 -1449.94 -870.895 10.4913 -2.82174 -1.55378 1646.79 2112 4853 1 0 1
-5999.9 716.156 3010.35 -1.09266 0.0498618 0.546231 24217.8 22 4859 1007 1 1
-5999.9 1775.06 2213.87 -0.401242 0.158484 0.183081 107624 22 5032 1007 1006 1
5999.9 936.034 672.361 2.52945 0.318988 0.349034 6725.01 2112 5047 1 0 1
-5999.9 -64.0204 2630.87 -8.87588 0.00436324 4.00275 1964.58 2112 5142 1 0 1
5999.9 5125.3 -647.915 9.36354 6.90075 -1.74438 2156.33 2112 5286 1 0 1
5999.9 2014.99 3202.04 28.6756 9.37108 17.436 644.12 2112 5336 1 0 1
5999.9 -330.766 -1175.58 4.22787 -0.456361 -0.433301 4326.07 2112 5424 1 0 1
-5999.9 -2345.67 5103.84 -0.770406 -0.290662 0.69155 233.041 22 5465 1034 1 1
-5999.9 -1898.9 1580.54 -36.3703 -10.9925 5.01925 586.366 2112 5526 1 0 1
5999.9 -815.703 -1396.9 0.411425 -0.0168914 -0.0825863 5371.22 22 5688 1069 1 1
-5999.9 -1858.2 -4331.68 -1.80852 -0.497537 -1.27806 291.771 22 5788 1019 1 1
5999.9 -3577.13 1655.87 4.50893 -3.30053 1.15601 3871.29 2112 5908 1 0 1
-5999.9 -4556.99 -3130.89 -0.716007 -0.60705 -0.354966 18354 22 5955 1008 1 1
5999.9 545.935 1536.64 3.53898 0.506162 1.07199 11276.7 22 5978 1028 1 1
-5999.9 661.272 4078.08 -1.84954 0.349307 1.18298 2281.48 22 6079 1005 1 1
-5999.9 -2442.6 830.415 -0.592316 -0.225244 0.102988 3621.3 22 6098 1004 1 1
-5999.9 -214.885 605.175 -6.7692 0.522714 0.339272 2761.84 2112 6138 1 0 1
5999.9 20.9023 -5469.03 1.94467 -0.230755 -1.91258 9207.43 2112 6169 1 0 1
5999.9 3039.64 4882.64 4.9882 2.05206 3.62394 3876.7 2112 6196 1 0 1
-5999.9 -4805.37 -5438.63 -22.7789 -17.6794 -21.4464 824.786 2112 6226 1 0 1
-5999.9 -5431.09 1603.79 -0.844071 -0.674687 0.251689 1150.3 22 6324 1004 1 1
5999.9 -2115.37 -1628.33 0.650841 -0.145905 -0.156947 1145.93 22 6324 1006 1 1
5999.9 -3569.28 -2402.5 28.6598 -17.4996 -15.02 662.352 2112 6331 1 0 1
5999.9 3737.78 309.387 0.441334 0.248079 -0.00150671 7645.89 22 6365 1034 1 1
-5999.9 1459.15 1771.76 -14.9947 5.0913 4.18921 1216.67 2112 6581 1 0 1
5999.9 2363.12 2108.33 15.0017 7.15558 4.96356 1178.81 2112 6615 1 0 1
-5999.9 1584.85 -4172.94 -31.834 5.67369 -21.8577 614.221 2112 6623 1 0 1
5999.9 -108.481 730.115 2.03154 0.0615329 0.413077 179.436 22 6725 1011 1 1
5999.9 4152.19 4935.94 5.38616 3.8 4.51173 3235.97 2112 6781 1 0 1
-5999.9 388.214 1325.12 -41.2644 -0.405554 10.9209 464.108 2112 6839 1 0 1
-5999.9 -1886.08 -621.031 -1.17428 -0.28424 -0.0614369 5309.13 22 6892 1021 1 1
5999.9 -3431.79 -2837.36 0.82593 -0.557673 -0.366826 8776.05 22 7088 1005 1 1
5999.9 5326.38 -313.927 18.0928 15.8643 -1.42478 1021.3 2112 7226 1 0 1
5999.9 5470.44 -1641.2 3.0027 2.7914 -0.583345 5992.91 2112 7245 1 0 1
-5999.9 2105.95 -2200.91 -2.13482 0.82819 -0.606507 2751.59 22 7368 1003 1 1
-5999.9 3394.97 2652.07 -5.30436 2.93997 2.74674 3297.93 2112 7409 1 0 1
-5999.9 4794.12 -1947.34 -28.4454 21.8168 -10.8052 671.758 2112 7410 1 0 1
5999.9 -2157 33.98 0.154828 -0.0662258 -0.0153579 5394.97 22 7459 1006 1 1
5999.9 -2377.69 5436.17 0.137591 -0.0675367 0.129618 9830.25 22 7482 1002 1 1
5999.9 -276.082 -1871.27 0.387696 -0.0320643 -0.165625 9824.22 22 7482 1020 1012 1
5999.9 -1669.91 -1941.71 35.6387 -8.80175 -13.6934 526.579 2112 7761 1 0 1
-5999.9 -3540.45 1879.1 -1.23704 -0.856713 0.33542 7022.94 22 7792 1003 1 1
-5999.9 -2704.39 1591.37 -36.4545 -15.696 10.5365 518.078 2112 7811 1 0 1
-5999.9 1539.11 -97.3511 -0.504556 0.121736 -0.0632516 59617.1 22 7913 1036 1 1
-5999.9 -1931.87 -2757.06 -28.8696 -8.5034 -9.58911 720.898 2112 8033 1 0 1
5999.9 1685.55 -2307.19 32.5329 11.6956 -13.4673 572.651 2112 8552 1 0 1
-5999.9 3933.25 571.239 -30.3993 22.3702 3.29429 604.455 2112 8667 1 0 1
-5999.9 2500.89 1911.81 -3.53446 1.7366 1.11882 4751.91 2112 8844 1 0 1
5999.9 -1415.09 -474.537 5.49682 -0.616196 -0.539636 3521.66 2112 8862 1 0 1
5999.9 -4638.26 349.824 0.807114 -0.713766 -0.0181473 3081.81 22 8933 1072 1 1
5999.9 2754.75 4893.44 13.0032 5.97876 11.1153 1393.07 2112 9067 1 0 1
-5999.9 3310.3 -3909.54 -2.41031 1.32607 -1.35927 7512.82 2112 9176 1 0 1
-5999.9 -3900.88 2140.27 -27.7245 -21.5031 9.47942 675.979 2112 9284 1 0 1
5999.9 -3803.21 -2529.24 3.09561 -1.86065 -1.22435 5777.4 2112 9285 1 0 1
5999.9 -4295.04 -1873.17 25.579 -15.214 -7.12339 801.194 2112 9340 1 0 1
-5999.9 418.246 3248.73 -28.8518 4.52378 13.4941 706.059 2112 9343 1 0 1
-5999.9 -3332.61 3125.09 -1.68273 -0.760941 0.998495 2205.2 22 9532 1005 1 1
-5999.9 4109.49 437.796 -3.83334 2.95584 0.341431 4415.21 2112 9664 1 0 1
5999.9 -821.493 -1397.54 3.66099 -0.405962 -0.6035 4787.31 2112 9862 1 0 1
5999.9 -2337.24 2231.24 0.522194 -0.196693 0.15959 7452.76 22 9953 1052 1 1
5999.9 -4216.94 2012.06 6.4237 -4.97563 1.76878 2755.64 2112 10086 1 0 1
5999.9 1626.33 -709.894 1.02644 0.280744 -0.20541 10617.8 22 10106 1048 1 1
5999.9 1049.27 -1050.79 5.76498 0.838596 -0.952894 2977.34 2112 10157 1 0 1
-5999.9 -1244.23 456.465 -22.6434 -5.21407 1.11805 822.844 2112 10339 1 0 1
5999.9 -1732.54 -371.632 37.3106 -13.3755 0.9546 519.308 2112 10356 1 0 1
5999.9 -4424.64 2395.25 3.8704 -2.45205 1.16621 5207.58 2112 10472 1 0 1
-5999.9 -681.135 -2496.47 -9.75572 -0.16183 -4.16208 1840.34 2112 10475 1 0 1
5999.9 -2023.49 -2310.16 13.7177 -5.73733 -4.38817 1457.84 2112 10606 1 0 1
5999.9 1356.01 3123.07 3.33855 0.758722 1.98023 5153.36 2112 10667 1 0 1
5999.9 3273.08 5014.48 25.8893 14.8183 23.3866 781.323 2112 10707 1 0 1
5999.9 -527.495 3802.31 0.140943 -0.0299102 0.0951482 9873.45 22 10782 1005 1 1
5999.9 2817.81 -679.5 1.26856 0.641038 -0.233453 5905.02 22 10825 1005 1 1
5999.9 742.944 1598.66 0.165071 0.0209404 0.0280324 5904.48 22 10825 1007 1 1
5999.9 2726.39 1415.68 0.372574 0.167151 0.0505769 2776.4 22 10886 1024 1 1
5999.9 923.873 1369.83 1.03946 0.141571 0.137237 2774.61 22 10886 1026 1 1
5999.9 -507.615 1262.5 2.78515 -0.32855 0.307464 2774.5 22 10886 1028 1 1
-5999.9 -2568.35 -2468.62 -34.9853 -13.1766 -14.2189 550.616 2112 10971 1 0 1
5999.9 4307.44 -4265.66 13.4942 9.55448 -9.89143 1326.48 2112 11006 1 0 1
5999.9 -1227.77 -2471.45 2.44777 -0.690624 -0.9441 3421.2 22 11050 1006 1 1
-5999.9 -1213.19 -1801.31 -9.06807 -1.13869 -3.65844 2065.88 2112 11167 1 0 1
5999.9 1861.14 -1500.59 2.42254 0.991836 -0.642755 8005.99 22 11189 1015 1 1
5999.9 2495.19 21.9743 2.50169 1.30421 0.0108644 8006.27 22 11189 1031 1 1
5999.9 -742.017 1515.23 35.5698 -3.4038 13.0874 540.67 2112 11270 1 0 1
5999.9 -2339.55 3572.14 0.0686892 -0.0235606 0.0358584 2910.18 22 11322 1006 1 1
-5999.9 -2759.74 -4512.49 -31.2957 -11.1433 -25.981 636.995 2112 11466 1 0 1
5999.9 1496.01 1597.58 0.887974 0.151532 0.294657 438.449 22 11795 1038 1 1
-5999.9 -1111.95 1682.2 -1.25648 -0.167508 0.304842 11182.8 11 11850 1015 1002 1
5999.9 -1386.03 -3062.11 0.146898 -0.032795 -0.065139 1163.75 22 12045 1017 1 1
-5999.9 4204.93 -1377.34 -2.75919 1.87953 -0.46656 6446.72 2112 12086 1 0 1
5999.9 -852.667 3795.71 0.394596 -0.036249 0.279312 5178.29 22 12178 1009 1 1
-5999.9 2229.14 3424.94 -12.6252 4.68376 6.51234 1461.76 2112 12304 1 0 1
-5999.9 1819.78 577.489 -0.339144 0.10461 -0.00530567 10935 22 12442 1004 1 1
5999.9 5222.92 2609.8 0.144294 0.106104 0.0489371 6119.75 22 12513 1026 1 1
-5999.9 695.295 356.774 -2.16613 0.279848 0.265138 8281.2 2112 12549 1 0 1
5999.9 -527.224 4920.1 24.2891 -0.6589 23.0393 774.794 2112 12558 1 0 1
-5999.9 751.307 -5267.68 -0.388186 0.0531015 -0.328042 300.05 22 12578 1041 1038 1
5999.9 -2805.53 -4131.88 1.63358 -0.552825 -1.06751 9055.56 22 12614 1004 1 1
-5999.9 -504.108 -68.3189 -1.18874 -0.244884 -0.0341833 10695.2 22 12759 1004 1 1
-5999.9 1302.37 1650.91 -0.481933 0.0508446 0.10484 2755.3 22 13166 1023 1 1
-5999.9 -4837.73 -5393.99 -5.25067 -4.23349 -5.30411 3414.1 2112 13216 1 0 1
-5999.9 1307.04 -2821.65 -21.4439 3.45747 -11.1289 930.724 2112 13307 1 0 1
5999.9 1704.38 4870.63 0.341961 0.125042 0.320207 7264.94 22 13366 1004 1 1
5999.9 -386.502 -1047.66 8.98605 0.0642891 -1.0918 2030.03 2112 13383 1 0 1
5999.9 -1726.44 2807.55 0.0845967 -0.0346776 0.0442796 13899.8 22 13405 1067 1 1
5999.9 -5074.67 -1359.58 3.38929 -3.0306 -0.575004 5214.69 2112 13470 1 0 1
-5999.9 -3226.4 4561.95 -1.51248 -0.923996 1.12667 11868.2 22 13636 1050 1 1
-5999.9 4373.34 3939.9 -0.854947 0.637998 0.53517 11868.4 22 13636 1052 1 1
-5999.9 1355.67 -1611.96 -0.347281 0.0985944 -0.111543 2528.61 22 13744 1019 1 1
5999.9 -3703.67 2601.61 1.7605 -0.963278 0.667613 2534.05 22 13744 1056 1 1
5999.9 -2162.67 792.929 0.199152 -0.076891 0.00505911 6733.78 22 13843 1016 1 1
5999.9 238.088 -1917.39 0.349978 -0.00394624 -0.134667 10961.6 22 13907 1083 1 1
-5999.9 -179.478 -3985.06 -0.342256 -0.0395478 -0.20326 397.818 22 13927 1024 1 1
-5999.9 4662.41 1803.68 -1.67117 1.32889 0.410053 10775.6 22 14020 1014 1 1
-5999.9 -2265.13 4256.43 -21.7746 -8.58333 17.6005 823.838 2112 14147 1 0 1
-5999.9 2863.59 4067.87 -2.28284 0.898464 1.78038 8083.26 2112 14384 1 0 1
-5999.9 446.377 -4884.74 -10.8528 0.984217 -8.30281 1700.69 2112 14688 1 0 1
5999.9 243.551 -4562.71 1.59891 -0.0705242 -1.2071 146.053 22 14762 1029 1 1
-5999.9 -2567.58 1015.77 -34.2755 -14.5501 4.73071 555.352 2112 14826 1 0 1
5999.9 150.541 3556.61 5.49583 -0.182579 3.50221 3221.11 2112 15075 1 0 1
-5999.9 -1933.08 1401.22 -2.59157 -0.836504 0.678801 6640.75 22 15088 1012 1 1
5999.9 -806.973 -709.508 3.76791 -0.112334 -0.181827 4949.91 2112 15099 1 0 1
5999.9 3569.8 -214.285 0.0980208 0.0596184 -0.0109117 9367.19 22 15144 1023 1022 1
5999.9 5156.51 915.715 7.78594 6.98539 1.25881 2233.19 2112 15491 1 0 1
5999.9 -5470.38 377.017 0.188203 -0.143446 0.00478288 381.205 22 15506 1011 1 1
-5999.9 -1821.68 438.076 -0.11135 -0.0217952 0.00332721 375.261 22 15506 1017 1015 1
-5999.9 -2930.25 1601.92 -1.97456 -0.82204 0.606087 8781.95 22 15553 1005 1 1
-5999.9 2757.03 -2191.17 -2.93137 1.06802 -1.02257 6212.11 2112 15621 1 0 1
-5999.9 -483.469 -2023.52 -8.3897 -0.350562 -3.02774 2096.6 2112 16059 1 0 1
5999.9 26.2068 2438.55 4.08248 -0.208319 1.1617 4813.44 2112 16072 1 0 1
-5999.9 -2637.24 -506.836 -2.69275 -1.15446 -0.301929 6394.5 2112 16258 1 0 1
5999.9 -97.437 -2012.19 5.07656 0.295517 -1.78734 3487.74 2112 16399 1 0 1
5999.9 2825.49 -4201.17 0.0763649 0.0351064 -0.0461452 2992.58 22 16458 1016 1 1
5999.9 2199.1 -304.797 3.9306 1.40735 0.231825 2987.47 22 16458 1024 1023 1
-5999.9 3473.36 -1221.69 -2.04666 1.11685 -0.532378 8462.45 2112 16557 1 0 1
-5999.9 -1550.92 -865.47 -2.7316 -0.980002 -0.265276 6361.91 2112 16608 1 0 1
5999.9 3562.23 -1824.71 36.0618 21.4104 -10.9672 522.009 2112 16617 1 0 1
-5999.9 4574.75 2251.26 -0.577512 0.409665 0.229074 4088.46 22 16695 1044 1 1
-5999.9 2740.5 -1642.33 -0.659473 0.361143 -0.137514 8973.49 22 16893 1073 1 1
5999.9 -867.483 1408.49 11.9518 -2.75756 3.64968 1473.45 2112 16920 1 0 1
5999.9 568.597 3828.37 15.3037 1.76394 8.72158 1270.75 2112 16960 1 0 1
5999.9 1554.43 4030.86 13.8948 2.52173 8.28485 1394.55 2112 17036 1 0 1
-5999.9 -3305.23 -3580.07 -3.66913 -1.77876 -1.80799 5222.45 2112 17189 1 0 1
-5999.9 -478.74 4422.99 -28.7417 -5.38471 19.8436 706.374 2112 17286 1 0 1
-5999.9 587.707 362.545 -0.416862 0.0565573 0.0773632 5941.54 22 17327 1040 1 1
5999.9 4894.39 4978.95 17.6094 14.978 14.2298 1043.2 2112 17485 1 0 1
-5999.9 3263.24 1556.65 -1.84588 1.07729 0.611686 9645.62 22 17549 1005 1 1
5999.9 3362.49 -1308.19 29.9776 19.6361 -7.24836 606.907 2112 17608 1 0 1
5999.9 367.365 -2320.23 2.13177 0.278214 -0.589134 9038.4 2112 17727 1 0 1
5999.9 -35.1714 -4748.04 0.0942755 0.00891805 -0.0720869 961.355 22 17885 1004 1 1
5999.9 -2361.38 942.316 3.07086 -1.26337 0.174216 5881.58 2112 17997 1 0 1
-5999.9 3473.6 -4001.09 -1.09471 0.599714 -0.738285 11242.4 22 18241 1100 1 1
5999.9 -5387.39 -664.521 4.16106 -4.23843 -0.235199 4093.63 2112 18246 1 0 1
5999.9 -600.806 -177.234 2.79063 -0.0842267 -0.109112 6234.25 2112 18397 1 0 1
5999.9 2564.95 -5074 0.0594971 0.0250365 -0.0592115 24106.7 22 18479 1018 1 1
5999.9 -561.237 644.074 6.05886 -0.613572 1.15615 65.9329 22 18484 1029 1 1
5999.9 3453.54 2124.45 4.72424 3.33245 1.90587 3741.84 2112 18539 1 0 1
-5999.9 1615.29 2027.14 -3.3748 0.857371 1.34368 1736.11 22 18605 1027 1 1
5999.9 -4332.32 -3804.97 1.04155 -0.695375 -0.641106 3582.05 22 18681 1060 1 1
-5999.9 4708.41 634.071 -0.507315 0.382907 0.0253884 3762.28 22 18887 1039 1 1
5999.9 2426.15 990.166 18.9133 9.90912 2.45797 1041.61 2112 19012 1 0 1
-5999.9 2606.07 -2234.27 -0.3334 0.128513 -0.145116 61.6996 22 19013 1004 1 1
-5999.9 949.185 -758.088 -38.2728 4.32053 -0.500607 534.463 2112 19070 1 0 1
5999.9 -2212.01 -1148.85 26.6221 -8.30611 -5.75749 701.827 2112 19143 1 0 1
-5999.9 -4137.02 -2164.6 -1.01106 -0.670749 -0.385429 6979.72 22 19234 1006 1 1
5999.9 -5176.98 -2098.76 0.279405 -0.267044 -0.0829926 1572.26 22 19313 1068 1 1
-5999.9 -2224.08 61.1118 -15.6583 -6.55152 0.860318 1136.12 2112 19330 1 0 1
-5999.9 1559.51 -1963.78 -2.64735 0.701333 -0.67767 8440.11 22 19413 1058 1 1
-5999.9 -3811.29 -1301.38 -0.505091 -0.384919 -0.111272 18008.9 22 19530 1011 1 1
5999.9 132.337 5112.7 0.0689663 -0.00415463 0.0588514 3428.25 22 19544 1059 1056 1
-5999.9 -1807.19 3391.18 -1.91104 -0.448543 1.04336 5344.24 22 19571 1004 1 1
-5999.9 1203.91 -371.349 -14.9718 1.39577 -1.69583 1303.62 2112 19630 1 0 1
5999.9 -3755.36 -2045.97 0.0648216 -0.0448125 -0.02076 3349.76 22 19739 1018 1 1
5999.9 3570.17 65.1856 1.4096 0.928811 0.113035 3348.02 22 19739 1095 1 1
-5999.9 -1846.29 -3560.42 -0.528602 -0.218049 -0.327616 3207.92 22 19743 1004 1 1
-5999.9 -781.974 -3581.67 -0.888535 -0.174865 -0.556229 3207.14 22 19743 1050 1 1
5999.9 1497.8 60.2151 0.819296 0.171792 -0.0814196 26291.3 22 19811 1006 1 1
-5999.9 -417.525 717.361 -0.103744 -0.0130746 0.00391348 2155.29 22 19913 1005 1 1
5999.9 2097.81 3425.24 11.3823 4.46082 6.69975 1535.41 2112 19932 1 0 1
5999.9 1986.62 -4448.5 0.868029 0.242664 -0.587777 259.827 22 19933 1120 1 1
-5999.9 -5125.41 1376.31 -27.8919 -20.2648 7.33641 743.807 2112 19998 1 0 1
5999.9 1850.75 5168.28 6.64527 2.12251 5.82496 2630.77 2112 20001 1 0 1
-5999.9 4632.35 -5105.04 -0.114693 0.0889819 -0.099851 7316.41 22 20078 1006 1 1
5999.9 221.366 2042.93 2.04095 -0.124228 0.872397 5551.21 22 20296 1006 1 1
-5999.9 5380.62 -4993.52 -0.233999 0.204154 -0.183065 213.029 22 20308 1006 1 1
5999.9 1968.81 5421.14 0.863254 0.277525 0.719417 16482.4 22 20496 1031 1 1
5999.9 1823.57 -3443.44 2.59772 0.668467 -1.53741 6785.29 2112 20532 1 0 1
5999.9 3127.66 -4253.12 19.1294 10.3516 -11.0661 1070.19 2112 20568 1 0 1
-5999.9 1519.07 -728.213 -0.251774 0.0531474 -0.00652319 3521 22 20602 1041 1 1
-5999.9 887.155 1037.68 -0.39311 0.0520847 0.0733461 76.9926 22 20669 1032 1 1
5999.9 2224.2 -900.606 1.11269 0.439242 -0.128688 5490.7 22 20735 1042 1 1
5999.9 -4527.26 -2785.89 1.96804 -1.64604 -1.06672 8737.61 2112 20926 1 0 1
-5999.9 2259.65 -4431.32 -5.23323 2.1823 -3.26255 3618.24 2112 20963 1 0 1
-5999.9 -1833.03 2966.44 -1.86829 -0.732677 0.956341 2892.69 22 21009 1004 1 1
-5999.9 1772.85 4129.65 -1.51207 0.361021 0.932292 20617.9 22 21115 1004 1 1
-5999.9 395.427 -2848.8 -3.03622 0.385104 -1.64472 5535.98 2112 21324 1 0 1
-5999.9 139.48 3842.64 -4.89651 -0.153384 3.24117 3635.96 2112 21424 1 0 1
-5999.9 1152.09 -796.547 -19.1777 5.92489 -3.3623 968.4 2112 21709 1 0 1
-5999.9 -1611.25 -1735.45 -2.97562 -0.768315 -0.996565 33281.6 22 21758 1024 1 1
5999.9 1171.4 -2204.82 0.709026 0.132779 -0.257963 33280.4 22 21758 1025 1 1
5999.9 521.458 1659.97 14.1074 1.33359 2.45712 1349.46 2112 21759 1 0 1
-5999.9 -3727.76 3333.06 -1.6141 -1.16973 0.984077 4429.83 22 21801 1005 1 1
5999.9 1280.56 4423.13 1.53832 0.437948 1.14064 159.205 22 21968 1004 1 1
-5999.9 -804.903 -479.697 -1.61989 -0.376844 -0.269395 141769 22 22115 1005 1 1
5999.9 404.846 -2474.46 35.7281 3.47346 -13.13 534.38 2112 22172 1 0 1
-5999.9 -5187.52 -2197.16 -11.0429 -10.362 -3.50503 1588.19 2112 22339 1 0 1
-5999.9 -1165.03 -3788.91 -0.808654 -0.176727 -0.501006 10107.2 22 22501 1003 1 1
-5999.9 3918.14 -3379.33 -4.71337 2.87987 -2.07398 27869.6 22 22591 1032 1 1
-5999.9 3346.61 1753.6 -0.0862252 0.0514833 0.030061 34857.8 22 22602 1011 1 1
-5999.9 5411.82 -635.917 -0.140771 0.139956 -0.0153406 34861 22 22602 1020 1 1
-5999.9 -510.725 3472.84 -2.13556 0.0257126 1.08406 8823.51 2112 22673 1 0 1
-5999.9 4135.24 448.432 -0.489079 0.30698 0.0504064 1611.71 22 22791 1027 1 1
-5999.9 -3875.08 -2931.91 -20.4863 -11.6964 -10.5484 929.051 2112 22835 1 0 1
-5999.9 1137.23 2019.34 -12.9499 1.69004 3.19909 1465.41 2112 22863 1 0 1
5999.9 1557.1 850.137 2.38349 0.507806 0.473889 7245.1 2112 22881 1 0 1
5999.9 -619.716 -562.472 32.411 -0.814636 -3.43499 613.983 2112 22928 1 0 1
-5999.9 3745.89 2968.68 -0.229874 0.16177 0.11029 6729.36 22 22934 1005 1 1
-5999.9 -4832.13 3450.92 -0.121397 -0.0902357 0.0817496 5518.25 22 23140 1014 1 1
5999.9 748.457 -1026.02 2.52307 0.329542 -0.455928 18494.7 22 23158 1039 1 1
-5999.9 -3630.15 -2035.67 -12.1888 -6.78037 -4.3372 1534.02 2112 23280 1 0 1
5999.9 1883.43 -77.3864 34.3924 10.8116 1.78151 555.594 2112 23339 1 0 1
5999.9 3738.72 96.8962 0.860851 0.623784 -0.0318857 9777.56 22 23346 1028 1 1
-5999.9 -924.832 -780.664 -13.4663 -3.11667 -1.49503 1334.85 2112 23398 1 0 1
5999.9 4176.73 3591.07 7.29065 4.71526 5.20293 2525.24 2112 23476 1 0 1
-5999.9 1927.26 1442.6 -21.8593 5.37686 5.25021 857.663 2112 23543 1 0 1
5999.9 -28.1065 -337.208 0.263733 -0.016094 -0.0275008 12241.4 22 23563 1018 1 1
5999.9 2897.86 -2033.23 0.142199 0.0615635 -0.0482182 20285.4 22 23615 1003 1 1
-5999.9 -1342.57 -2086.43 -1.80773 -0.31624 -0.6301 14698 22 23620 1003 1 1
-5999.9 3381.36 -1182.08 -30.479 17.0502 -7.03519 613.212 2112 23631 1 0 1
-5999.9 -1742.87 -488.573 -0.14954 -0.0556308 5.69273e-05 8210.09 22 23651 1004 1 1
5999.9 3769.26 -1344.59 16.7931 12.4039 -4.76158 1055.25 2112 23724 1 0 1
-5999.9 472.56 -2696.92 -20.833 0.196723 -8.73388 896.498 2112 23900 1 0 1
-5999.9 606.672 2234.57 -34.0072 1.0521 9.48656 602.226 2112 23941 1 0 1
-5999.9 2670.68 1330.59 -0.233211 0.124811 0.044735 1187.83 22 24172 1056 1 1
-5999.9 1002.99 2287.78 -0.305884 0.0571731 0.144543 10401.9 22 24493 1052 1048 1
-5999.9 727.139 -5489.73 -0.768229 0.153042 -0.777075 191.566 22 24558 1003 1 1
5999.9 886.168 1005.57 26.0422 4.68541 5.51108 703.701 2112 24596 1 0 1
-5999.9 4630.36 -2218.34 -0.0748536 0.0621552 -0.0373709 130.212 22 24713 1007 1 1
-5999.9 -2687.48 4569.85 -0.117422 -0.0443407 0.0887515 13322.8 22 24806 1096 1 1
5999.9 1185.59 -3145.73 1.75481 0.300048 -0.781696 9896.44 22 24820 1004 1 1
-5999.9 1919.6 -214.702 -3.32619 1.30954 -0.161352 5144.3 2112 25103 1 0 1
5999.9 -1551.44 -3223.5 3.43439 -1.26449 -2.24557 5238.45 2112 25165 1 0 1
5999.9 654.115 -688.23 26.2024 1.69441 -3.14885 717.775 2112 25218 1 0 1
5999.9 -346.384 -602.946 7.66219 -1.20638 -0.641865 2325.17 2112 25266 1 0 1
-5999.9 -786.697 4055.56 -2.59099 -0.499475 2.13431 6555.9 2112 25272 1 0 1
5999.9 -1995.41 1047.18 3.53225 -1.23283 0.353371 4959.36 2112 25310 1 0 1
5999.9 -4634.54 2393.3 0.0924169 -0.0769482 0.0434342 8062.41 22 25428 1005 1 1
5999.9 -1739.65 -1315.76 0.360441 -0.101746 -0.08188 8056.55 22 25428 1082 1 1
-5999.9 5132.75 4928.25 -10.9223 8.77581 8.66789 1724.42 2112 25437 1 0 1
-5999.9 -3992.62 -1850.68 -1.8243 -1.12654 -0.587227 10320.1 22 25482 1006 1 1
-5999.9 3533.26 354.021 -4.49729 2.39262 0.167022 3971.55 2112 25525 1 0 1
-5999.9 -1871.61 -1283.59 -1.73051 -0.66134 -0.432782 9822.8 2112 25712 1002 1 1
-5999.9 -4647.14 1649.63 -7.81771 -5.22431 1.7865 2449.28 2112 25735 1 0 1
-5999.9 108.151 -4095.62 -9.99261 -1.01701 -7.09775 1866.47 2112 25755 1 0 1
-5999.9 -2718.37 -4774.16 -2.77003 -1.18735 -1.96097 6727.37 2112 25803 1 0 1
5999.9 -144.617 2667.26 2.34934 -0.187536 0.988974 7648.72 22 26091 1003 1 1
5999.9 3431.74 2651.86 3.61662 1.94987 1.91242 5060.43 2112 26113 1 0 1
5999.9 -785.301 4120.75 0.0406299 -0.00742944 0.0262223 8054.5 22 26241 1016 1 1
5999.9 1066.61 1103.3 0.436106 0.0773649 0.135062 90.3055 22 26258 1006 1 1
5999.9 -719.235 3925.26 2.03213 -0.188226 1.47432 15066.7 22 26389 1023 1 1
5999.9 -3920.8 1526.41 7.8159 -4.85567 1.26835 2443.16 2112 26509 1 0 1
-5999.9 352.372 -3808.56 -0.103954 -0.00447313 -0.0627349 8000.95 22 26603 1004 1 1
5999.9 2618.73 510.632 0.272089 0.11883 0.0369312 5623.8 22 26679 1053 1044 1
5999.9 -3203.01 -383.267 0.18334 -0.0828834 0.0036524 7841.57 22 26731 1019 1 1
5999.9 -5025.77 -3163.35 3.01506 -2.58404 -1.87984 10482.6 22 26794 1038 1 1
5999.9 -1077.52 -5133.59 11.287 -1.71988 -10.3703 1557.86 2112 26912 1 0 1
-5999.9 1900.4 -4128.23 -1.92297 0.757793 -1.13635 9748.27 2112 26931 1 0 1
5999.9 2863.88 4807.34 7.47471 3.49961 5.18581 2554 2112 26943 1 0 1
5999.9 -3051.78 -1587.84 1.70919 -0.79093 -0.450805 5743.06 22 26987 1035 1 1
-5999.9 -2976.89 1098.42 -5.25778 -3.25205 0.864845 3312.55 2112 27251 1 0 1
-5999.9 -3078.09 3565.05 -3.13797 -1.48568 1.83583 64579 22 27317 1032 1 1
5999.9 -2491.97 3079.46 19.3332 -8.01675 10.4165 1027.64 2112 27446 1 0 1
5999.9 8.02508 914.227 1.98769 -0.0264027 0.400678 16973.1 22 27472 1004 1 1
5999.9 2166.98 -315.296 4.20915 1.8703 0.158483 4234 2112 27502 1 0 1
-5999.9 4007.39 -302.812 -31.4673 19.3224 -3.90669 625.072 2112 27545 1 0 1
-5999.9 -4179.71 -2979.8 -27.9645 -17.6544 -14.3893 690.991 2112 27593 1 0 1
-5999.9 3052.51 -2392.33 -13.0341 5.0542 -5.5189 1539.93 2112 27596 1 0 1
5999.9 617.992 715.044 34.315 3.45266 5.08257 543.95 2112 27881 1 0 1
-5999.9 -3402.41 -677.589 -2.11733 -1.19543 -0.435766 8486.46 2112 27960 1 0 1
-5999.9 -3239.51 -479.856 -5.80372 -2.98206 -0.759422 3124.27 2112 27961 1 0 1
-5999.9 -2281.59 -1356.19 -8.38965 -3.13955 -0.975143 2231.52 2112 27992 1 0 1
-5999.9 2308.99 -3795.29 -10.0415 3.55221 -5.73222 1889.8 2112 28208 1 0 1
-5999.9 -643.395 -2650.35 -0.124964 -0.0058003 -0.046299 90.1378 22 28210 1021 1 1
-5999.9 1316.54 2433.85 -1.8768 0.423938 0.936521 8981.9 2112 28325 1 0 1
5999.9 3626.67 868.326 7.00784 5.06972 1.59139 2544.72 2112 28529 1 0 1
5999.9 5380.96 268.959 4.951 4.49041 0.596901 2878.46 22 28625 1018 1 1
5999.9 -1261.2 1243.63 1.8484 -0.424299 0.54012 32460 22 28808 1042 1 1
-5999.9 -1219.9 -5239.18 -0.274938 -0.0619051 -0.217147 3601.7 22 28975 1043 1 1
-5999.9 1135.73 3309.26 -0.0494659 0.0138081 0.0305422 36089.8 22 29045 1004 1003 1
-5999.9 -2184.31 1669.8 -4.45461 -1.51895 1.07916 4039.67 2112 29081 1 0 1
-5999.9 -3370.11 -284.581 -0.0908383 -0.0565372 -0.0128842 8415.05 22 29165 1004 1 1
-5999.9 3107.59 4750.1 -0.90848 0.523766 0.728723 8417.44 22 29165 1014 1 1
-5999.9 -1060.21 3703.17 -0.465819 -0.0965307 0.276669 8413.82 22 29165 1028 1 1
-5999.9 473.765 1737.12 -0.946292 0.0272847 0.329694 8480.93 22 29642 1007 1005 1
-5999.9 -1028.23 1759.29 -22.8497 -6.29146 6.33635 847.468 2112 29667 1 0 1
5999.9 2841.12 -210.569 0.110159 0.0616008 0.0043646 10383.9 22 29825 1005 1 1
-5999.9 -2536.74 3838.96 -5.13235 -1.97623 3.17712 10611.6 22 29906 1031 1 1
5999.9 1498.41 4401.03 0.1767 0.0282713 0.133124 4620.83 22 29941 1039 1037 1
5999.9 -4729.04 -2322.59 18.7531 -13.8716 -5.70899 1030.53 2112 30061 1 0 1
-5999.9 4961.69 -1488.82 -30.277 23.6764 -5.6663 650.05 2112 30149 1 0 1
5999.9 -273.824 -1467.12 26.1444 -4.3546 -5.18302 780.833 2112 30298 1 0 1
5999.9 1454.93 -3013.55 2.59986 0.606336 -1.1983 162.916 22 30315 1025 1 1
-5999.9 -1125.86 1747.6 -0.0668422 -0.0123389 0.0238952 3559.73 22 30319 1002 1 1
-5999.9 -193.871 5037.89 -0.249167 -0.028524 0.192254 3568.18 22 30319 1017 1 1
5999.9 -2251.61 1733.11 0.301828 -0.114235 0.0610578 7545.88 22 30325 1003 1 1
-5999.9 -1713.46 -1662.72 -3.43906 -0.624355 -0.774086 5471.86 2112 30394 1 0 1
-5999.9 3446.68 -2199.22 -5.2714 2.65083 -1.60142 3571.74 2112 30481 1 0 1
5999.9 -4476.3 -2032.59 0.279395 -0.168904 -0.0764805 16015.7 22 30497 1021 1 1
5999.9 -503.491 983.899 33.2283 -1.21882 6.048 568.269 2112 30583 1 0 1
-5999.9 -5491.06 -836.505 -12.6899 -10.6251 -1.35908 1491.38 2112 30620 1 0 1
5999.9 1344.31 3082.15 7.19992 1.39158 2.9517 2662.49 2112 30694 1 0 1
-5999.9 1056.96 -5342.86 -25.1589 2.69537 -23.5343 740.195 2112 30698 1 0 1
-5999.9 -4247.82 -3292.87 -6.63375 -4.33368 -3.48164 2720.23 2112 30736 1 0 1
5999.9 -2296.88 4879.88 0.197117 -0.0771566 0.134478 28052.7 22 30765 1018 1015 1
-5999.9 -2731.56 2113.96 -7.4112 -2.85508 3.21174 2525.87 2112 30903 1 0 1
-5999.9 -5117.34 -5478.47 -0.0734916 -0.0618247 -0.0638233 30608.9 22 30931 1016 1 1
5999.9 -2568.01 -4943.28 0.922955 -0.375875 -0.642393 741.458 22 30956 1007 1 1
-5999.9 -2676.01 -2495.13 -0.633304 -0.334225 -0.216374 25029.6 22 31005 1077 1 1
-5999.9 -1550.66 -2338.21 -0.320028 -0.0949822 -0.130739 9807.95 22 31217 1084 1 1
-5999.9 -2601.39 3449.73 -2.02322 -1.03279 1.14128 4639.35 22 31251 1041 1 1
5999.9 1760.02 2172.15 11.7163 3.47255 3.61181 1552.81 2112 31346 1 0 1
-5999.9 4610.45 -1482.96 -8.78278 6.54967 -1.39168 2141.86 2112 31373 1 0 1
5999.9 -1021.05 547.671 1.86138 -0.247708 0.0295184 9287.04 2112 31383 1 0 1
-5999.9 -87.0187 2281.48 -27.6186 -1.05832 10.4948 671.565 2112 31394 1 0 1
5999.9 3812.4 -1608.36 0.43062 0.275272 -0.121483 7786.95 22 31505 1033 1 1
5999.9 -1630.17 -325.065 0.439989 -0.0929297 -0.00482603 17210.7 22 31514 1062 1061 1
-5999.9 4106.45 1909.1 -26.0435 18.4131 10.6956 729.457 2112 31744 1 0 1
-5999.9 2525.04 3592.53 -1.07717 0.56308 0.590532 3369.52 22 31850 1020 1 1
5999.9 -1309.08 -5314.38 2.20116 -0.543779 -1.85658 8154.54 2112 31886 1 0 1
-5999.9 -5191.14 2134.29 -0.117329 -0.104092 0.0372444 1429.68 22 32053 1035 1 1
5999.9 831.223 -1236.15 15.922 4.03424 -4.21406 1153.96 2112 32155 1 0 1
-5999.9 92.935 655.006 -1.84353 0.205612 0.173042 3382.2 22 32222 1005 1 1
5999.9 -1142.27 3307.72 1.9431 -0.441979 0.985448 10969.2 22 32225 1003 1 1
5999.9 -3032.1 1836.75 33.4508 -17.6342 6.23863 601.468 2112 32260 1 0 1
-5999.9 -2851.77 4413.46 -0.534055 -0.278908 0.385843 3409.09 22 32312 1015 1014 1
-5999.9 4072.35 4577.23 -3.11673 2.05391 2.48595 5563.15 2112 32364 1 0 1
5999.9 4739.4 3137.5 2.12164 1.49881 1.11399 162.093 22 32509 1046 1 1
-5999.9 583.688 -1397.08 -34.2544 2.90391 -7.54055 547.348 2112 32855 1 0 1
-5999.9 2339.56 -4499.83 -4.81351 2.16952 -3.29744 3755.83 2112 33140 1 0 1
-5999.9 5200.99 -1376.56 -6.98529 6.3358 -0.959873 2676.72 2112 33192 1 0 1
5999.9 -2956.56 -1167.69 8.11429 -4.40672 -1.59122 2150.33 2112 33344 1 0 1
5999.9 3866.37 2365.64 4.8219 2.94299 2.30574 9594.23 22 33402 1018 1 1
-5999.9 161.884 -832.537 -4.44241 0.0749399 -0.215917 165.966 22 33482 1010 1 1
5999.9 -4472.66 5175.45 2.9077 -2.24241 2.56274 149.84 22 33797 1037 1 1
-5999.9 -175.712 3759.31 -0.112771 0.00402383 0.0688973 3851.83 22 33819 1010 1 1
5999.9 -2899.02 -157.683 12.1651 -6.64722 -1.71273 1551.82 2112 33836 1 0 1
5999.9 675.701 -2645.59 10.6877 0.67972 -4.48588 1685.01 2112 33936 1 0 1
-5999.9 -3148.04 391.377 -7.36538 -3.74237 0.515318 2516.56 2112 33971 1 0 1
5999.9 4261.45 -2985.28 0.143467 0.0930417 -0.0866299 309.171 22 34024 1004 1 1
5999.9 1078.22 452.331 2.14344 0.317093 0.182529 7915.63 2112 34061 1 0 1
-5999.9 -1541.08 -5417.35 -0.196164 -0.061741 -0.169099 3699.93 22 34066 1034 1 1
-5999.9 -352.46 -359.036 -29.6922 -0.0218641 1.72178 693.211 2112 34231 1 0 1
5999.9 281.708 4590.85 26.1438 2.9534 20.0324 720.091 2112 34285 1 0 1
-5999.9 1745.61 4712.43 -1.01618 0.244223 0.792564 7450.64 22 34356 1023 1 1
5999.9 -1308.42 -3668.86 3.48212 -0.667482 -2.46347 4916.47 2112 34476 1 0 1
-5999.9 1735.65 2741.11 -18.1118 5.20616 8.61055 1022.11 2112 34528 1 0 1
5999.9 -2740.54 519.328 2.6976 -1.34212 0.101308 6446.87 2112 34602 1 0 1
-5999.9 861.195 -2519.01 -3.46094 0.292704 -1.73305 5033.15 2112 34689 1 0 1
-5999.9 1500.44 -5181.71 -1.94704 0.571282 -1.77753 8664.17 2112 34908 1 0 1
-5999.9 2584.27 5497.25 -2.74808 0.961452 2.11229 7341.11 2112 34960 1 0 1
5999.9 -3820.56 958.419 8.05499 -4.47404 1.2209 2396.2 2112 35083 1 0 1
5999.9 1763.28 2161.78 14.8349 3.16511 3.88863 1316.03 2112 35141 1 0 1
-5999.9 1162.96 415.777 -8.73161 2.08325 1.28375 2197.43 2112 35332 1 0 1
-5999.9 -2960.51 -2403.88 -3.60049 -1.51397 -1.32024 5069.89 2112 35355 1 0 1
-5999.9 4584.34 -3038.18 -0.0548286 0.0440526 -0.0342781 2950.2 22 35357 1079 1 1
-5999.9 715.634 -1002.36 -2.9231 0.61213 -0.604445 5858.31 2112 35568 1 0 1
-5999.9 3294.44 195.366 -0.548539 0.318622 0.0554307 16658.2 22 35663 1004 1 1
-5999.9 -1216.46 2944.84 -32.5358 -9.51074 16.9852 580.806 2112 35735 1 0 1
-5999.9 -1525.1 3082.88 -31.813 -11.1535 17.0447 587.904 2112 35842 1 0 1
5999.9 2048.93 -2939.82 37.2167 12.7093 -18.2354 505.81 2112 35851 1 0 1
-5999.9 -678.362 -1814.53 -7.20008 -0.0209206 -2.42615 2557.58 2112 36069 1 0 1
5999.9 -2434.93 2841.38 4.75269 -1.53342 2.51432 3824.67 2112 36373 1 0 1
-5999.9 -1201.94 -4585.59 -0.136466 -0.00992281 -0.101502 906.561 22 36384 1006 1 1
5999.9 -590.585 -4744.47 0.223024 -0.0203731 -0.171201 20832.5 22 36403 1008 1006 1
5999.9 5091.16 1324.65 0.618284 0.592722 0.0839634 107.118 22 36472 1031 1 1
-5999.9 -4130.48 -439.493 -4.50825 -3.52191 -0.411467 3788.36 2112 36653 1 0 1
-5999.9 1651.81 -2919.56 -4.13637 1.56947 -1.99863 4225.12 2112 36737 1 0 1
5999.9 -1303.64 -693.4 34.9649 -8.13084 -1.88555 603.24 2112 36830 1 0 1
5999.9 -2368.16 -5196.77 0.197931 -0.0737751 -0.177859 3317.02 22 37072 1095 1 1
-5999.9 2175.57 -5423.08 -6.16594 2.28744 -6.2098 2781.09 2112 37145 1 0 1
-5999.9 -3786.01 -5118.43 -1.95365 -1.03907 -1.67292 9447.11 2112 37171 1 0 1
-5999.9 3654.3 294.194 -0.0445352 0.0268379 -0.00184076 1942.72 22 37215 1027 1 1
5999.9 4122.63 -4714.55 15.1415 11.1053 -13.9942 1185.97 2112 37240 1 0 1
-5999.9 -2863.43 -1052.58 -0.896663 -0.339559 -0.213193 5672.95 22 37336 1027 1 1
-5999.9 -1399.11 3274.56 -0.217995 -0.056875 0.10572 26344.2 22 37401 1005 1 1
5999.9 4115.92 -4624.37 24.9097 18.3043 -20.9283 738.454 2112 37410 1 0 1
-5999.9 -3118.27 -5252.88 -4.41044 -2.60041 -4.40158 3253.08 22 37436 1013 1 1
5999.9 -1290.17 -1005.28 33.8772 -7.20379 -4.90215 556.055 2112 37442 1 0 1
-5999.9 -2413.37 -17.1482 -5.12183 -1.76999 0.264345 3579.54 2112 37507 1 0 1
5999.9 -4456.56 -378.142 13.4242 -10.2517 0.201196 1373.65 2112 37630 1 0 1
-5999.9 -1350.26 -710.296 -21.9341 -6.21897 -2.75997 820.121 2112 37893 1 0 1
5999.9 -1021.77 907.465 0.13823 -0.0280528 0.025261 10975.2 22 38035 1014 1 1
5999.9 -57.3242 -1176.91 0.0691843 -0.00347392 -0.0154826 10975.4 22 38035 1027 1025 1
-5999.9 -1969.66 -4549.52 -0.0623659 -0.0232603 -0.0393699 10936.6 22 38044 1003 1 1
-5999.9 313.708 -5424.67 -4.59183 0.0654235 -4.08594 3905.13 2112 38100 1 0 1
5999.9 3280.46 -596.163 0.242794 0.16255 -0.0462025 8156.01 22 38106 1005 1 1
5999.9 146.918 -1706.45 1.05299 -0.0264448 -0.375115 3499.42 22 38186 1018 1 1
5999.9 118.229 -2448.88 0.168508 0.0105756 -0.0849473 4779.49 22 38409 1004 1 1
-5999.9 1086.85 -344.862 -0.658892 0.0523969 -0.089991 23770.9 22 38430 1005 1 1
-5999.9 -313.017 1280.14 -1.20039 -0.0407398 0.228057 13992.8 22 38579 1021 1 1
-5999.9 -1721.05 -27.7322 -0.131154 -0.0393069 -0.00714632 13993.4 22 38579 1022 1 1
-5999.9 2588.45 -330.01 -2.79576 1.21846 0.0388154 6207.55 2112 38627 1 0 1
-5999.9 -5279.31 874.503 -0.114624 -0.112817 0.0231319 810.171 22 38826 1015 1 1
5999.9 2383.53 2926.45 3.41806 1.6815 1.4808 5217.34 2112 38880 1 0 1
5999.9 -2738.14 -3265.49 3.12609 -1.24742 -1.46341 5981.89 2112 38903 1 0 1
5999.9 4620.52 -638.426 30.4299 21.5504 -4.57104 641.861 2112 38911 1 0 1
5999.9 -4296.85 -5174.56 6.57106 -4.39211 -5.86776 2755.42 2112 38954 1 0 1
5999.9 -5418.27 -702.322 0.100324 -0.081396 -0.0120233 3927.25 22 39036 1048 1 1
-5999.9 3856.49 -5328.58 -7.95763 4.1729 -7.16551 2526.87 2112 39048 1 0 1
-5999.9 -844.423 -3089.16 -5.6944 -0.970077 -2.49705 3191.65 2112 39197 1 0 1
-5999.9 1245.13 174.081 -25.7219 3.97681 -1.92918 754.666 2112 39230 1 0 1
5999.9 396.145 -3890.4 3.13601 0.246202 -1.93526 5566.87 2112 39287 1 0 1
5999.9 -4740.13 -1490.96 12.6555 -10.777 -1.97328 1493.11 2112 39290 1 0 1
-5999.9 498.875 2228.22 -1.67739 0.124004 0.671213 9980.14 2112 39324 1 0 1
5999.9 3756.14 1436.24 35.9061 21.5179 10.2774 529.996 2112 39380 1 0 1
5999.9 2935.73 3369.42 6.99811 2.90623 3.66543 2706.78 2112 39443 1 0 1
-5999.9 233.077 825.632 -37.4633 1.72714 3.52482 509.974 2112 39449 1 0 1
-5999.9 -175.286 4337.45 -15.0927 -1.15784 12.0697 1254.7 2112 39502 1 0 1
5999.9 -1026.23 -2651.75 8.32189 -0.990656 -2.77152 2345 2112 39519 1 0 1
5999.9 2504.55 560.864 0.108424 0.0543155 0.0127351 10176.6 22 39559 1004 1 1
-5999.9 -668.556 -4275.77 -11.0725 -0.244446 -8.59673 1646.03 2112 39568 1005 1 1
5999.9 1087.37 2059.56 10.084 2.10907 4.58215 1762.76 2112 39581 1 0 1
-5999.9 -764.689 573.28 -0.819927 -0.110934 0.0957132 3237.62 22 39739 1065 1 1
5999.9 1722.77 1896.72 2.70057 0.585182 1.15619 6875.27 2112 39755 1 0 1
5999.9 -552.232 -3395.78 2.68587 -0.259512 -1.48099 834.3 22 39782 1021 1 1
5999.9 -2801.71 2136.01 16.1978 -6.21111 5.00486 1192.92 2112 39974 1 0 1
-5999.9 1301.18 3321.23 -0.57046 0.186889 0.365982 20070 22 40017 1023 1 1
5999.9 -4161.4 4906.8 7.67034 -6.5438 6.58911 2331.12 2112 40058 1 0 1
5999.9 -390.174 -3280.03 0.933513 -0.106015 -0.494322 4991.82 22 40134 1020 1 1
-5999.9 2805.53 3219.74 -0.197115 0.0881074 0.0986306 950.795 22 40162 1004 1 1
5999.9 -5021.77 1840.14 6.91701 -5.89649 1.96215 2522.06 2112 40341 1 0 1
5999.9 -4933.23 4693.06 0.0530268 -0.0439664 0.0463388 10114.7 22 40422 1005 1 1
-5999.9 3092.3 -2441.56 -1.43139 0.707035 -0.52493 6385.76 22 40441 1053 1 1
-5999.9 3481.72 -2073.09 -5.00237 2.65522 -2.02674 3567.43 2112 40547 1 0 1
-5999.9 3459.26 -5493.68 -0.0541407 0.0309528 -0.0470903 206868 22 40582 1005 1 1
5999.9 5119.38 322.71 2.20318 1.71745 -0.0906386 8561.21 2112 40708 1 0 1
5999.9 -193.284 -201.761 4.38042 -0.0549505 -0.33258 4095.04 22 40784 1019 1 1
5999.9 -1911.84 -6.42098 17.6162 -6.34628 -1.15885 1006.92 2112 40854 1 0 1
-5999.9 3478.75 -2084.88 -24.3426 14.4419 -11.1442 785.797 2112 40860 1 0 1
5999.9 356.277 174.408 12.7778 1.05898 1.19085 1381.58 2112 41021 1 0 1
5999.9 -1838.88 5110.83 28.2198 -8.60078 23.3816 678.116 2112 41050 1 0 1
5999.9 -2172.48 842.189 2.50255 -0.962332 0.414463 7886.98 22 41189 1016 1 1
5999.9 2109.48 3092.06 9.28718 3.28874 4.61754 1944.76 2112 41249 1 0 1
5999.9 3607.69 -3944.93 3.27783 1.59129 -1.86742 6179.64 2112 41316 1 0 1
-5999.9 1779.49 4864.93 -0.163844 0.0445138 0.150364 46321.9 22 41525 1004 1 1
5999.9 2816.49 -5485.1 0.789527 0.361067 -0.73362 2750.71 22 41735 1028 1 1
-5999.9 -868.632 4941.21 -14.4928 -2.65528 12.8857 1215.49 2112 41758 1 0 1
-5999.9 -2665.7 -1367.6 -0.582507 -0.243552 -0.100766 5495.79 22 41867 1008 1 1
5999.9 -3502.62 -559.438 17.4646 -9.35047 -0.592538 1081.85 2112 41977 1 0 1
-5999.9 -2591.85 4435.81 -0.689036 -0.242823 0.506128 7578.19 22 42075 1008 1 1
5999.9 -177.444 722.257 21.4852 -2.43849 4.52111 928.082 2112 42150 1 0 1
5999.9 4800.31 -4179.74 18.9334 13.786 -11.3085 1059.88 2112 42160 1 0 1
-5999.9 736.822 393.51 -0.745974 0.113441 0.0402631 2504.6 22 42171 1035 1 1
5999.9 1338.49 -4486.87 4.74643 1.56556 -3.93271 3665.11 2112 42445 1 0 1
5999.9 -3377.2 832.482 1.81091 -0.910304 0.301308 9506.78 22 42451 1006 1 1
5999.9 747.442 2601.33 4.20132 0.776347 1.48422 4372.37 2112 42609 1 0 1
-5999.9 -3032.06 1055.19 -3.9607 -2.25593 0.409028 4429.59 2112 42960 1 0 1
-5999.9 4352.58 -901.725 -4.87439 3.08544 -0.663709 3993.62 2112 43098 1 0 1
5999.9 3430.36 2851.66 0.0774834 0.0374548 0.041425 13076.2 22 43167 1015 1 1
5999.9 4792.57 -374.578 2.08636 1.45801 -0.0452496 9040.8 2112 43188 1 0 1
5999.9 -716.579 3410.19 3.34581 -0.168669 1.89877 5330.5 2112 43204 1 0 1
-5999.9 -2912.31 46.39 -1.31799 -0.670341 -0.10837 5106.23 22 43279 1005 1 1
5999.9 -1231.38 629.117 0.757899 -0.121151 0.0751928 4333.78 22 43601 1027 1 1
-5999.9 -1421.42 2208.57 -8.22325 -1.88463 3.08505 2156.64 2112 43855 1 0 1
5999.9 -3558.56 291.516 9.5736 -4.43549 -0.0509006 2116.07 2112 43979 1 0 1
5999.9 5002.89 1399.66 0.078507 0.0782286 0.0185621 998.101 22 44066 1020 1 1
5999.9 1690.11 -2003.76 1.84166 0.433286 -0.57417 9629.89 2112 44244 1 0 1
5999.9 -979.822 -2419.43 4.06635 -1.10551 -2.0457 4402.51 2112 44642 1 0 1
5999.9 -346.004 -5475.18 15.9946 -0.960135 -14.0575 1167.65 2112 44724 1 0 1
-5999.9 -1773.84 1644.83 -2.69489 -0.755153 0.82 6327.43 2112 44863 1 0 1
5999.9 -2957.71 -1475 1.77475 -0.862381 -0.293975 9949.07 2112 44909 1 0 1
-5999.9 1812.32 5177.43 -1.58699 0.440481 1.49314 11875.2 22 44946 1004 1 1
5999.9 -4898.4 449.472 1.5197 -1.27944 -0.0171965 164108 22 45027 1005 1 1
5999.9 5186.06 1823.72 0.545861 0.518341 0.180244 234.012 22 45041 1023 1 1
-5999.9 3443.27 99.0039 -5.90035 2.84284 0.677575 3365.19 2112 45432 1 0 1
5999.9 4283.57 -1181.62 2.04765 1.63899 -0.378784 8205.67 2112 45725 1 0 1
5999.9 2607.93 -2181.44 0.379441 0.190226 -0.178032 15423.7 22 46026 1018 1 1
-5999.9 -1480.79 -4172.78 -1.02278 -0.298464 -0.798464 11925.6 22 46204 1004 1 1
5999.9 -2138.05 4389.55 4.78655 -1.24853 3.32986 3949.6 2112 46374 1 0 1
5999.9 4844.4 -2734.31 25.5559 24.4837 -13.4406 716.351 2112 46434 1 0 1
5999.9 1964.35 -3002.52 4.79804 1.38825 -2.07029 437.141 22 46564 1042 1 1
-5999.9 -1727.93 -1657.77 -31.2015 -8.28289 -5.91293 788.27 2112 46626 1 0 1
-5999.9 1656.87 1973.64 -2.91882 0.697738 0.653091 6336.81 2112 46789 1 0 1
5999.9 -3448.59 -1994.84 0.0424211 -0.0243026 -0.0189478 1465.05 22 46879 1062 1046 1
5999.9 -2273.41 -4579.63 0.206886 -0.0879449 -0.143555 438.417 22 47110 1009 1 1
-5999.9 2668.14 3957.65 -1.65742 0.729804 0.912495 13610.9 22 47173 1005 1 1
-5999.9 -3258.5 3335.16 -1.63738 -1.03551 1.09033 4641.05 22 47230 1004 1 1
-5999.9 4593.03 -2684.1 -0.138111 0.0895833 -0.0551676 15469.1 22 47290 1005 1 1
5999.9 1004.68 -27.1999 5.00118 1.10263 -0.0303111 3440.64 2112 47566 1 0 1
5999.9 5029.77 -399.229 0.178883 0.146588 -0.00592951 11032.3 22 47601 1026 1 1
5999.9 2741.08 -1650.96 17.9144 9.99642 -5.74463 1001.2 2112 47612 1 0 1
5999.9 -106.633 -2395.88 35.6966 1.07384 -10.4359 573.905 2112 47645 1 0 1
-5999.9 -533.985 4658.53 -23.4044 -1.13803 15.5905 851.201 2112 47651 1 0 1
5999.9 3408.25 -4942.06 17.6396 8.68787 -15.7431 1096.54 2112 47726 1 0 1
-5999.9 -3856.55 553.199 -0.710106 -0.454695 0.0918133 14537.1 22 48025 1025 1 1
5999.9 4027.61 -541.187 1.7622 1.32923 -0.264517 3164.65 22 48191 1004 1 1
-5999.9 -1804.63 -1714.5 -35.4914 -8.3544 -11.9478 543 2112 48292 1 0 1
-5999.9 667.959 5416 -10.7286 1.90166 8.82704 1839.1 2112 48524 1 0 1
5999.9 2129.8 2108.67 3.46696 1.50569 1.27292 4986.17 2112 48623 1 0 1
-5999.9 -1369.2 3526.25 -6.12186 -1.28513 2.93512 3070.8 2112 49049 1 0 1
-5999.9 19.8629 3999.57 -14.7635 0.988733 8.09999 1376.71 2112 49224 1 0 1
-5999.9 3647.75 1776.2 -1.64634 0.901575 0.377363 43266.6 22 49372 1040 1 1
-5999.9 1523.36 -5214.11 -5.92155 1.3363 -4.59201 3224.38 2112 49379 1 0 1
5999.9 -1558.93 3447.06 2.68647 -0.537993 1.39846 6754.11 2112 49489 1 0 1
5999.9 -3870.87 1252.56 3.19562 -2.24341 0.820081 5256.76 2112 49535 1 0 1
-5999.9 4372.72 -2662.11 -30.2317 20.9983 -10.8639 663.043 2112 49658 1 0 1
-5999.9 -2648.22 -5209.1 -0.112178 -0.0492638 -0.0957478 17464.2 22 49695 1003 1 1
5999.9 -396.634 -2904.11 3.93338 -0.0812454 -1.9554 9190.66 22 49910 1032 1 1
5999.9 469.75 1319 3.50987 0.389639 0.671161 4909.81 2112 50030 1 0 1
5999.9 -2560.26 39.7224 15.5686 -6.94007 -1.17191 1161.23 2112 50053 1 0 1
5999.9 1327.79 -4374.54 0.184374 0.046758 -0.121242 4248.02 22 50141 1006 1 1
-5999.9 -240.853 -3784.08 -0.17467 -0.0182464 -0.105554 7296.9 22 50221 1027 1 1
5999.9 2875.04 -3151.88 0.967055 0.389006 -0.46656 11389.9 22 50253 1018 1 1
5999.9 3693.96 1972.47 25.5013 13.5901 7.61955 762.969 2112 50292 1 0 1
-5999.9 -877.844 -3673.9 -27.5136 -5.97471 -19.9249 671.621 2112 50440 1 0 1
-5999.9 1269.85 5203.1 -5.32485 1.21341 4.00271 3611.28 2112 50539 1 0 1
-5999.9 -3056.81 -4670.89 -27.1485 -17.7413 -21.4784 707.743 2112 50827 1 0 1
-5999.9 3825.68 -3602.33 -7.94677 4.4552 -4.57716 2392.22 2112 50853 1 0 1
-5999.9 1656.88 -1097.81 -15.6908 5.0742 -3.32553 1224.74 2112 50880 1 0 1
5999.9 2660.57 -2904.11 15.3298 7.47004 -7.67978 1285.34 2112 50976 1 0 1
5999.9 4185.71 -4085.22 1.29573 0.789313 -0.722568 6704.76 22 51267 1039 1 1
-5999.9 -983.097 1971.53 -4.78775 -0.678318 1.50793 3658.68 2112 51289 1 0 1
5999.9 -960.043 1201.38 14.1255 -1.69233 3.71577 1273.13 2112 51376 1 0 1
-5999.9 4683.84 -334.351 -22.4594 17.8496 -2.70945 829.677 2112 51435 1 0 1
-5999.9 884.875 4004.44 -0.367774 0.0389045 0.265222 1419.8 22 51462 1004 1 1
-5999.9 3001.55 1541.22 -4.93833 2.74076 1.66944 3603.01 2112 51523 1 0 1
-5999.9 -1226.17 3613.97 -3.44221 -0.912096 1.9868 5087.26 2112 51535 1 0 1
5999.9 3773.95 -4703.89 5.09781 3.00886 -3.53635 3776.21 2112 51586 1 0 1
5999.9 4822 4276.9 2.3037 2.07974 1.882 7233.43 2112 51592 1 0 1
5999.9 -2411.74 3557.31 0.109859 -0.0337286 0.0608901 75.8837 22 51650 1004 1 1
5999.9 -1953.38 1468.12 1.7174 -0.529514 0.386488 50038.2 22 51724 1004 1 1
5999.9 966.779 -662.746 0.189999 0.0152684 -0.0193621 1045.98 22 51760 1024 1 1
5999.9 811.254 -1350.17 2.28877 0.289767 -0.73649 7445.36 2112 51840 1 0 1
5999.9 -2530.97 267.069 4.57866 -2.32046 0.264047 3781.26 2112 51978 1 0 1
-5999.9 -3471.38 3336.05 -4.80315 -2.67149 3.04235 3697.26 2112 51979 1 0 1
-5999.9 279.375 1834.75 -3.75388 0.310528 1.28911 4544.94 2112 52231 1 0 1
5999.9 -4061.03 -3579.44 0.40667 -0.253649 -0.228007 1807.18 22 52233 1016 1 1
5999.9 -1909.07 -2750.9 1.33003 -0.326739 -0.548313 1803.48 22 52233 1056 1 1
-5999.9 -694.211 -1056.28 -14.1451 -1.08711 -2.93774 1298.54 2112 52254 1 0 1
5999.9 3478.2 -5127.9 23.0176 11.8851 -19.2326 835.088 2112 52312 1 0 1
-5999.9 3295.33 4376.24 -0.45259 0.262334 0.376126 6727.85 22 52320 1005 1 1
-5999.9 1737.92 -1612.92 -0.313546 0.0888039 -0.0912491 6721.82 22 52320 1008 1 1
5999.9 -44.1218 -177.458 8.80263 -0.669928 -0.260513 2015.96 2112 52350 1 0 1
-5999.9 1547.1 271.236 -11.8588 2.65234 1.72189 1518.99 2112 52430 1 0 1
5999.9 -3230.63 1992.74 3.74827 -2.00463 1.11063 3252.92 22 52443 1032 1 1
-5999.9 3031.72 1516.16 -11.803 6.19577 4.08057 1520.73 2112 52626 1 0 1
5999.9 -2601.07 -3211.82 8.175 -3.79294 -3.63851 2360.01 2112 52701 1 0 1
-5999.9 -1586.81 -2597.52 -0.128019 -0.0235343 -0.0522711 387.143 22 52783 1003 1 1
-5999.9 5246.13 4865.37 -2.22807 1.83103 1.94567 8066.56 2112 52848 1 0 1
-5999.9 -3219.59 1398.74 -0.0777414 -0.0420818 0.0188505 10274.9 22 52869 1004 1 1
5999.9 2601.23 4179.74 33.5683 11.2334 21.4436 607.958 2112 52995 1 0 1
-5999.9 4418.16 -2062.53 -1.85543 1.30374 -0.53388 9610.85 2112 53046 1 0 1
-5999.9 1958.24 1159.8 -39.9672 11.3597 9.81697 478.985 2112 53063 1 0 1
-5999.9 1143.12 922.522 -1.94577 0.489486 0.256047 4036.8 22 53073 1028 1 1
-5999.9 4021.63 -4506.23 -11.5903 6.25949 -8.43671 1699.13 2112 53138 1 0 1
-5999.9 -4320.67 -3339.79 -29.6658 -20.3487 -15.0684 656.29 2112 53158 1 0 1
-5999.9 1893.06 -994.07 -2.6298 0.521595 -0.364074 7074.26 2112 53164 1 0 1
-5999.9 -933.783 1217.8 -24.3346 -2.3627 5.71537 771.047 2112 53291 1 0 1
-5999.9 -4399.85 -3532.84 -6.36182 -4.1268 -3.042 3105.57 2112 53304 1 0 1
-5999.9 -356.464 3719.43 -4.22248 -0.373194 2.15313 38794.5 22 53314 1025 1 1
5999.9 -2594.6 -3763.27 0.137291 -0.0661691 -0.098261 21636.1 22 53317 1009 1 1
-5999.9 2555.82 1160.37 -0.240845 0.0992212 0.0763373 4068.02 22 53345 1010 1 1
5999.9 -1911.96 -1345.33 3.03266 -1.23998 -0.602354 5660.34 2112 53450 1 0 1
-5999.9 5186.81 2517.01 -2.76656 2.38105 1.22341 1681.92 22 53459 1026 1 1
5999.9 2281.22 2065.87 0.938494 0.268248 0.259099 21423 22 53559 1004 1 1
5999.9 5368.19 -1937.39 5.98832 4.71364 -1.47077 3285.41 2112 53644 1 0 1
5999.9 -2045.84 -1510.09 29.215 -7.90867 -5.80609 680.265 2112 53710 1 0 1
5999.9 3400.86 1534.31 5.87489 2.76013 1.9577 3201.02 2112 53712 1 0 1
5999.9 4523.88 308.901 3.89356 3.47258 0.154026 4375.04 2112 53898 1 0 1
5999.9 -2012.88 42.8635 27.3939 -7.94245 -1.82521 691.082 2112 53997 1 0 1
-5999.9 2794.29 -5423.83 -0.167959 0.0845528 -0.145711 1218.02 22 54066 1042 1 1
5999.9 4169.43 -506.869 4.10114 3.11464 -0.349906 4165.29 2112 54093 1 0 1
-5999.9 -1001.54 757.623 -0.301761 -0.0424062 0.0602868 6062.94 22 54206 1004 1 1
-5999.9 -820.631 5459.91 -2.31968 -0.303528 2.04617 7734.82 2112 54232 1 0 1
-5999.9 60.3498 4313.43 -0.0779138 0.00153681 0.0499013 172.103 22 54241 1006 1 1
5999.9 524.106 -3778.85 2.37433 0.190622 -1.38863 7541.74 2112 54255 1 0 1
-5999.9 -3056.03 -1211.19 -0.807226 -0.343664 -0.186445 7881.95 22 54279 1018 1 1
-5999.9 1205.13 1036.29 -2.12807 0.42765 0.479994 10097.6 22 54330 1004 1 1
-5999.9 3388.96 67.3983 -5.54978 2.7567 -0.155469 3280.13 2112 54349 1 0 1
5999.9 -46.139 -625.929 1.23007 0.12012 -0.102064 847.103 22 54350 1032 1 1
-5999.9 -1872.24 1657.6 -22.4209 -5.02046 5.81604 858.116 2112 54533 1 0 1
5999.9 912.525 -1804.41 0.151682 0.0151521 -0.0438943 11352.1 22 54656 1050 1 1
-5999.9 2819.15 4223.18 -1.83622 1.04052 1.26472 9498.98 2112 54693 1 0 1
5999.9 -703.316 1317.81 34.0109 -6.4835 8.0532 555.008 2112 54781 1 0 1
5999.9 5198.06 979.224 0.443667 0.341052 0.0723724 77.186 22 54962 1030 1 1
-5999.9 -1936.41 1691.87 -4.96437 -1.78937 0.936263 3772.33 2112 55019 1 0 1
-5999.9 4037.69 -4337.59 -16.6894 12.5367 -11.8764 1112.09 2112 55117 1 0 1
-5999.9 3534.44 -1361.33 -30.1228 20.0744 -5.16613 627.077 2112 55139 1 0 1
-5999.9 -3474 -5267.56 -0.680022 -0.411772 -0.554467 6498.36 22 55141 1004 1 1
-5999.9 3437.99 -2257.82 -3.8239 1.81407 -1.1818 4964.43 2112 55189 1 0 1
5999.9 4424.83 -5252.19 0.654434 0.553523 -0.625328 11575.5 22 55277 1050 1 1
5999.9 3070.95 -3142.82 28.2782 16.4145 -13.7663 671.476 2112 55504 1 0 1
-5999.9 3259.37 2533.43 -0.0668538 0.0297947 0.0306436 3690.54 22 55521 1008 1 1
-5999.9 2565.77 -1438.06 -28.0698 12.8462 -7.05505 660.913 2112 55618 1 0 1
5999.9 -3755.38 2526.98 12.3295 -9.10015 5.82355 1415.9 2112 55664 1 0 1
5999.9 -2270.08 1226.92 0.0805453 -0.0310992 0.0198315 7202.82 22 55718 1017 1 1
-5999.9 -2017.39 -427.153 -15.697 -5.88715 0.0144302 1157.18 2112 55755 1 0 1
5999.9 -2151.53 5324.26 25.4442 -12.3564 23.7473 734.096 2112 55849 1 0 1
5999.9 -1398.97 2566.14 13.6213 -2.00023 4.51246 1438.05 2112 56249 1 0 1
5999.9 -3201.78 -3055.16 27.8077 -15.3097 -16.113 658.626 2112 56264 1 0 1
5999.9 -5164.91 786.847 2.09948 -1.90241 0.15734 8296.14 2112 56291 1 0 1
-5999.9 -3897.74 1066.25 -2.40902 -1.72844 0.572713 7065.04 2112 56301 1 0 1
-5999.9 2285.47 -3998.33 -4.10579 1.66863 -2.38145 65.8983 22 56373 1019 1 1
-5999.9 -2286.39 1182.14 -0.684179 -0.198391 0.171986 2049.04 22 56517 1044 1 1
-5999.9 1777.78 -1262.97 -0.173694 0.0521992 -0.0155573 420.759 22 56541 1004 1 1
5999.9 -3357.35 -273.742 1.76164 -0.874174 -0.0210954 10051.7 2112 56602 1 0 1
-5999.9 -2497.32 2878.65 -0.232305 -0.0956712 0.144536 35177.9 22 56617 1004 1 1
-5999.9 4461.94 -4015.13 -2.5318 2.15317 -1.69812 35181.2 22 56617 1024 1 1
5999.9 -1227.67 -3220.51 14.2255 -3.89237 -9.34194 1227.52 2112 56674 1 0 1
-5999.9 3875.13 -3391.91 -3.01871 1.79004 -1.34351 6426.47 2112 57033 1 0 1
-5999.9 4081.29 4038.32 -0.249373 0.183516 0.182492 7186.57 22 57093 1003 1 1
-5999.9 -1155.13 -3270.08 -2.90772 -0.636596 -1.60435 6166.32 2112 57191 1 0 1
-5999.9 3266.17 1448.89 -2.56631 1.50442 0.776288 1218.82 22 57262 1011 1 1
5999.9 1483.14 -5109.98 9.92527 2.65134 -8.45944 1800.4 2112 57623 1 0 1
-5999.9 -5187.22 -5184.15 -0.0688651 -0.0699945 -0.0579726 11228.8 22 57749 1013 1 1
-5999.9 301.888 -3029.23 -12.0088 1.93488 -5.64272 1589.88 2112 57754 1 0 1
5999.9 -865.753 -4612.13 6.57211 -1.11404 -4.93419 2684.42 2112 57837 1 0 1
-5999.9 -3030.64 -783.996 -11.197 -6.5025 -1.5567 1584.01 2112 57891 1 0 1
5999.9 1883.48 2051.29 3.71301 1.06491 1.04015 4854.59 2112 58040 1 0 1
5999.9 -5178.04 -3048.89 19.6112 -18.0436 -9.41743 926.016 2112 58058 1 0 1
5999.9 -1878.76 -1338.35 0.161932 -0.0556613 -0.0277997 1238.81 22 58105 1009 1007 1
-5999.9 1703.86 -2320.3 -6.54486 1.47397 -2.50495 2810.05 2112 58194 1 0 1
-5999.9 2164.57 3759.73 -12.3508 5.44198 7.15624 1505.77 2112 58302 1 0 1
-5999.9 590.645 -3536.9 -2.65762 0.50307 -1.61409 6505.24 2112 58346 1 0 1
5999.9 436.457 783.095 23.035 2.15748 5.27485 794.073 2112 58378 1 0 1
5999.9 2548.32 1656.81 4.7607 2.41251 1.58766 3571.17 2112 58425 1 0 1
-5999.9 1877.06 1662.85 -5.54762 1.82151 1.77038 87861.2 22 58559 1020 1 1
-5999.9 1156.66 -4271.37 -13.4214 3.32734 -10.0074 1341.25 2112 58666 1 0 1
5999.9 1794.88 -1487.29 6.45573 2.4048 -2.22975 2702.38 2112 58925 1 0 1
-5999.9 -1471.42 3557 -3.05345 -0.497947 1.49133 6331.68 2112 58963 1 0 1
5999.9 -1949.26 975.424 2.39276 -0.688002 0.55581 2442.99 22 59111 1018 1 1
5999.9 2327.9 -2317.26 11.0401 4.47928 -4.263 1690.23 2112 59115 1 0 1
-5999.9 -563.446 1715.15 -1.55627 -0.0469597 0.550254 8327.88 22 59156 1026 1 1
-5999.9 2888.87 -1445.08 -14.8288 7.78189 -3.62678 1195.72 2112 59274 1 0 1
-5999.9 2576.31 4236.09 -1.94132 0.710958 1.27533 9415.73 2112 59342 1 0 1
5999.9 4249.88 650.015 0.477955 0.272827 0.0303777 70.348 22 59385 1046 1045 1
5999.9 -3146.07 1626.58 7.56185 -4.12498 2.45482 2329.97 2112 59780 1 0 1
5999.9 -103.102 1273.54 0.177884 -0.00278005 0.0275804 3746.15 22 59834 1006 1 1
5999.9 -1716.58 1564.4 0.710387 -0.169721 0.230021 4274.16 22 59871 1006 1 1
-5999.9 -944.198 -813.726 -3.30503 -0.883761 -0.524752 5266.32 2112 60154 1 0 1
5999.9 2717.61 -752.771 0.694158 0.288539 -0.0975633 11740.1 22 60243 1004 1 1
-5999.9 -456.581 1814.12 -4.10883 -0.342242 1.47086 11645.2 22 60245 1029 1 1
5999.9 -2127.09 2471.73 30.8326 -13.4521 11.3329 619.286 2112 60261 1 0 1
-5999.9 -2266.03 -2009.08 -19.404 -9.33185 -6.21198 938.218 2112 60269 1 0 1
-5999.9 -3925.31 1628 -18.9249 -11.4998 6.09523 973.626 2112 60347 1 0 1
5999.9 -3107.23 -4171.37 8.90818 -4.05623 -5.4249 2159.77 2112 60391 1 0 1
5999.9 1366.88 2023.09 19.1076 2.9351 8.5005 987.959 2112 60492 1 0 1
5999.9 4309.53 -713.284 2.48396 1.82018 -0.486608 6940.17 2112 60604 1 0 1
5999.9 -912.384 -1279.91 0.593013 -0.145974 -0.120693 8935.74 22 60622 1034 1 1
-5999.9 1589.08 -3069.72 -11.7839 2.06524 -6.32102 1569.3 2112 60640 1 0 1
5999.9 4048.06 -1223.76 1.82064 1.17688 -0.488476 389.093 22 60714 1004 1 1
-5999.9 2046.43 1729.58 -3.85641 1.36176 1.38788 4613.15 2112 60786 1 0 1
5999.9 -1908.92 -337.04 1.93275 -0.610303 0.0701276 8193.34 22 61047 1005 1 1
5999.9 -5277.09 -4678.51 1.46656 -1.34542 -1.0805 8202.62 22 61047 1028 1 1
5999.9 2757.54 2145.43 3.50656 1.54154 1.64871 5019.56 2112 61344 1 0 1
-5999.9 -2114.06 -1594.74 -1.15213 -0.341872 -0.265685 27110.6 22 61368 1037 1 1
5999.9 1008.44 1024.13 0.246525 0.0559696 0.0135433 9207.75 22 61563 1005 1 1
5999.9 3704.41 -3368.13 1.66799 1.00911 -1.06653 174.285 22 61569 1005 1 1
-5999.9 1506.72 -3186.37 -0.459004 0.140256 -0.254272 781.312 22 61875 1022 1 1
5999.9 -1093.19 -1478.64 12.8504 -1.21952 -2.86088 1507.6 2112 62106 1 0 1
-5999.9 -776.122 -3098.46 -6.0077 -0.606007 -2.59645 3042.85 2112 62227 1 0 1
-5999.9 740.066 621.508 -8.56672 0.339259 1.56952 2222.83 2112 62277 1 0 1
5999.9 -1816.92 -245.713 3.85752 -0.95398 -0.529796 4821.62 2112 62296 1 0 1
-5999.9 1615.02 1032.51 -21.5555 5.00876 3.22538 851.577 2112 62320 1 0 1
5999.9 3146.71 4272.34 0.263562 0.141456 0.218706 10640.9 22 62350 1083 1 1
5999.9 3196.04 -2683.51 21.4936 9.43706 -7.52089 967.189 2112 62500 1 0 1
5999.9 -3089.78 1281.51 4.81515 -2.97337 1.55242 3649.76 2112 62624 1 0 1
5999.9 2531.37 -1125.85 26.2229 9.89291 -5.28691 704.94 2112 62635 1 0 1
-5999.9 -3727.79 4879.67 -0.19865 -0.116423 0.133434 1815.76 22 62729 1017 1 1
-5999.9 -61.1118 -5007.49 -12.3976 0.223906 -10.2068 1531.37 2112 62852 1 0 1
5999.9 2072.32 1328.61 8.62989 2.8584 1.08299 2147.57 2112 62951 1 0 1
-5999.9 3357.25 3459.11 -25.5408 11.9788 15.0553 763.649 2112 63397 1 0 1
-5999.9 -75.5708 5173.41 -0.267795 0.0162747 0.25048 22510.5 22 63463 1003 1 1
5999.9 -1400.46 2398.68 1.02344 -0.30867 0.452634 8176.16 22 63488 1004 1 1
5999.9 4283.68 -919.438 0.49458 0.343582 -0.0602509 14491.7 22 63495 1040 1 1
-5999.9 3822.54 -2119.22 -29.9095 19.8808 -8.62781 638.51 2112 63519 1 0 1
-5999.9 1391.99 -2955.82 -0.240729 0.0579363 -0.142265 9491.02 22 63708 1042 1 1
5999.9 1917.23 2125.07 0.108229 0.0378037 0.0317211 9869.11 22 63747 1003 1 1
-5999.9 -1246.88 2747.17 -0.606304 -0.119356 0.36183 5908.53 22 63827 1005 1 1
-5999.9 -3796.79 -888.935 -1.75394 -0.990753 -0.236254 14784.9 22 63880 1007 1 1
5999.9 -682.876 2049.48 1.90854 -0.346361 0.76741 8959.55 2112 63943 1 0 1
-5999.9 1518.46 -4699.46 -2.75794 0.846357 -2.28086 6217.97 2112 64022 1 0 1
-5999.9 -2033.02 -2384.09 -5.0529 -1.73011 -2.10064 3411.18 2112 64231 1 0 1
-5999.9 1266.21 522.549 -0.0739603 0.0166761 0.000904231 7884.05 22 64246 1046 1 1
-5999.9 -942.324 276.405 -11.4176 -2.15941 -0.395072 1575.1 2112 64283 1 0 1
5999.9 -2104.13 272.705 19.7977 -5.89804 0.39361 922.087 2112 64316 1 0 1
-5999.9 2789.67 3504.13 -23.6201 13.9698 14.2636 788.303 2112 64319 1 0 1
-5999.9 501.208 4910.71 -3.47857 0.388311 2.65527 6532.72 22 64369 1037 1 1
-5999.9 -2709.19 -225.996 -7.04806 -3.99615 -0.676241 2503.17 2112 64448 1 0 1
-5999.9 -1842.5 -41.65 -16.5962 -4.61279 1.1417 1118.64 2112 64511 1 0 1
5999.9 1416.37 927.959 0.580774 0.163344 0.160893 10694.8 22 64549 1004 1 1
-5999.9 -3631.09 3938.14 -5.91374 -3.47498 3.18826 3211.3 2112 64676 1 0 1
5999.9 1644.17 4418.54 27.3937 8.44139 20.643 671.215 2112 64691 1 0 1
5999.9 -4385.14 -1338.18 3.51865 -2.9622 -1.0119 4815.95 2112 64728 1 0 1
5999.9 -902.825 356.144 30.8473 -4.69412 2.79607 606.241 2112 64811 1 0 1
-5999.9 -158.166 -2399.64 -1.76102 0.0633305 -0.624526 7968.08 22 64829 1004 1 1
-5999.9 -3673.69 -3404.66 -0.294888 -0.181873 -0.160515 7972.46 22 64829 1006 1 1
-5999.9 -93.3283 -3438.2 -3.10413 0.0633587 -1.42444 43048.8 22 64979 1037 1 1
5999.9 1092.21 -2896.63 13.556 2.6543 -5.18005 1472.87 2112 65003 1 0 1
5999.9 1073.71 538.793 3.82471 0.299246 0.311906 9032.61 22 65091 1006 1 1
-5999.9 -2598.87 697.219 -2.40896 -1.40361 0.317993 1153.33 22 65105 1017 1 1
-5999.9 4696.65 3751.68 -26.2892 19.2775 13.3187 792.177 2112 65106 1 0 1
-5999.9 199.215 -1151.97 -4.87649 -0.237054 -1.05972 10453.5 22 65294 1014 1 1
5999.9 1104.55 3882.08 0.329387 0.0650871 0.177214 8969.06 22 65310 1024 1 1
5999.9 -906.787 649.012 20.4351 -3.33986 3.08134 888.67 2112 65402 1 0 1
5999.9 2829.96 -3993.47 13.4986 5.53354 -8.01278 1412.85 2112 65480 1 0 1
-5999.9 1662.97 -4292.14 -4.77297 1.5832 -3.35866 3667.3 2112 65539 1 0 1
-5999.9 4763.05 -1814.9 -1.99042 1.71588 -0.380414 9175.79 2112 65577 1 0 1
-5999.9 1362.39 -1064.9 -0.595657 0.138039 -0.0734912 7744.13 22 65620 1050 1039 1
5999.9 2928.91 -628.493 7.18525 2.64871 -0.481755 2743.23 2112 65679 1 0 1
5999.9 3317.62 4769.67 5.24641 3.29325 4.26912 3272.04 2112 65734 1 0 1
-5999.9 -716.179 -3895.99 -6.52395 -1.57745 -4.04977 2977.29 2112 65774 1 0 1
-5999.9 -83.5983 3525.45 -4.27366 -0.473385 2.68321 2673.22 22 65867 1030 1 1
-5999.9 -3896.72 3478.77 -3.47766 -2.34373 1.83514 5143.59 2112 65905 1 0 1
5999.9 -130.551 3148.8 2.06785 -0.0218298 0.815838 4236.22 22 65947 1004 1 1
-5999.9 -595.852 -1419.89 -2.43306 -0.495139 -0.719122 16092 22 65953 1010 1 1
-5999.9 -3821.85 2136.73 -1.72609 -0.996717 0.479966 8350.9 22 66024 1023 1 1
5999.9 63.5234 -1151.42 2.18829 -0.0537101 -0.388385 2951.49 22 66094 1006 1 1
-5999.9 4495.1 3335.12 -3.23932 1.98453 1.66442 6116.86 2112 66138 1 0 1
-5999.9 4660.64 -4405.74 -18.2424 13.9786 -14.211 1001.23 2112 66214 1 0 1
-5999.9 693.424 5235.92 -0.0624188 0.0068695 0.0456921 148438 22 66617 1045 1 1
-5999.9 2186.16 -99.2908 -1.78148 0.775339 -0.00699787 9121.15 22 66863 1004 1 1
5999.9 -5037.1 1455.16 1.04949 -0.891965 0.181636 10509.1 22 66911 1031 1 1
5999.9 -2757.41 -1712.78 5.78512 -2.81619 -0.914202 3417.45 2112 67007 1 0 1
-5999.9 -812.912 3379.31 -0.625015 -0.0478066 0.294443 7338 22 67079 1040 1 1
-5999.9 1133.75 -3298.3 -2.42672 0.462481 -1.06641 14609.1 22 67091 1017 1 1
5999.9 -2169.11 -3563.29 3.11339 -0.996578 -1.93428 5954.74 2112 67095 1 0 1
-5999.9 -5274.91 2964.31 -0.524276 -0.395046 0.284774 17665.3 22 67232 1020 1 1
5999.9 -3133.68 -5094.07 28.5185 -14.2606 -22.6133 678.791 2112 67242 1 0 1
-5999.9 -3433.74 -2544.05 -0.159873 -0.0973602 -0.084698 1579.9 22 67244 1003 1 1
-5999.9 -1393.88 -2119.62 -0.310337 -0.110761 -0.102532 9892.52 22 67330 1005 1 1
-5999.9 2740.62 -1926.13 -1.064 0.479308 -0.282824 3340.49 22 67352 1005 1 1
-5999.9 3203.89 -38.7488 -2.85947 1.38122 0.195118 6258.63 2112 67365 1 0 1
-5999.9 -490.132 39.0782 -2.00229 -0.0783599 0.0592111 8605.68 2112 67382 1 0 1
5999.9 -40.0967 2643.13 1.20409 -0.0526793 0.581788 108981 22 67461 1004 1 1
-5999.9 -3031.5 562.161 -31.8342 -15.9311 3.45459 586.494 2112 67502 1 0 1
-5999.9 -787.442 115.163 -1.57115 -0.231849 0.0582013 14164.4 22 67589 1065 1 1
-5999.9 -370.58 2743.92 -1.44347 -0.0854521 0.511711 1080.54 22 67628 1012 1 1
5999.9 4219.16 3109.59 2.38983 1.5154 1.50167 7801.92 2112 67928 1 0 1
-5999.9 1547.01 3943.28 -9.06667 1.92297 5.60033 2010.93 2112 67939 1 0 1
-5999.9 1409.85 -3973.31 -0.17872 0.0213623 -0.121244 4913.18 22 67953 1017 1 1
-5999.9 -4239.85 -4191.06 -1.91521 -1.215 -1.24007 4204.6 22 67995 1033 1 1
5999.9 -3615.52 -489.549 29.6331 -15.5645 -3.1534 660.244 2112 68021 1 0 1
5999.9 -1656.9 -1364.56 2.89711 -0.897072 -0.589137 5943.9 2112 68041 1 0 1
5999.9 -289.327 -92.4666 21.7114 0.6415 -1.012 927.197 2112 68073 1 0 1
-5999.9 -4118.26 -4909.78 -0.0814698 -0.0668045 -0.0648918 6835.49 22 68171 1004 1 1
-5999.9 3785.48 -636.247 -0.124656 0.0639475 -0.0124024 3901.02 22 68332 1004 1 1
-5999.9 2750.84 -3685.65 -4.69732 2.08514 -2.89797 5327.92 22 68345 1033 1 1
5999.9 1219.64 1500.07 21.5115 4.07952 5.69653 976.262 2112 68663 1 0 1
5999.9 1498.72 -2452.28 29.4622 7.17477 -13.0973 683.568 2112 68665 1 0 1
-5999.9 620.109 -1616.1 -33.7973 4.63781 -7.24279 574.532 2112 68687 1 0 1
5999.9 737.638 -2969.35 12.2755 1.44427 -6.11786 1471.6 2112 68738 1 0 1
5999.9 5414.89 1740.78 6.40745 6.25201 1.52548 2746.3 2112 68756 1 0 1
-5999.9 4775.98 -1006.37 -20.7178 13.3856 -3.32648 1024.68 2112 68971 1 0 1
-5999.9 -586.996 -3380.96 -10.1416 -1.24008 -4.98339 1818.95 2112 69113 1 0 1
-5999.9 -1909.05 -4945.88 -14.2718 -5.77215 -10.7432 1338.77 2112 69333 1 0 1
5999.9 3228 52.7814 2.75446 1.5401 0.232679 177.808 22 69419 1008 1 1
-5999.9 3741.59 1108.05 -0.511781 0.323566 0.0513183 6411.65 22 69678 1005 1 1
-5999.9 3186.05 -267.153 -0.49694 0.284449 -0.0582534 349.122 22 70011 1065 1 1
-5999.9 582.211 3014.84 -0.223056 0.0233994 0.09314 9298.63 22 70072 1101 1 1
-5999.9 -5154.17 -1520.99 -6.94175 -6.15228 -1.52912 2573.68 2112 70184 1 0 1
-5999.9 -3618.22 724.548 -8.84604 -4.34583 0.756042 2159.43 2112 70252 1 0 1
5999.9 -4685.13 2943.64 6.77275 -5.60495 3.31812 2743.28 2112 70255 1 0 1
-5999.9 4227.69 -644.538 -3.6649 2.38898 -0.403551 28128.4 22 70296 1042 1 1
-5999.9 489.156 -1695.96 -38.5757 2.74685 -14.3509 490.632 2112 70502 1 0 1
-5999.9 82.4001 3253.49 -12.8094 -1.2658 7.74683 1448.98 2112 70737 1 0 1
5999.9 -1944.83 4267.86 0.0880378 -0.0202363 0.0645639 4371.71 22 70841 1004 1 1
-5999.9 -4525.08 -1178.54 -0.978571 -0.857369 -0.200765 13056.6 22 70886 1006 1 1
-5999.9 -5416.34 -1942.59 -0.821694 -0.858375 -0.287272 13059.1 22 70886 1007 1 1
-5999.9 543.779 -1092.54 -0.0957611 0.0086151 -0.0169148 13051.1 22 70886 1008 1 1
-5999.9 2076.59 4591.61 -0.0921626 0.0338042 0.0817878 13057.3 22 70886 1032 1 1
5999.9 4828.56 4489.58 8.0131 7.5311 6.73827 2130.12 2112 71030 1 0 1
5999.9 -2136.99 -1236.72 2.31648 -0.915087 -0.473048 7389.19 2112 71118 1 0 1
-5999.9 5091.09 2025.43 -9.87603 8.0088 4.41637 1944.46 2112 71144 1 0 1
5999.9 -858.932 2774.24 21.3226 -4.68393 11.0185 845.029 2112 71338 1 0 1
-5999.9 -3117.35 -2174.25 -4.88079 -2.51303 -1.91656 3543.29 2112 71409 1 0 1
-5999.9 -3260.63 4154.62 -0.740027 -0.359336 0.598259 3942.33 22 71503 1004 1 1
5999.9 1069.86 -77.7482 1.9332 0.237625 0.0731911 9005 2112 71665 1 0 1
5999.9 3829.51 -3114.25 12.0515 8.37755 -5.13943 1542.68 2112 71675 1 0 1
5999.9 2345.66 -4495.98 26.0166 7.33479 -20.0009 769.421 2112 71725 1 0 1
5999.9 -4743.82 -1719.99 0.978123 -0.794916 -0.182689 5460.38 22 71914 1003 1 1
5999.9 -4253.16 -1662.09 14.4913 -10.9479 -5.3446 1242.1 2112 72122 1 0 1
5999.9 3105.38 -1284.86 4.39295 2.40329 -1.36019 4049.55 2112 72166 1 0 1
5999.9 3118.59 -1210.07 0.126554 0.0732512 -0.0224397 21277.1 22 72184 1003 1 1
-5999.9 2676.55 -1567.68 -0.0517646 0.0188188 -0.00845304 95.3983 22 72191 1014 1 1
-5999.9 683.744 2693.07 -32.2627 6.37293 15.7411 639.348 2112 72264 1 0 1
5999.9 929.548 584.026 0.722793 0.195611 0.0994469 10155.1 22 72352 1004 1 1
5999.9 -2384 -2066.09 23.2017 -7.4512 -6.69469 846.842 2112 72375 1 0 1
5999.9 3317.61 -2664.53 10.1984 5.44174 -5.09163 1820.08 2112 72558 1 0 1
5999.9 1230.71 33.2244 0.840431 0.0980262 0.0334871 16832.7 22 72585 1003 1 1
-5999.9 4874.93 -4752.42 -21.7718 19.9629 -18.4659 829.987 2112 72707 1 0 1
5999.9 -3130.45 -1119.87 4.52725 -2.24905 -1.29716 3895.91 2112 72708 1 0 1
-5999.9 639.343 -2058.56 -2.67425 0.0890821 -0.875003 4761.32 22 72914 1038 1 1
-5999.9 5075.47 -4785.8 -0.766485 0.629884 -0.587826 9805.13 22 72984 1028 1 1
5999.9 3088.91 4371.55 0.783464 0.37989 0.505023 32177.4 22 73023 1061 1 1
-5999.9 1280.89 1476.55 -8.83236 1.57862 1.85225 2048.02 2112 73178 1 0 1
-5999.9 -2571.13 -2747.3 -2.62003 -1.25946 -0.948023 6998.31 2112 73207 1 0 1
5999.9 3754.31 -1957.78 32.9203 18.7355 -11.7776 585.875 2112 73258 1 0 1
5999.9 -1659.76 -758.989 16.4951 -5.23516 -3.28439 1086.49 2112 73263 1 0 1
5999.9 -5002.78 -5381.15 6.95043 -4.94416 -5.91848 2776.34 2112 73310 1 0 1
5999.9 -3697.79 -4704.07 13.4764 -7.69933 -9.85376 1410.51 2112 73420 1 0 1
-5999.9 -2888.56 -4800.7 -0.110535 -0.0483207 -0.0832256 2127.02 22 73429 1003 1 1
5999.9 -5008.19 1021.34 30.1615 -22.9606 6.14452 725.386 2112 73511 1 0 1
-5999.9 2759.04 -2921.11 -30.1117 15.9545 -13.5535 763.992 2112 73663 1 0 1
5999.9 2011.46 -2181.91 20.487 6.22204 -6.65845 936.673 2112 73748 1 0 1
5999.9 -4387.23 -4841.56 1.18099 -0.750733 -0.914198 12788.2 22 73854 1044 1 1
5999.9 111.435 409.583 1.94577 -0.0276639 -0.0812927 9265.65 2112 73917 1 0 1
-5999.9 -1037.32 -3822.91 -10.4041 -2.6192 -6.18732 1745.72 2112 73992 1 0 1
-5999.9 4553.82 790.874 -0.807175 0.603445 0.0358204 10834.2 22 74289 1038 1 1
-5999.9 -80.2876 1897.03 -18.1425 -1.95293 6.71117 1010.34 2112 74329 1 0 1
5999.9 -1223.34 -3495 0.425045 -0.118359 -0.286475 10717.4 22 74388 1004 1 1
5999.9 4438.24 -963.417 0.0444738 0.0376231 -0.0107448 120.102 22 74457 1021 1 1
-5999.9 -992.332 -5018.15 -3.02655 -0.696083 -2.61652 5720.11 2112 74471 1 0 1
-5999.9 -678.135 -1740.97 -0.529067 -0.0604546 -0.211838 122.406 22 74490 1039 1 1
-5999.9 -4042.8 -208.524 -2.82543 -1.89113 0.0862178 6151.11 2112 74492 1 0 1
-5999.9 -2040.74 -3476.25 -2.74183 -0.894384 -1.21084 7157.86 2112 74627 1 0 1
-5999.9 1388.31 -2106.21 -3.48103 1.26443 -1.32326 5095 2112 74789 1 0 1
5999.9 1100.52 4679.3 7.79393 1.84386 5.49622 2362.58 2112 74824 1 0 1
-5999.9 -5414.85 599.68 -0.287322 -0.287336 0.000736104 2128.33 22 74856 1067 1 1
5999.9 3482.54 762.665 3.98547 2.16243 0.189627 4516.13 2112 74888 1 0 1
5999.9 1819.07 -4600.73 3.06677 0.875434 -2.38307 5719.29 2112 75201 1 0 1
5999.9 1736.34 1368.36 1.40521 0.309792 0.214922 926.555 22 75315 1005 1 1
5999.9 -2031.86 -3648.18 1.89102 -0.832409 -1.0765 9541.48 2112 75575 1 0 1
-5999.9 560.34 1922.94 -4.08388 0.139271 1.70506 4382.28 2112 75615 1 0 1
5999.9 4884.44 2998.12 31.1768 25.9137 15.123 602.649 2112 75704 1 0 1
5999.9 1651.97 -71.2732 0.163441 0.0353737 -0.00614253 6881.59 22 75762 1088 1 1
5999.9 1922.21 -5236.86 10.5812 2.90645 -9.28234 1716.18 2112 75786 1 0 1
5999.9 -206.822 2612.23 0.298492 -0.0170448 0.100508 112914 22 75809 1004 1 1
5999.9 -4517.79 -1214.67 2.82397 -2.16705 -0.865075 6277.29 2112 75850 1 0 1
5999.9 -1713.51 287.845 1.43432 -0.308738 0.0955577 7924.46 22 75881 1004 1 1
5999.9 -599.19 3397.67 3.54922 -0.418318 2.0569 4785.03 2112 75937 1 0 1
-5999.9 3124.72 2158.24 -1.26685 0.59441 0.374619 1104.6 22 76143 1003 1 1
-5999.9 5080.51 -4071.06 -0.926372 0.846149 -0.552779 6414.35 22 76242 1010 1 1
5999.9 934.805 -848.533 2.66929 0.445594 -0.187293 40313.3 22 76308 1032 1 1
5999.9 3099.03 3304.57 0.0847405 0.0374859 0.0416525 7946.99 22 76504 1024 1 1
5999.9 3292.71 -2943.72 0.378428 0.169743 -0.168141 5372.05 22 76536 1019 1 1
-5999.9 -1990.46 -330.55 -5.96943 -1.99379 0.140303 3139.72 2112 76580 1 0 1
-5999.9 -4349.17 1485.42 -3.0967 -2.38188 0.723664 5510.18 2112 76774 1 0 1
-5999.9 1096.61 -1565.69 -7.68768 2.25061 -2.61442 2321.33 2112 76848 1 0 1
-5999.9 -917.631 -1101.16 -1.95635 -0.368794 -0.387533 10253 22 76881 1004 1 1
-5999.9 3009.85 -2822.78 -0.226666 0.126167 -0.109999 10257.2 22 76881 1005 1 1
-5999.9 4251.55 1769.56 -18.3011 12.6331 6.32288 1005.34 2112 76922 1 0 1
5999.9 403.676 281.453 4.23289 0.495514 0.323057 4053.3 2112 76992 1 0 1
-5999.9 -3570.37 -1789.31 -2.20543 -1.21327 -0.814281 8006.08 2112 77183 1 0 1
5999.9 250.316 -1077.16 29.4581 3.07347 -4.22015 648.421 2112 77227 1 0 1
5999.9 3760.98 3113.34 2.46703 1.65985 1.33839 6857.33 2112 77307 1 0 1
-5999.9 1482.91 -2770.64 -6.15133 1.93397 -2.32012 2995.66 2112 77577 1 0 1
5999.9 -998.819 -2483.44 31.5219 -2.37426 -13.8205 608.824 2112 77772 1 0 1
5999.9 3895.52 -581.777 2.25648 1.49922 -0.456427 630.746 22 77846 1028 1 1
5999.9 -360.021 -338.678 1.99201 -0.0865816 -0.190983 8646.16 22 77897 1004 1 1
-5999.9 -2843.66 -3213.37 -2.45876 -1.49784 -1.46525 7079.59 2112 77939 1 0 1
5999.9 4240.37 -4523.6 5.91419 3.75245 -4.58441 3109.6 2112 77968 1 0 1
-5999.9 3028.02 2941.53 -4.80104 2.35683 1.96647 3805.15 2112 78043 1 0 1
5999.9 -1451.22 -2169.88 1.94456 -0.35866 -0.759043 8935.62 2112 78119 1 0 1
5999.9 2881.64 -127.692 9.32061 4.92473 -0.649682 1884.39 2112 78137 1 0 1
-5999.9 206.168 -1740.33 -17.242 0.652529 -3.98534 1071.73 2112 78154 1 0 1
5999.9 3070.03 -2644.33 27.5225 13.3588 -13.4929 677.784 2112 78472 1 0 1
5999.9 3995.45 -3161.58 3.41234 2.61907 -1.70855 1506.96 22 78599 1015 1 1
-5999.9 -216.329 -1752.57 -0.158518 0.011929 -0.0397675 200.828 22 78621 1015 1 1
-5999.9 1937.35 1702.98 -0.811015 0.247619 0.149663 1327.53 22 78633 1006 1 1
5999.9 -1043.44 -3293.66 2.3346 -0.374038 -1.04509 888.827 22 78655 1039 1 1
5999.9 -979.418 -3095.92 11.3979 -1.85127 -5.16154 1764.81 2112 78830 1 0 1
-5999.9 -1168.96 -529.865 -0.308017 -0.0370077 -0.0256225 11282.8 22 78831 1020 1 1
5999.9 -4099.61 4621.9 26.0728 -16.4805 17.0736 789.548 2112 78911 1 0 1
5999.9 4775.28 -2812.16 0.114412 0.0883434 -0.0544531 2437.55 22 78982 1035 1 1
5999.9 -269.106 613.677 4.37299 0.0736905 0.416156 6319.22 22 79058 1044 1 1
-5999.9 -854.359 469.401 -0.264104 -0.0389531 0.0246245 13339.6 22 79169 1099 1 1
-5999.9 4895.95 4542.7 -4.0489 3.40119 2.78695 4438.24 2112 79191 1 0 1
-5999.9 1359.49 -2124.39 -24.9338 4.73405 -8.82265 740.112 2112 79246 1 0 1
5999.9 -2375.32 784.279 4.00433 -1.37835 0.13104 4596.11 2112 79256 1 0 1
-5999.9 -3597.05 2510.65 -0.217349 -0.107463 0.0679369 60434 22 79353 1004 1 1
-5999.9 3408.79 -414.396 -32.5516 20.8473 -3.59798 566.851 2112 79486 1 0 1
5999.9 -491.877 -5246.9 2.14792 0.000231463 -1.82921 28435 22 79596 1054 1 1
5999.9 2991.34 -5396.14 1.49998 0.882244 -1.38336 4701.99 22 79627 1003 1 1
-5999.9 -811.925 834.139 -29.6712 -7.74262 3.86839 741.576 2112 79773 1 0 1
-5999.9 2757.67 -2390.36 -2.49887 1.00693 -0.717461 7640.5 2112 79811 1 0 1
5999.9 -3313.39 -2095.36 0.357719 -0.223671 -0.109876 723.192 22 79869 1004 1 1
-5999.9 4515.81 388.171 -7.79827 4.82092 0.785364 2557.01 2112 79934 1 0 1
-5999.9 1520.04 1369.36 -20.1778 4.64577 6.15399 908.065 2112 80169 1 0 1
5999.9 -3495.27 315.657 2.2471 -1.08751 0.128049 8416.65 2112 80190 1 0 1
5999.9 -3005.34 -2462.35 2.19892 -1.0201 -0.718899 8245.08 2112 80361 1 0 1
-5999.9 2350.59 5004.55 -0.781557 0.317926 0.767941 10275.6 22 80449 1018 1 1
-5999.9 3927.06 -1592.84 -29.5167 21.9964 -8.23576 616.192 2112 80507 1 0 1
5999.9 1680.34 4643.52 6.49563 1.88644 5.47297 2731.52 2112 80528 1 0 1
5999.9 -155.514 4755.21 0.636118 0.0500078 0.576749 16052.2 22 80561 1025 1 1
-5999.9 -2730.2 635.626 -24.8722 -9.1356 4.31294 789.006 2112 80638 1 0 1
-5999.9 3208.59 -3017.2 -16.8453 7.21931 -7.28144 1187.33 2112 80666 1 0 1
-5999.9 -1274.22 5082.98 -23.8701 -5.41325 20.9852 767.854 2112 80678 1 0 1
5999.9 2382.57 220.035 2.79971 1.09905 0.150083 6106.48 2112 80737 1 0 1
5999.9 3390.88 -306.057 34.3624 16.7386 -3.03841 588.532 2112 80811 1 0 1
5999.9 4042.56 -2767.26 0.59791 0.501038 -0.27368 7371.29 11 80825 1022 1021 1
-5999.9 1266.96 1390.42 -1.27328 0.214903 0.27061 12273 22 80832 1006 1 1
-5999.9 4393.69 4792.81 -3.12406 2.33193 2.64021 5546.69 2112 80834 1 0 1
5999.9 -573.196 3571.87 5.1543 -0.935887 3.45744 3340.67 2112 81036 1 0 1
-5999.9 -4155.57 2824.05 -0.771345 -0.451261 0.387808 369.165 22 81037 1034 1 1
5999.9 1779.5 3780.56 31.9062 6.37641 20.7641 615.71 2112 81129 1 0 1
-5999.9 4573.64 2717.99 -1.72086 1.29448 0.552277 6103.56 22 81185 1006 1 1
5999.9 718.812 -636.212 23.8948 4.40941 -4.08083 782.616 2112 81708 1 0 1
5999.9 -250.124 2230.75 0.472093 0.0124147 0.195178 7119.63 22 81729 1043 1035 1
5999.9 -1422.63 1609.96 10.7203 -3.60087 2.61744 1687.95 2112 81745 1002 1 1
5999.9 584.391 -202.659 4.12431 0.272453 -0.00153932 4189.63 2112 81958 1 0 1
-5999.9 -3627.63 1794.64 -8.29767 -4.5302 3.13791 2227.11 2112 82062 1 0 1
5999.9 -2729.24 -32.267 1.89066 -0.729816 0.0791099 11511.3 22 82067 1005 1 1
5999.9 1420.44 5124.99 2.00604 0.46437 1.4576 9595.41 2112 82183 1 0 1
-5999.9 3050.74 -491.691 -9.63419 5.43342 -1.97918 1954.43 2112 82258 1 0 1
5999.9 -1776.32 4049.21 0.0700154 -0.0223381 0.0584444 11555.8 22 82357 1020 1 1
-5999.9 -2453.57 751.018 -0.374601 -0.12526 0.0704509 13580.2 22 82377 1005 1 1
-5999.9 -1216.34 -524.007 -3.07137 -0.660713 0.048025 5777.47 2112 82465 1 0 1
-5999.9 886.134 1817.58 -5.58427 0.603456 1.65361 3127.41 2112 82664 1 0 1
-5999.9 -4270.82 380.13 -24.99 -17.0102 0.798892 757.951 2112 82834 1 0 1
5999.9 -2993.72 -838.021 4.35554 -2.3637 -0.278604 91.7046 22 82898 1018 1 1
-5999.9 678.137 740.938 -5.05272 0.239766 0.583181 3469.78 2112 82993 1 0 1
-5999.9 1706.29 1709.53 -12.28 3.77495 4.0509 1528.37 2112 83195 1 0 1
-5999.9 697.115 1657.22 -33.1348 7.00437 8.32454 588.454 2112 83196 1 0 1
5999.9 -3411.58 1947.17 29.3486 -14.9988 10.2967 650.926 2112 83206 1 0 1
-5999.9 -1373.67 1313.64 -8.63742 -1.76732 2.99325 2115.14 2112 83290 1 0 1
5999.9 2481.26 -2538.29 1.827 0.965976 -0.963451 9359.75 2112 83403 1 0 1
5999.9 918.651 -3823.66 6.90286 1.02878 -4.46724 2555.08 2112 83551 1 0 1
-5999.9 -5391.57 595.647 -1.32614 -1.23933 0.216549 4162.24 22 83630 1043 1 1
-5999.9 2764.24 2590.6 -13.5368 6.72904 5.84263 1330.01 2112 83670 1 0 1
-5999.9 -1325.27 1031.41 -3.73767 -1.10209 0.90575 4564.85 2112 83739 1 0 1
-5999.9 281.403 1782.28 -5.46812 -0.353865 1.36197 3390.72 2112 83815 1 0 1
5999.9 -1900.26 3176.49 1.54274 -0.52464 0.749194 1647.95 22 83818 1012 1 1
5999.9 5182.22 -3328.98 8.59308 6.80067 -4.67158 2217.17 2112 83967 1 0 1
-5999.9 -5193.91 -1933.73 -2.02971 -1.72032 -0.528896 35441.7 22 84072 1020 1 1
5999.9 1233.51 -1245.53 2.63647 0.398742 -0.522907 6585.79 2112 84116 1 0 1
5999.9 -3908.3 175.751 4.36254 -2.74269 0.289374 4288.23 22 84118 1014 1 1
5999.9 5287.17 1752.04 1.88709 1.70137 0.53944 9149.88 2112 84139 1 0 1
-5999.9 -1008.71 2284.65 -0.460774 -0.117591 0.217762 313.354 22 84259 1004 1003 1
5999.9 -3876.98 -698.683 0.0774737 -0.0432855 -0.0140426 4273.43 22 84297 1004 1 1
5999.9 1359.51 -5288.42 7.78589 2.71136 -7.02169 2363.12 2112 84327 1 0 1
-5999.9 4711.51 -619.339 -33.1428 21.8023 -3.51756 624.395 2112 84400 1 0 1
5999.9 1691.08 2016.5 0.211625 0.0536243 0.0576725 127.91 22 84450 1012 1 1
5999.9 -804.788 2908.21 8.27768 -0.95823 4.90083 2089.25 2112 84618 1 0 1
-5999.9 -3078.78 -864.276 -4.68839 -1.9983 -0.908065 4077.94 2112 84646 1 0 1
-5999.9 -1725.97 947.545 -0.0536886 -0.0129019 0.00249783 7523.66 22 84651 1064 1050 1
-5999.9 -954.893 -4674.04 -2.85761 -0.510776 -2.34582 10944.4 22 84667 1025 1 1
-5999.9 -2133.5 3867.52 -31.8982 -9.61659 18.6547 617.323 2112 84809 1 0 1
-5999.9 1136.55 -2609.11 -13.4508 1.24445 -5.26158 1424.09 2112 84836 1 0 1
5999.9 105.108 -2348.17 11.5644 0.843447 -5.75837 1549.94 2112 84893 1 0 1
5999.9 737.995 -675.047 10.0619 1.17613 -0.623514 1750.96 2112 84968 1 0 1
5999.9 1011.38 -1593.7 15.2712 3.99285 -2.80404 1275.13 2112 84969 1 0 1
5999.9 2102.53 -494.826 8.82879 3.39963 -1.54849 2002.37 2112 85014 1 0 1
5999.9 2737.1 -3085.72 4.66187 1.94949 -2.33802 3912.3 2112 85033 1 0 1
5999.9 -2750.62 -231.104 13.3258 -6.71204 -0.435158 1343.55 2112 85174 1 0 1
5999.9 -223.292 -1202.95 18.4609 -1.05545 -2.85602 995.15 2112 85181 1 0 1
-5999.9 -5483.74 183.266 -23.1526 -22.5659 2.41752 797.944 2112 85208 1 0 1
5999.9 1024.28 -787.495 2.18255 0.364367 -0.213434 6165.73 22 85263 1005 1 1
5999.9 -5447.89 -3081.73 2.48226 -2.29981 -1.30636 7082.6 2112 85291 1 0 1
-5999.9 -2744.89 4410.64 -22.7109 -9.05353 13.4159 936.142 2112 85368 1 0 1
-5999.9 -1698.12 2992.26 -1.6313 -0.47549 0.940376 1223.25 22 85399 1005 1 1
5999.9 1332.27 961.225 0.109689 0.0255993 0.0230183 83283.2 22 85402 1035 1 1
5999.9 -2431.23 5499.09 0.133507 -0.0536556 0.113081 9238.06 22 85494 1037 1 1
5999.9 -4357.15 -1778.19 17.3342 -11.63 -4.91711 1077.85 2112 85729 1 0 1
-5999.9 -3573.41 -2298.29 -27.896 -17.6809 -9.11688 688.19 2112 85928 1 0 1
5999.9 1434.74 -52.0703 1.90442 0.360992 0.149943 155.362 22 85987 1004 1 1
-5999.9 1245.84 -3287.09 -2.43986 0.407487 -1.11911 156.38 22 85987 1005 1 1
-5999.9 5321.76 4338.4 -7.38688 6.04489 5.53112 2480.75 2112 86022 1 0 1
-5999.9 3837.39 -3413.54 -11.7074 8.12355 -6.41209 1529.39 2112 86062 1 0 1
-5999.9 -1765.98 -695.175 -25.5478 -7.9695 -4.1134 724.489 2112 86073 1 0 1
5999.9 1647.35 2912.69 5.3344 1.73705 2.64368 3268.8 2112 86124 1 0 1
-5999.9 866.126 480.282 -0.129527 0.0221703 0.00520484 345.67 22 86293 1025 1023 1
5999.9 627.579 -1465.42 15.3557 2.06785 -2.32541 1378.59 2112 86361 1 0 1
-5999.9 3012.78 -3328.11 -1.00386 0.437666 -0.564051 29560.1 22 86408 1005 1 1
5999.9 -1846.08 -1844.58 1.37858 -0.446625 -0.381709 29559.2 22 86408 1088 1 1
5999.9 874.245 -628.094 34.4422 5.19192 -3.52648 547.38 2112 86567 1 0 1
5999.9 -4462.28 1713.39 0.204842 -0.174922 0.0631723 12252.3 22 86579 1039 1 1
-5999.9 856.217 369.715 -3.93493 0.486867 0.723314 4673.42 2112 86632 1 0 1
5999.9 -1092.9 -3002.67 32.4152 -6.46659 -19.9426 568.66 2112 86734 1 0 1
-5999.9 -980.061 -1342.47 -8.31183 -1.98037 -1.62849 2147.34 2112 86920 1 0 1
-5999.9 839.559 5433.07 -5.68445 0.537948 4.70924 3272.8 2112 87048 1 0 1
5999.9 -682.446 -1421.47 2.30186 -0.135653 -0.315037 8002.27 2112 87089 1 0 1
-5999.9 -2935.47 -470.405 -24.981 -12.2343 -2.03505 741.211 2112 87116 1 0 1
5999.9 -1452.67 -1839.55 0.291165 -0.0949051 -0.0683522 3462.76 22 87119 1018 1 1
-5999.9 -4763.55 3388.17 -3.62355 -2.59303 1.91766 5147.64 2112 87154 1 0 1
5999.9 -2827.06 -1189.76 23.6386 -11.7332 -4.76122 788.527 2112 87319 1 0 1
-5999.9 2045.33 -1851.68 -8.9784 2.77963 -3.76541 2017.73 2112 87447 1 0 1
-5999.9 1948.03 572.468 -24.1934 9.17232 1.92999 835.33 2112 87475 1 0 1
-5999.9 1136.42 -3348.05 -9.57802 2.09486 -4.14795 2055.72 2112 87598 1 0 1
5999.9 -1099.19 413.574 19.4643 -3.51172 2.52855 918.197 2112 87946 1 0 1
-5999.9 1716.44 284.841 -35.8061 7.59235 4.44146 555.591 2112 88022 1 0 1
-5999.9 -3388.15 -5365.03 -2.97094 -1.92633 -2.83448 5658.85 2112 88034 1 0 1
5999.9 3594.11 -2953.16 12.2275 8.3155 -7.85942 1486.05 2112 88045 1 0 1
5999.9 4408.97 -2386.11 1.07885 0.704613 -0.382766 2548.58 22 88047 1003 1 1
5999.9 4530.57 -2626.67 0.922381 0.630449 -0.363249 2549.07 22 88047 1021 1 1
5999.9 591.486 -345.945 0.457154 -0.00507052 0.00242595 2544 22 88047 1023 1 1
-5999.9 -1959.79 -3131.82 -30.8374 -12.4347 -19.1604 600.921 2112 88078 1 0 1
-5999.9 774.125 -1787.8 -2.25181 0.450385 -0.770213 7777.21 2112 88107 1 0 1
5999.9 1990.25 3963.4 0.402886 0.0941737 0.29989 95.8831 22 88253 1044 1021 1
5999.9 -2746.42 -318.994 1.44844 -0.608129 -0.0646439 1607.26 22 88493 1031 1 1
-5999.9 3519.75 -1766.81 -1.14101 0.609936 -0.366636 1333.23 22 89331 1003 1 1
5999.9 5270.35 3445.07 2.60782 1.90705 1.36531 1340.71 22 89331 1008 1 1
-5999.9 -934.473 -5367.14 -0.924944 -0.103586 -0.870063 6866.9 22 89342 1021 1 1
5999.9 -3906.15 49.5861 0.369284 -0.233441 0.00967359 9986.05 22 89441 1038 1036 1
5999.9 -4085.39 -1617.18 6.53166 -4.94327 -1.552 2697.55 2112 89442 1 0 1
5999.9 -2284.88 -71.5748 1.88152 -0.767422 0.153293 15320.2 22 89517 1009 1 1
5999.9 -1332.02 2385.12 35.9116 -10.0896 13.834 522.779 2112 89604 1 0 1
-5999.9 303.209 -136.568 -3.389 0.409025 -0.087407 4998.33 2112 89623 1 0 1
-5999.9 3027.6 1371.51 -22.3294 10.4717 5.14417 832.242 2112 89636 1 0 1
5999.9 4615.15 653.188 19.9016 15.5424 2.63371 914.556 2112 89639 1 0 1
5999.9 1168.62 801.278 0.126563 0.0342581 0.0147817 484.7 22 89660 1026 1 1
5999.9 -3854.7 4950.27 0.430617 -0.23112 0.320749 6804.57 22 89713 1042 1 1
-5999.9 -1058.75 3965.11 -1.67003 -0.18909 0.944213 124.903 22 89739 1023 1 1
-5999.9 -499.725 4258.78 -6.96057 -0.554349 4.29106 2707.49 2112 89899 1 0 1
-5999.9 -529.506 3924.97 -3.84337 0.0886998 2.65208 4679.02 2112 90071 1 0 1
5999.9 -4826.86 -1987.3 3.78812 -3.33689 -1.50537 4506.63 2112 90106 1 0 1
5999.9 -1058.78 -3250.04 7.26561 -2.26372 -4.17917 2556.13 2112 90168 1 0 1
-5999.9 -4075.95 179.578 -0.228427 -0.163849 -0.0184588 606.531 22 90256 1090 1 1
-5999.9 2402.18 1208 -0.165282 0.0665426 0.0128437 604.101 22 90256 1108 1 1
5999.9 -737.574 -3022.01 0.754745 -0.0649665 -0.351807 16703.6 22 90372 1006 1 1
-5999.9 -1669.5 -4498.98 -0.160148 -0.0611504 -0.118904 18467.4 22 90478 1033 1 1
5999.9 4088.38 3623.29 0.459786 0.285967 0.270274 4558.7 22 90606 1018 1 1
-5999.9 -726.165 -4896.5 -2.5206 -0.302914 -1.92731 7208.27 2112 90685 1 0 1
5999.9 629.808 354.177 0.0976888 0.014954 0.00106624 30929.4 22 90742 1018 1016 1
-5999.9 1932.6 -3165.88 -2.2994 0.684044 -1.24439 7473.66 2112 91028 1 0 1
-5999.9 -1855.17 1848.1 -16.0897 -4.6197 5.52526 1120.05 2112 91037 1 0 1
-5999.9 2851.25 3726.83 -2.7388 1.11879 1.54162 1061.87 22 91075 1036 1 1
5999.9 1550.96 -200.614 13.3476 3.31868 0.783092 1360.56 2112 91121 1 0 1
5999.9 -1386.68 -1282.59 0.733979 -0.200964 -0.216615 15323.2 22 91171 1035 1 1
-5999.9 3538.79 -5120.71 -1.55382 0.993139 -1.30843 8353.99 22 91408 1002 1 1
-5999.9 528.915 137.388 -0.107538 0.00747475 0.0126617 8346.14 22 91408 1060 1059 1
-5999.9 1755.85 2948.02 -4.26151 1.62002 2.54069 4000.05 2112 91439 1 0 1
5999.9 -296.573 -3948.64 5.30917 0.200778 -4.11762 3342.13 2112 91498 1 0 1
5999.9 -4986.9 73.9338 0.227151 -0.169092 -0.0125973 47810.3 22 91517 1040 1 1
5999.9 2775.39 57.0781 0.467118 0.202441 0.00656163 11294.2 22 91580 1006 1 1
-5999.9 761.62 -473.863 -2.7849 0.166666 -0.419675 11656.3 22 91605 1044 1 1
5999.9 1287.3 -2754.62 0.140596 0.0323753 -0.0617126 140.891 22 91704 1005 1 1
-5999.9 -1554.5 2715.77 -0.0916876 -0.0323854 0.0476011 12590.2 22 91846 1032 1 1
5999.9 1451.18 4649.24 0.253501 0.0865289 0.193862 11710 22 91920 1005 1 1
5999.9 1470.3 1888.37 0.0808356 0.0117332 0.0264765 5758.93 22 91998 1022 1 1
-5999.9 576.644 -4689.45 -7.31355 0.445967 -6.00101 2448.56 2112 92047 1 0 1
-5999.9 -449.152 -916.448 -3.45179 -0.560493 -0.587224 9189.85 22 92056 1019 1 1
5999.9 -2177.84 1398.83 2.73932 -1.29522 0.731827 4616.96 22 92215 1005 1 1
-5999.9 -253.094 -1583.77 -17.423 0.0613487 -5.05888 1029.77 2112 92228 1 0 1
-5999.9 -1657.48 -4105.19 -0.236927 -0.0447027 -0.165579 7579.76 22 92265 1012 1 1
-5999.9 4560.22 5053.24 -1.21408 0.81026 1.07358 13255.1 22 92337 1004 1 1
5999.9 -1180.72 421.799 0.21029 -0.0328712 0.0244649 6847.62 22 92354 1004 1 1
-5999.9 2738.89 2508.06 -7.86674 4.62592 3.21129 2262.07 2112 92366 1 0 1
5999.9 -3032.97 -1333.5 4.24548 -2.564 -1.10708 4018.42 2112 92525 1 0 1
5999.9 1476.66 1953.12 1.85868 0.30817 0.549913 71493.3 22 92552 1021 1 1
5999.9 -1534.46 3856.57 2.62685 -0.945248 1.68096 71496.7 22 92552 1023 1 1
5999.9 1637.71 -822.506 12.4136 2.23515 -1.28729 1490 2112 92679 1 0 1
5999.9 172.95 -146.113 0.303161 0.00290873 0.0111554 17116.1 22 92783 1034 1 1
5999.9 -4165.75 -1242.46 4.58032 -2.78148 -0.654366 4083.3 2112 92790 1 0 1
5999.9 741.031 -2825.98 19.8455 3.56098 -8.06366 973.22 2112 92869 1 0 1
5999.9 128.539 4716.4 0.0573683 0.00729136 0.0503488 6121.36 22 93022 1040 1028 1
5999.9 -2917.94 2474.88 0.0952433 -0.0401517 0.0418318 6117.58 22 93022 1042 1028 1
-5999.9 1513.96 -5254 -21.0138 5.49534 -22.4055 940.741 2112 93114 1 0 1
5999.9 1378.11 -3952.98 0.175732 0.0376503 -0.103269 12143 22 93118 1009 1007 1
-5999.9 -2396.89 3998.34 -0.112449 -0.045683 0.0681923 277.224 22 93162 1040 1 1
5999.9 2297.69 -2579.18 3.71004 1.49524 -1.49496 3939.55 22 93357 1041 1 1
-5999.9 564.189 -553.636 -2.80089 0.0685142 -0.331569 4195.38 22 93364 1039 1 1
5999.9 1412.21 -1892.74 3.95182 0.949476 -1.6683 13640.7 22 93369 1057 1 1
5999.9 4733.42 1036.69 2.90864 2.77235 0.466275 5815.17 2112 93415 1 0 1
5999.9 531.789 2353.77 8.49218 0.132804 4.31333 2226.23 2112 93809 1 0 1
-5999.9 -947.72 3133.29 -2.39246 -0.447583 1.19773 10203.2 22 93839 1040 1 1
-5999.9 5034.83 2941.32 -0.356251 0.287828 0.176132 6685.67 22 93846 1038 1 1
5999.9 -4824.01 -2829.74 2.07431 -1.68392 -1.04515 8280.91 2112 93927 1 0 1
-5999.9 4263.7 476.935 -2.15398 1.79351 0.102201 7868.71 2112 93971 1 0 1
-5999.9 1550.47 2533.51 -2.15946 0.45139 0.851095 8140.55 2112 93997 1 0 1
-5999.9 -2547.21 -672.292 -0.208849 -0.0921872 -0.0198997 58.4985 22 94105 1003 1 1
5999.9 2139.55 1135.69 3.50512 1.33409 0.885323 4944.72 2112 94158 1 0 1
5999.9 -728.075 -406.882 37.0521 -5.19813 -2.3028 513.029 2112 94230 1 0 1
-5999.9 1559.73 -5407.01 -0.0470907 0.0141125 -0.0448791 699.154 22 94310 1006 1 1
-5999.9 -2135.89 -2484.75 -4.6999 -1.60773 -1.76735 3899.51 2112 94330 1 0 1
-5999.9 -5367.32 2688.53 -4.28581 -3.8359 1.56887 4233.14 2112 94473 1 0 1
-5999.9 -1898.55 -1008.7 -5.36288 -1.73375 -0.799086 3210.91 2112 94842 1 0 1
5999.9 -3238.63 3334.43 1.80547 -0.900832 0.933222 9821.53 22 94872 1005 1 1
-5999.9 -5404.01 -2235.92 -24.6325 -19.5405 -7.67251 887.312 2112 94980 1 0 1
-5999.9 1541.85 5231.87 -1.16657 0.169643 1.0926 20574 22 95390 1005 1 1
5999.9 -392.962 -4169.94 28.7851 0.173627 -19.9426 691.3 2112 95404 1 0 1
5999.9 3350.11 -2558.7 2.6527 1.69997 -1.04367 6514.53 2112 95435 1 0 1
5999.9 4446.2 -5114.2 0.0478205 0.0319227 -0.0425752 7998.34 22 95462 1004 1 1
-5999.9 3429.45 4920 -3.81465 2.17638 3.40656 4568.03 2112 95516 1 0 1
-5999.9 -473.104 -4446.26 -9.27022 -0.282069 -6.99771 1901.02 2112 95611 1 0 1
-5999.9 1738.68 3338.83 -2.20135 0.534398 1.07019 8293.27 2112 95689 1 0 1
5999.9 1999.13 -2479.3 0.105691 0.0397792 -0.0427583 40533.9 22 95723 1004 1 1
-5999.9 1664.11 -3806.9 -0.259572 0.0650726 -0.187692 1530.79 22 95780 1067 1 1
-5999.9 -355.764 -2297.97 -0.628967 -0.0830748 -0.274944 1527.93 22 95780 1075 1 1
-5999.9 3459.6 3356.71 -1.30029 0.683928 0.689302 7451.63 22 95813 1007 1 1
-5999.9 2095.03 1703.71 -0.186337 0.0604242 0.0436224 7448.76 22 95813 1027 1025 1
5999.9 -1778.37 -3824.31 12.3837 -4.46914 -9.63995 1422.94 2112 95954 1 0 1
5999.9 -1843.38 54.7735 1.93568 -0.590785 0.139548 89.0769 22 95971 1004 1 1
5999.9 -4772.52 -39.8213 0.390733 -0.328829 0.0178695 93.998 22 95971 1019 1016 1
-5999.9 -2301.31 336.736 -1.64664 -0.61991 0.13167 15452.1 22 95982 1020 1 1
5999.9 4549.07 4921.07 0.337971 0.267193 0.254364 181160 22 96005 1079 1 1
-5999.9 2877.16 213.67 -29.1454 16.0056 -1.90079 658.425 2112 96081 1 0 1
5999.9 -2819.03 -2911.3 4.19125 -2.18135 -1.56674 4506.65 2112 96102 1 0 1
-5999.9 3261.86 -1305.93 -2.48477 1.48394 -0.484181 6776.77 2112 96154 1 0 1
-5999.9 -2813.91 1658.33 -20.52 -10.1637 4.19648 965.477 2112 96312 1 0 1
-5999.9 -4253.24 823.023 -27.8336 -21.4595 4.1924 657.8 2112 96330 1 0 1
5999.9 -2149.65 -1105.13 1.93762 -0.546018 -0.228827 9561.42 2112 96333 1 0 1
5999.9 -4611.05 -1485.86 5.10627 -3.38462 -1.05618 3770.03 2112 96549 1 0 1
-5999.9 -3425.82 3767.63 -2.79877 -1.44002 1.96521 6352.53 2112 96560 1 0 1
5999.9 438.339 1932.86 6.61232 0.884406 2.33281 2602.06 2112 96567 1 0 1
-5999.9 -5462.6 1.99606 -9.5821 -8.80688 1.19718 2095.4 2112 96698 1 0 1
5999.9 5184.72 1463.44 27.8111 23.2702 7.49573 683.56 2112 96791 1 0 1
5999.9 748.664 -1680.28 5.35406 0.572728 -0.964156 3434.85 2112 97059 1 0 1
-5999.9 1186.62 -206.645 -10.814 2.56755 -0.914426 1757.08 2112 97319 1 0 1
5999.9 2636.36 3607.63 2.07693 0.983154 1.54351 8413.94 2112 97400 1 0 1
5999.9 -870.852 6.34538 0.361311 -0.0275825 0.0100069 98.3083 22 97512 1015 1 1
5999.9 2575.42 2868.86 1.89862 0.676747 0.937649 7375.22 22 97533 1005 1 1
5999.9 1314.51 -4268.32 1.34463 0.300189 -0.962322 7301.68 22 97643 1058 1 1
5999.9 1201.59 -5386.09 3.17861 0.500816 -2.99127 450.587 22 97656 1034 1 1
-5999.9 1009.11 1603 -31.5867 6.4279 6.57039 603.799 2112 97660 1 0 1
5999.9 -4616.9 -3154.82 2.09826 -1.3955 -1.1247 8833.22 2112 97700 1 0 1
5999.9 -4834.45 1456.17 10.408 -9.861 3.15867 1686.5 2112 97719 1 0 1
5999.9 594.371 2281.13 11.9577 1.00026 3.48443 1579.31 2112 97756 1 0 1
5999.9 -2741.94 -138.645 1.68034 -0.823174 -0.120749 8951.73 22 97803 1025 1 1
5999.9 1588.65 2661.21 0.0915231 0.0289379 0.0409466 8952.2 22 97803 1029 1026 1
-5999.9 4306.16 4891.6 -1.01676 0.634806 0.778013 11010.5 22 97820 1063 1 1
-5999.9 2527.58 3079.09 -2.01665 0.865367 1.21599 8415.06 2112 97936 1 0 1
5999.9 3275.72 -2537.08 0.0474354 0.031928 -0.0244065 144.286 22 98050 1016 1 1
5999.9 -2522.86 -3327.4 0.380186 -0.115969 -0.221156 6921.09 22 98064 1085 1 1
5999.9 3621.66 1275.02 1.92613 1.07186 0.288376 9685.53 22 98091 1004 1 1
5999.9 -3356.81 1755.65 32.3107 -19.5183 7.09996 595.629 2112 98237 1 0 1
5999.9 -701.563 -3269.17 2.02698 -0.244319 -0.879591 12264.7 22 98445 1004 1 1
-5999.9 -3863.53 1251.91 -31.0791 -18.5778 3.26471 670.132 2112 98755 1 0 1
-5999.9 -1161.73 3904.19 -16.4184 -1.85508 9.73405 1191.7 2112 98771 1 0 1
-5999.9 -4618.02 -4776.48 -0.723317 -0.557335 -0.572153 589.919 22 98876 1097 1 1
5999.9 -1543.23 -3386.7 16.2354 -2.65696 -9.45092 1144.93 2112 98973 1 0 1
-5999.9 968.428 1378.23 -5.79665 0.618631 1.37089 3064.72 2112 99009 1 0 1
-5999.9 4174.01 1998.83 -0.058365 0.0492177 0.0251268 6379.45 22 99180 1015 1 1
-5999.9 -1103.65 -2466.11 -4.05041 -0.567082 -1.60446 6373.89 22 99180 1031 1 1
5999.9 2600.8 -2246.76 1.92737 0.984942 -0.862811 4820.74 22 99311 1055 1 1
5999.9 2417.09 -3423.41 0.0769897 0.0371115 -0.0384679 4812.04 22 99386 1003 1 1
-5999.9 3032.46 1639.08 -0.455983 0.214014 0.162685 4922.44 22 99470 1069 1 1
-5999.9 4324.12 -334.371 -4.73901 3.28701 0.132393 3917.41 2112 99508 1 0 1
5999.9 5471.66 3952.54 1.45672 1.3553 0.991612 4225.78 22 99643 1005 1 1
5999.9 -3394.63 3981.81 21.1197 -12.4747 15.4369 854.354 2112 99652 1 0 1
-5999.9 -325.895 -2113.47 -2.09034 -0.159794 -0.739526 5751.79 22 99876 1006 1 1
