
 *****  Protons in Lexan (0.14GeV, 1.0cm)                                                 *****

           DATE: 12/16/18,  TIME: 17:13:52

          Total number of particles followed       14000000, for a total weight of  1.4000E+07

1

   Res. nuclei n.   1  "Ian       " ,  all         products, region n.     5
      detector volume:  1.0000E+00 cm**3
      Max. Z:  10, Max. N-Z:  11 Min. N-Z: -4
      Data follow in a matrix A(z,n-z-k), k: -5 format (1(5x,1p,10(1x,e11.4)))

       0.0000E+00  0.0000E+00  0.0000E+00  0.0000E+00  0.0000E+00  0.0000E+00  0.0000E+00  0.0000E+00  0.0000E+00  0.0000E+00
       0.0000E+00  0.0000E+00  0.0000E+00  0.0000E+00  0.0000E+00  2.7571E-05  0.0000E+00  1.1857E-05  0.0000E+00  0.0000E+00
       0.0000E+00  0.0000E+00  0.0000E+00  0.0000E+00  2.8171E-04  5.1657E-04  1.2100E-04  5.8164E-04  0.0000E+00  0.0000E+00
       2.7616E+00  7.7831E-03  0.0000E+00  2.5262E-03  0.0000E+00  7.8951E-03  1.4840E-03  2.6497E-02  1.1429E-06  7.1429E-08
       1.5756E+00  1.2805E-01  6.4931E-03  0.0000E+00  4.0496E-03  3.5856E-02  1.3439E-02  5.3448E-02  8.9286E-06  5.0714E-06
       3.6391E-03  0.0000E+00  1.9314E-03  1.1923E-03  6.5734E-03  6.6859E-03  2.1031E-02  6.0777E-05  3.5714E-07  0.0000E+00
       0.0000E+00  1.0864E-04  1.7686E-04  5.8129E-04  1.8350E-04  1.6096E-03  1.4094E-04  8.3500E-05  0.0000E+00  0.0000E+00
       0.0000E+00  0.0000E+00  1.2071E-05  6.6429E-06  2.4429E-05  4.0000E-06  1.5786E-05  0.0000E+00  0.0000E+00  0.0000E+00
       0.0000E+00  1.4286E-07  0.0000E+00  3.5714E-07  0.0000E+00  4.2857E-07  0.0000E+00  0.0000E+00  0.0000E+00  0.0000E+00
       0.0000E+00  0.0000E+00  0.0000E+00  0.0000E+00  0.0000E+00  0.0000E+00  0.0000E+00  0.0000E+00  0.0000E+00  0.0000E+00
       0.0000E+00  0.0000E+00  0.0000E+00  0.0000E+00  0.0000E+00  0.0000E+00  0.0000E+00  0.0000E+00  0.0000E+00  0.0000E+00
       0.0000E+00  0.0000E+00  0.0000E+00  0.0000E+00  0.0000E+00  0.0000E+00  0.0000E+00  0.0000E+00  0.0000E+00  0.0000E+00
       0.0000E+00  0.0000E+00  0.0000E+00  0.0000E+00  0.0000E+00  0.0000E+00  0.0000E+00  0.0000E+00  0.0000E+00  0.0000E+00
       0.0000E+00  0.0000E+00  0.0000E+00  0.0000E+00  0.0000E+00  0.0000E+00  0.0000E+00  0.0000E+00  0.0000E+00  0.0000E+00
       0.0000E+00  0.0000E+00  0.0000E+00  0.0000E+00  0.0000E+00  0.0000E+00  0.0000E+00  0.0000E+00  0.0000E+00  0.0000E+00
       0.0000E+00  0.0000E+00  0.0000E+00  0.0000E+00  0.0000E+00  0.0000E+00  0.0000E+00  0.0000E+00  0.0000E+00  0.0000E+00
