
 *****  Protons in Lexan (0.25GeV, 2.0cm)                                                 *****

           DATE: 12/13/18,  TIME:  6:59: 3

          Total number of particles followed        1000000, for a total weight of  1.0000E+06

1

   Res. nuclei n.   1  "Ian       " ,  all         products, region n.     5
      detector volume:  1.0000E+00 cm**3
      Max. Z:  10, Max. N-Z:  11 Min. N-Z: -4
      Data follow in a matrix A(z,n-z-k), k: -5 format (1(5x,1p,10(1x,e11.4)))

       0.0000E+00  0.0000E+00  0.0000E+00  0.0000E+00  0.0000E+00  0.0000E+00  0.0000E+00  0.0000E+00  0.0000E+00  0.0000E+00
       0.0000E+00  0.0000E+00  0.0000E+00  0.0000E+00  0.0000E+00  9.0000E-05  0.0000E+00  5.4000E-05  0.0000E+00  0.0000E+00
       0.0000E+00  0.0000E+00  0.0000E+00  0.0000E+00  7.8700E-04  1.5300E-03  3.0200E-04  2.3320E-03  0.0000E+00  0.0000E+00
       5.8721E+00  1.9121E-02  0.0000E+00  6.3600E-03  0.0000E+00  1.7296E-02  3.6590E-03  6.3844E-02  1.0000E-06  0.0000E+00
       4.3901E+00  2.5797E-01  1.6011E-02  0.0000E+00  9.8930E-03  5.6845E-02  3.1562E-02  7.9915E-02  1.4000E-05  1.4000E-05
       1.0534E-02  0.0000E+00  5.3560E-03  3.2601E-03  1.4906E-02  1.5923E-02  4.7911E-02  1.0794E-04  2.0000E-06  0.0000E+00
       0.0000E+00  3.8200E-04  7.1300E-04  1.8230E-03  5.8500E-04  4.2790E-03  3.1033E-04  9.8000E-05  0.0000E+00  0.0000E+00
       0.0000E+00  0.0000E+00  7.1000E-05  2.9000E-05  9.5000E-05  1.7000E-05  5.1000E-05  0.0000E+00  0.0000E+00  0.0000E+00
       0.0000E+00  3.0000E-06  0.0000E+00  1.0000E-06  0.0000E+00  0.0000E+00  0.0000E+00  0.0000E+00  0.0000E+00  0.0000E+00
       0.0000E+00  0.0000E+00  0.0000E+00  0.0000E+00  0.0000E+00  0.0000E+00  0.0000E+00  0.0000E+00  0.0000E+00  0.0000E+00
       0.0000E+00  0.0000E+00  0.0000E+00  0.0000E+00  0.0000E+00  0.0000E+00  0.0000E+00  0.0000E+00  0.0000E+00  0.0000E+00
       0.0000E+00  0.0000E+00  0.0000E+00  0.0000E+00  0.0000E+00  0.0000E+00  0.0000E+00  0.0000E+00  0.0000E+00  0.0000E+00
       0.0000E+00  0.0000E+00  0.0000E+00  0.0000E+00  0.0000E+00  0.0000E+00  0.0000E+00  0.0000E+00  0.0000E+00  0.0000E+00
       0.0000E+00  0.0000E+00  0.0000E+00  0.0000E+00  0.0000E+00  0.0000E+00  0.0000E+00  0.0000E+00  0.0000E+00  0.0000E+00
       0.0000E+00  0.0000E+00  0.0000E+00  0.0000E+00  0.0000E+00  0.0000E+00  0.0000E+00  0.0000E+00  0.0000E+00  0.0000E+00
       0.0000E+00  0.0000E+00  0.0000E+00  0.0000E+00  0.0000E+00  0.0000E+00  0.0000E+00  0.0000E+00  0.0000E+00  0.0000E+00
