
 *****  Protons in Lexan (0.18GeV, 3cm)                                                   *****

           DATE: 12/18/18,  TIME: 11:12: 0

          Total number of particles followed       10000000, for a total weight of  1.0000E+07

1

   Bdrx n.   2  "ofluence  " , generalized particle n.    1, from region n.     5 to region n.     4
      detector area:  1.0000E+02 cm**2
      this is a one way only estimator
      this is a fluence like estimator
      linear energy binning from   1.0000E-01 to  2.3000E-01 GeV,   650 bins ( 2.0000E-04 GeV wide)
      linear angular binning from  0.0000E+00 to  6.2832E+00 sr ,     1 bins ( 6.2832E+00 sr wide )
      Data follow in a matrix A(ie,ia), format (1(5x,1p,10(1x,e11.4)))

       6.9775E-04  6.8443E-04  6.9551E-04  7.2613E-04  6.9278E-04  6.9763E-04  7.2081E-04  6.7845E-04  6.6431E-04  6.8843E-04
       6.8669E-04  6.7088E-04  7.1787E-04  7.2029E-04  7.1371E-04  7.0843E-04  7.0760E-04  6.6430E-04  6.8455E-04  7.2852E-04
       7.1508E-04  6.9422E-04  6.8716E-04  6.9839E-04  6.9301E-04  7.2307E-04  6.7490E-04  6.5839E-04  7.0016E-04  7.1687E-04
       6.5801E-04  7.3547E-04  6.6763E-04  7.4065E-04  6.2716E-04  7.2664E-04  6.9709E-04  6.9928E-04  6.5577E-04  6.7755E-04
       6.8813E-04  6.6659E-04  6.6635E-04  7.0920E-04  6.9988E-04  6.7922E-04  6.9597E-04  7.0643E-04  6.7789E-04  6.6188E-04
       6.6453E-04  6.6952E-04  6.6377E-04  6.6953E-04  6.5868E-04  6.7974E-04  7.3101E-04  7.0090E-04  6.6093E-04  6.3604E-04
       6.6780E-04  6.6787E-04  6.2518E-04  6.7976E-04  6.2910E-04  6.7869E-04  6.3724E-04  6.4380E-04  6.7378E-04  6.6886E-04
       6.1351E-04  5.9308E-04  6.2142E-04  6.6495E-04  6.2751E-04  6.0405E-04  6.1879E-04  6.4809E-04  6.3061E-04  6.7989E-04
       6.2749E-04  6.6812E-04  6.2912E-04  6.6931E-04  6.3307E-04  5.9357E-04  6.3355E-04  6.1600E-04  6.0255E-04  6.1159E-04
       6.6643E-04  5.9165E-04  5.8883E-04  6.1134E-04  6.1629E-04  6.3955E-04  6.0233E-04  6.0361E-04  6.2679E-04  6.1038E-04
       5.5399E-04  5.6389E-04  5.7973E-04  6.0564E-04  5.9302E-04  5.8693E-04  5.8255E-04  5.9185E-04  5.4757E-04  5.7714E-04
       5.5393E-04  5.8745E-04  5.5287E-04  5.3045E-04  5.7890E-04  5.6917E-04  5.2846E-04  5.7816E-04  5.4322E-04  5.3423E-04
       5.4116E-04  5.3323E-04  5.5756E-04  5.1856E-04  5.3451E-04  5.4205E-04  5.3507E-04  5.5107E-04  5.4984E-04  5.1619E-04
       5.4182E-04  5.2833E-04  4.9851E-04  4.7532E-04  5.1030E-04  5.1026E-04  5.2745E-04  5.3367E-04  5.1025E-04  4.9478E-04
       5.0528E-04  4.9532E-04  5.2995E-04  5.5823E-04  5.0658E-04  4.9296E-04  4.9756E-04  4.5924E-04  5.1966E-04  4.8565E-04
       4.9099E-04  4.7679E-04  5.1327E-04  4.6627E-04  4.4873E-04  5.1349E-04  4.6440E-04  4.4938E-04  4.3947E-04  4.5151E-04
       4.5144E-04  4.3711E-04  4.6586E-04  4.6829E-04  4.2924E-04  4.5278E-04  4.3988E-04  4.5275E-04  4.3237E-04  4.4064E-04
       4.1291E-04  4.1702E-04  3.9187E-04  4.1712E-04  4.0665E-04  4.0027E-04  3.8986E-04  3.7344E-04  3.8120E-04  3.9291E-04
       4.0095E-04  3.7892E-04  3.6852E-04  3.6655E-04  3.3938E-04  3.2354E-04  3.4505E-04  3.3118E-04  3.0903E-04  3.2131E-04
       3.1682E-04  2.9745E-04  2.8194E-04  2.6356E-04  2.8180E-04  2.5665E-04  3.0026E-04  2.5334E-04  2.4671E-04  2.2113E-04
       2.4157E-04  2.1991E-04  2.3186E-04  2.2211E-04  2.2190E-04  2.1291E-04  2.0051E-04  2.0031E-04  2.0162E-04  2.0705E-04
       2.0661E-04  2.3089E-04  2.4528E-04  2.3835E-04  2.2240E-04  2.5371E-04  2.6433E-04  2.5314E-04  2.9213E-04  3.2102E-04
       3.5685E-04  3.4380E-04  3.7120E-04  4.0153E-04  3.9000E-04  4.4463E-04  4.4751E-04  5.0849E-04  5.7945E-04  6.6988E-04
       7.8666E-04  1.0266E-03  1.4108E-03  2.0018E-03  2.9107E-03  4.4745E-03  6.5685E-03  9.9289E-03  1.5028E-02  2.2324E-02
       3.2201E-02  4.6341E-02  6.4390E-02  8.8235E-02  1.1851E-01  1.5431E-01  1.9600E-01  2.4367E-01  2.9548E-01  3.4694E-01
       3.9659E-01  4.4258E-01  4.7957E-01  5.0208E-01  5.1346E-01  5.0856E-01  4.8861E-01  4.5467E-01  4.1131E-01  3.5809E-01
       3.0373E-01  2.4837E-01  1.9612E-01  1.5010E-01  1.1063E-01  7.9347E-02  5.4669E-02  3.5996E-02  2.3088E-02  1.4269E-02
       8.3680E-03  4.8494E-03  2.6628E-03  1.4400E-03  7.2753E-04  3.4310E-04  1.7115E-04  6.6866E-05  2.7065E-05  1.1939E-05
       8.7559E-06  1.5918E-06  3.1838E-06  0.0000E+00  0.0000E+00  0.0000E+00  0.0000E+00  0.0000E+00  0.0000E+00  0.0000E+00
       0.0000E+00  0.0000E+00  0.0000E+00  0.0000E+00  0.0000E+00  0.0000E+00  0.0000E+00  0.0000E+00  0.0000E+00  0.0000E+00
       0.0000E+00  0.0000E+00  0.0000E+00  0.0000E+00  0.0000E+00  0.0000E+00  0.0000E+00  0.0000E+00  0.0000E+00  0.0000E+00
       0.0000E+00  0.0000E+00  0.0000E+00  0.0000E+00  0.0000E+00  0.0000E+00  0.0000E+00  0.0000E+00  0.0000E+00  0.0000E+00
       0.0000E+00  0.0000E+00  0.0000E+00  0.0000E+00  0.0000E+00  0.0000E+00  0.0000E+00  0.0000E+00  0.0000E+00  0.0000E+00
       0.0000E+00  0.0000E+00  0.0000E+00  0.0000E+00  0.0000E+00  0.0000E+00  0.0000E+00  0.0000E+00  0.0000E+00  0.0000E+00
       0.0000E+00  0.0000E+00  0.0000E+00  0.0000E+00  0.0000E+00  0.0000E+00  0.0000E+00  0.0000E+00  0.0000E+00  0.0000E+00
       0.0000E+00  0.0000E+00  0.0000E+00  0.0000E+00  0.0000E+00  0.0000E+00  0.0000E+00  0.0000E+00  0.0000E+00  0.0000E+00
       0.0000E+00  0.0000E+00  0.0000E+00  0.0000E+00  0.0000E+00  0.0000E+00  0.0000E+00  0.0000E+00  0.0000E+00  0.0000E+00
       0.0000E+00  0.0000E+00  0.0000E+00  0.0000E+00  0.0000E+00  0.0000E+00  0.0000E+00  0.0000E+00  0.0000E+00  0.0000E+00
       0.0000E+00  0.0000E+00  0.0000E+00  0.0000E+00  0.0000E+00  0.0000E+00  0.0000E+00  0.0000E+00  0.0000E+00  0.0000E+00
       0.0000E+00  0.0000E+00  0.0000E+00  0.0000E+00  0.0000E+00  0.0000E+00  0.0000E+00  0.0000E+00  0.0000E+00  0.0000E+00
       0.0000E+00  0.0000E+00  0.0000E+00  0.0000E+00  0.0000E+00  0.0000E+00  0.0000E+00  0.0000E+00  0.0000E+00  0.0000E+00
       0.0000E+00  0.0000E+00  0.0000E+00  0.0000E+00  0.0000E+00  0.0000E+00  0.0000E+00  0.0000E+00  0.0000E+00  0.0000E+00
       0.0000E+00  0.0000E+00  0.0000E+00  0.0000E+00  0.0000E+00  0.0000E+00  0.0000E+00  0.0000E+00  0.0000E+00  0.0000E+00
       0.0000E+00  0.0000E+00  0.0000E+00  0.0000E+00  0.0000E+00  0.0000E+00  0.0000E+00  0.0000E+00  0.0000E+00  0.0000E+00
       0.0000E+00  0.0000E+00  0.0000E+00  0.0000E+00  0.0000E+00  0.0000E+00  0.0000E+00  0.0000E+00  0.0000E+00  0.0000E+00
       0.0000E+00  0.0000E+00  0.0000E+00  0.0000E+00  0.0000E+00  0.0000E+00  0.0000E+00  0.0000E+00  0.0000E+00  0.0000E+00
       0.0000E+00  0.0000E+00  0.0000E+00  0.0000E+00  0.0000E+00  0.0000E+00  0.0000E+00  0.0000E+00  0.0000E+00  0.0000E+00
       0.0000E+00  0.0000E+00  0.0000E+00  0.0000E+00  0.0000E+00  0.0000E+00  0.0000E+00  0.0000E+00  0.0000E+00  0.0000E+00
       0.0000E+00  0.0000E+00  0.0000E+00  0.0000E+00  0.0000E+00  0.0000E+00  0.0000E+00  0.0000E+00  0.0000E+00  0.0000E+00
       0.0000E+00  0.0000E+00  0.0000E+00  0.0000E+00  0.0000E+00  0.0000E+00  0.0000E+00  0.0000E+00  0.0000E+00  0.0000E+00
       0.0000E+00  0.0000E+00  0.0000E+00  0.0000E+00  0.0000E+00  0.0000E+00  0.0000E+00  0.0000E+00  0.0000E+00  0.0000E+00
       0.0000E+00  0.0000E+00  0.0000E+00  0.0000E+00  0.0000E+00  0.0000E+00  0.0000E+00  0.0000E+00  0.0000E+00  0.0000E+00
       0.0000E+00  0.0000E+00  0.0000E+00  0.0000E+00  0.0000E+00  0.0000E+00  0.0000E+00  0.0000E+00  0.0000E+00  0.0000E+00
       0.0000E+00  0.0000E+00  0.0000E+00  0.0000E+00  0.0000E+00  0.0000E+00  0.0000E+00  0.0000E+00  0.0000E+00  0.0000E+00
       0.0000E+00  0.0000E+00  0.0000E+00  0.0000E+00  0.0000E+00  0.0000E+00  0.0000E+00  0.0000E+00  0.0000E+00  0.0000E+00
       0.0000E+00  0.0000E+00  0.0000E+00  0.0000E+00  0.0000E+00  0.0000E+00  0.0000E+00  0.0000E+00  0.0000E+00  0.0000E+00
       0.0000E+00  0.0000E+00  0.0000E+00  0.0000E+00  0.0000E+00  0.0000E+00  0.0000E+00  0.0000E+00  0.0000E+00  0.0000E+00
       0.0000E+00  0.0000E+00  0.0000E+00  0.0000E+00  0.0000E+00  0.0000E+00  0.0000E+00  0.0000E+00  0.0000E+00  0.0000E+00
       0.0000E+00  0.0000E+00  0.0000E+00  0.0000E+00  0.0000E+00  0.0000E+00  0.0000E+00  0.0000E+00  0.0000E+00  0.0000E+00
       0.0000E+00  0.0000E+00  0.0000E+00  0.0000E+00  0.0000E+00  0.0000E+00  0.0000E+00  0.0000E+00  0.0000E+00  0.0000E+00
       0.0000E+00  0.0000E+00  0.0000E+00  0.0000E+00  0.0000E+00  0.0000E+00  0.0000E+00  0.0000E+00  0.0000E+00  0.0000E+00
       0.0000E+00  0.0000E+00  0.0000E+00  0.0000E+00  0.0000E+00  0.0000E+00  0.0000E+00  0.0000E+00  0.0000E+00  0.0000E+00
       0.0000E+00  0.0000E+00  0.0000E+00  0.0000E+00  0.0000E+00  0.0000E+00  0.0000E+00  0.0000E+00  0.0000E+00  0.0000E+00
       0.0000E+00  0.0000E+00  0.0000E+00  0.0000E+00  0.0000E+00  0.0000E+00  0.0000E+00  0.0000E+00  0.0000E+00  0.0000E+00
       0.0000E+00  0.0000E+00  0.0000E+00  0.0000E+00  0.0000E+00  0.0000E+00  0.0000E+00  0.0000E+00  0.0000E+00  0.0000E+00
1

   Bdrx n.   6  "ofluence  " , generalized particle n.    1, from region n.     5 to region n.     4
      detector area:  1.0000E+02 cm**2
      this is a one way only estimator
      this is a fluence like estimator
      linear energy binning from   0.0000E+00 to  3.0000E+02 GeV,     1 bins ( 3.0000E+02 GeV wide)
      linear angular binning from  0.0000E+00 to  6.2832E+00 sr ,     1 bins ( 6.2832E+00 sr wide )
      Data follow in a matrix A(ie,ia), format (1(5x,1p,10(1x,e11.4)))

       5.2320E-06
