
 *****  Protons in Lexan (0.18GeV, 3cm)                                                   *****

           DATE: 12/18/18,  TIME: 11:12: 0

          Total number of particles followed       10000000, for a total weight of  1.0000E+07

1

   Bdrx n.   4  "ocurrent  " , generalized particle n.    1, from region n.     5 to region n.     4
      detector area:  1.0000E+02 cm**2
      this is a one way only estimator
      this is a current like estimator
      linear energy binning from   1.0000E-01 to  2.3000E-01 GeV,   650 bins ( 2.0000E-04 GeV wide)
      linear angular binning from  0.0000E+00 to  6.2832E+00 sr ,     1 bins ( 6.2832E+00 sr wide )
      Data follow in a matrix A(ie,ia), format (1(5x,1p,10(1x,e11.4)))

       5.7853E-04  5.7614E-04  5.9922E-04  6.0797E-04  5.8092E-04  5.9126E-04  6.1434E-04  5.8569E-04  5.6182E-04  5.8808E-04
       5.8410E-04  5.7694E-04  6.0718E-04  6.2230E-04  6.0956E-04  6.0320E-04  5.9842E-04  5.7375E-04  5.8330E-04  6.2070E-04
       6.1513E-04  5.9683E-04  5.9126E-04  5.9842E-04  5.9683E-04  6.2230E-04  5.8967E-04  5.6818E-04  6.0161E-04  6.1434E-04
       5.7057E-04  6.3423E-04  5.8012E-04  6.4219E-04  5.4670E-04  6.2389E-04  6.1195E-04  6.0320E-04  5.6818E-04  5.8967E-04
       5.9444E-04  5.8092E-04  5.8489E-04  6.1673E-04  6.1354E-04  5.9365E-04  6.0479E-04  6.1752E-04  5.9763E-04  5.7853E-04
       5.8012E-04  5.8728E-04  5.8171E-04  5.8728E-04  5.7375E-04  5.9444E-04  6.4299E-04  6.1673E-04  5.7455E-04  5.5465E-04
       5.8410E-04  5.8489E-04  5.5625E-04  5.9683E-04  5.5227E-04  6.0001E-04  5.5068E-04  5.7137E-04  5.9444E-04  5.9126E-04
       5.4590E-04  5.2680E-04  5.5386E-04  5.8887E-04  5.5863E-04  5.3556E-04  5.4829E-04  5.7137E-04  5.6023E-04  5.9524E-04
       5.6261E-04  5.9126E-04  5.5863E-04  5.9046E-04  5.6341E-04  5.3158E-04  5.6977E-04  5.4988E-04  5.4033E-04  5.4351E-04
       5.9365E-04  5.2999E-04  5.2601E-04  5.4749E-04  5.4988E-04  5.7057E-04  5.3954E-04  5.4749E-04  5.6023E-04  5.4431E-04
       5.0213E-04  5.1168E-04  5.2044E-04  5.4351E-04  5.3237E-04  5.2601E-04  5.2282E-04  5.3317E-04  4.9418E-04  5.2362E-04
       5.0054E-04  5.3237E-04  5.0293E-04  4.8224E-04  5.2282E-04  5.1487E-04  4.8065E-04  5.2442E-04  4.9020E-04  4.8542E-04
       4.9020E-04  4.8701E-04  5.0373E-04  4.7349E-04  4.8542E-04  4.9418E-04  4.9020E-04  5.0532E-04  5.0373E-04  4.6792E-04
       4.9258E-04  4.8383E-04  4.5280E-04  4.3529E-04  4.6871E-04  4.6871E-04  4.8463E-04  4.8622E-04  4.6871E-04  4.5598E-04
       4.7030E-04  4.5120E-04  4.8940E-04  5.1487E-04  4.6473E-04  4.5359E-04  4.5837E-04  4.2494E-04  4.7030E-04  4.4802E-04
       4.5280E-04  4.4165E-04  4.7508E-04  4.3051E-04  4.1619E-04  4.7508E-04  4.3211E-04  4.2017E-04  4.1062E-04  4.2017E-04
       4.1778E-04  4.0823E-04  4.3449E-04  4.3768E-04  4.0027E-04  4.2415E-04  4.0744E-04  4.2017E-04  4.0187E-04  4.1460E-04
       3.8436E-04  3.8913E-04  3.6924E-04  3.8913E-04  3.8197E-04  3.7561E-04  3.6606E-04  3.5253E-04  3.5571E-04  3.6685E-04
       3.7401E-04  3.5730E-04  3.4457E-04  3.4377E-04  3.1751E-04  3.0399E-04  3.2388E-04  3.1115E-04  2.8966E-04  3.0001E-04
       2.9603E-04  2.7773E-04  2.6420E-04  2.4351E-04  2.6261E-04  2.4032E-04  2.7613E-04  2.3475E-04  2.2759E-04  2.0292E-04
       2.2202E-04  2.0292E-04  2.1247E-04  2.0054E-04  1.9894E-04  1.9656E-04  1.8382E-04  1.8223E-04  1.8542E-04  1.8939E-04
       1.8939E-04  2.1168E-04  2.2361E-04  2.2123E-04  2.0451E-04  2.3077E-04  2.4032E-04  2.3555E-04  2.6977E-04  2.9842E-04
       3.3104E-04  3.2149E-04  3.4775E-04  3.7799E-04  3.6765E-04  4.1699E-04  4.2256E-04  4.8304E-04  5.4988E-04  6.3901E-04
       7.5439E-04  9.9154E-04  1.3703E-03  1.9568E-03  2.8576E-03  4.4158E-03  6.5039E-03  9.8501E-03  1.4937E-02  2.2220E-02
       3.2086E-02  4.6201E-02  6.4235E-02  8.8060E-02  1.1832E-01  1.5409E-01  1.9576E-01  2.4340E-01  2.9520E-01  3.4665E-01
       3.9628E-01  4.4226E-01  4.7925E-01  5.0177E-01  5.1316E-01  5.0828E-01  4.8837E-01  4.5445E-01  4.1111E-01  3.5793E-01
       3.0360E-01  2.4826E-01  1.9604E-01  1.5004E-01  1.1059E-01  7.9316E-02  5.4649E-02  3.5983E-02  2.3080E-02  1.4264E-02
       8.3652E-03  4.8479E-03  2.6619E-03  1.4396E-03  7.2734E-04  3.4298E-04  1.7109E-04  6.6845E-05  2.7056E-05  1.1937E-05
       8.7535E-06  1.5915E-06  3.1831E-06  0.0000E+00  0.0000E+00  0.0000E+00  0.0000E+00  0.0000E+00  0.0000E+00  0.0000E+00
       0.0000E+00  0.0000E+00  0.0000E+00  0.0000E+00  0.0000E+00  0.0000E+00  0.0000E+00  0.0000E+00  0.0000E+00  0.0000E+00
       0.0000E+00  0.0000E+00  0.0000E+00  0.0000E+00  0.0000E+00  0.0000E+00  0.0000E+00  0.0000E+00  0.0000E+00  0.0000E+00
       0.0000E+00  0.0000E+00  0.0000E+00  0.0000E+00  0.0000E+00  0.0000E+00  0.0000E+00  0.0000E+00  0.0000E+00  0.0000E+00
       0.0000E+00  0.0000E+00  0.0000E+00  0.0000E+00  0.0000E+00  0.0000E+00  0.0000E+00  0.0000E+00  0.0000E+00  0.0000E+00
       0.0000E+00  0.0000E+00  0.0000E+00  0.0000E+00  0.0000E+00  0.0000E+00  0.0000E+00  0.0000E+00  0.0000E+00  0.0000E+00
       0.0000E+00  0.0000E+00  0.0000E+00  0.0000E+00  0.0000E+00  0.0000E+00  0.0000E+00  0.0000E+00  0.0000E+00  0.0000E+00
       0.0000E+00  0.0000E+00  0.0000E+00  0.0000E+00  0.0000E+00  0.0000E+00  0.0000E+00  0.0000E+00  0.0000E+00  0.0000E+00
       0.0000E+00  0.0000E+00  0.0000E+00  0.0000E+00  0.0000E+00  0.0000E+00  0.0000E+00  0.0000E+00  0.0000E+00  0.0000E+00
       0.0000E+00  0.0000E+00  0.0000E+00  0.0000E+00  0.0000E+00  0.0000E+00  0.0000E+00  0.0000E+00  0.0000E+00  0.0000E+00
       0.0000E+00  0.0000E+00  0.0000E+00  0.0000E+00  0.0000E+00  0.0000E+00  0.0000E+00  0.0000E+00  0.0000E+00  0.0000E+00
       0.0000E+00  0.0000E+00  0.0000E+00  0.0000E+00  0.0000E+00  0.0000E+00  0.0000E+00  0.0000E+00  0.0000E+00  0.0000E+00
       0.0000E+00  0.0000E+00  0.0000E+00  0.0000E+00  0.0000E+00  0.0000E+00  0.0000E+00  0.0000E+00  0.0000E+00  0.0000E+00
       0.0000E+00  0.0000E+00  0.0000E+00  0.0000E+00  0.0000E+00  0.0000E+00  0.0000E+00  0.0000E+00  0.0000E+00  0.0000E+00
       0.0000E+00  0.0000E+00  0.0000E+00  0.0000E+00  0.0000E+00  0.0000E+00  0.0000E+00  0.0000E+00  0.0000E+00  0.0000E+00
       0.0000E+00  0.0000E+00  0.0000E+00  0.0000E+00  0.0000E+00  0.0000E+00  0.0000E+00  0.0000E+00  0.0000E+00  0.0000E+00
       0.0000E+00  0.0000E+00  0.0000E+00  0.0000E+00  0.0000E+00  0.0000E+00  0.0000E+00  0.0000E+00  0.0000E+00  0.0000E+00
       0.0000E+00  0.0000E+00  0.0000E+00  0.0000E+00  0.0000E+00  0.0000E+00  0.0000E+00  0.0000E+00  0.0000E+00  0.0000E+00
       0.0000E+00  0.0000E+00  0.0000E+00  0.0000E+00  0.0000E+00  0.0000E+00  0.0000E+00  0.0000E+00  0.0000E+00  0.0000E+00
       0.0000E+00  0.0000E+00  0.0000E+00  0.0000E+00  0.0000E+00  0.0000E+00  0.0000E+00  0.0000E+00  0.0000E+00  0.0000E+00
       0.0000E+00  0.0000E+00  0.0000E+00  0.0000E+00  0.0000E+00  0.0000E+00  0.0000E+00  0.0000E+00  0.0000E+00  0.0000E+00
       0.0000E+00  0.0000E+00  0.0000E+00  0.0000E+00  0.0000E+00  0.0000E+00  0.0000E+00  0.0000E+00  0.0000E+00  0.0000E+00
       0.0000E+00  0.0000E+00  0.0000E+00  0.0000E+00  0.0000E+00  0.0000E+00  0.0000E+00  0.0000E+00  0.0000E+00  0.0000E+00
       0.0000E+00  0.0000E+00  0.0000E+00  0.0000E+00  0.0000E+00  0.0000E+00  0.0000E+00  0.0000E+00  0.0000E+00  0.0000E+00
       0.0000E+00  0.0000E+00  0.0000E+00  0.0000E+00  0.0000E+00  0.0000E+00  0.0000E+00  0.0000E+00  0.0000E+00  0.0000E+00
       0.0000E+00  0.0000E+00  0.0000E+00  0.0000E+00  0.0000E+00  0.0000E+00  0.0000E+00  0.0000E+00  0.0000E+00  0.0000E+00
       0.0000E+00  0.0000E+00  0.0000E+00  0.0000E+00  0.0000E+00  0.0000E+00  0.0000E+00  0.0000E+00  0.0000E+00  0.0000E+00
       0.0000E+00  0.0000E+00  0.0000E+00  0.0000E+00  0.0000E+00  0.0000E+00  0.0000E+00  0.0000E+00  0.0000E+00  0.0000E+00
       0.0000E+00  0.0000E+00  0.0000E+00  0.0000E+00  0.0000E+00  0.0000E+00  0.0000E+00  0.0000E+00  0.0000E+00  0.0000E+00
       0.0000E+00  0.0000E+00  0.0000E+00  0.0000E+00  0.0000E+00  0.0000E+00  0.0000E+00  0.0000E+00  0.0000E+00  0.0000E+00
       0.0000E+00  0.0000E+00  0.0000E+00  0.0000E+00  0.0000E+00  0.0000E+00  0.0000E+00  0.0000E+00  0.0000E+00  0.0000E+00
       0.0000E+00  0.0000E+00  0.0000E+00  0.0000E+00  0.0000E+00  0.0000E+00  0.0000E+00  0.0000E+00  0.0000E+00  0.0000E+00
       0.0000E+00  0.0000E+00  0.0000E+00  0.0000E+00  0.0000E+00  0.0000E+00  0.0000E+00  0.0000E+00  0.0000E+00  0.0000E+00
       0.0000E+00  0.0000E+00  0.0000E+00  0.0000E+00  0.0000E+00  0.0000E+00  0.0000E+00  0.0000E+00  0.0000E+00  0.0000E+00
       0.0000E+00  0.0000E+00  0.0000E+00  0.0000E+00  0.0000E+00  0.0000E+00  0.0000E+00  0.0000E+00  0.0000E+00  0.0000E+00
       0.0000E+00  0.0000E+00  0.0000E+00  0.0000E+00  0.0000E+00  0.0000E+00  0.0000E+00  0.0000E+00  0.0000E+00  0.0000E+00
       0.0000E+00  0.0000E+00  0.0000E+00  0.0000E+00  0.0000E+00  0.0000E+00  0.0000E+00  0.0000E+00  0.0000E+00  0.0000E+00
