
 *****  Protons in Lexan (0.18GeV, 3cm)                                                   *****

           DATE: 12/18/18,  TIME: 11:12: 0

          Total number of particles followed       10000000, for a total weight of  1.0000E+07

1

   Res. nuclei n.   1  "Ian       " ,  all         products, region n.     5
      detector volume:  1.0000E+00 cm**3
      Max. Z:  10, Max. N-Z:  11 Min. N-Z: -4
      Data follow in a matrix A(z,n-z-k), k: -5 format (1(5x,1p,10(1x,e11.4)))

       0.0000E+00  0.0000E+00  0.0000E+00  0.0000E+00  0.0000E+00  0.0000E+00  0.0000E+00  0.0000E+00  0.0000E+00  0.0000E+00
       0.0000E+00  0.0000E+00  0.0000E+00  0.0000E+00  0.0000E+00  3.4900E-05  0.0000E+00  1.0000E-06  0.0000E+00  0.0000E+00
       0.0000E+00  0.0000E+00  0.0000E+00  0.0000E+00  2.7200E-04  4.9620E-04  6.5800E-05  1.0610E-04  0.0000E+00  0.0000E+00
       8.8686E-02  7.7416E-03  0.0000E+00  3.5750E-03  0.0000E+00  1.0549E-02  1.4440E-04  2.5173E-03  1.0000E-07  1.0000E-07
       2.5146E-02  6.1784E-02  4.9985E-03  0.0000E+00  3.4842E-03  1.6905E-02  1.2114E-03  1.9892E-03  3.0000E-07  9.0000E-07
       3.9755E-03  0.0000E+00  2.6378E-03  7.5912E-04  6.4471E-03  7.2001E-04  1.5859E-03  2.2505E-06  0.0000E+00  0.0000E+00
       0.0000E+00  1.5310E-04  2.1600E-04  4.3590E-04  7.9329E-05  1.5550E-04  7.0427E-06  3.0000E-06  0.0000E+00  0.0000E+00
       0.0000E+00  0.0000E+00  1.5300E-05  2.2000E-06  3.9000E-06  2.0000E-07  1.7000E-06  0.0000E+00  0.0000E+00  0.0000E+00
       0.0000E+00  3.0000E-07  0.0000E+00  1.0000E-07  0.0000E+00  0.0000E+00  0.0000E+00  0.0000E+00  0.0000E+00  0.0000E+00
       0.0000E+00  0.0000E+00  0.0000E+00  0.0000E+00  0.0000E+00  0.0000E+00  0.0000E+00  0.0000E+00  0.0000E+00  0.0000E+00
       0.0000E+00  0.0000E+00  0.0000E+00  0.0000E+00  0.0000E+00  0.0000E+00  0.0000E+00  0.0000E+00  0.0000E+00  0.0000E+00
       0.0000E+00  0.0000E+00  0.0000E+00  0.0000E+00  0.0000E+00  0.0000E+00  0.0000E+00  0.0000E+00  0.0000E+00  0.0000E+00
       0.0000E+00  0.0000E+00  0.0000E+00  0.0000E+00  0.0000E+00  0.0000E+00  0.0000E+00  0.0000E+00  0.0000E+00  0.0000E+00
       0.0000E+00  0.0000E+00  0.0000E+00  0.0000E+00  0.0000E+00  0.0000E+00  0.0000E+00  0.0000E+00  0.0000E+00  0.0000E+00
       0.0000E+00  0.0000E+00  0.0000E+00  0.0000E+00  0.0000E+00  0.0000E+00  0.0000E+00  0.0000E+00  0.0000E+00  0.0000E+00
       0.0000E+00  0.0000E+00  0.0000E+00  0.0000E+00  0.0000E+00  0.0000E+00  0.0000E+00  0.0000E+00  0.0000E+00  0.0000E+00
