
 *****  Protons in Lexan (0.17GeV, 0cm)                                                   *****

           DATE: 12/18/18,  TIME: 18:25:46

          Total number of particles followed       50000000, for a total weight of  5.0000E+07

1

   Res. nuclei n.   1  "Ian       " ,  all         products, region n.     5
      detector volume:  1.0000E+00 cm**3
      Max. Z:  10, Max. N-Z:  11 Min. N-Z: -4
      Data follow in a matrix A(z,n-z-k), k: -5 format (1(5x,1p,10(1x,e11.4)))

       0.0000E+00  0.0000E+00  0.0000E+00  0.0000E+00  0.0000E+00  0.0000E+00  0.0000E+00  0.0000E+00  0.0000E+00  0.0000E+00
       0.0000E+00  0.0000E+00  0.0000E+00  0.0000E+00  0.0000E+00  7.4000E-06  0.0000E+00  3.6000E-07  0.0000E+00  0.0000E+00
       0.0000E+00  0.0000E+00  0.0000E+00  0.0000E+00  5.5640E-05  1.0214E-04  1.3600E-05  2.1960E-05  0.0000E+00  0.0000E+00
       9.4777E-03  1.5051E-03  0.0000E+00  7.2128E-04  0.0000E+00  2.1025E-03  2.7940E-05  5.0259E-04  0.0000E+00  0.0000E+00
       2.4480E-03  1.1730E-02  9.7264E-04  0.0000E+00  6.8726E-04  2.9523E-03  2.3264E-04  3.4607E-04  2.0000E-08  1.6000E-07
       7.4588E-04  0.0000E+00  5.1298E-04  1.3829E-04  1.2423E-03  1.3401E-04  3.1165E-04  4.4434E-07  0.0000E+00  0.0000E+00
       0.0000E+00  3.0400E-05  4.1100E-05  8.4420E-05  1.2551E-05  3.0620E-05  4.7634E-07  4.2000E-07  0.0000E+00  0.0000E+00
       0.0000E+00  0.0000E+00  2.7000E-06  4.6000E-07  8.4000E-07  2.0000E-08  2.8000E-07  0.0000E+00  0.0000E+00  0.0000E+00
       0.0000E+00  0.0000E+00  0.0000E+00  4.0000E-08  0.0000E+00  8.0000E-08  0.0000E+00  0.0000E+00  0.0000E+00  0.0000E+00
       0.0000E+00  0.0000E+00  0.0000E+00  0.0000E+00  0.0000E+00  0.0000E+00  0.0000E+00  0.0000E+00  0.0000E+00  0.0000E+00
       0.0000E+00  0.0000E+00  0.0000E+00  0.0000E+00  0.0000E+00  0.0000E+00  0.0000E+00  0.0000E+00  0.0000E+00  0.0000E+00
       0.0000E+00  0.0000E+00  0.0000E+00  0.0000E+00  0.0000E+00  0.0000E+00  0.0000E+00  0.0000E+00  0.0000E+00  0.0000E+00
       0.0000E+00  0.0000E+00  0.0000E+00  0.0000E+00  0.0000E+00  0.0000E+00  0.0000E+00  0.0000E+00  0.0000E+00  0.0000E+00
       0.0000E+00  0.0000E+00  0.0000E+00  0.0000E+00  0.0000E+00  0.0000E+00  0.0000E+00  0.0000E+00  0.0000E+00  0.0000E+00
       0.0000E+00  0.0000E+00  0.0000E+00  0.0000E+00  0.0000E+00  0.0000E+00  0.0000E+00  0.0000E+00  0.0000E+00  0.0000E+00
       0.0000E+00  0.0000E+00  0.0000E+00  0.0000E+00  0.0000E+00  0.0000E+00  0.0000E+00  0.0000E+00  0.0000E+00  0.0000E+00
