
 *****  Protons in Lexan (0.17GeV, 0cm)                                                   *****

           DATE: 12/18/18,  TIME: 18:25:46

          Total number of particles followed       50000000, for a total weight of  5.0000E+07

1

   Bdrx n.   4  "ocurrent  " , generalized particle n.    1, from region n.     5 to region n.     4
      detector area:  1.0000E+02 cm**2
      this is a one way only estimator
      this is a current like estimator
      linear energy binning from   9.0000E-02 to  2.2000E-01 GeV,   650 bins ( 2.0000E-04 GeV wide)
      linear angular binning from  0.0000E+00 to  6.2832E+00 sr ,     1 bins ( 6.2832E+00 sr wide )
      Data follow in a matrix A(ie,ia), format (1(5x,1p,10(1x,e11.4)))

       1.4133E-04  1.4117E-04  1.3974E-04  1.4308E-04  1.5056E-04  1.3767E-04  1.4069E-04  1.5008E-04  1.3910E-04  1.5199E-04
       1.5136E-04  1.3480E-04  1.4165E-04  1.4674E-04  1.3910E-04  1.4181E-04  1.4022E-04  1.4451E-04  1.4881E-04  1.4228E-04
       1.4213E-04  1.3576E-04  1.3799E-04  1.4722E-04  1.4197E-04  1.4228E-04  1.4037E-04  1.4133E-04  1.4674E-04  1.4260E-04
       1.4610E-04  1.3703E-04  1.3608E-04  1.3958E-04  1.3990E-04  1.4945E-04  1.4022E-04  1.4276E-04  1.4515E-04  1.3624E-04
       1.4738E-04  1.4244E-04  1.4945E-04  1.4435E-04  1.3974E-04  1.3640E-04  1.4435E-04  1.4690E-04  1.4165E-04  1.4913E-04
       1.4308E-04  1.3958E-04  1.3751E-04  1.4069E-04  1.4228E-04  1.3990E-04  1.4515E-04  1.4881E-04  1.4053E-04  1.4595E-04
       1.3894E-04  1.3926E-04  1.4833E-04  1.4722E-04  1.4531E-04  1.3926E-04  1.4865E-04  1.3942E-04  1.4101E-04  1.4451E-04
       1.4308E-04  1.4228E-04  1.4531E-04  1.4372E-04  1.4149E-04  1.3480E-04  1.3465E-04  1.4658E-04  1.4388E-04  1.4706E-04
       1.3496E-04  1.4404E-04  1.4738E-04  1.3512E-04  1.5152E-04  1.3910E-04  1.5040E-04  1.4340E-04  1.4897E-04  1.5072E-04
       1.3655E-04  1.5167E-04  1.3799E-04  1.3687E-04  1.4992E-04  1.4053E-04  1.4626E-04  1.3958E-04  1.5056E-04  1.4563E-04
       1.5040E-04  1.4579E-04  1.4626E-04  1.4213E-04  1.4451E-04  1.4228E-04  1.4754E-04  1.4069E-04  1.4308E-04  1.4085E-04
       1.3560E-04  1.4817E-04  1.4563E-04  1.4451E-04  1.3910E-04  1.4658E-04  1.4849E-04  1.4117E-04  1.5072E-04  1.4006E-04
       1.4770E-04  1.4547E-04  1.3974E-04  1.3799E-04  1.4467E-04  1.4356E-04  1.4292E-04  1.5502E-04  1.3687E-04  1.4945E-04
       1.4388E-04  1.4467E-04  1.4213E-04  1.4626E-04  1.4785E-04  1.4531E-04  1.4515E-04  1.4356E-04  1.4897E-04  1.4515E-04
       1.4881E-04  1.4340E-04  1.4037E-04  1.5549E-04  1.4801E-04  1.6266E-04  1.4945E-04  1.4213E-04  1.4308E-04  1.4006E-04
       1.4881E-04  1.4181E-04  1.5104E-04  1.4833E-04  1.4563E-04  1.3751E-04  1.5136E-04  1.5470E-04  1.4006E-04  1.4483E-04
       1.4754E-04  1.4531E-04  1.4579E-04  1.4133E-04  1.4324E-04  1.4961E-04  1.4308E-04  1.5024E-04  1.4658E-04  1.4244E-04
       1.4260E-04  1.3703E-04  1.4499E-04  1.4610E-04  1.4022E-04  1.3465E-04  1.4419E-04  1.4595E-04  1.4213E-04  1.3974E-04
       1.4069E-04  1.4101E-04  1.4451E-04  1.3815E-04  1.4149E-04  1.4276E-04  1.5104E-04  1.3910E-04  1.4181E-04  1.4197E-04
       1.4149E-04  1.3751E-04  1.3878E-04  1.4467E-04  1.3528E-04  1.3958E-04  1.3226E-04  1.4276E-04  1.4738E-04  1.4547E-04
       1.4149E-04  1.3942E-04  1.3274E-04  1.4547E-04  1.3512E-04  1.3305E-04  1.3958E-04  1.3735E-04  1.3751E-04  1.2048E-04
       1.3258E-04  1.3958E-04  1.2939E-04  1.2939E-04  1.3114E-04  1.2271E-04  1.2701E-04  1.3687E-04  1.3146E-04  1.3417E-04
       1.3353E-04  1.3321E-04  1.2685E-04  1.3640E-04  1.2955E-04  1.2764E-04  1.2605E-04  1.3130E-04  1.2398E-04  1.2191E-04
       1.2080E-04  1.1921E-04  1.2096E-04  1.2303E-04  1.2764E-04  1.2828E-04  1.2573E-04  1.3051E-04  1.2303E-04  1.2732E-04
       1.1411E-04  1.1698E-04  1.1443E-04  1.2239E-04  1.1602E-04  1.2271E-04  1.1602E-04  1.1666E-04  1.1507E-04  1.1905E-04
       1.1539E-04  1.1523E-04  1.2191E-04  1.1045E-04  1.2382E-04  1.1300E-04  1.1618E-04  1.1141E-04  1.2080E-04  1.0313E-04
       1.1873E-04  1.0982E-04  1.1173E-04  1.0727E-04  1.1252E-04  1.1539E-04  1.0520E-04  1.1539E-04  1.1109E-04  1.1220E-04
       1.1093E-04  1.0998E-04  1.0520E-04  1.0281E-04  1.0679E-04  1.1029E-04  1.0807E-04  1.0456E-04  1.0711E-04  1.0504E-04
       9.8199E-05  1.0520E-04  9.9790E-05  9.9313E-05  9.7721E-05  1.0456E-04  9.4379E-05  9.5175E-05  1.0170E-04  9.7085E-05
       1.0138E-04  8.9286E-05  9.3583E-05  8.8331E-05  9.1196E-05  8.8331E-05  8.9763E-05  8.7058E-05  8.7217E-05  8.4193E-05
       8.5466E-05  8.1965E-05  8.1010E-05  7.8623E-05  7.9737E-05  8.3716E-05  6.6845E-05  7.9259E-05  7.7349E-05  7.8145E-05
       6.8437E-05  6.3344E-05  6.9232E-05  6.3821E-05  6.8914E-05  5.4590E-05  5.6023E-05  5.0293E-05  4.8701E-05  4.8542E-05
       4.6155E-05  3.8038E-05  3.8675E-05  3.8675E-05  4.0744E-05  3.5332E-05  3.8675E-05  3.6924E-05  4.8383E-05  3.9789E-05
       4.0425E-05  4.4086E-05  4.7587E-05  4.3768E-05  5.1566E-05  4.5996E-05  5.0293E-05  5.9206E-05  5.8569E-05  6.3662E-05
       6.7641E-05  7.9896E-05  7.8782E-05  8.1806E-05  8.6103E-05  8.4989E-05  8.8649E-05  8.7854E-05  8.8808E-05  8.8331E-05
       8.9445E-05  8.1806E-05  1.0313E-04  1.5374E-04  2.6229E-04  5.3094E-04  1.1450E-03  2.4984E-03  5.2887E-03  1.0897E-02
       2.1477E-02  4.0379E-02  7.1572E-02  1.1982E-01  1.8913E-01  2.8118E-01  3.9278E-01  5.1603E-01  6.3616E-01  7.3534E-01
       7.9531E-01  8.0628E-01  7.6298E-01  6.7551E-01  5.5805E-01  4.3033E-01  3.0887E-01  2.0743E-01  1.2923E-01  7.5179E-02
       4.0646E-02  2.0405E-02  9.5340E-03  4.1251E-03  1.6552E-03  6.4108E-04  2.0961E-04  6.9232E-05  1.8621E-05  4.1380E-06
       1.4324E-06  6.3662E-07  3.1831E-07  0.0000E+00  0.0000E+00  0.0000E+00  0.0000E+00  0.0000E+00  0.0000E+00  0.0000E+00
       0.0000E+00  0.0000E+00  0.0000E+00  0.0000E+00  0.0000E+00  0.0000E+00  0.0000E+00  0.0000E+00  0.0000E+00  0.0000E+00
       0.0000E+00  0.0000E+00  0.0000E+00  0.0000E+00  0.0000E+00  0.0000E+00  0.0000E+00  0.0000E+00  0.0000E+00  0.0000E+00
       0.0000E+00  0.0000E+00  0.0000E+00  0.0000E+00  0.0000E+00  0.0000E+00  0.0000E+00  0.0000E+00  0.0000E+00  0.0000E+00
       0.0000E+00  0.0000E+00  0.0000E+00  0.0000E+00  0.0000E+00  0.0000E+00  0.0000E+00  0.0000E+00  0.0000E+00  0.0000E+00
       0.0000E+00  0.0000E+00  0.0000E+00  0.0000E+00  0.0000E+00  0.0000E+00  0.0000E+00  0.0000E+00  0.0000E+00  0.0000E+00
       0.0000E+00  0.0000E+00  0.0000E+00  0.0000E+00  0.0000E+00  0.0000E+00  0.0000E+00  0.0000E+00  0.0000E+00  0.0000E+00
       0.0000E+00  0.0000E+00  0.0000E+00  0.0000E+00  0.0000E+00  0.0000E+00  0.0000E+00  0.0000E+00  0.0000E+00  0.0000E+00
       0.0000E+00  0.0000E+00  0.0000E+00  0.0000E+00  0.0000E+00  0.0000E+00  0.0000E+00  0.0000E+00  0.0000E+00  0.0000E+00
       0.0000E+00  0.0000E+00  0.0000E+00  0.0000E+00  0.0000E+00  0.0000E+00  0.0000E+00  0.0000E+00  0.0000E+00  0.0000E+00
       0.0000E+00  0.0000E+00  0.0000E+00  0.0000E+00  0.0000E+00  0.0000E+00  0.0000E+00  0.0000E+00  0.0000E+00  0.0000E+00
       0.0000E+00  0.0000E+00  0.0000E+00  0.0000E+00  0.0000E+00  0.0000E+00  0.0000E+00  0.0000E+00  0.0000E+00  0.0000E+00
       0.0000E+00  0.0000E+00  0.0000E+00  0.0000E+00  0.0000E+00  0.0000E+00  0.0000E+00  0.0000E+00  0.0000E+00  0.0000E+00
       0.0000E+00  0.0000E+00  0.0000E+00  0.0000E+00  0.0000E+00  0.0000E+00  0.0000E+00  0.0000E+00  0.0000E+00  0.0000E+00
       0.0000E+00  0.0000E+00  0.0000E+00  0.0000E+00  0.0000E+00  0.0000E+00  0.0000E+00  0.0000E+00  0.0000E+00  0.0000E+00
       0.0000E+00  0.0000E+00  0.0000E+00  0.0000E+00  0.0000E+00  0.0000E+00  0.0000E+00  0.0000E+00  0.0000E+00  0.0000E+00
       0.0000E+00  0.0000E+00  0.0000E+00  0.0000E+00  0.0000E+00  0.0000E+00  0.0000E+00  0.0000E+00  0.0000E+00  0.0000E+00
       0.0000E+00  0.0000E+00  0.0000E+00  0.0000E+00  0.0000E+00  0.0000E+00  0.0000E+00  0.0000E+00  0.0000E+00  0.0000E+00
       0.0000E+00  0.0000E+00  0.0000E+00  0.0000E+00  0.0000E+00  0.0000E+00  0.0000E+00  0.0000E+00  0.0000E+00  0.0000E+00
       0.0000E+00  0.0000E+00  0.0000E+00  0.0000E+00  0.0000E+00  0.0000E+00  0.0000E+00  0.0000E+00  0.0000E+00  0.0000E+00
       0.0000E+00  0.0000E+00  0.0000E+00  0.0000E+00  0.0000E+00  0.0000E+00  0.0000E+00  0.0000E+00  0.0000E+00  0.0000E+00
       0.0000E+00  0.0000E+00  0.0000E+00  0.0000E+00  0.0000E+00  0.0000E+00  0.0000E+00  0.0000E+00  0.0000E+00  0.0000E+00
       0.0000E+00  0.0000E+00  0.0000E+00  0.0000E+00  0.0000E+00  0.0000E+00  0.0000E+00  0.0000E+00  0.0000E+00  0.0000E+00
       0.0000E+00  0.0000E+00  0.0000E+00  0.0000E+00  0.0000E+00  0.0000E+00  0.0000E+00  0.0000E+00  0.0000E+00  0.0000E+00
       0.0000E+00  0.0000E+00  0.0000E+00  0.0000E+00  0.0000E+00  0.0000E+00  0.0000E+00  0.0000E+00  0.0000E+00  0.0000E+00
       0.0000E+00  0.0000E+00  0.0000E+00  0.0000E+00  0.0000E+00  0.0000E+00  0.0000E+00  0.0000E+00  0.0000E+00  0.0000E+00
