
 *****  Protons in Lexan (0.17GeV, 0cm)                                                   *****

           DATE: 12/18/18,  TIME: 18:25:46

          Total number of particles followed       50000000, for a total weight of  5.0000E+07

1

   Bdrx n.   2  "ofluence  " , generalized particle n.    1, from region n.     5 to region n.     4
      detector area:  1.0000E+02 cm**2
      this is a one way only estimator
      this is a fluence like estimator
      linear energy binning from   9.0000E-02 to  2.2000E-01 GeV,   650 bins ( 2.0000E-04 GeV wide)
      linear angular binning from  0.0000E+00 to  6.2832E+00 sr ,     1 bins ( 6.2832E+00 sr wide )
      Data follow in a matrix A(ie,ia), format (1(5x,1p,10(1x,e11.4)))

       1.8706E-04  1.8904E-04  1.8758E-04  1.9681E-04  2.0178E-04  1.8533E-04  1.8776E-04  2.0388E-04  1.8853E-04  2.0509E-04
       2.0949E-04  1.7994E-04  1.9171E-04  1.9464E-04  1.8721E-04  1.9090E-04  1.9394E-04  1.9564E-04  2.0563E-04  1.8916E-04
       1.8767E-04  1.8109E-04  1.8442E-04  1.9849E-04  1.8805E-04  1.9144E-04  1.8621E-04  1.8665E-04  1.9873E-04  1.8988E-04
       1.9115E-04  1.8125E-04  1.8090E-04  1.8314E-04  1.8237E-04  1.9626E-04  1.8235E-04  1.9000E-04  1.9488E-04  1.7495E-04
       1.9206E-04  1.8307E-04  1.9764E-04  1.8675E-04  1.8018E-04  1.8104E-04  1.8477E-04  1.9096E-04  1.8624E-04  1.9375E-04
       1.8369E-04  1.7861E-04  1.7676E-04  1.8461E-04  1.8684E-04  1.8057E-04  1.8760E-04  1.9225E-04  1.7678E-04  1.8750E-04
       1.7995E-04  1.7655E-04  1.8976E-04  1.8836E-04  1.8298E-04  1.7994E-04  1.8974E-04  1.7546E-04  1.7776E-04  1.8311E-04
       1.8411E-04  1.8283E-04  1.8437E-04  1.8100E-04  1.8101E-04  1.7264E-04  1.7067E-04  1.8164E-04  1.8089E-04  1.8256E-04
       1.7029E-04  1.8193E-04  1.9324E-04  1.7313E-04  1.9331E-04  1.7406E-04  1.9006E-04  1.8074E-04  1.8622E-04  1.8489E-04
       1.7022E-04  1.9216E-04  1.7350E-04  1.7111E-04  1.8744E-04  1.7539E-04  1.8003E-04  1.7507E-04  1.8433E-04  1.8117E-04
       1.8796E-04  1.8021E-04  1.8132E-04  1.7693E-04  1.7941E-04  1.7576E-04  1.8082E-04  1.7184E-04  1.7524E-04  1.7207E-04
       1.6900E-04  1.8390E-04  1.7841E-04  1.7413E-04  1.7205E-04  1.7692E-04  1.8416E-04  1.7432E-04  1.8199E-04  1.6942E-04
       1.7940E-04  1.7904E-04  1.7171E-04  1.6702E-04  1.7487E-04  1.7266E-04  1.7328E-04  1.8674E-04  1.6653E-04  1.8269E-04
       1.7402E-04  1.8098E-04  1.7195E-04  1.7586E-04  1.8056E-04  1.7320E-04  1.7509E-04  1.7391E-04  1.7999E-04  1.7485E-04
       1.7804E-04  1.6897E-04  1.6904E-04  1.8701E-04  1.7800E-04  1.9446E-04  1.7823E-04  1.6974E-04  1.7150E-04  1.6447E-04
       1.7591E-04  1.6836E-04  1.7703E-04  1.7598E-04  1.7211E-04  1.6655E-04  1.8022E-04  1.8407E-04  1.6722E-04  1.7137E-04
       1.7556E-04  1.6986E-04  1.7177E-04  1.6691E-04  1.6822E-04  1.7632E-04  1.6850E-04  1.7621E-04  1.7045E-04  1.6733E-04
       1.6666E-04  1.6022E-04  1.6884E-04  1.7228E-04  1.6387E-04  1.5619E-04  1.6821E-04  1.6856E-04  1.6395E-04  1.6123E-04
       1.6273E-04  1.6426E-04  1.6771E-04  1.5873E-04  1.6324E-04  1.6425E-04  1.7410E-04  1.6087E-04  1.6294E-04  1.6567E-04
       1.6305E-04  1.5951E-04  1.5860E-04  1.6671E-04  1.5414E-04  1.6070E-04  1.5180E-04  1.6302E-04  1.6927E-04  1.6723E-04
       1.6081E-04  1.5809E-04  1.5179E-04  1.6578E-04  1.5562E-04  1.5190E-04  1.6056E-04  1.5492E-04  1.5653E-04  1.3630E-04
       1.5133E-04  1.5687E-04  1.4589E-04  1.4696E-04  1.4816E-04  1.3997E-04  1.4185E-04  1.5443E-04  1.4869E-04  1.5085E-04
       1.5247E-04  1.5053E-04  1.4254E-04  1.5429E-04  1.4658E-04  1.4350E-04  1.4144E-04  1.4674E-04  1.3962E-04  1.4543E-04
       1.3559E-04  1.3333E-04  1.3475E-04  1.3800E-04  1.4208E-04  1.4298E-04  1.3973E-04  1.4589E-04  1.3728E-04  1.4160E-04
       1.2765E-04  1.2977E-04  1.2711E-04  1.3540E-04  1.2896E-04  1.3545E-04  1.3267E-04  1.3744E-04  1.2688E-04  1.3196E-04
       1.2753E-04  1.2662E-04  1.3471E-04  1.2295E-04  1.3724E-04  1.2359E-04  1.2712E-04  1.2264E-04  1.3268E-04  1.1474E-04
       1.3197E-04  1.2077E-04  1.2251E-04  1.1831E-04  1.2374E-04  1.2634E-04  1.1511E-04  1.2559E-04  1.2073E-04  1.2560E-04
       1.2086E-04  1.1967E-04  1.1362E-04  1.1210E-04  1.1752E-04  1.2027E-04  1.1839E-04  1.1351E-04  1.1592E-04  1.1392E-04
       1.0666E-04  1.1419E-04  1.0804E-04  1.0704E-04  1.0591E-04  1.1244E-04  1.0222E-04  1.0179E-04  1.0995E-04  1.0379E-04
       1.0902E-04  9.5806E-05  1.0116E-04  9.5870E-05  9.7599E-05  9.3949E-05  9.5859E-05  9.2909E-05  9.3461E-05  9.0483E-05
       9.1450E-05  8.7238E-05  8.6043E-05  8.4053E-05  8.4758E-05  8.9075E-05  7.1841E-05  8.3924E-05  8.2288E-05  8.3263E-05
       7.3198E-05  6.8357E-05  7.4385E-05  6.8121E-05  7.3607E-05  5.9142E-05  6.0053E-05  5.5566E-05  5.3516E-05  5.2875E-05
       5.0378E-05  4.1669E-05  4.2278E-05  4.2864E-05  5.1914E-05  3.8641E-05  4.3030E-05  4.1179E-05  5.4618E-05  4.4102E-05
       4.4993E-05  4.8404E-05  5.2289E-05  4.8188E-05  5.8124E-05  5.0611E-05  5.7226E-05  6.3803E-05  6.2818E-05  6.8722E-05
       7.4235E-05  8.4663E-05  8.4338E-05  8.7854E-05  9.0960E-05  8.9413E-05  9.5487E-05  9.2973E-05  9.3383E-05  9.3010E-05
       9.4733E-05  8.9198E-05  1.1082E-04  1.6248E-04  2.7095E-04  5.4167E-04  1.1567E-03  2.5153E-03  5.3064E-03  1.0920E-02
       2.1506E-02  4.0414E-02  7.1616E-02  1.1987E-01  1.8919E-01  2.8125E-01  3.9286E-01  5.1613E-01  6.3625E-01  7.3544E-01
       7.9541E-01  8.0637E-01  7.6306E-01  6.7558E-01  5.5810E-01  4.3037E-01  3.0889E-01  2.0745E-01  1.2924E-01  7.5184E-02
       4.0649E-02  2.0407E-02  9.5347E-03  4.1254E-03  1.6553E-03  6.4112E-04  2.0964E-04  6.9236E-05  1.8623E-05  4.1382E-06
       1.4325E-06  6.3664E-07  3.1832E-07  0.0000E+00  0.0000E+00  0.0000E+00  0.0000E+00  0.0000E+00  0.0000E+00  0.0000E+00
       0.0000E+00  0.0000E+00  0.0000E+00  0.0000E+00  0.0000E+00  0.0000E+00  0.0000E+00  0.0000E+00  0.0000E+00  0.0000E+00
       0.0000E+00  0.0000E+00  0.0000E+00  0.0000E+00  0.0000E+00  0.0000E+00  0.0000E+00  0.0000E+00  0.0000E+00  0.0000E+00
       0.0000E+00  0.0000E+00  0.0000E+00  0.0000E+00  0.0000E+00  0.0000E+00  0.0000E+00  0.0000E+00  0.0000E+00  0.0000E+00
       0.0000E+00  0.0000E+00  0.0000E+00  0.0000E+00  0.0000E+00  0.0000E+00  0.0000E+00  0.0000E+00  0.0000E+00  0.0000E+00
       0.0000E+00  0.0000E+00  0.0000E+00  0.0000E+00  0.0000E+00  0.0000E+00  0.0000E+00  0.0000E+00  0.0000E+00  0.0000E+00
       0.0000E+00  0.0000E+00  0.0000E+00  0.0000E+00  0.0000E+00  0.0000E+00  0.0000E+00  0.0000E+00  0.0000E+00  0.0000E+00
       0.0000E+00  0.0000E+00  0.0000E+00  0.0000E+00  0.0000E+00  0.0000E+00  0.0000E+00  0.0000E+00  0.0000E+00  0.0000E+00
       0.0000E+00  0.0000E+00  0.0000E+00  0.0000E+00  0.0000E+00  0.0000E+00  0.0000E+00  0.0000E+00  0.0000E+00  0.0000E+00
       0.0000E+00  0.0000E+00  0.0000E+00  0.0000E+00  0.0000E+00  0.0000E+00  0.0000E+00  0.0000E+00  0.0000E+00  0.0000E+00
       0.0000E+00  0.0000E+00  0.0000E+00  0.0000E+00  0.0000E+00  0.0000E+00  0.0000E+00  0.0000E+00  0.0000E+00  0.0000E+00
       0.0000E+00  0.0000E+00  0.0000E+00  0.0000E+00  0.0000E+00  0.0000E+00  0.0000E+00  0.0000E+00  0.0000E+00  0.0000E+00
       0.0000E+00  0.0000E+00  0.0000E+00  0.0000E+00  0.0000E+00  0.0000E+00  0.0000E+00  0.0000E+00  0.0000E+00  0.0000E+00
       0.0000E+00  0.0000E+00  0.0000E+00  0.0000E+00  0.0000E+00  0.0000E+00  0.0000E+00  0.0000E+00  0.0000E+00  0.0000E+00
       0.0000E+00  0.0000E+00  0.0000E+00  0.0000E+00  0.0000E+00  0.0000E+00  0.0000E+00  0.0000E+00  0.0000E+00  0.0000E+00
       0.0000E+00  0.0000E+00  0.0000E+00  0.0000E+00  0.0000E+00  0.0000E+00  0.0000E+00  0.0000E+00  0.0000E+00  0.0000E+00
       0.0000E+00  0.0000E+00  0.0000E+00  0.0000E+00  0.0000E+00  0.0000E+00  0.0000E+00  0.0000E+00  0.0000E+00  0.0000E+00
       0.0000E+00  0.0000E+00  0.0000E+00  0.0000E+00  0.0000E+00  0.0000E+00  0.0000E+00  0.0000E+00  0.0000E+00  0.0000E+00
       0.0000E+00  0.0000E+00  0.0000E+00  0.0000E+00  0.0000E+00  0.0000E+00  0.0000E+00  0.0000E+00  0.0000E+00  0.0000E+00
       0.0000E+00  0.0000E+00  0.0000E+00  0.0000E+00  0.0000E+00  0.0000E+00  0.0000E+00  0.0000E+00  0.0000E+00  0.0000E+00
       0.0000E+00  0.0000E+00  0.0000E+00  0.0000E+00  0.0000E+00  0.0000E+00  0.0000E+00  0.0000E+00  0.0000E+00  0.0000E+00
       0.0000E+00  0.0000E+00  0.0000E+00  0.0000E+00  0.0000E+00  0.0000E+00  0.0000E+00  0.0000E+00  0.0000E+00  0.0000E+00
       0.0000E+00  0.0000E+00  0.0000E+00  0.0000E+00  0.0000E+00  0.0000E+00  0.0000E+00  0.0000E+00  0.0000E+00  0.0000E+00
       0.0000E+00  0.0000E+00  0.0000E+00  0.0000E+00  0.0000E+00  0.0000E+00  0.0000E+00  0.0000E+00  0.0000E+00  0.0000E+00
       0.0000E+00  0.0000E+00  0.0000E+00  0.0000E+00  0.0000E+00  0.0000E+00  0.0000E+00  0.0000E+00  0.0000E+00  0.0000E+00
       0.0000E+00  0.0000E+00  0.0000E+00  0.0000E+00  0.0000E+00  0.0000E+00  0.0000E+00  0.0000E+00  0.0000E+00  0.0000E+00
1

   Bdrx n.   6  "ofluence  " , generalized particle n.    1, from region n.     5 to region n.     4
      detector area:  1.0000E+02 cm**2
      this is a one way only estimator
      this is a fluence like estimator
      linear energy binning from   0.0000E+00 to  3.0000E+02 GeV,     1 bins ( 3.0000E+02 GeV wide)
      linear angular binning from  0.0000E+00 to  6.2832E+00 sr ,     1 bins ( 6.2832E+00 sr wide )
      Data follow in a matrix A(ie,ia), format (1(5x,1p,10(1x,e11.4)))

       5.3285E-06
