
 *****  Protons in Lexan (0.15GeV, 1.0cm)                                                 *****

           DATE: 12/17/18,  TIME:  5: 9:42

          Total number of particles followed       13000000, for a total weight of  1.3000E+07

1

   Res. nuclei n.   1  "Ian       " ,  all         products, region n.     5
      detector volume:  1.0000E+00 cm**3
      Max. Z:  10, Max. N-Z:  11 Min. N-Z: -4
      Data follow in a matrix A(z,n-z-k), k: -5 format (1(5x,1p,10(1x,e11.4)))

       0.0000E+00  0.0000E+00  0.0000E+00  0.0000E+00  0.0000E+00  0.0000E+00  0.0000E+00  0.0000E+00  0.0000E+00  0.0000E+00
       0.0000E+00  0.0000E+00  0.0000E+00  0.0000E+00  0.0000E+00  3.3308E-05  0.0000E+00  1.3538E-05  0.0000E+00  0.0000E+00
       0.0000E+00  0.0000E+00  0.0000E+00  0.0000E+00  3.3623E-04  5.9254E-04  1.4469E-04  6.9185E-04  0.0000E+00  0.0000E+00
       3.0592E+00  8.9218E-03  0.0000E+00  2.9015E-03  0.0000E+00  8.7488E-03  1.6653E-03  2.9793E-02  1.2308E-06  7.6923E-08
       1.8452E+00  1.4025E-01  7.3317E-03  0.0000E+00  4.5605E-03  3.7962E-02  1.5102E-02  5.6568E-02  8.6154E-06  5.3077E-06
       4.2430E-03  0.0000E+00  2.2722E-03  1.3647E-03  7.3146E-03  7.5496E-03  2.3186E-02  6.7574E-05  4.6154E-07  7.6923E-08
       0.0000E+00  1.2638E-04  2.2877E-04  6.8492E-04  2.1131E-04  1.8225E-03  1.5910E-04  8.4538E-05  0.0000E+00  0.0000E+00
       0.0000E+00  0.0000E+00  1.7846E-05  7.3077E-06  3.2615E-05  4.5385E-06  1.7462E-05  0.0000E+00  0.0000E+00  0.0000E+00
       0.0000E+00  7.6923E-08  0.0000E+00  1.5385E-07  7.6923E-08  6.1538E-07  1.5385E-07  0.0000E+00  0.0000E+00  0.0000E+00
       0.0000E+00  0.0000E+00  0.0000E+00  0.0000E+00  0.0000E+00  0.0000E+00  0.0000E+00  0.0000E+00  0.0000E+00  0.0000E+00
       0.0000E+00  0.0000E+00  0.0000E+00  0.0000E+00  0.0000E+00  0.0000E+00  0.0000E+00  0.0000E+00  0.0000E+00  0.0000E+00
       0.0000E+00  0.0000E+00  0.0000E+00  0.0000E+00  0.0000E+00  0.0000E+00  0.0000E+00  0.0000E+00  0.0000E+00  0.0000E+00
       0.0000E+00  0.0000E+00  0.0000E+00  0.0000E+00  0.0000E+00  0.0000E+00  0.0000E+00  0.0000E+00  0.0000E+00  0.0000E+00
       0.0000E+00  0.0000E+00  0.0000E+00  0.0000E+00  0.0000E+00  0.0000E+00  0.0000E+00  0.0000E+00  0.0000E+00  0.0000E+00
       0.0000E+00  0.0000E+00  0.0000E+00  0.0000E+00  0.0000E+00  0.0000E+00  0.0000E+00  0.0000E+00  0.0000E+00  0.0000E+00
       0.0000E+00  0.0000E+00  0.0000E+00  0.0000E+00  0.0000E+00  0.0000E+00  0.0000E+00  0.0000E+00  0.0000E+00  0.0000E+00
