
 *****  Protons in Lexan (0.20GeV, 2.0cm)                                                 *****

           DATE: 12/ 1/18,  TIME:  8:49: 8

          Total number of particles followed       10000000, for a total weight of  1.0000E+07

1

   Bdrx n.   4  "ocurrent  " , generalized particle n.    1, from region n.     5 to region n.     4
      detector area:  1.0000E+02 cm**2
      this is a one way only estimator
      this is a current like estimator
      linear energy binning from   1.2000E-01 to  2.5000E-01 GeV,   650 bins ( 2.0000E-04 GeV wide)
      linear angular binning from  0.0000E+00 to  6.2832E+00 sr ,     1 bins ( 6.2832E+00 sr wide )
      Data follow in a matrix A(ie,ia), format (1(5x,1p,10(1x,e11.4)))

       2.4987E-04  2.3555E-04  2.1884E-04  2.3157E-04  2.2441E-04  2.5067E-04  2.3396E-04  2.3316E-04  2.3396E-04  2.5942E-04
       2.4908E-04  2.4351E-04  2.5863E-04  2.5942E-04  2.4192E-04  2.5544E-04  2.2361E-04  2.4908E-04  2.2123E-04  2.3237E-04
       2.7056E-04  2.5624E-04  2.3714E-04  2.2520E-04  2.2520E-04  2.6818E-04  2.3316E-04  2.6101E-04  2.4908E-04  2.5226E-04
       2.1247E-04  2.5226E-04  2.5385E-04  2.4192E-04  2.4908E-04  2.5544E-04  2.3953E-04  2.5783E-04  2.5306E-04  2.4749E-04
       2.3635E-04  2.3953E-04  2.2998E-04  2.5067E-04  2.2043E-04  2.4112E-04  2.2839E-04  2.3396E-04  2.4749E-04  2.1884E-04
       2.3953E-04  2.5783E-04  2.3396E-04  2.4669E-04  2.3237E-04  2.3555E-04  2.4430E-04  2.5783E-04  2.7056E-04  2.3714E-04
       2.3396E-04  2.3953E-04  2.2520E-04  2.3157E-04  2.1327E-04  2.3316E-04  2.5067E-04  2.2520E-04  2.5783E-04  2.4430E-04
       2.1804E-04  2.6897E-04  2.4589E-04  2.1725E-04  2.5226E-04  2.3396E-04  2.4908E-04  2.4192E-04  2.4032E-04  2.5385E-04
       2.4749E-04  2.5306E-04  2.2680E-04  2.2839E-04  2.5465E-04  2.5544E-04  2.3714E-04  2.0292E-04  2.4589E-04  2.5942E-04
       2.3157E-04  2.5067E-04  2.2759E-04  2.2600E-04  2.6181E-04  2.4192E-04  2.3237E-04  2.6738E-04  2.2520E-04  2.1486E-04
       2.5783E-04  2.3316E-04  2.0292E-04  2.6022E-04  2.3873E-04  2.7215E-04  2.3157E-04  2.3714E-04  2.5942E-04  2.3157E-04
       2.4112E-04  2.4032E-04  2.5624E-04  2.3475E-04  2.4351E-04  2.2998E-04  2.2680E-04  2.4430E-04  2.2839E-04  2.6499E-04
       2.2520E-04  2.2759E-04  2.3873E-04  2.2998E-04  2.5385E-04  2.4828E-04  2.3714E-04  2.4032E-04  2.6340E-04  2.4351E-04
       2.1884E-04  2.2998E-04  2.6101E-04  2.3873E-04  2.2839E-04  2.3316E-04  2.5306E-04  2.4669E-04  2.2680E-04  2.5863E-04
       2.2839E-04  2.4192E-04  2.3873E-04  2.3953E-04  2.5544E-04  2.4271E-04  2.5385E-04  2.4510E-04  2.2361E-04  2.3873E-04
       2.2998E-04  2.3316E-04  2.5544E-04  2.3555E-04  2.2839E-04  2.5783E-04  2.4112E-04  2.3953E-04  2.3396E-04  2.2123E-04
       2.2361E-04  2.4589E-04  2.4351E-04  2.3555E-04  2.4351E-04  2.2759E-04  2.4669E-04  2.3316E-04  2.4271E-04  2.3157E-04
       2.4351E-04  2.1565E-04  2.3873E-04  2.0770E-04  2.1247E-04  2.2998E-04  2.1963E-04  2.2361E-04  2.1884E-04  2.2202E-04
       2.2520E-04  2.1247E-04  2.1247E-04  2.0372E-04  2.2123E-04  2.1247E-04  2.0292E-04  2.2680E-04  2.1565E-04  2.5067E-04
       2.1088E-04  2.1247E-04  2.0292E-04  1.9178E-04  2.2202E-04  2.2441E-04  1.8780E-04  2.0770E-04  2.0054E-04  2.0372E-04
       2.2998E-04  2.3157E-04  2.1963E-04  2.1645E-04  2.0133E-04  1.9735E-04  2.1963E-04  2.0849E-04  2.1247E-04  2.3635E-04
       2.0213E-04  2.0133E-04  2.0451E-04  2.0372E-04  2.1486E-04  2.0849E-04  1.9417E-04  2.0849E-04  1.9178E-04  2.1168E-04
       1.9337E-04  2.0770E-04  1.9894E-04  2.1088E-04  2.1725E-04  1.9258E-04  2.1645E-04  1.8542E-04  1.9974E-04  2.0133E-04
       1.8144E-04  1.6473E-04  1.9099E-04  1.9576E-04  1.9417E-04  1.9019E-04  1.8939E-04  1.9258E-04  1.8064E-04  1.8701E-04
       1.8303E-04  1.9576E-04  1.8382E-04  1.8223E-04  1.9576E-04  1.7348E-04  1.6473E-04  1.6552E-04  1.7746E-04  1.6313E-04
       1.8382E-04  1.6473E-04  1.6632E-04  1.6393E-04  1.8780E-04  1.6393E-04  1.7427E-04  1.6234E-04  1.6075E-04  1.6870E-04
       1.6870E-04  1.5597E-04  1.6393E-04  1.7348E-04  1.7587E-04  1.5438E-04  1.5836E-04  1.6075E-04  1.4881E-04  1.6473E-04
       1.5040E-04  1.5199E-04  1.6313E-04  1.4324E-04  1.4563E-04  1.4006E-04  1.3210E-04  1.2335E-04  1.4961E-04  1.4563E-04
       1.3846E-04  1.2414E-04  1.1937E-04  1.2175E-04  1.3528E-04  1.2812E-04  1.2016E-04  1.0823E-04  1.1061E-04  8.6739E-05
       9.3106E-05  1.0504E-04  9.6289E-05  8.9923E-05  6.7641E-05  7.1620E-05  8.1965E-05  7.4007E-05  7.2415E-05  7.1620E-05
       7.3211E-05  7.0824E-05  7.4803E-05  6.6049E-05  6.5254E-05  6.5254E-05  7.2415E-05  6.9232E-05  7.1620E-05  6.6845E-05
       7.9577E-05  7.4803E-05  9.5493E-05  1.0186E-04  8.9923E-05  9.2310E-05  1.1141E-04  1.2494E-04  1.2653E-04  1.3369E-04
       1.3846E-04  1.4165E-04  1.4085E-04  1.5836E-04  1.6552E-04  1.8939E-04  2.3714E-04  3.4139E-04  5.8092E-04  1.0090E-03
       1.7547E-03  3.2149E-03  5.7033E-03  1.0082E-02  1.7057E-02  2.7785E-02  4.4807E-02  6.9100E-02  1.0267E-01  1.4651E-01
       2.0304E-01  2.7060E-01  3.4546E-01  4.2376E-01  4.9974E-01  5.6607E-01  6.1505E-01  6.3864E-01  6.3540E-01  6.0814E-01
       5.5307E-01  4.8308E-01  4.0384E-01  3.2200E-01  2.4575E-01  1.7850E-01  1.2365E-01  8.1268E-02  5.1674E-02  3.0907E-02
       1.7506E-02  9.8183E-03  5.0762E-03  2.4940E-03  1.2255E-03  5.5068E-04  2.2680E-04  9.0718E-05  4.4563E-05  1.0345E-05
       5.5704E-06  2.3873E-06  0.0000E+00  0.0000E+00  0.0000E+00  0.0000E+00  0.0000E+00  0.0000E+00  0.0000E+00  0.0000E+00
       0.0000E+00  0.0000E+00  0.0000E+00  0.0000E+00  0.0000E+00  0.0000E+00  0.0000E+00  0.0000E+00  0.0000E+00  0.0000E+00
       0.0000E+00  0.0000E+00  0.0000E+00  0.0000E+00  0.0000E+00  0.0000E+00  0.0000E+00  0.0000E+00  0.0000E+00  0.0000E+00
       0.0000E+00  0.0000E+00  0.0000E+00  0.0000E+00  0.0000E+00  0.0000E+00  0.0000E+00  0.0000E+00  0.0000E+00  0.0000E+00
       0.0000E+00  0.0000E+00  0.0000E+00  0.0000E+00  0.0000E+00  0.0000E+00  0.0000E+00  0.0000E+00  0.0000E+00  0.0000E+00
       0.0000E+00  0.0000E+00  0.0000E+00  0.0000E+00  0.0000E+00  0.0000E+00  0.0000E+00  0.0000E+00  0.0000E+00  0.0000E+00
       0.0000E+00  0.0000E+00  0.0000E+00  0.0000E+00  0.0000E+00  0.0000E+00  0.0000E+00  0.0000E+00  0.0000E+00  0.0000E+00
       0.0000E+00  0.0000E+00  0.0000E+00  0.0000E+00  0.0000E+00  0.0000E+00  0.0000E+00  0.0000E+00  0.0000E+00  0.0000E+00
       0.0000E+00  0.0000E+00  0.0000E+00  0.0000E+00  0.0000E+00  0.0000E+00  0.0000E+00  0.0000E+00  0.0000E+00  0.0000E+00
       0.0000E+00  0.0000E+00  0.0000E+00  0.0000E+00  0.0000E+00  0.0000E+00  0.0000E+00  0.0000E+00  0.0000E+00  0.0000E+00
       0.0000E+00  0.0000E+00  0.0000E+00  0.0000E+00  0.0000E+00  0.0000E+00  0.0000E+00  0.0000E+00  0.0000E+00  0.0000E+00
       0.0000E+00  0.0000E+00  0.0000E+00  0.0000E+00  0.0000E+00  0.0000E+00  0.0000E+00  0.0000E+00  0.0000E+00  0.0000E+00
       0.0000E+00  0.0000E+00  0.0000E+00  0.0000E+00  0.0000E+00  0.0000E+00  0.0000E+00  0.0000E+00  0.0000E+00  0.0000E+00
       0.0000E+00  0.0000E+00  0.0000E+00  0.0000E+00  0.0000E+00  0.0000E+00  0.0000E+00  0.0000E+00  0.0000E+00  0.0000E+00
       0.0000E+00  0.0000E+00  0.0000E+00  0.0000E+00  0.0000E+00  0.0000E+00  0.0000E+00  0.0000E+00  0.0000E+00  0.0000E+00
       0.0000E+00  0.0000E+00  0.0000E+00  0.0000E+00  0.0000E+00  0.0000E+00  0.0000E+00  0.0000E+00  0.0000E+00  0.0000E+00
       0.0000E+00  0.0000E+00  0.0000E+00  0.0000E+00  0.0000E+00  0.0000E+00  0.0000E+00  0.0000E+00  0.0000E+00  0.0000E+00
       0.0000E+00  0.0000E+00  0.0000E+00  0.0000E+00  0.0000E+00  0.0000E+00  0.0000E+00  0.0000E+00  0.0000E+00  0.0000E+00
       0.0000E+00  0.0000E+00  0.0000E+00  0.0000E+00  0.0000E+00  0.0000E+00  0.0000E+00  0.0000E+00  0.0000E+00  0.0000E+00
       0.0000E+00  0.0000E+00  0.0000E+00  0.0000E+00  0.0000E+00  0.0000E+00  0.0000E+00  0.0000E+00  0.0000E+00  0.0000E+00
       0.0000E+00  0.0000E+00  0.0000E+00  0.0000E+00  0.0000E+00  0.0000E+00  0.0000E+00  0.0000E+00  0.0000E+00  0.0000E+00
       0.0000E+00  0.0000E+00  0.0000E+00  0.0000E+00  0.0000E+00  0.0000E+00  0.0000E+00  0.0000E+00  0.0000E+00  0.0000E+00
       0.0000E+00  0.0000E+00  0.0000E+00  0.0000E+00  0.0000E+00  0.0000E+00  0.0000E+00  0.0000E+00  0.0000E+00  0.0000E+00
       0.0000E+00  0.0000E+00  0.0000E+00  0.0000E+00  0.0000E+00  0.0000E+00  0.0000E+00  0.0000E+00  0.0000E+00  0.0000E+00
       0.0000E+00  0.0000E+00  0.0000E+00  0.0000E+00  0.0000E+00  0.0000E+00  0.0000E+00  0.0000E+00  0.0000E+00  0.0000E+00
       0.0000E+00  0.0000E+00  0.0000E+00  0.0000E+00  0.0000E+00  0.0000E+00  0.0000E+00  0.0000E+00  0.0000E+00  0.0000E+00
       0.0000E+00  0.0000E+00  0.0000E+00  0.0000E+00  0.0000E+00  0.0000E+00  0.0000E+00  0.0000E+00  0.0000E+00  0.0000E+00
       0.0000E+00  0.0000E+00  0.0000E+00  0.0000E+00  0.0000E+00  0.0000E+00  0.0000E+00  0.0000E+00  0.0000E+00  0.0000E+00
