
 *****  Protons in Lexan (0.20GeV, 2.0cm)                                                 *****

           DATE: 12/ 1/18,  TIME:  8:49: 8

          Total number of particles followed       10000000, for a total weight of  1.0000E+07

1

   Res. nuclei n.   1  "Ian       " ,  all         products, region n.     5
      detector volume:  1.0000E+00 cm**3
      Max. Z:  10, Max. N-Z:  11 Min. N-Z: -4
      Data follow in a matrix A(z,n-z-k), k: -5 format (1(5x,1p,10(1x,e11.4)))

       0.0000E+00  0.0000E+00  0.0000E+00  0.0000E+00  0.0000E+00  0.0000E+00  0.0000E+00  0.0000E+00  0.0000E+00  0.0000E+00
       0.0000E+00  0.0000E+00  0.0000E+00  0.0000E+00  0.0000E+00  1.4100E-05  0.0000E+00  8.0000E-07  0.0000E+00  0.0000E+00
       0.0000E+00  0.0000E+00  0.0000E+00  0.0000E+00  1.0480E-04  2.0950E-04  2.4300E-05  4.5100E-05  0.0000E+00  0.0000E+00
       2.2793E-02  2.9729E-03  0.0000E+00  1.3743E-03  0.0000E+00  4.1826E-03  5.4400E-05  1.0010E-03  0.0000E+00  0.0000E+00
       5.4770E-03  2.3151E-02  1.8777E-03  0.0000E+00  1.4187E-03  5.3143E-03  4.6650E-04  6.1139E-04  0.0000E+00  2.0000E-07
       1.5682E-03  0.0000E+00  1.0580E-03  2.9428E-04  2.6306E-03  2.6956E-04  6.4250E-04  1.3100E-06  1.0000E-07  0.0000E+00
       0.0000E+00  5.9900E-05  7.8700E-05  1.8980E-04  3.2060E-05  6.5200E-05  1.3340E-06  7.0000E-07  0.0000E+00  0.0000E+00
       0.0000E+00  0.0000E+00  7.0000E-06  6.0000E-07  1.8000E-06  0.0000E+00  1.0000E-06  0.0000E+00  0.0000E+00  0.0000E+00
       0.0000E+00  3.0000E-07  0.0000E+00  0.0000E+00  0.0000E+00  0.0000E+00  0.0000E+00  0.0000E+00  0.0000E+00  0.0000E+00
       0.0000E+00  0.0000E+00  0.0000E+00  0.0000E+00  0.0000E+00  0.0000E+00  0.0000E+00  0.0000E+00  0.0000E+00  0.0000E+00
       0.0000E+00  0.0000E+00  0.0000E+00  0.0000E+00  0.0000E+00  0.0000E+00  0.0000E+00  0.0000E+00  0.0000E+00  0.0000E+00
       0.0000E+00  0.0000E+00  0.0000E+00  0.0000E+00  0.0000E+00  0.0000E+00  0.0000E+00  0.0000E+00  0.0000E+00  0.0000E+00
       0.0000E+00  0.0000E+00  0.0000E+00  0.0000E+00  0.0000E+00  0.0000E+00  0.0000E+00  0.0000E+00  0.0000E+00  0.0000E+00
       0.0000E+00  0.0000E+00  0.0000E+00  0.0000E+00  0.0000E+00  0.0000E+00  0.0000E+00  0.0000E+00  0.0000E+00  0.0000E+00
       0.0000E+00  0.0000E+00  0.0000E+00  0.0000E+00  0.0000E+00  0.0000E+00  0.0000E+00  0.0000E+00  0.0000E+00  0.0000E+00
       0.0000E+00  0.0000E+00  0.0000E+00  0.0000E+00  0.0000E+00  0.0000E+00  0.0000E+00  0.0000E+00  0.0000E+00  0.0000E+00
