
 *****  Protons in Lexan (0.11GeV, 1cm)                                                   *****

           DATE: 12/19/18,  TIME: 18: 1:33

          Total number of particles followed       25000000, for a total weight of  2.5000E+07

1

   Bdrx n.   4  "ocurrent  " , generalized particle n.    1, from region n.     5 to region n.     4
      detector area:  1.0000E+02 cm**2
      this is a one way only estimator
      this is a current like estimator
      linear energy binning from   3.0000E-02 to  1.6000E-01 GeV,   650 bins ( 2.0000E-04 GeV wide)
      linear angular binning from  0.0000E+00 to  6.2832E+00 sr ,     1 bins ( 6.2832E+00 sr wide )
      Data follow in a matrix A(ie,ia), format (1(5x,1p,10(1x,e11.4)))

       3.1067E-04  3.0908E-04  3.2881E-04  3.1481E-04  3.0844E-04  3.1895E-04  3.1608E-04  2.9539E-04  3.1799E-04  3.1258E-04
       3.3136E-04  3.3391E-04  3.2754E-04  3.0653E-04  3.1831E-04  3.2308E-04  3.0717E-04  3.1799E-04  3.3327E-04  3.1895E-04
       3.4346E-04  3.4091E-04  3.3104E-04  3.4377E-04  3.1799E-04  3.3359E-04  3.2818E-04  3.5078E-04  3.4855E-04  3.3041E-04
       3.3805E-04  3.5460E-04  3.4728E-04  3.1417E-04  3.6128E-04  3.6192E-04  3.5269E-04  3.4314E-04  3.4600E-04  3.4346E-04
       3.5778E-04  3.5046E-04  3.5651E-04  3.3868E-04  3.5460E-04  3.4823E-04  3.4696E-04  3.5937E-04  3.6001E-04  3.5937E-04
       3.7210E-04  3.6128E-04  3.6001E-04  3.5651E-04  3.6224E-04  3.6669E-04  3.6510E-04  3.5778E-04  3.7083E-04  3.5619E-04
       3.8579E-04  3.5301E-04  3.7179E-04  3.7019E-04  3.8325E-04  3.5046E-04  3.7338E-04  3.8006E-04  3.6828E-04  3.6956E-04
       3.7911E-04  3.8834E-04  3.9184E-04  3.8484E-04  3.8579E-04  3.8229E-04  3.8388E-04  3.8547E-04  3.8325E-04  3.7911E-04
       3.9343E-04  3.8038E-04  3.8420E-04  4.1380E-04  3.9057E-04  3.8929E-04  4.0234E-04  4.0139E-04  3.8547E-04  4.0330E-04
       3.9502E-04  3.8515E-04  4.0457E-04  3.8866E-04  3.9311E-04  4.0457E-04  4.1794E-04  4.0266E-04  3.9025E-04  3.9725E-04
       3.8993E-04  3.8929E-04  4.0998E-04  4.1762E-04  4.0744E-04  4.1953E-04  4.2494E-04  4.1126E-04  4.1476E-04  4.0839E-04
       4.1794E-04  4.0394E-04  4.0871E-04  4.0362E-04  3.9152E-04  4.1221E-04  4.1476E-04  4.3831E-04  4.0712E-04  4.1221E-04
       4.0998E-04  4.2876E-04  4.1412E-04  3.9948E-04  4.2622E-04  4.2081E-04  4.3672E-04  4.2367E-04  3.9598E-04  4.2049E-04
       4.2717E-04  4.1571E-04  4.3067E-04  4.0298E-04  4.2017E-04  4.2717E-04  4.0775E-04  4.0075E-04  4.3608E-04  4.1826E-04
       4.0966E-04  4.1539E-04  4.2399E-04  3.8452E-04  3.9534E-04  3.9725E-04  4.0171E-04  4.2845E-04  4.1858E-04  4.2813E-04
       3.8866E-04  3.9948E-04  4.0171E-04  4.0966E-04  4.1380E-04  4.1030E-04  4.0903E-04  4.2494E-04  4.0107E-04  3.7561E-04
       4.0234E-04  4.1380E-04  4.2144E-04  4.1126E-04  3.9216E-04  4.0298E-04  4.0139E-04  3.9470E-04  3.9821E-04  4.0012E-04
       4.0489E-04  3.9948E-04  4.0139E-04  3.9852E-04  3.8134E-04  4.0585E-04  3.9630E-04  3.9279E-04  3.7465E-04  3.9025E-04
       4.0234E-04  3.8961E-04  3.8197E-04  4.0012E-04  3.8611E-04  3.8611E-04  3.7592E-04  3.9248E-04  3.6797E-04  3.7943E-04
       3.9470E-04  3.9439E-04  3.6383E-04  3.9343E-04  3.6892E-04  3.6606E-04  3.6924E-04  3.4537E-04  3.7051E-04  3.7019E-04
       3.6733E-04  3.5937E-04  3.7656E-04  3.7433E-04  3.6765E-04  3.6606E-04  3.6319E-04  3.7370E-04  3.6542E-04  3.6988E-04
       3.7274E-04  3.4950E-04  3.5301E-04  3.5269E-04  3.5492E-04  3.5714E-04  3.3104E-04  3.6160E-04  3.5205E-04  3.5969E-04
       3.3995E-04  3.1926E-04  3.3295E-04  3.4982E-04  3.5619E-04  3.4919E-04  3.2086E-04  3.3200E-04  3.1895E-04  3.0781E-04
       3.3232E-04  3.2818E-04  3.2786E-04  3.2436E-04  3.1831E-04  3.3232E-04  3.1863E-04  3.2722E-04  3.1990E-04  3.1003E-04
       3.0176E-04  3.0653E-04  3.0621E-04  3.1895E-04  2.6738E-04  2.9475E-04  2.7088E-04  2.7502E-04  2.9666E-04  2.8712E-04
       2.5497E-04  2.6388E-04  2.6038E-04  2.4255E-04  2.4383E-04  2.3141E-04  2.4096E-04  2.2282E-04  2.1072E-04  2.1231E-04
       1.9703E-04  1.8207E-04  1.8016E-04  1.7030E-04  1.5693E-04  1.6329E-04  1.5343E-04  1.5120E-04  1.3974E-04  1.3846E-04
       1.4674E-04  1.3433E-04  1.5183E-04  1.5534E-04  1.5820E-04  1.6870E-04  1.6520E-04  1.9481E-04  1.7252E-04  1.8080E-04
       1.9417E-04  2.0722E-04  2.1868E-04  2.2250E-04  2.4096E-04  2.5624E-04  2.7629E-04  3.1258E-04  3.2436E-04  3.5237E-04
       3.6669E-04  3.9630E-04  4.1667E-04  4.0489E-04  4.2622E-04  4.3258E-04  4.4945E-04  4.9911E-04  5.2298E-04  6.3407E-04
       7.6108E-04  9.7435E-04  1.3188E-03  1.9799E-03  3.1818E-03  5.4676E-03  1.0107E-02  1.9185E-02  3.6012E-02  6.5256E-02
       1.1329E-01  1.8571E-01  2.8551E-01  4.1155E-01  5.5311E-01  6.9223E-01  8.0252E-01  8.6309E-01  8.5631E-01  7.8240E-01
       6.5853E-01  5.0818E-01  3.5837E-01  2.3175E-01  1.3599E-01  7.3095E-02  3.5313E-02  1.5461E-02  6.1851E-03  2.2059E-03
       7.0792E-04  2.1581E-04  5.0930E-05  1.0504E-05  2.8648E-06  6.3662E-07  0.0000E+00  0.0000E+00  0.0000E+00  0.0000E+00
       0.0000E+00  0.0000E+00  0.0000E+00  0.0000E+00  0.0000E+00  0.0000E+00  0.0000E+00  0.0000E+00  0.0000E+00  0.0000E+00
       0.0000E+00  0.0000E+00  0.0000E+00  0.0000E+00  0.0000E+00  0.0000E+00  0.0000E+00  0.0000E+00  0.0000E+00  0.0000E+00
       0.0000E+00  0.0000E+00  0.0000E+00  0.0000E+00  0.0000E+00  0.0000E+00  0.0000E+00  0.0000E+00  0.0000E+00  0.0000E+00
       0.0000E+00  0.0000E+00  0.0000E+00  0.0000E+00  0.0000E+00  0.0000E+00  0.0000E+00  0.0000E+00  0.0000E+00  0.0000E+00
       0.0000E+00  0.0000E+00  0.0000E+00  0.0000E+00  0.0000E+00  0.0000E+00  0.0000E+00  0.0000E+00  0.0000E+00  0.0000E+00
       0.0000E+00  0.0000E+00  0.0000E+00  0.0000E+00  0.0000E+00  0.0000E+00  0.0000E+00  0.0000E+00  0.0000E+00  0.0000E+00
       0.0000E+00  0.0000E+00  0.0000E+00  0.0000E+00  0.0000E+00  0.0000E+00  0.0000E+00  0.0000E+00  0.0000E+00  0.0000E+00
       0.0000E+00  0.0000E+00  0.0000E+00  0.0000E+00  0.0000E+00  0.0000E+00  0.0000E+00  0.0000E+00  0.0000E+00  0.0000E+00
       0.0000E+00  0.0000E+00  0.0000E+00  0.0000E+00  0.0000E+00  0.0000E+00  0.0000E+00  0.0000E+00  0.0000E+00  0.0000E+00
       0.0000E+00  0.0000E+00  0.0000E+00  0.0000E+00  0.0000E+00  0.0000E+00  0.0000E+00  0.0000E+00  0.0000E+00  0.0000E+00
       0.0000E+00  0.0000E+00  0.0000E+00  0.0000E+00  0.0000E+00  0.0000E+00  0.0000E+00  0.0000E+00  0.0000E+00  0.0000E+00
       0.0000E+00  0.0000E+00  0.0000E+00  0.0000E+00  0.0000E+00  0.0000E+00  0.0000E+00  0.0000E+00  0.0000E+00  0.0000E+00
       0.0000E+00  0.0000E+00  0.0000E+00  0.0000E+00  0.0000E+00  0.0000E+00  0.0000E+00  0.0000E+00  0.0000E+00  0.0000E+00
       0.0000E+00  0.0000E+00  0.0000E+00  0.0000E+00  0.0000E+00  0.0000E+00  0.0000E+00  0.0000E+00  0.0000E+00  0.0000E+00
       0.0000E+00  0.0000E+00  0.0000E+00  0.0000E+00  0.0000E+00  0.0000E+00  0.0000E+00  0.0000E+00  0.0000E+00  0.0000E+00
       0.0000E+00  0.0000E+00  0.0000E+00  0.0000E+00  0.0000E+00  0.0000E+00  0.0000E+00  0.0000E+00  0.0000E+00  0.0000E+00
       0.0000E+00  0.0000E+00  0.0000E+00  0.0000E+00  0.0000E+00  0.0000E+00  0.0000E+00  0.0000E+00  0.0000E+00  0.0000E+00
       0.0000E+00  0.0000E+00  0.0000E+00  0.0000E+00  0.0000E+00  0.0000E+00  0.0000E+00  0.0000E+00  0.0000E+00  0.0000E+00
       0.0000E+00  0.0000E+00  0.0000E+00  0.0000E+00  0.0000E+00  0.0000E+00  0.0000E+00  0.0000E+00  0.0000E+00  0.0000E+00
       0.0000E+00  0.0000E+00  0.0000E+00  0.0000E+00  0.0000E+00  0.0000E+00  0.0000E+00  0.0000E+00  0.0000E+00  0.0000E+00
       0.0000E+00  0.0000E+00  0.0000E+00  0.0000E+00  0.0000E+00  0.0000E+00  0.0000E+00  0.0000E+00  0.0000E+00  0.0000E+00
       0.0000E+00  0.0000E+00  0.0000E+00  0.0000E+00  0.0000E+00  0.0000E+00  0.0000E+00  0.0000E+00  0.0000E+00  0.0000E+00
       0.0000E+00  0.0000E+00  0.0000E+00  0.0000E+00  0.0000E+00  0.0000E+00  0.0000E+00  0.0000E+00  0.0000E+00  0.0000E+00
       0.0000E+00  0.0000E+00  0.0000E+00  0.0000E+00  0.0000E+00  0.0000E+00  0.0000E+00  0.0000E+00  0.0000E+00  0.0000E+00
       0.0000E+00  0.0000E+00  0.0000E+00  0.0000E+00  0.0000E+00  0.0000E+00  0.0000E+00  0.0000E+00  0.0000E+00  0.0000E+00
       0.0000E+00  0.0000E+00  0.0000E+00  0.0000E+00  0.0000E+00  0.0000E+00  0.0000E+00  0.0000E+00  0.0000E+00  0.0000E+00
       0.0000E+00  0.0000E+00  0.0000E+00  0.0000E+00  0.0000E+00  0.0000E+00  0.0000E+00  0.0000E+00  0.0000E+00  0.0000E+00
       0.0000E+00  0.0000E+00  0.0000E+00  0.0000E+00  0.0000E+00  0.0000E+00  0.0000E+00  0.0000E+00  0.0000E+00  0.0000E+00
       0.0000E+00  0.0000E+00  0.0000E+00  0.0000E+00  0.0000E+00  0.0000E+00  0.0000E+00  0.0000E+00  0.0000E+00  0.0000E+00
       0.0000E+00  0.0000E+00  0.0000E+00  0.0000E+00  0.0000E+00  0.0000E+00  0.0000E+00  0.0000E+00  0.0000E+00  0.0000E+00
       0.0000E+00  0.0000E+00  0.0000E+00  0.0000E+00  0.0000E+00  0.0000E+00  0.0000E+00  0.0000E+00  0.0000E+00  0.0000E+00
