
 *****  Protons in Lexan (0.11GeV, 1cm)                                                   *****

           DATE: 12/19/18,  TIME: 18: 1:33

          Total number of particles followed       25000000, for a total weight of  2.5000E+07

1

   Bdrx n.   2  "ofluence  " , generalized particle n.    1, from region n.     5 to region n.     4
      detector area:  1.0000E+02 cm**2
      this is a one way only estimator
      this is a fluence like estimator
      linear energy binning from   3.0000E-02 to  1.6000E-01 GeV,   650 bins ( 2.0000E-04 GeV wide)
      linear angular binning from  0.0000E+00 to  6.2832E+00 sr ,     1 bins ( 6.2832E+00 sr wide )
      Data follow in a matrix A(ie,ia), format (1(5x,1p,10(1x,e11.4)))

       4.3511E-04  4.4039E-04  4.6670E-04  4.3663E-04  4.3333E-04  4.5714E-04  4.5163E-04  4.0761E-04  4.5436E-04  4.4627E-04
       4.8522E-04  4.6209E-04  4.5415E-04  4.2856E-04  4.3362E-04  4.4911E-04  4.2336E-04  4.4552E-04  4.6563E-04  4.4516E-04
       4.8687E-04  4.7047E-04  4.4858E-04  4.7942E-04  4.3416E-04  4.6894E-04  4.5308E-04  4.9262E-04  5.5119E-04  4.4977E-04
       4.6062E-04  4.8377E-04  4.7385E-04  4.4282E-04  4.8803E-04  4.9900E-04  4.9281E-04  4.7844E-04  4.6886E-04  4.6381E-04
       4.7811E-04  4.8256E-04  4.8831E-04  4.6841E-04  4.9242E-04  4.7089E-04  4.5880E-04  4.8177E-04  4.8731E-04  4.8120E-04
       4.9929E-04  5.1546E-04  4.9707E-04  4.8519E-04  4.9116E-04  4.8482E-04  4.9038E-04  4.8325E-04  4.9388E-04  4.6568E-04
       5.0515E-04  4.6703E-04  4.9636E-04  4.8756E-04  4.9959E-04  4.5430E-04  5.0546E-04  4.9706E-04  4.7053E-04  4.8398E-04
       4.9531E-04  5.1029E-04  5.0924E-04  5.1088E-04  5.0731E-04  5.1465E-04  4.9613E-04  5.3351E-04  4.8806E-04  5.0307E-04
       5.1240E-04  5.0185E-04  4.9734E-04  5.3479E-04  5.0794E-04  5.0307E-04  5.1593E-04  5.2379E-04  4.9284E-04  5.1205E-04
       5.0624E-04  4.8998E-04  5.1549E-04  4.9940E-04  5.0769E-04  5.1796E-04  5.2797E-04  5.0902E-04  4.9043E-04  4.9301E-04
       4.9101E-04  4.9103E-04  5.1066E-04  5.2524E-04  5.0623E-04  5.3487E-04  5.3395E-04  5.1451E-04  5.1932E-04  5.0631E-04
       5.2013E-04  4.9549E-04  5.0414E-04  5.0359E-04  4.8069E-04  5.0505E-04  5.1569E-04  5.3667E-04  5.0337E-04  5.1192E-04
       5.0728E-04  5.3312E-04  5.1040E-04  4.8778E-04  5.2138E-04  5.2432E-04  5.3053E-04  5.1069E-04  4.8714E-04  5.2811E-04
       5.2533E-04  5.0600E-04  5.2532E-04  4.9593E-04  5.0923E-04  5.1865E-04  4.9558E-04  4.8681E-04  5.2072E-04  5.0455E-04
       4.9687E-04  5.0240E-04  5.0809E-04  4.6042E-04  4.7012E-04  4.7375E-04  4.8075E-04  5.1551E-04  4.9881E-04  5.1309E-04
       4.6190E-04  4.7141E-04  4.7951E-04  4.8969E-04  4.9877E-04  4.9129E-04  4.8380E-04  5.0960E-04  4.7859E-04  4.3751E-04
       4.7826E-04  4.9264E-04  4.9737E-04  4.8761E-04  4.5662E-04  4.7332E-04  4.7110E-04  4.6320E-04  4.6698E-04  4.7187E-04
       4.7847E-04  4.6251E-04  4.6986E-04  4.7080E-04  4.4073E-04  4.7325E-04  4.6475E-04  4.6103E-04  4.3662E-04  4.5523E-04
       4.7173E-04  4.5517E-04  4.4219E-04  4.6230E-04  4.5893E-04  4.4642E-04  4.3877E-04  4.6165E-04  4.2578E-04  4.4539E-04
       4.5500E-04  4.6152E-04  4.1301E-04  4.5733E-04  4.2625E-04  4.2619E-04  4.2431E-04  3.9495E-04  4.2591E-04  4.2102E-04
       4.1819E-04  4.0760E-04  4.3573E-04  4.2635E-04  4.2350E-04  4.1787E-04  4.1661E-04  4.2390E-04  4.2171E-04  4.2243E-04
       4.2310E-04  3.9784E-04  4.0077E-04  3.9812E-04  4.0698E-04  4.1130E-04  3.7215E-04  4.0531E-04  4.0164E-04  4.1001E-04
       3.8664E-04  3.5726E-04  3.7675E-04  3.9507E-04  3.9799E-04  3.9323E-04  3.6011E-04  3.7561E-04  3.5567E-04  3.4784E-04
       3.7283E-04  3.6911E-04  3.6532E-04  3.6059E-04  3.5584E-04  3.7001E-04  3.6033E-04  3.6777E-04  3.5852E-04  3.4779E-04
       3.3539E-04  3.4317E-04  3.5080E-04  3.6193E-04  2.9647E-04  3.2638E-04  3.0512E-04  3.0687E-04  3.3181E-04  3.2724E-04
       2.8053E-04  2.9556E-04  2.8919E-04  2.7202E-04  3.3092E-04  2.7593E-04  2.7350E-04  2.5448E-04  2.3846E-04  2.4162E-04
       2.2632E-04  2.0920E-04  2.0705E-04  1.9829E-04  1.8312E-04  1.9172E-04  1.8383E-04  1.7690E-04  1.6498E-04  1.6592E-04
       1.7705E-04  1.6317E-04  1.8070E-04  1.8590E-04  1.8704E-04  1.9903E-04  1.9522E-04  2.3092E-04  2.0278E-04  2.1166E-04
       2.2990E-04  2.4560E-04  2.5272E-04  2.5931E-04  2.7441E-04  2.9209E-04  3.1179E-04  3.4699E-04  3.5841E-04  3.9094E-04
       4.0151E-04  4.3604E-04  4.5832E-04  4.4403E-04  4.7680E-04  4.7942E-04  5.0387E-04  5.5670E-04  5.8407E-04  7.0417E-04
       8.4329E-04  1.0655E-03  1.4261E-03  2.1129E-03  3.3279E-03  5.6371E-03  1.0303E-02  1.9425E-02  3.6291E-02  6.5580E-02
       1.1366E-01  1.8613E-01  2.8598E-01  4.1208E-01  5.5366E-01  6.9280E-01  8.0307E-01  8.6360E-01  8.5677E-01  7.8278E-01
       6.5882E-01  5.0839E-01  3.5851E-01  2.3183E-01  1.3604E-01  7.3120E-02  3.5324E-02  1.5466E-02  6.1871E-03  2.2066E-03
       7.0816E-04  2.1588E-04  5.0949E-05  1.0507E-05  2.8651E-06  6.3668E-07  0.0000E+00  0.0000E+00  0.0000E+00  0.0000E+00
       0.0000E+00  0.0000E+00  0.0000E+00  0.0000E+00  0.0000E+00  0.0000E+00  0.0000E+00  0.0000E+00  0.0000E+00  0.0000E+00
       0.0000E+00  0.0000E+00  0.0000E+00  0.0000E+00  0.0000E+00  0.0000E+00  0.0000E+00  0.0000E+00  0.0000E+00  0.0000E+00
       0.0000E+00  0.0000E+00  0.0000E+00  0.0000E+00  0.0000E+00  0.0000E+00  0.0000E+00  0.0000E+00  0.0000E+00  0.0000E+00
       0.0000E+00  0.0000E+00  0.0000E+00  0.0000E+00  0.0000E+00  0.0000E+00  0.0000E+00  0.0000E+00  0.0000E+00  0.0000E+00
       0.0000E+00  0.0000E+00  0.0000E+00  0.0000E+00  0.0000E+00  0.0000E+00  0.0000E+00  0.0000E+00  0.0000E+00  0.0000E+00
       0.0000E+00  0.0000E+00  0.0000E+00  0.0000E+00  0.0000E+00  0.0000E+00  0.0000E+00  0.0000E+00  0.0000E+00  0.0000E+00
       0.0000E+00  0.0000E+00  0.0000E+00  0.0000E+00  0.0000E+00  0.0000E+00  0.0000E+00  0.0000E+00  0.0000E+00  0.0000E+00
       0.0000E+00  0.0000E+00  0.0000E+00  0.0000E+00  0.0000E+00  0.0000E+00  0.0000E+00  0.0000E+00  0.0000E+00  0.0000E+00
       0.0000E+00  0.0000E+00  0.0000E+00  0.0000E+00  0.0000E+00  0.0000E+00  0.0000E+00  0.0000E+00  0.0000E+00  0.0000E+00
       0.0000E+00  0.0000E+00  0.0000E+00  0.0000E+00  0.0000E+00  0.0000E+00  0.0000E+00  0.0000E+00  0.0000E+00  0.0000E+00
       0.0000E+00  0.0000E+00  0.0000E+00  0.0000E+00  0.0000E+00  0.0000E+00  0.0000E+00  0.0000E+00  0.0000E+00  0.0000E+00
       0.0000E+00  0.0000E+00  0.0000E+00  0.0000E+00  0.0000E+00  0.0000E+00  0.0000E+00  0.0000E+00  0.0000E+00  0.0000E+00
       0.0000E+00  0.0000E+00  0.0000E+00  0.0000E+00  0.0000E+00  0.0000E+00  0.0000E+00  0.0000E+00  0.0000E+00  0.0000E+00
       0.0000E+00  0.0000E+00  0.0000E+00  0.0000E+00  0.0000E+00  0.0000E+00  0.0000E+00  0.0000E+00  0.0000E+00  0.0000E+00
       0.0000E+00  0.0000E+00  0.0000E+00  0.0000E+00  0.0000E+00  0.0000E+00  0.0000E+00  0.0000E+00  0.0000E+00  0.0000E+00
       0.0000E+00  0.0000E+00  0.0000E+00  0.0000E+00  0.0000E+00  0.0000E+00  0.0000E+00  0.0000E+00  0.0000E+00  0.0000E+00
       0.0000E+00  0.0000E+00  0.0000E+00  0.0000E+00  0.0000E+00  0.0000E+00  0.0000E+00  0.0000E+00  0.0000E+00  0.0000E+00
       0.0000E+00  0.0000E+00  0.0000E+00  0.0000E+00  0.0000E+00  0.0000E+00  0.0000E+00  0.0000E+00  0.0000E+00  0.0000E+00
       0.0000E+00  0.0000E+00  0.0000E+00  0.0000E+00  0.0000E+00  0.0000E+00  0.0000E+00  0.0000E+00  0.0000E+00  0.0000E+00
       0.0000E+00  0.0000E+00  0.0000E+00  0.0000E+00  0.0000E+00  0.0000E+00  0.0000E+00  0.0000E+00  0.0000E+00  0.0000E+00
       0.0000E+00  0.0000E+00  0.0000E+00  0.0000E+00  0.0000E+00  0.0000E+00  0.0000E+00  0.0000E+00  0.0000E+00  0.0000E+00
       0.0000E+00  0.0000E+00  0.0000E+00  0.0000E+00  0.0000E+00  0.0000E+00  0.0000E+00  0.0000E+00  0.0000E+00  0.0000E+00
       0.0000E+00  0.0000E+00  0.0000E+00  0.0000E+00  0.0000E+00  0.0000E+00  0.0000E+00  0.0000E+00  0.0000E+00  0.0000E+00
       0.0000E+00  0.0000E+00  0.0000E+00  0.0000E+00  0.0000E+00  0.0000E+00  0.0000E+00  0.0000E+00  0.0000E+00  0.0000E+00
       0.0000E+00  0.0000E+00  0.0000E+00  0.0000E+00  0.0000E+00  0.0000E+00  0.0000E+00  0.0000E+00  0.0000E+00  0.0000E+00
       0.0000E+00  0.0000E+00  0.0000E+00  0.0000E+00  0.0000E+00  0.0000E+00  0.0000E+00  0.0000E+00  0.0000E+00  0.0000E+00
       0.0000E+00  0.0000E+00  0.0000E+00  0.0000E+00  0.0000E+00  0.0000E+00  0.0000E+00  0.0000E+00  0.0000E+00  0.0000E+00
       0.0000E+00  0.0000E+00  0.0000E+00  0.0000E+00  0.0000E+00  0.0000E+00  0.0000E+00  0.0000E+00  0.0000E+00  0.0000E+00
       0.0000E+00  0.0000E+00  0.0000E+00  0.0000E+00  0.0000E+00  0.0000E+00  0.0000E+00  0.0000E+00  0.0000E+00  0.0000E+00
       0.0000E+00  0.0000E+00  0.0000E+00  0.0000E+00  0.0000E+00  0.0000E+00  0.0000E+00  0.0000E+00  0.0000E+00  0.0000E+00
       0.0000E+00  0.0000E+00  0.0000E+00  0.0000E+00  0.0000E+00  0.0000E+00  0.0000E+00  0.0000E+00  0.0000E+00  0.0000E+00
1

   Bdrx n.   6  "ofluence  " , generalized particle n.    1, from region n.     5 to region n.     4
      detector area:  1.0000E+02 cm**2
      this is a one way only estimator
      this is a fluence like estimator
      linear energy binning from   0.0000E+00 to  3.0000E+02 GeV,     1 bins ( 3.0000E+02 GeV wide)
      linear angular binning from  0.0000E+00 to  6.2832E+00 sr ,     1 bins ( 6.2832E+00 sr wide )
      Data follow in a matrix A(ie,ia), format (1(5x,1p,10(1x,e11.4)))

       5.2660E-06
