
 *****  Protons in Lexan (0.11GeV, 1cm)                                                   *****

           DATE: 12/19/18,  TIME: 18: 1:33

          Total number of particles followed       25000000, for a total weight of  2.5000E+07

1

   Res. nuclei n.   1  "Ian       " ,  all         products, region n.     5
      detector volume:  1.0000E+00 cm**3
      Max. Z:  10, Max. N-Z:  11 Min. N-Z: -4
      Data follow in a matrix A(z,n-z-k), k: -5 format (1(5x,1p,10(1x,e11.4)))

       0.0000E+00  0.0000E+00  0.0000E+00  0.0000E+00  0.0000E+00  0.0000E+00  0.0000E+00  0.0000E+00  0.0000E+00  0.0000E+00
       0.0000E+00  0.0000E+00  0.0000E+00  0.0000E+00  0.0000E+00  1.3680E-05  0.0000E+00  6.0000E-07  0.0000E+00  0.0000E+00
       0.0000E+00  0.0000E+00  0.0000E+00  0.0000E+00  1.2188E-04  1.6516E-04  3.1400E-05  2.5400E-05  0.0000E+00  0.0000E+00
       2.7760E-02  3.3048E-03  0.0000E+00  1.7144E-03  0.0000E+00  4.4848E-03  5.5440E-05  1.0314E-03  0.0000E+00  0.0000E+00
       6.2282E-03  2.9805E-02  2.3318E-03  0.0000E+00  1.3896E-03  1.2230E-02  5.4464E-04  1.4022E-03  8.0000E-08  4.4000E-07
       1.5213E-03  0.0000E+00  1.1217E-03  2.9515E-04  2.6151E-03  3.6152E-04  6.5353E-04  1.3232E-06  0.0000E+00  0.0000E+00
       0.0000E+00  4.8800E-05  7.9520E-05  1.4140E-04  2.3363E-05  5.8800E-05  1.4946E-06  2.1200E-06  0.0000E+00  0.0000E+00
       0.0000E+00  0.0000E+00  2.2000E-06  4.8000E-07  9.6000E-07  1.2000E-07  7.2000E-07  0.0000E+00  0.0000E+00  0.0000E+00
       0.0000E+00  0.0000E+00  0.0000E+00  4.0000E-08  0.0000E+00  0.0000E+00  0.0000E+00  0.0000E+00  0.0000E+00  0.0000E+00
       0.0000E+00  0.0000E+00  0.0000E+00  0.0000E+00  0.0000E+00  0.0000E+00  0.0000E+00  0.0000E+00  0.0000E+00  0.0000E+00
       0.0000E+00  0.0000E+00  0.0000E+00  0.0000E+00  0.0000E+00  0.0000E+00  0.0000E+00  0.0000E+00  0.0000E+00  0.0000E+00
       0.0000E+00  0.0000E+00  0.0000E+00  0.0000E+00  0.0000E+00  0.0000E+00  0.0000E+00  0.0000E+00  0.0000E+00  0.0000E+00
       0.0000E+00  0.0000E+00  0.0000E+00  0.0000E+00  0.0000E+00  0.0000E+00  0.0000E+00  0.0000E+00  0.0000E+00  0.0000E+00
       0.0000E+00  0.0000E+00  0.0000E+00  0.0000E+00  0.0000E+00  0.0000E+00  0.0000E+00  0.0000E+00  0.0000E+00  0.0000E+00
       0.0000E+00  0.0000E+00  0.0000E+00  0.0000E+00  0.0000E+00  0.0000E+00  0.0000E+00  0.0000E+00  0.0000E+00  0.0000E+00
       0.0000E+00  0.0000E+00  0.0000E+00  0.0000E+00  0.0000E+00  0.0000E+00  0.0000E+00  0.0000E+00  0.0000E+00  0.0000E+00
