
 *****  Protons in Lexan (70MeV, 1cm)                                                     *****

           DATE: 11/15/18,  TIME: 16:30:55

          Total number of particles followed       10000000, for a total weight of  1.0000E+07

1

   Res. nuclei n.   1  "Ian       " ,  all         products, region n.     5
      detector volume:  1.0000E+00 cm**3
      Max. Z:  10, Max. N-Z:  11 Min. N-Z: -4
      Data follow in a matrix A(z,n-z-k), k: -5 format (1(5x,1p,10(1x,e11.4)))

       0.0000E+00  0.0000E+00  0.0000E+00  0.0000E+00  0.0000E+00  0.0000E+00  0.0000E+00  0.0000E+00  0.0000E+00  0.0000E+00
       0.0000E+00  0.0000E+00  0.0000E+00  0.0000E+00  0.0000E+00  3.7200E-05  0.0000E+00  1.8000E-06  0.0000E+00  0.0000E+00
       0.0000E+00  0.0000E+00  0.0000E+00  0.0000E+00  2.6140E-04  5.5010E-04  5.2500E-05  1.2660E-04  0.0000E+00  0.0000E+00
       8.3355E-02  7.1570E-03  0.0000E+00  3.3847E-03  0.0000E+00  1.0397E-02  1.4330E-04  2.5349E-03  0.0000E+00  0.0000E+00
       2.4438E-02  5.8046E-02  4.6621E-03  0.0000E+00  3.7156E-03  1.3190E-02  1.2164E-03  1.5068E-03  0.0000E+00  7.0000E-07
       4.0555E-03  0.0000E+00  2.7803E-03  8.3515E-04  7.2700E-03  6.7061E-04  1.8165E-03  2.0774E-06  2.0000E-07  0.0000E+00
       0.0000E+00  1.6030E-04  2.4080E-04  5.2430E-04  9.2708E-05  1.9150E-04  6.6246E-06  1.7000E-06  0.0000E+00  0.0000E+00
       0.0000E+00  0.0000E+00  1.8600E-05  2.9000E-06  4.2000E-06  3.0000E-07  2.5000E-06  0.0000E+00  0.0000E+00  0.0000E+00
       0.0000E+00  4.0000E-07  0.0000E+00  0.0000E+00  1.0000E-07  2.0000E-07  0.0000E+00  0.0000E+00  0.0000E+00  0.0000E+00
       0.0000E+00  0.0000E+00  0.0000E+00  0.0000E+00  0.0000E+00  0.0000E+00  0.0000E+00  0.0000E+00  0.0000E+00  0.0000E+00
       0.0000E+00  0.0000E+00  0.0000E+00  0.0000E+00  0.0000E+00  0.0000E+00  0.0000E+00  0.0000E+00  0.0000E+00  0.0000E+00
       0.0000E+00  0.0000E+00  0.0000E+00  0.0000E+00  0.0000E+00  0.0000E+00  0.0000E+00  0.0000E+00  0.0000E+00  0.0000E+00
       0.0000E+00  0.0000E+00  0.0000E+00  0.0000E+00  0.0000E+00  0.0000E+00  0.0000E+00  0.0000E+00  0.0000E+00  0.0000E+00
       0.0000E+00  0.0000E+00  0.0000E+00  0.0000E+00  0.0000E+00  0.0000E+00  0.0000E+00  0.0000E+00  0.0000E+00  0.0000E+00
       0.0000E+00  0.0000E+00  0.0000E+00  0.0000E+00  0.0000E+00  0.0000E+00  0.0000E+00  0.0000E+00  0.0000E+00  0.0000E+00
       0.0000E+00  0.0000E+00  0.0000E+00  0.0000E+00  0.0000E+00  0.0000E+00  0.0000E+00  0.0000E+00  0.0000E+00  0.0000E+00
