
 *****  Protons in Lexan (0.14GeV, 0cm)                                                   *****

           DATE: 12/18/18,  TIME: 23: 2:15

          Total number of particles followed       50000000, for a total weight of  5.0000E+07

1

   Bdrx n.   4  "ocurrent  " , generalized particle n.    1, from region n.     5 to region n.     4
      detector area:  1.0000E+02 cm**2
      this is a one way only estimator
      this is a current like estimator
      linear energy binning from   6.0000E-02 to  1.9000E-01 GeV,   650 bins ( 2.0000E-04 GeV wide)
      linear angular binning from  0.0000E+00 to  6.2832E+00 sr ,     1 bins ( 6.2832E+00 sr wide )
      Data follow in a matrix A(ie,ia), format (1(5x,1p,10(1x,e11.4)))

       1.6552E-04  1.6775E-04  1.6091E-04  1.6473E-04  1.6377E-04  1.6695E-04  1.6488E-04  1.7316E-04  1.6011E-04  1.6202E-04
       1.7045E-04  1.7061E-04  1.7268E-04  1.6679E-04  1.7268E-04  1.6011E-04  1.6409E-04  1.6170E-04  1.7141E-04  1.6393E-04
       1.5979E-04  1.6218E-04  1.7746E-04  1.6632E-04  1.6664E-04  1.6584E-04  1.5772E-04  1.7205E-04  1.6106E-04  1.6839E-04
       1.6870E-04  1.6138E-04  1.6568E-04  1.7523E-04  1.6743E-04  1.6711E-04  1.7173E-04  1.6377E-04  1.6759E-04  1.6282E-04
       1.6918E-04  1.6488E-04  1.6409E-04  1.5915E-04  1.6266E-04  1.6441E-04  1.6855E-04  1.6457E-04  1.7427E-04  1.7507E-04
       1.6679E-04  1.7348E-04  1.7236E-04  1.6441E-04  1.5613E-04  1.7284E-04  1.6600E-04  1.7093E-04  1.6855E-04  1.7300E-04
       1.6520E-04  1.6329E-04  1.7189E-04  1.5900E-04  1.7236E-04  1.7316E-04  1.7284E-04  1.6361E-04  1.7348E-04  1.7093E-04
       1.7125E-04  1.6759E-04  1.6918E-04  1.5597E-04  1.6664E-04  1.7141E-04  1.6711E-04  1.6982E-04  1.7475E-04  1.6313E-04
       1.6457E-04  1.6711E-04  1.7157E-04  1.6711E-04  1.7396E-04  1.6664E-04  1.6425E-04  1.7252E-04  1.6839E-04  1.7205E-04
       1.8287E-04  1.6950E-04  1.7173E-04  1.6711E-04  1.6791E-04  1.6998E-04  1.7618E-04  1.6918E-04  1.7364E-04  1.6441E-04
       1.7364E-04  1.6202E-04  1.7030E-04  1.7730E-04  1.7077E-04  1.7205E-04  1.6600E-04  1.7173E-04  1.7905E-04  1.6679E-04
       1.7030E-04  1.7427E-04  1.7778E-04  1.7794E-04  1.7571E-04  1.7730E-04  1.6679E-04  1.7841E-04  1.7109E-04  1.7825E-04
       1.6600E-04  1.6886E-04  1.6934E-04  1.6855E-04  1.7300E-04  1.8048E-04  1.6616E-04  1.6998E-04  1.6297E-04  1.6441E-04
       1.7109E-04  1.8032E-04  1.7603E-04  1.7412E-04  1.7698E-04  1.7618E-04  1.7316E-04  1.7523E-04  1.8000E-04  1.8255E-04
       1.8494E-04  1.7427E-04  1.8351E-04  1.7412E-04  1.6823E-04  1.7507E-04  1.7905E-04  1.7985E-04  1.8653E-04  1.6902E-04
       1.8605E-04  1.7412E-04  1.8637E-04  1.6775E-04  1.7459E-04  1.8478E-04  1.8494E-04  1.7921E-04  1.7730E-04  1.7300E-04
       1.8796E-04  1.8780E-04  1.8016E-04  1.6791E-04  1.7794E-04  1.8303E-04  1.7857E-04  1.7921E-04  1.7236E-04  1.6823E-04
       1.7985E-04  1.8828E-04  1.7634E-04  1.8526E-04  1.8478E-04  1.7380E-04  1.7921E-04  1.7284E-04  1.7571E-04  1.7380E-04
       1.6918E-04  1.7252E-04  1.6950E-04  1.8605E-04  1.7714E-04  1.7236E-04  1.8096E-04  1.7332E-04  1.7141E-04  1.8032E-04
       1.7889E-04  1.7284E-04  1.7507E-04  1.7205E-04  1.8366E-04  1.8685E-04  1.7475E-04  1.7189E-04  1.6727E-04  1.7221E-04
       1.6345E-04  1.6648E-04  1.6870E-04  1.6345E-04  1.6409E-04  1.6250E-04  1.6727E-04  1.6743E-04  1.7077E-04  1.6266E-04
       1.6488E-04  1.6234E-04  1.5677E-04  1.6218E-04  1.6775E-04  1.7173E-04  1.6154E-04  1.6616E-04  1.5613E-04  1.5454E-04
       1.5406E-04  1.5263E-04  1.4658E-04  1.5056E-04  1.5868E-04  1.6075E-04  1.5215E-04  1.5040E-04  1.5183E-04  1.5725E-04
       1.5183E-04  1.4913E-04  1.4738E-04  1.5549E-04  1.4785E-04  1.4372E-04  1.5295E-04  1.5693E-04  1.4308E-04  1.4579E-04
       1.4340E-04  1.5756E-04  1.3926E-04  1.4976E-04  1.4340E-04  1.3783E-04  1.5167E-04  1.4849E-04  1.4929E-04  1.4690E-04
       1.3910E-04  1.4674E-04  1.3767E-04  1.4197E-04  1.4069E-04  1.4308E-04  1.3894E-04  1.3274E-04  1.4356E-04  1.3210E-04
       1.4197E-04  1.4690E-04  1.3624E-04  1.3862E-04  1.3465E-04  1.3974E-04  1.4244E-04  1.3544E-04  1.2955E-04  1.3846E-04
       1.3305E-04  1.3369E-04  1.3767E-04  1.3258E-04  1.2685E-04  1.2971E-04  1.3035E-04  1.2557E-04  1.2175E-04  1.2780E-04
       1.2541E-04  1.2239E-04  1.2000E-04  1.2096E-04  1.1666E-04  1.1825E-04  1.2525E-04  1.1125E-04  1.1523E-04  1.1937E-04
       1.1125E-04  1.1173E-04  1.0950E-04  1.1857E-04  1.0218E-04  1.0775E-04  1.0409E-04  1.0647E-04  1.0441E-04  1.0504E-04
       1.0504E-04  9.2151E-05  1.0011E-04  9.6130E-05  9.2787E-05  8.5944E-05  8.6899E-05  8.2124E-05  7.9577E-05  8.3875E-05
       7.5599E-05  7.5599E-05  6.6208E-05  6.0161E-05  6.1275E-05  5.3954E-05  5.6023E-05  5.2044E-05  5.0293E-05  4.8224E-05
       5.1885E-05  5.0770E-05  4.5837E-05  4.5837E-05  4.9497E-05  5.0611E-05  5.4908E-05  5.8092E-05  5.7773E-05  5.7137E-05
       5.8569E-05  6.5890E-05  6.5254E-05  6.1752E-05  7.9896E-05  9.1992E-05  8.5944E-05  1.0345E-04  1.0393E-04  1.1857E-04
       1.2159E-04  1.1921E-04  1.2303E-04  1.1380E-04  1.1157E-04  1.0743E-04  1.1220E-04  1.1746E-04  1.0727E-04  1.2191E-04
       1.6695E-04  2.5974E-04  4.4404E-04  9.3217E-04  2.1308E-03  4.9570E-03  1.1042E-02  2.4010E-02  4.8528E-02  9.2198E-02
       1.6292E-01  2.6644E-01  4.0336E-01  5.6322E-01  7.2372E-01  8.5408E-01  9.2447E-01  9.1615E-01  8.2995E-01  6.8631E-01
       5.1735E-01  3.5465E-01  2.2092E-01  1.2520E-01  6.4310E-02  2.9860E-02  1.2650E-02  4.7778E-03  1.6557E-03  5.2282E-04
       1.3990E-04  4.4245E-05  6.5254E-06  2.3873E-06  6.3662E-07  0.0000E+00  0.0000E+00  0.0000E+00  0.0000E+00  0.0000E+00
       0.0000E+00  0.0000E+00  0.0000E+00  0.0000E+00  0.0000E+00  0.0000E+00  0.0000E+00  0.0000E+00  0.0000E+00  0.0000E+00
       0.0000E+00  0.0000E+00  0.0000E+00  0.0000E+00  0.0000E+00  0.0000E+00  0.0000E+00  0.0000E+00  0.0000E+00  0.0000E+00
       0.0000E+00  0.0000E+00  0.0000E+00  0.0000E+00  0.0000E+00  0.0000E+00  0.0000E+00  0.0000E+00  0.0000E+00  0.0000E+00
       0.0000E+00  0.0000E+00  0.0000E+00  0.0000E+00  0.0000E+00  0.0000E+00  0.0000E+00  0.0000E+00  0.0000E+00  0.0000E+00
       0.0000E+00  0.0000E+00  0.0000E+00  0.0000E+00  0.0000E+00  0.0000E+00  0.0000E+00  0.0000E+00  0.0000E+00  0.0000E+00
       0.0000E+00  0.0000E+00  0.0000E+00  0.0000E+00  0.0000E+00  0.0000E+00  0.0000E+00  0.0000E+00  0.0000E+00  0.0000E+00
       0.0000E+00  0.0000E+00  0.0000E+00  0.0000E+00  0.0000E+00  0.0000E+00  0.0000E+00  0.0000E+00  0.0000E+00  0.0000E+00
       0.0000E+00  0.0000E+00  0.0000E+00  0.0000E+00  0.0000E+00  0.0000E+00  0.0000E+00  0.0000E+00  0.0000E+00  0.0000E+00
       0.0000E+00  0.0000E+00  0.0000E+00  0.0000E+00  0.0000E+00  0.0000E+00  0.0000E+00  0.0000E+00  0.0000E+00  0.0000E+00
       0.0000E+00  0.0000E+00  0.0000E+00  0.0000E+00  0.0000E+00  0.0000E+00  0.0000E+00  0.0000E+00  0.0000E+00  0.0000E+00
       0.0000E+00  0.0000E+00  0.0000E+00  0.0000E+00  0.0000E+00  0.0000E+00  0.0000E+00  0.0000E+00  0.0000E+00  0.0000E+00
       0.0000E+00  0.0000E+00  0.0000E+00  0.0000E+00  0.0000E+00  0.0000E+00  0.0000E+00  0.0000E+00  0.0000E+00  0.0000E+00
       0.0000E+00  0.0000E+00  0.0000E+00  0.0000E+00  0.0000E+00  0.0000E+00  0.0000E+00  0.0000E+00  0.0000E+00  0.0000E+00
       0.0000E+00  0.0000E+00  0.0000E+00  0.0000E+00  0.0000E+00  0.0000E+00  0.0000E+00  0.0000E+00  0.0000E+00  0.0000E+00
       0.0000E+00  0.0000E+00  0.0000E+00  0.0000E+00  0.0000E+00  0.0000E+00  0.0000E+00  0.0000E+00  0.0000E+00  0.0000E+00
       0.0000E+00  0.0000E+00  0.0000E+00  0.0000E+00  0.0000E+00  0.0000E+00  0.0000E+00  0.0000E+00  0.0000E+00  0.0000E+00
       0.0000E+00  0.0000E+00  0.0000E+00  0.0000E+00  0.0000E+00  0.0000E+00  0.0000E+00  0.0000E+00  0.0000E+00  0.0000E+00
       0.0000E+00  0.0000E+00  0.0000E+00  0.0000E+00  0.0000E+00  0.0000E+00  0.0000E+00  0.0000E+00  0.0000E+00  0.0000E+00
       0.0000E+00  0.0000E+00  0.0000E+00  0.0000E+00  0.0000E+00  0.0000E+00  0.0000E+00  0.0000E+00  0.0000E+00  0.0000E+00
       0.0000E+00  0.0000E+00  0.0000E+00  0.0000E+00  0.0000E+00  0.0000E+00  0.0000E+00  0.0000E+00  0.0000E+00  0.0000E+00
       0.0000E+00  0.0000E+00  0.0000E+00  0.0000E+00  0.0000E+00  0.0000E+00  0.0000E+00  0.0000E+00  0.0000E+00  0.0000E+00
       0.0000E+00  0.0000E+00  0.0000E+00  0.0000E+00  0.0000E+00  0.0000E+00  0.0000E+00  0.0000E+00  0.0000E+00  0.0000E+00
       0.0000E+00  0.0000E+00  0.0000E+00  0.0000E+00  0.0000E+00  0.0000E+00  0.0000E+00  0.0000E+00  0.0000E+00  0.0000E+00
       0.0000E+00  0.0000E+00  0.0000E+00  0.0000E+00  0.0000E+00  0.0000E+00  0.0000E+00  0.0000E+00  0.0000E+00  0.0000E+00
       0.0000E+00  0.0000E+00  0.0000E+00  0.0000E+00  0.0000E+00  0.0000E+00  0.0000E+00  0.0000E+00  0.0000E+00  0.0000E+00
       0.0000E+00  0.0000E+00  0.0000E+00  0.0000E+00  0.0000E+00  0.0000E+00  0.0000E+00  0.0000E+00  0.0000E+00  0.0000E+00
