
 *****  Protons in Lexan (0.14GeV, 0cm)                                                   *****

           DATE: 12/18/18,  TIME: 23: 2:15

          Total number of particles followed       50000000, for a total weight of  5.0000E+07

1

   Res. nuclei n.   1  "Ian       " ,  all         products, region n.     5
      detector volume:  1.0000E+00 cm**3
      Max. Z:  10, Max. N-Z:  11 Min. N-Z: -4
      Data follow in a matrix A(z,n-z-k), k: -5 format (1(5x,1p,10(1x,e11.4)))

       0.0000E+00  0.0000E+00  0.0000E+00  0.0000E+00  0.0000E+00  0.0000E+00  0.0000E+00  0.0000E+00  0.0000E+00  0.0000E+00
       0.0000E+00  0.0000E+00  0.0000E+00  0.0000E+00  0.0000E+00  6.7800E-06  0.0000E+00  2.2000E-07  0.0000E+00  0.0000E+00
       0.0000E+00  0.0000E+00  0.0000E+00  0.0000E+00  5.8120E-05  9.1640E-05  1.4100E-05  1.8240E-05  0.0000E+00  0.0000E+00
       1.0014E-02  1.5979E-03  0.0000E+00  7.5390E-04  0.0000E+00  2.1355E-03  2.7720E-05  5.1226E-04  0.0000E+00  0.0000E+00
       2.5544E-03  1.2630E-02  1.0494E-03  0.0000E+00  6.8126E-04  3.8496E-03  2.4028E-04  4.5274E-04  0.0000E+00  1.4000E-07
       7.5714E-04  0.0000E+00  5.2476E-04  1.3747E-04  1.2295E-03  1.4611E-04  3.0433E-04  4.8351E-07  4.0000E-08  0.0000E+00
       0.0000E+00  2.9060E-05  4.2080E-05  7.8760E-05  1.1484E-05  2.8740E-05  5.4583E-07  6.6000E-07  0.0000E+00  0.0000E+00
       0.0000E+00  0.0000E+00  2.3400E-06  3.0000E-07  8.2000E-07  2.0000E-08  3.8000E-07  0.0000E+00  0.0000E+00  0.0000E+00
       0.0000E+00  0.0000E+00  0.0000E+00  2.0000E-08  0.0000E+00  2.0000E-08  0.0000E+00  0.0000E+00  0.0000E+00  0.0000E+00
       0.0000E+00  0.0000E+00  0.0000E+00  0.0000E+00  0.0000E+00  0.0000E+00  0.0000E+00  0.0000E+00  0.0000E+00  0.0000E+00
       0.0000E+00  0.0000E+00  0.0000E+00  0.0000E+00  0.0000E+00  0.0000E+00  0.0000E+00  0.0000E+00  0.0000E+00  0.0000E+00
       0.0000E+00  0.0000E+00  0.0000E+00  0.0000E+00  0.0000E+00  0.0000E+00  0.0000E+00  0.0000E+00  0.0000E+00  0.0000E+00
       0.0000E+00  0.0000E+00  0.0000E+00  0.0000E+00  0.0000E+00  0.0000E+00  0.0000E+00  0.0000E+00  0.0000E+00  0.0000E+00
       0.0000E+00  0.0000E+00  0.0000E+00  0.0000E+00  0.0000E+00  0.0000E+00  0.0000E+00  0.0000E+00  0.0000E+00  0.0000E+00
       0.0000E+00  0.0000E+00  0.0000E+00  0.0000E+00  0.0000E+00  0.0000E+00  0.0000E+00  0.0000E+00  0.0000E+00  0.0000E+00
       0.0000E+00  0.0000E+00  0.0000E+00  0.0000E+00  0.0000E+00  0.0000E+00  0.0000E+00  0.0000E+00  0.0000E+00  0.0000E+00
