
 *****  Protons in Lexan (0.14GeV, 0cm)                                                   *****

           DATE: 12/18/18,  TIME: 23: 2:15

          Total number of particles followed       50000000, for a total weight of  5.0000E+07

1

   Bdrx n.   2  "ofluence  " , generalized particle n.    1, from region n.     5 to region n.     4
      detector area:  1.0000E+02 cm**2
      this is a one way only estimator
      this is a fluence like estimator
      linear energy binning from   6.0000E-02 to  1.9000E-01 GeV,   650 bins ( 2.0000E-04 GeV wide)
      linear angular binning from  0.0000E+00 to  6.2832E+00 sr ,     1 bins ( 6.2832E+00 sr wide )
      Data follow in a matrix A(ie,ia), format (1(5x,1p,10(1x,e11.4)))

       2.4409E-04  2.4276E-04  2.2997E-04  2.3711E-04  2.3630E-04  2.4321E-04  2.3631E-04  2.4842E-04  2.3315E-04  2.4973E-04
       2.4889E-04  2.4706E-04  2.4692E-04  2.3782E-04  2.5872E-04  2.2628E-04  2.3443E-04  2.3174E-04  2.4404E-04  2.2887E-04
       2.3468E-04  2.2938E-04  2.8939E-04  2.2938E-04  2.2926E-04  2.2883E-04  2.2615E-04  2.4411E-04  2.2633E-04  2.4085E-04
       2.3791E-04  2.2777E-04  2.3136E-04  2.4006E-04  2.3410E-04  2.3569E-04  2.5229E-04  2.2995E-04  2.3236E-04  2.3240E-04
       2.3404E-04  2.3037E-04  2.3181E-04  2.1569E-04  2.2769E-04  2.3070E-04  2.3435E-04  2.2667E-04  2.4350E-04  2.6091E-04
       2.2558E-04  2.3930E-04  2.4027E-04  2.2074E-04  2.0947E-04  2.3508E-04  2.2471E-04  2.2860E-04  2.2826E-04  2.3609E-04
       2.2282E-04  2.2062E-04  2.3231E-04  2.1169E-04  2.3053E-04  2.3729E-04  2.3131E-04  2.2472E-04  2.3030E-04  2.2679E-04
       2.3118E-04  2.2387E-04  2.2530E-04  2.0687E-04  2.2126E-04  2.2612E-04  2.2031E-04  2.2322E-04  2.3269E-04  2.1482E-04
       2.1592E-04  2.2245E-04  2.2832E-04  2.2796E-04  2.2816E-04  2.1637E-04  2.2204E-04  2.2747E-04  2.2385E-04  2.2664E-04
       2.3960E-04  2.2410E-04  2.1945E-04  2.1575E-04  2.2084E-04  2.2116E-04  2.3890E-04  2.1869E-04  2.2551E-04  2.1468E-04
       2.2519E-04  2.0737E-04  2.1709E-04  2.3161E-04  2.1658E-04  2.2339E-04  2.1352E-04  2.1738E-04  2.2948E-04  2.1173E-04
       2.1893E-04  2.2047E-04  2.2653E-04  2.2656E-04  2.2508E-04  2.2549E-04  2.1494E-04  2.2663E-04  2.1867E-04  2.2412E-04
       2.1222E-04  2.1469E-04  2.1040E-04  2.1197E-04  2.2032E-04  2.2568E-04  2.0914E-04  2.1285E-04  2.0635E-04  2.0601E-04
       2.1426E-04  2.2630E-04  2.2104E-04  2.3085E-04  2.2161E-04  2.2082E-04  2.1225E-04  2.2087E-04  2.2676E-04  2.2779E-04
       2.3017E-04  2.1493E-04  2.2395E-04  2.1588E-04  2.1032E-04  2.1549E-04  2.2203E-04  2.1858E-04  2.2765E-04  2.0781E-04
       2.2553E-04  2.1561E-04  2.2726E-04  2.0496E-04  2.1485E-04  2.2638E-04  2.2113E-04  2.1735E-04  2.1760E-04  2.1254E-04
       2.3454E-04  2.2715E-04  2.1725E-04  2.0328E-04  2.1525E-04  2.2184E-04  2.1615E-04  2.1694E-04  2.0775E-04  2.0042E-04
       2.1706E-04  2.2520E-04  2.1623E-04  2.2372E-04  2.2338E-04  2.1075E-04  2.1427E-04  2.0562E-04  2.1031E-04  2.0672E-04
       1.9946E-04  2.0521E-04  2.0239E-04  2.2040E-04  2.1071E-04  2.0099E-04  2.1380E-04  2.0691E-04  2.0584E-04  2.1163E-04
       2.0900E-04  2.0450E-04  2.0435E-04  2.0118E-04  2.1767E-04  2.1925E-04  2.0284E-04  2.0358E-04  1.9763E-04  2.0185E-04
       1.9185E-04  1.9353E-04  1.9805E-04  1.8875E-04  1.9004E-04  1.8739E-04  1.9412E-04  1.9291E-04  1.9993E-04  1.8739E-04
       1.9126E-04  1.8937E-04  1.8154E-04  1.9062E-04  1.9361E-04  1.9918E-04  1.8632E-04  1.8947E-04  1.7843E-04  1.7697E-04
       1.7933E-04  1.7420E-04  1.6771E-04  1.7254E-04  1.8063E-04  1.8402E-04  1.8057E-04  1.7366E-04  1.7145E-04  1.7870E-04
       1.7350E-04  1.7035E-04  1.6753E-04  1.7649E-04  1.7188E-04  1.6321E-04  1.7385E-04  1.7833E-04  1.6232E-04  1.6525E-04
       1.6169E-04  1.7769E-04  1.5837E-04  1.6998E-04  1.6235E-04  1.5541E-04  1.7205E-04  1.6833E-04  1.6704E-04  1.6462E-04
       1.5679E-04  1.6429E-04  1.5537E-04  1.6276E-04  1.5791E-04  1.5967E-04  1.5562E-04  1.4916E-04  1.5911E-04  1.4570E-04
       1.5843E-04  1.6542E-04  1.5117E-04  1.5372E-04  1.4891E-04  1.5581E-04  1.5628E-04  1.5014E-04  1.4212E-04  1.5423E-04
       1.4830E-04  1.4779E-04  1.5328E-04  1.4572E-04  1.3997E-04  1.4430E-04  1.4260E-04  1.3715E-04  1.3533E-04  1.4054E-04
       1.3648E-04  1.3474E-04  1.3088E-04  1.3141E-04  1.2781E-04  1.2792E-04  1.3692E-04  1.2046E-04  1.2532E-04  1.3034E-04
       1.2126E-04  1.2300E-04  1.1866E-04  1.2965E-04  1.1076E-04  1.1800E-04  1.1398E-04  1.1646E-04  1.1170E-04  1.1348E-04
       1.1351E-04  9.9468E-05  1.0818E-04  1.0465E-04  9.9977E-05  9.3730E-05  9.4163E-05  9.0496E-05  8.5857E-05  9.2600E-05
       8.1340E-05  8.2661E-05  7.2783E-05  6.8189E-05  6.7935E-05  6.0292E-05  6.3563E-05  5.9205E-05  5.7760E-05  5.5792E-05
       6.0061E-05  6.1489E-05  5.2558E-05  5.2741E-05  5.6747E-05  5.8027E-05  6.2875E-05  6.5230E-05  6.5976E-05  6.5217E-05
       6.5536E-05  7.3954E-05  7.2560E-05  6.8793E-05  9.3770E-05  1.0100E-04  9.4059E-05  1.1223E-04  1.1429E-04  1.2725E-04
       1.3130E-04  1.2801E-04  1.3060E-04  1.2175E-04  1.2063E-04  1.1544E-04  1.2186E-04  1.3233E-04  1.1883E-04  1.3456E-04
       1.8119E-04  2.7712E-04  4.6539E-04  9.5725E-04  2.1604E-03  4.9976E-03  1.1090E-02  2.4069E-02  4.8602E-02  9.2287E-02
       1.6302E-01  2.6656E-01  4.0350E-01  5.6337E-01  7.2388E-01  8.5443E-01  9.2462E-01  9.1629E-01  8.3007E-01  6.8639E-01
       5.1742E-01  3.5469E-01  2.2095E-01  1.2521E-01  6.4316E-02  2.9864E-02  1.2652E-02  4.7783E-03  1.6559E-03  5.2294E-04
       1.3991E-04  4.4249E-05  6.5257E-06  2.3874E-06  6.3663E-07  0.0000E+00  0.0000E+00  0.0000E+00  0.0000E+00  0.0000E+00
       0.0000E+00  0.0000E+00  0.0000E+00  0.0000E+00  0.0000E+00  0.0000E+00  0.0000E+00  0.0000E+00  0.0000E+00  0.0000E+00
       0.0000E+00  0.0000E+00  0.0000E+00  0.0000E+00  0.0000E+00  0.0000E+00  0.0000E+00  0.0000E+00  0.0000E+00  0.0000E+00
       0.0000E+00  0.0000E+00  0.0000E+00  0.0000E+00  0.0000E+00  0.0000E+00  0.0000E+00  0.0000E+00  0.0000E+00  0.0000E+00
       0.0000E+00  0.0000E+00  0.0000E+00  0.0000E+00  0.0000E+00  0.0000E+00  0.0000E+00  0.0000E+00  0.0000E+00  0.0000E+00
       0.0000E+00  0.0000E+00  0.0000E+00  0.0000E+00  0.0000E+00  0.0000E+00  0.0000E+00  0.0000E+00  0.0000E+00  0.0000E+00
       0.0000E+00  0.0000E+00  0.0000E+00  0.0000E+00  0.0000E+00  0.0000E+00  0.0000E+00  0.0000E+00  0.0000E+00  0.0000E+00
       0.0000E+00  0.0000E+00  0.0000E+00  0.0000E+00  0.0000E+00  0.0000E+00  0.0000E+00  0.0000E+00  0.0000E+00  0.0000E+00
       0.0000E+00  0.0000E+00  0.0000E+00  0.0000E+00  0.0000E+00  0.0000E+00  0.0000E+00  0.0000E+00  0.0000E+00  0.0000E+00
       0.0000E+00  0.0000E+00  0.0000E+00  0.0000E+00  0.0000E+00  0.0000E+00  0.0000E+00  0.0000E+00  0.0000E+00  0.0000E+00
       0.0000E+00  0.0000E+00  0.0000E+00  0.0000E+00  0.0000E+00  0.0000E+00  0.0000E+00  0.0000E+00  0.0000E+00  0.0000E+00
       0.0000E+00  0.0000E+00  0.0000E+00  0.0000E+00  0.0000E+00  0.0000E+00  0.0000E+00  0.0000E+00  0.0000E+00  0.0000E+00
       0.0000E+00  0.0000E+00  0.0000E+00  0.0000E+00  0.0000E+00  0.0000E+00  0.0000E+00  0.0000E+00  0.0000E+00  0.0000E+00
       0.0000E+00  0.0000E+00  0.0000E+00  0.0000E+00  0.0000E+00  0.0000E+00  0.0000E+00  0.0000E+00  0.0000E+00  0.0000E+00
       0.0000E+00  0.0000E+00  0.0000E+00  0.0000E+00  0.0000E+00  0.0000E+00  0.0000E+00  0.0000E+00  0.0000E+00  0.0000E+00
       0.0000E+00  0.0000E+00  0.0000E+00  0.0000E+00  0.0000E+00  0.0000E+00  0.0000E+00  0.0000E+00  0.0000E+00  0.0000E+00
       0.0000E+00  0.0000E+00  0.0000E+00  0.0000E+00  0.0000E+00  0.0000E+00  0.0000E+00  0.0000E+00  0.0000E+00  0.0000E+00
       0.0000E+00  0.0000E+00  0.0000E+00  0.0000E+00  0.0000E+00  0.0000E+00  0.0000E+00  0.0000E+00  0.0000E+00  0.0000E+00
       0.0000E+00  0.0000E+00  0.0000E+00  0.0000E+00  0.0000E+00  0.0000E+00  0.0000E+00  0.0000E+00  0.0000E+00  0.0000E+00
       0.0000E+00  0.0000E+00  0.0000E+00  0.0000E+00  0.0000E+00  0.0000E+00  0.0000E+00  0.0000E+00  0.0000E+00  0.0000E+00
       0.0000E+00  0.0000E+00  0.0000E+00  0.0000E+00  0.0000E+00  0.0000E+00  0.0000E+00  0.0000E+00  0.0000E+00  0.0000E+00
       0.0000E+00  0.0000E+00  0.0000E+00  0.0000E+00  0.0000E+00  0.0000E+00  0.0000E+00  0.0000E+00  0.0000E+00  0.0000E+00
       0.0000E+00  0.0000E+00  0.0000E+00  0.0000E+00  0.0000E+00  0.0000E+00  0.0000E+00  0.0000E+00  0.0000E+00  0.0000E+00
       0.0000E+00  0.0000E+00  0.0000E+00  0.0000E+00  0.0000E+00  0.0000E+00  0.0000E+00  0.0000E+00  0.0000E+00  0.0000E+00
       0.0000E+00  0.0000E+00  0.0000E+00  0.0000E+00  0.0000E+00  0.0000E+00  0.0000E+00  0.0000E+00  0.0000E+00  0.0000E+00
       0.0000E+00  0.0000E+00  0.0000E+00  0.0000E+00  0.0000E+00  0.0000E+00  0.0000E+00  0.0000E+00  0.0000E+00  0.0000E+00
       0.0000E+00  0.0000E+00  0.0000E+00  0.0000E+00  0.0000E+00  0.0000E+00  0.0000E+00  0.0000E+00  0.0000E+00  0.0000E+00
1

   Bdrx n.   6  "ofluence  " , generalized particle n.    1, from region n.     5 to region n.     4
      detector area:  1.0000E+02 cm**2
      this is a one way only estimator
      this is a fluence like estimator
      linear energy binning from   0.0000E+00 to  3.0000E+02 GeV,     1 bins ( 3.0000E+02 GeV wide)
      linear angular binning from  0.0000E+00 to  6.2832E+00 sr ,     1 bins ( 6.2832E+00 sr wide )
      Data follow in a matrix A(ie,ia), format (1(5x,1p,10(1x,e11.4)))

       5.3180E-06
