
 *****  Protons in Lexan (0.20GeV, 1cm)                                                   *****

           DATE: 12/18/18,  TIME: 22:18:59

          Total number of particles followed       25000000, for a total weight of  2.5000E+07

1

   Res. nuclei n.   1  "Ian       " ,  all         products, region n.     5
      detector volume:  1.0000E+00 cm**3
      Max. Z:  10, Max. N-Z:  11 Min. N-Z: -4
      Data follow in a matrix A(z,n-z-k), k: -5 format (1(5x,1p,10(1x,e11.4)))

       0.0000E+00  0.0000E+00  0.0000E+00  0.0000E+00  0.0000E+00  0.0000E+00  0.0000E+00  0.0000E+00  0.0000E+00  0.0000E+00
       0.0000E+00  0.0000E+00  0.0000E+00  0.0000E+00  0.0000E+00  1.3600E-05  0.0000E+00  8.4000E-07  0.0000E+00  0.0000E+00
       0.0000E+00  0.0000E+00  0.0000E+00  0.0000E+00  1.0688E-04  2.1016E-04  2.3520E-05  4.5320E-05  0.0000E+00  0.0000E+00
       2.2710E-02  2.9642E-03  0.0000E+00  1.3730E-03  0.0000E+00  4.1696E-03  5.7080E-05  1.0030E-03  0.0000E+00  0.0000E+00
       5.4487E-03  2.3039E-02  1.8758E-03  0.0000E+00  1.4212E-03  5.3072E-03  4.7244E-04  6.2037E-04  0.0000E+00  8.0000E-08
       1.5568E-03  0.0000E+00  1.0504E-03  2.9490E-04  2.6205E-03  2.6691E-04  6.4800E-04  1.1715E-06  4.0000E-08  0.0000E+00
       0.0000E+00  6.1600E-05  8.3600E-05  1.8904E-04  2.9989E-05  6.7320E-05  1.3587E-06  9.6000E-07  0.0000E+00  0.0000E+00
       0.0000E+00  0.0000E+00  6.6000E-06  7.6000E-07  1.3600E-06  2.0000E-07  9.6000E-07  0.0000E+00  0.0000E+00  0.0000E+00
       0.0000E+00  2.8000E-07  0.0000E+00  4.0000E-08  0.0000E+00  0.0000E+00  0.0000E+00  0.0000E+00  0.0000E+00  0.0000E+00
       0.0000E+00  0.0000E+00  0.0000E+00  0.0000E+00  0.0000E+00  0.0000E+00  0.0000E+00  0.0000E+00  0.0000E+00  0.0000E+00
       0.0000E+00  0.0000E+00  0.0000E+00  0.0000E+00  0.0000E+00  0.0000E+00  0.0000E+00  0.0000E+00  0.0000E+00  0.0000E+00
       0.0000E+00  0.0000E+00  0.0000E+00  0.0000E+00  0.0000E+00  0.0000E+00  0.0000E+00  0.0000E+00  0.0000E+00  0.0000E+00
       0.0000E+00  0.0000E+00  0.0000E+00  0.0000E+00  0.0000E+00  0.0000E+00  0.0000E+00  0.0000E+00  0.0000E+00  0.0000E+00
       0.0000E+00  0.0000E+00  0.0000E+00  0.0000E+00  0.0000E+00  0.0000E+00  0.0000E+00  0.0000E+00  0.0000E+00  0.0000E+00
       0.0000E+00  0.0000E+00  0.0000E+00  0.0000E+00  0.0000E+00  0.0000E+00  0.0000E+00  0.0000E+00  0.0000E+00  0.0000E+00
       0.0000E+00  0.0000E+00  0.0000E+00  0.0000E+00  0.0000E+00  0.0000E+00  0.0000E+00  0.0000E+00  0.0000E+00  0.0000E+00
