
 *****  Protons in Lexan (0.20GeV, 1cm)                                                   *****

           DATE: 12/18/18,  TIME: 22:18:59

          Total number of particles followed       25000000, for a total weight of  2.5000E+07

1

   Bdrx n.   2  "ofluence  " , generalized particle n.    1, from region n.     5 to region n.     4
      detector area:  1.0000E+02 cm**2
      this is a one way only estimator
      this is a fluence like estimator
      linear energy binning from   1.2000E-01 to  2.5000E-01 GeV,   650 bins ( 2.0000E-04 GeV wide)
      linear angular binning from  0.0000E+00 to  6.2832E+00 sr ,     1 bins ( 6.2832E+00 sr wide )
      Data follow in a matrix A(ie,ia), format (1(5x,1p,10(1x,e11.4)))

       3.2623E-04  2.8509E-04  3.0478E-04  2.9236E-04  2.9892E-04  3.1516E-04  2.9033E-04  2.8944E-04  2.8866E-04  3.0161E-04
       3.1552E-04  2.9029E-04  2.9847E-04  2.9301E-04  3.0101E-04  3.0561E-04  2.8836E-04  3.0513E-04  3.0195E-04  2.8873E-04
       3.1949E-04  3.1193E-04  2.8227E-04  2.8304E-04  2.7610E-04  2.9758E-04  2.8178E-04  3.0569E-04  3.0601E-04  2.9222E-04
       2.7820E-04  3.0302E-04  2.9657E-04  2.9563E-04  3.0058E-04  3.0898E-04  2.9264E-04  3.0173E-04  2.9012E-04  2.8508E-04
       2.7691E-04  2.9093E-04  2.9170E-04  3.0037E-04  2.7923E-04  2.8853E-04  2.8245E-04  2.7701E-04  2.8842E-04  2.8773E-04
       2.9492E-04  3.0204E-04  2.8638E-04  2.8699E-04  2.8297E-04  2.7368E-04  2.9900E-04  2.9506E-04  3.0709E-04  2.8692E-04
       2.9104E-04  3.0147E-04  2.7365E-04  2.7974E-04  2.8702E-04  2.7838E-04  2.9383E-04  2.7196E-04  3.0050E-04  2.9911E-04
       2.8001E-04  3.0460E-04  2.9281E-04  2.8098E-04  2.9841E-04  2.8549E-04  2.8218E-04  2.8505E-04  2.8497E-04  2.7846E-04
       2.7762E-04  2.8811E-04  2.8096E-04  2.8295E-04  3.0030E-04  2.9196E-04  2.7894E-04  2.6081E-04  2.8432E-04  2.8543E-04
       2.8054E-04  2.9016E-04  2.8822E-04  2.8863E-04  2.9898E-04  2.7978E-04  2.7808E-04  3.1032E-04  2.8429E-04  2.5804E-04
       3.0463E-04  2.9040E-04  2.5000E-04  2.9108E-04  2.7335E-04  2.9032E-04  2.7712E-04  2.7449E-04  2.9084E-04  2.8750E-04
       2.7143E-04  2.8548E-04  2.8774E-04  2.8284E-04  2.8596E-04  2.8017E-04  2.7469E-04  2.6989E-04  2.7578E-04  2.8614E-04
       2.7315E-04  2.7218E-04  2.6732E-04  2.7272E-04  2.8700E-04  2.9027E-04  2.8381E-04  2.7299E-04  2.8544E-04  2.8256E-04
       2.5301E-04  2.7204E-04  2.9134E-04  2.7440E-04  2.6797E-04  2.7012E-04  2.8523E-04  2.8127E-04  2.6860E-04  2.7866E-04
       2.6678E-04  2.7860E-04  2.7151E-04  2.7579E-04  2.7414E-04  2.8381E-04  2.7815E-04  2.7403E-04  2.7509E-04  2.6766E-04
       2.6469E-04  2.7359E-04  2.8164E-04  2.8768E-04  2.5514E-04  2.8370E-04  2.7690E-04  2.5521E-04  2.8585E-04  2.6359E-04
       2.5719E-04  2.7151E-04  2.7449E-04  2.6264E-04  2.7172E-04  2.5614E-04  2.6954E-04  2.6964E-04  2.6399E-04  2.7232E-04
       2.7031E-04  2.6189E-04  2.7356E-04  2.5025E-04  2.4690E-04  2.7281E-04  2.4406E-04  2.6050E-04  2.4084E-04  2.5553E-04
       2.5214E-04  2.6130E-04  2.5096E-04  2.4913E-04  2.4461E-04  2.3904E-04  2.2380E-04  2.5606E-04  2.4190E-04  2.5380E-04
       2.3518E-04  2.4888E-04  2.3710E-04  2.4654E-04  2.4688E-04  2.4021E-04  2.2094E-04  2.2777E-04  2.3056E-04  2.2177E-04
       2.4999E-04  2.3097E-04  2.3675E-04  2.3779E-04  2.1383E-04  2.2484E-04  2.4164E-04  2.3421E-04  2.2656E-04  2.3821E-04
       2.2121E-04  2.2024E-04  2.1850E-04  2.3497E-04  2.3180E-04  2.3028E-04  2.1714E-04  2.2010E-04  2.1755E-04  2.2204E-04
       2.0451E-04  2.2056E-04  2.1100E-04  2.1634E-04  2.1855E-04  2.1223E-04  2.1185E-04  2.0418E-04  2.0358E-04  2.1048E-04
       2.0222E-04  1.9648E-04  2.0183E-04  2.1320E-04  2.0280E-04  2.1263E-04  2.1129E-04  1.9815E-04  1.9842E-04  1.9669E-04
       1.9202E-04  2.0060E-04  2.0135E-04  2.0670E-04  2.0730E-04  1.8939E-04  1.7201E-04  1.8807E-04  2.0248E-04  1.9285E-04
       1.9154E-04  1.8200E-04  1.8323E-04  1.8282E-04  1.8393E-04  1.8006E-04  1.8823E-04  1.7344E-04  1.7914E-04  1.8681E-04
       1.7875E-04  1.7285E-04  1.6874E-04  1.8037E-04  1.8071E-04  1.5970E-04  1.7458E-04  1.6869E-04  1.5869E-04  1.6743E-04
       1.4871E-04  1.6252E-04  1.6181E-04  1.4344E-04  1.4671E-04  1.6281E-04  1.3505E-04  1.2819E-04  1.4505E-04  1.4679E-04
       1.4242E-04  1.3508E-04  1.2487E-04  1.2205E-04  1.3162E-04  1.1881E-04  1.2309E-04  1.1042E-04  1.2465E-04  9.7439E-05
       1.0180E-04  1.0618E-04  1.0449E-04  8.6297E-05  8.1511E-05  8.5232E-05  8.6344E-05  7.8769E-05  7.8816E-05  7.4054E-05
       7.4968E-05  7.1855E-05  8.2088E-05  7.1311E-05  7.1428E-05  7.4125E-05  7.8230E-05  7.7901E-05  7.5238E-05  8.3185E-05
       8.1794E-05  8.9989E-05  9.9394E-05  1.1628E-04  1.1274E-04  1.1063E-04  1.1959E-04  1.2639E-04  1.3141E-04  1.3588E-04
       1.4671E-04  1.5109E-04  1.4872E-04  1.6196E-04  1.8759E-04  1.9409E-04  2.5453E-04  3.4587E-04  5.7839E-04  1.0330E-03
       1.7912E-03  3.2525E-03  5.7296E-03  1.0029E-02  1.7082E-02  2.8059E-02  4.4770E-02  6.9103E-02  1.0260E-01  1.4705E-01
       2.0278E-01  2.7064E-01  3.4557E-01  4.2410E-01  5.0004E-01  5.6668E-01  6.1433E-01  6.3850E-01  6.3523E-01  6.0721E-01
       5.5387E-01  4.8411E-01  4.0426E-01  3.2170E-01  2.4576E-01  1.7832E-01  1.2382E-01  8.1553E-02  5.1637E-02  3.0942E-02
       1.7634E-02  9.7563E-03  5.1081E-03  2.5073E-03  1.1954E-03  5.5073E-04  2.2666E-04  8.7863E-05  3.6610E-05  1.3688E-05
       5.4116E-06  2.2294E-06  3.1832E-07  0.0000E+00  0.0000E+00  0.0000E+00  0.0000E+00  0.0000E+00  0.0000E+00  0.0000E+00
       0.0000E+00  0.0000E+00  0.0000E+00  0.0000E+00  0.0000E+00  0.0000E+00  0.0000E+00  0.0000E+00  0.0000E+00  0.0000E+00
       0.0000E+00  0.0000E+00  0.0000E+00  0.0000E+00  0.0000E+00  0.0000E+00  0.0000E+00  0.0000E+00  0.0000E+00  0.0000E+00
       0.0000E+00  0.0000E+00  0.0000E+00  0.0000E+00  0.0000E+00  0.0000E+00  0.0000E+00  0.0000E+00  0.0000E+00  0.0000E+00
       0.0000E+00  0.0000E+00  0.0000E+00  0.0000E+00  0.0000E+00  0.0000E+00  0.0000E+00  0.0000E+00  0.0000E+00  0.0000E+00
       0.0000E+00  0.0000E+00  0.0000E+00  0.0000E+00  0.0000E+00  0.0000E+00  0.0000E+00  0.0000E+00  0.0000E+00  0.0000E+00
       0.0000E+00  0.0000E+00  0.0000E+00  0.0000E+00  0.0000E+00  0.0000E+00  0.0000E+00  0.0000E+00  0.0000E+00  0.0000E+00
       0.0000E+00  0.0000E+00  0.0000E+00  0.0000E+00  0.0000E+00  0.0000E+00  0.0000E+00  0.0000E+00  0.0000E+00  0.0000E+00
       0.0000E+00  0.0000E+00  0.0000E+00  0.0000E+00  0.0000E+00  0.0000E+00  0.0000E+00  0.0000E+00  0.0000E+00  0.0000E+00
       0.0000E+00  0.0000E+00  0.0000E+00  0.0000E+00  0.0000E+00  0.0000E+00  0.0000E+00  0.0000E+00  0.0000E+00  0.0000E+00
       0.0000E+00  0.0000E+00  0.0000E+00  0.0000E+00  0.0000E+00  0.0000E+00  0.0000E+00  0.0000E+00  0.0000E+00  0.0000E+00
       0.0000E+00  0.0000E+00  0.0000E+00  0.0000E+00  0.0000E+00  0.0000E+00  0.0000E+00  0.0000E+00  0.0000E+00  0.0000E+00
       0.0000E+00  0.0000E+00  0.0000E+00  0.0000E+00  0.0000E+00  0.0000E+00  0.0000E+00  0.0000E+00  0.0000E+00  0.0000E+00
       0.0000E+00  0.0000E+00  0.0000E+00  0.0000E+00  0.0000E+00  0.0000E+00  0.0000E+00  0.0000E+00  0.0000E+00  0.0000E+00
       0.0000E+00  0.0000E+00  0.0000E+00  0.0000E+00  0.0000E+00  0.0000E+00  0.0000E+00  0.0000E+00  0.0000E+00  0.0000E+00
       0.0000E+00  0.0000E+00  0.0000E+00  0.0000E+00  0.0000E+00  0.0000E+00  0.0000E+00  0.0000E+00  0.0000E+00  0.0000E+00
       0.0000E+00  0.0000E+00  0.0000E+00  0.0000E+00  0.0000E+00  0.0000E+00  0.0000E+00  0.0000E+00  0.0000E+00  0.0000E+00
       0.0000E+00  0.0000E+00  0.0000E+00  0.0000E+00  0.0000E+00  0.0000E+00  0.0000E+00  0.0000E+00  0.0000E+00  0.0000E+00
       0.0000E+00  0.0000E+00  0.0000E+00  0.0000E+00  0.0000E+00  0.0000E+00  0.0000E+00  0.0000E+00  0.0000E+00  0.0000E+00
       0.0000E+00  0.0000E+00  0.0000E+00  0.0000E+00  0.0000E+00  0.0000E+00  0.0000E+00  0.0000E+00  0.0000E+00  0.0000E+00
       0.0000E+00  0.0000E+00  0.0000E+00  0.0000E+00  0.0000E+00  0.0000E+00  0.0000E+00  0.0000E+00  0.0000E+00  0.0000E+00
       0.0000E+00  0.0000E+00  0.0000E+00  0.0000E+00  0.0000E+00  0.0000E+00  0.0000E+00  0.0000E+00  0.0000E+00  0.0000E+00
       0.0000E+00  0.0000E+00  0.0000E+00  0.0000E+00  0.0000E+00  0.0000E+00  0.0000E+00  0.0000E+00  0.0000E+00  0.0000E+00
       0.0000E+00  0.0000E+00  0.0000E+00  0.0000E+00  0.0000E+00  0.0000E+00  0.0000E+00  0.0000E+00  0.0000E+00  0.0000E+00
       0.0000E+00  0.0000E+00  0.0000E+00  0.0000E+00  0.0000E+00  0.0000E+00  0.0000E+00  0.0000E+00  0.0000E+00  0.0000E+00
       0.0000E+00  0.0000E+00  0.0000E+00  0.0000E+00  0.0000E+00  0.0000E+00  0.0000E+00  0.0000E+00  0.0000E+00  0.0000E+00
       0.0000E+00  0.0000E+00  0.0000E+00  0.0000E+00  0.0000E+00  0.0000E+00  0.0000E+00  0.0000E+00  0.0000E+00  0.0000E+00
       0.0000E+00  0.0000E+00  0.0000E+00  0.0000E+00  0.0000E+00  0.0000E+00  0.0000E+00  0.0000E+00  0.0000E+00  0.0000E+00
1

   Bdrx n.   6  "ofluence  " , generalized particle n.    1, from region n.     5 to region n.     4
      detector area:  1.0000E+02 cm**2
      this is a one way only estimator
      this is a fluence like estimator
      linear energy binning from   0.0000E+00 to  3.0000E+02 GeV,     1 bins ( 3.0000E+02 GeV wide)
      linear angular binning from  0.0000E+00 to  6.2832E+00 sr ,     1 bins ( 6.2832E+00 sr wide )
      Data follow in a matrix A(ie,ia), format (1(5x,1p,10(1x,e11.4)))

       5.3390E-06
