
 *****  Protons in Lexan (0.24GeV, 1.0cm)                                                 *****

           DATE: 12/17/18,  TIME:  6:27: 7

          Total number of particles followed        4000000, for a total weight of  4.0000E+06

1

   Res. nuclei n.   1  "Ian       " ,  all         products, region n.     5
      detector volume:  1.0000E+00 cm**3
      Max. Z:  10, Max. N-Z:  11 Min. N-Z: -4
      Data follow in a matrix A(z,n-z-k), k: -5 format (1(5x,1p,10(1x,e11.4)))

       0.0000E+00  0.0000E+00  0.0000E+00  0.0000E+00  0.0000E+00  0.0000E+00  0.0000E+00  0.0000E+00  0.0000E+00  0.0000E+00
       0.0000E+00  0.0000E+00  0.0000E+00  0.0000E+00  0.0000E+00  9.6000E-05  0.0000E+00  3.8500E-05  0.0000E+00  0.0000E+00
       0.0000E+00  0.0000E+00  0.0000E+00  0.0000E+00  8.0975E-04  1.5068E-03  2.7725E-04  2.3525E-03  0.0000E+00  0.0000E+00
       5.7193E+00  1.9471E-02  0.0000E+00  6.3018E-03  0.0000E+00  1.7077E-02  3.5325E-03  6.3358E-02  3.7500E-06  2.5000E-07
       4.2393E+00  2.5732E-01  1.5958E-02  0.0000E+00  9.8963E-03  5.6793E-02  3.1459E-02  7.9941E-02  9.2500E-06  1.1250E-05
       1.0514E-02  0.0000E+00  5.4195E-03  3.2198E-03  1.4736E-02  1.5792E-02  4.7570E-02  1.0497E-04  1.5000E-06  0.0000E+00
       0.0000E+00  4.1425E-04  7.1075E-04  1.7880E-03  5.3675E-04  4.2785E-03  3.3011E-04  1.1825E-04  0.0000E+00  0.0000E+00
       0.0000E+00  0.0000E+00  6.3250E-05  2.9500E-05  9.5500E-05  1.0500E-05  4.7500E-05  0.0000E+00  0.0000E+00  0.0000E+00
       0.0000E+00  2.2500E-06  0.0000E+00  2.5000E-06  0.0000E+00  7.5000E-07  2.5000E-07  0.0000E+00  0.0000E+00  0.0000E+00
       0.0000E+00  0.0000E+00  0.0000E+00  0.0000E+00  0.0000E+00  0.0000E+00  0.0000E+00  0.0000E+00  0.0000E+00  0.0000E+00
       0.0000E+00  0.0000E+00  0.0000E+00  0.0000E+00  0.0000E+00  0.0000E+00  0.0000E+00  0.0000E+00  0.0000E+00  0.0000E+00
       0.0000E+00  0.0000E+00  0.0000E+00  0.0000E+00  0.0000E+00  0.0000E+00  0.0000E+00  0.0000E+00  0.0000E+00  0.0000E+00
       0.0000E+00  0.0000E+00  0.0000E+00  0.0000E+00  0.0000E+00  0.0000E+00  0.0000E+00  0.0000E+00  0.0000E+00  0.0000E+00
       0.0000E+00  0.0000E+00  0.0000E+00  0.0000E+00  0.0000E+00  0.0000E+00  0.0000E+00  0.0000E+00  0.0000E+00  0.0000E+00
       0.0000E+00  0.0000E+00  0.0000E+00  0.0000E+00  0.0000E+00  0.0000E+00  0.0000E+00  0.0000E+00  0.0000E+00  0.0000E+00
       0.0000E+00  0.0000E+00  0.0000E+00  0.0000E+00  0.0000E+00  0.0000E+00  0.0000E+00  0.0000E+00  0.0000E+00  0.0000E+00
