
 *****  Protons in Lexan (0.23GeV, 3.0cm)                                                 *****

           DATE: 11/21/18,  TIME:  4:40:50

          Total number of particles followed       10000000, for a total weight of  1.0000E+07

1

   Res. nuclei n.   1  "Ian       " ,  all         products, region n.     5
      detector volume:  1.0000E+00 cm**3
      Max. Z:  10, Max. N-Z:  11 Min. N-Z: -4
      Data follow in a matrix A(z,n-z-k), k: -5 format (1(5x,1p,10(1x,e11.4)))

       0.0000E+00  0.0000E+00  0.0000E+00  0.0000E+00  0.0000E+00  0.0000E+00  0.0000E+00  0.0000E+00  0.0000E+00  0.0000E+00
       0.0000E+00  0.0000E+00  0.0000E+00  0.0000E+00  0.0000E+00  2.2100E-05  0.0000E+00  1.4000E-06  0.0000E+00  0.0000E+00
       0.0000E+00  0.0000E+00  0.0000E+00  0.0000E+00  1.5470E-04  3.1980E-04  3.1400E-05  8.0400E-05  0.0000E+00  0.0000E+00
       3.8812E-02  4.2687E-03  0.0000E+00  2.0514E-03  0.0000E+00  6.2165E-03  8.8800E-05  1.4993E-03  0.0000E+00  0.0000E+00
       9.3830E-03  3.4503E-02  2.8040E-03  0.0000E+00  2.2056E-03  7.6244E-03  7.2660E-04  9.0479E-04  0.0000E+00  3.0000E-07
       2.3638E-03  0.0000E+00  1.5912E-03  4.6127E-04  4.2015E-03  3.8735E-04  1.0373E-03  1.1202E-06  1.0000E-07  0.0000E+00
       0.0000E+00  9.7000E-05  1.3090E-04  3.0640E-04  4.9836E-05  1.0700E-04  3.1166E-06  1.8000E-06  0.0000E+00  0.0000E+00
       0.0000E+00  0.0000E+00  1.0900E-05  1.1000E-06  2.8000E-06  2.0000E-07  9.0000E-07  0.0000E+00  0.0000E+00  0.0000E+00
       0.0000E+00  3.0000E-07  0.0000E+00  0.0000E+00  0.0000E+00  0.0000E+00  0.0000E+00  0.0000E+00  0.0000E+00  0.0000E+00
       0.0000E+00  0.0000E+00  0.0000E+00  0.0000E+00  0.0000E+00  0.0000E+00  0.0000E+00  0.0000E+00  0.0000E+00  0.0000E+00
       0.0000E+00  0.0000E+00  0.0000E+00  0.0000E+00  0.0000E+00  0.0000E+00  0.0000E+00  0.0000E+00  0.0000E+00  0.0000E+00
       0.0000E+00  0.0000E+00  0.0000E+00  0.0000E+00  0.0000E+00  0.0000E+00  0.0000E+00  0.0000E+00  0.0000E+00  0.0000E+00
       0.0000E+00  0.0000E+00  0.0000E+00  0.0000E+00  0.0000E+00  0.0000E+00  0.0000E+00  0.0000E+00  0.0000E+00  0.0000E+00
       0.0000E+00  0.0000E+00  0.0000E+00  0.0000E+00  0.0000E+00  0.0000E+00  0.0000E+00  0.0000E+00  0.0000E+00  0.0000E+00
       0.0000E+00  0.0000E+00  0.0000E+00  0.0000E+00  0.0000E+00  0.0000E+00  0.0000E+00  0.0000E+00  0.0000E+00  0.0000E+00
       0.0000E+00  0.0000E+00  0.0000E+00  0.0000E+00  0.0000E+00  0.0000E+00  0.0000E+00  0.0000E+00  0.0000E+00  0.0000E+00
