
 *****  Protons in Lexan (0.23GeV, 3.0cm)                                                 *****

           DATE: 12/ 1/18,  TIME: 10:31:36

          Total number of particles followed       10000000, for a total weight of  1.0000E+07

1

   Bdrx n.   4  "ocurrent  " , generalized particle n.    1, from region n.     5 to region n.     4
      detector area:  1.0000E+02 cm**2
      this is a one way only estimator
      this is a current like estimator
      linear energy binning from   1.5000E-01 to  2.8000E-01 GeV,   650 bins ( 2.0000E-04 GeV wide)
      linear angular binning from  0.0000E+00 to  6.2832E+00 sr ,     1 bins ( 6.2832E+00 sr wide )
      Data follow in a matrix A(ie,ia), format (1(5x,1p,10(1x,e11.4)))

       3.0956E-04  3.1513E-04  3.4139E-04  3.2308E-04  2.7215E-04  3.4537E-04  3.2547E-04  3.0876E-04  3.4775E-04  2.9046E-04
       3.2229E-04  2.9842E-04  3.1115E-04  3.1672E-04  3.2945E-04  3.2547E-04  3.0717E-04  3.0001E-04  3.1274E-04  2.9921E-04
       3.3184E-04  3.1035E-04  3.2388E-04  2.9682E-04  3.1592E-04  2.7932E-04  3.0717E-04  3.0956E-04  2.9762E-04  3.0717E-04
       3.2945E-04  3.3423E-04  3.0876E-04  3.7322E-04  3.0399E-04  3.1433E-04  3.1592E-04  3.1990E-04  2.9125E-04  3.2468E-04
       3.1513E-04  3.0319E-04  3.1274E-04  3.2149E-04  3.2149E-04  2.9842E-04  3.2308E-04  3.2468E-04  3.1274E-04  2.9205E-04
       2.9842E-04  3.1433E-04  3.3900E-04  3.2547E-04  3.1433E-04  3.0637E-04  2.9285E-04  2.9046E-04  3.0796E-04  2.9285E-04
       3.0319E-04  3.2149E-04  3.2308E-04  3.1592E-04  3.3343E-04  3.1672E-04  2.8489E-04  3.1672E-04  3.1035E-04  3.3025E-04
       3.2308E-04  3.3900E-04  2.9444E-04  3.2229E-04  2.9603E-04  3.4059E-04  3.0876E-04  3.1990E-04  2.7932E-04  3.0160E-04
       2.9285E-04  2.9762E-04  3.2706E-04  3.2786E-04  3.2706E-04  3.2468E-04  2.8966E-04  3.3502E-04  3.3741E-04  3.3741E-04
       3.1354E-04  3.1115E-04  3.0478E-04  3.1911E-04  3.0160E-04  3.1751E-04  2.9921E-04  3.3900E-04  2.9762E-04  3.3980E-04
       3.2229E-04  3.3025E-04  3.1751E-04  3.1194E-04  3.1751E-04  3.3900E-04  3.3184E-04  3.2627E-04  3.2229E-04  2.9762E-04
       3.0956E-04  3.2468E-04  2.9523E-04  3.2945E-04  3.0239E-04  2.9603E-04  3.1672E-04  3.1751E-04  3.0956E-04  2.9205E-04
       3.4298E-04  2.9046E-04  2.9205E-04  2.9523E-04  2.9921E-04  2.9921E-04  3.1513E-04  3.2070E-04  3.1115E-04  3.1513E-04
       2.9125E-04  3.0717E-04  3.0717E-04  2.9921E-04  2.9603E-04  2.8727E-04  3.1035E-04  3.1513E-04  3.1592E-04  2.8648E-04
       2.8409E-04  2.8330E-04  3.1433E-04  3.0796E-04  3.1751E-04  2.9444E-04  3.1035E-04  2.9921E-04  2.9125E-04  3.0001E-04
       2.9364E-04  2.9046E-04  3.1035E-04  2.7932E-04  2.8250E-04  2.7773E-04  2.8966E-04  3.0558E-04  3.0319E-04  2.9921E-04
       2.9285E-04  2.9523E-04  2.9842E-04  3.0717E-04  2.9046E-04  2.8727E-04  2.7295E-04  2.8170E-04  2.9603E-04  2.6818E-04
       2.8489E-04  3.1354E-04  2.6738E-04  2.6738E-04  2.7932E-04  2.9125E-04  3.0319E-04  2.7454E-04  2.8568E-04  2.6738E-04
       2.8887E-04  2.5863E-04  2.7534E-04  2.5942E-04  2.6579E-04  2.8011E-04  2.3237E-04  2.6420E-04  2.5863E-04  2.6977E-04
       2.5942E-04  2.8966E-04  2.5067E-04  2.6101E-04  2.7932E-04  2.7375E-04  2.7932E-04  2.5385E-04  2.7056E-04  2.5306E-04
       2.4192E-04  2.6261E-04  2.7375E-04  2.6181E-04  2.6022E-04  2.5306E-04  2.3794E-04  2.7613E-04  2.5226E-04  2.2202E-04
       2.4828E-04  2.4192E-04  2.3316E-04  2.2998E-04  2.3316E-04  2.5067E-04  2.3953E-04  2.5306E-04  2.1645E-04  2.3714E-04
       2.2839E-04  2.4032E-04  2.2918E-04  2.1645E-04  2.2918E-04  2.2998E-04  2.1565E-04  2.3157E-04  2.2759E-04  2.1884E-04
       1.9576E-04  2.2998E-04  2.2839E-04  2.2123E-04  2.2759E-04  1.9815E-04  2.0451E-04  1.8939E-04  2.0372E-04  2.2441E-04
       2.1565E-04  1.9337E-04  2.2361E-04  2.2600E-04  2.2123E-04  1.9099E-04  1.9894E-04  1.8144E-04  1.7985E-04  1.9258E-04
       1.7746E-04  1.9815E-04  1.9099E-04  1.9894E-04  1.9735E-04  1.7666E-04  1.7268E-04  1.8621E-04  1.8701E-04  1.8939E-04
       1.5836E-04  1.6154E-04  1.4722E-04  1.3130E-04  1.5438E-04  1.5756E-04  1.4006E-04  1.2892E-04  1.4085E-04  1.4722E-04
       1.5040E-04  1.1857E-04  1.0345E-04  1.1300E-04  1.1698E-04  8.7535E-05  1.0345E-04  8.9923E-05  9.9472E-05  9.5493E-05
       8.3556E-05  1.0663E-04  1.0425E-04  8.5148E-05  9.8676E-05  9.9472E-05  1.0823E-04  1.1459E-04  9.1514E-05  9.8676E-05
       1.1300E-04  1.1141E-04  1.0425E-04  1.2175E-04  1.2573E-04  1.4404E-04  1.4324E-04  1.5915E-04  1.4642E-04  1.7268E-04
       1.9337E-04  1.8223E-04  2.2520E-04  3.0160E-04  3.7799E-04  6.3980E-04  9.4458E-04  1.4316E-03  2.2648E-03  3.8428E-03
       6.1537E-03  9.5692E-03  1.5076E-02  2.3005E-02  3.3987E-02  4.9532E-02  7.0734E-02  9.7077E-02  1.3048E-01  1.7059E-01
       2.1755E-01  2.6936E-01  3.2446E-01  3.8052E-01  4.3165E-01  4.7699E-01  5.1156E-01  5.2979E-01  5.3564E-01  5.2329E-01
       4.9500E-01  4.5401E-01  4.0298E-01  3.4702E-01  2.8944E-01  2.3187E-01  1.8084E-01  1.3626E-01  9.8641E-02  6.9300E-02
       4.6928E-02  3.0773E-02  1.9570E-02  1.2109E-02  7.2543E-03  3.9661E-03  2.2083E-03  1.1785E-03  6.0081E-04  3.3184E-04
       1.3767E-04  6.5254E-05  2.8648E-05  1.7507E-05  2.3873E-06  1.5915E-06  1.5915E-06  0.0000E+00  0.0000E+00  0.0000E+00
       0.0000E+00  0.0000E+00  0.0000E+00  0.0000E+00  0.0000E+00  0.0000E+00  0.0000E+00  0.0000E+00  0.0000E+00  0.0000E+00
       0.0000E+00  0.0000E+00  0.0000E+00  0.0000E+00  0.0000E+00  0.0000E+00  0.0000E+00  0.0000E+00  0.0000E+00  0.0000E+00
       0.0000E+00  0.0000E+00  0.0000E+00  0.0000E+00  0.0000E+00  0.0000E+00  0.0000E+00  0.0000E+00  0.0000E+00  0.0000E+00
       0.0000E+00  0.0000E+00  0.0000E+00  0.0000E+00  0.0000E+00  0.0000E+00  0.0000E+00  0.0000E+00  0.0000E+00  0.0000E+00
       0.0000E+00  0.0000E+00  0.0000E+00  0.0000E+00  0.0000E+00  0.0000E+00  0.0000E+00  0.0000E+00  0.0000E+00  0.0000E+00
       0.0000E+00  0.0000E+00  0.0000E+00  0.0000E+00  0.0000E+00  0.0000E+00  0.0000E+00  0.0000E+00  0.0000E+00  0.0000E+00
       0.0000E+00  0.0000E+00  0.0000E+00  0.0000E+00  0.0000E+00  0.0000E+00  0.0000E+00  0.0000E+00  0.0000E+00  0.0000E+00
       0.0000E+00  0.0000E+00  0.0000E+00  0.0000E+00  0.0000E+00  0.0000E+00  0.0000E+00  0.0000E+00  0.0000E+00  0.0000E+00
       0.0000E+00  0.0000E+00  0.0000E+00  0.0000E+00  0.0000E+00  0.0000E+00  0.0000E+00  0.0000E+00  0.0000E+00  0.0000E+00
       0.0000E+00  0.0000E+00  0.0000E+00  0.0000E+00  0.0000E+00  0.0000E+00  0.0000E+00  0.0000E+00  0.0000E+00  0.0000E+00
       0.0000E+00  0.0000E+00  0.0000E+00  0.0000E+00  0.0000E+00  0.0000E+00  0.0000E+00  0.0000E+00  0.0000E+00  0.0000E+00
       0.0000E+00  0.0000E+00  0.0000E+00  0.0000E+00  0.0000E+00  0.0000E+00  0.0000E+00  0.0000E+00  0.0000E+00  0.0000E+00
       0.0000E+00  0.0000E+00  0.0000E+00  0.0000E+00  0.0000E+00  0.0000E+00  0.0000E+00  0.0000E+00  0.0000E+00  0.0000E+00
       0.0000E+00  0.0000E+00  0.0000E+00  0.0000E+00  0.0000E+00  0.0000E+00  0.0000E+00  0.0000E+00  0.0000E+00  0.0000E+00
       0.0000E+00  0.0000E+00  0.0000E+00  0.0000E+00  0.0000E+00  0.0000E+00  0.0000E+00  0.0000E+00  0.0000E+00  0.0000E+00
       0.0000E+00  0.0000E+00  0.0000E+00  0.0000E+00  0.0000E+00  0.0000E+00  0.0000E+00  0.0000E+00  0.0000E+00  0.0000E+00
       0.0000E+00  0.0000E+00  0.0000E+00  0.0000E+00  0.0000E+00  0.0000E+00  0.0000E+00  0.0000E+00  0.0000E+00  0.0000E+00
       0.0000E+00  0.0000E+00  0.0000E+00  0.0000E+00  0.0000E+00  0.0000E+00  0.0000E+00  0.0000E+00  0.0000E+00  0.0000E+00
       0.0000E+00  0.0000E+00  0.0000E+00  0.0000E+00  0.0000E+00  0.0000E+00  0.0000E+00  0.0000E+00  0.0000E+00  0.0000E+00
       0.0000E+00  0.0000E+00  0.0000E+00  0.0000E+00  0.0000E+00  0.0000E+00  0.0000E+00  0.0000E+00  0.0000E+00  0.0000E+00
       0.0000E+00  0.0000E+00  0.0000E+00  0.0000E+00  0.0000E+00  0.0000E+00  0.0000E+00  0.0000E+00  0.0000E+00  0.0000E+00
       0.0000E+00  0.0000E+00  0.0000E+00  0.0000E+00  0.0000E+00  0.0000E+00  0.0000E+00  0.0000E+00  0.0000E+00  0.0000E+00
       0.0000E+00  0.0000E+00  0.0000E+00  0.0000E+00  0.0000E+00  0.0000E+00  0.0000E+00  0.0000E+00  0.0000E+00  0.0000E+00
       0.0000E+00  0.0000E+00  0.0000E+00  0.0000E+00  0.0000E+00  0.0000E+00  0.0000E+00  0.0000E+00  0.0000E+00  0.0000E+00
       0.0000E+00  0.0000E+00  0.0000E+00  0.0000E+00  0.0000E+00  0.0000E+00  0.0000E+00  0.0000E+00  0.0000E+00  0.0000E+00
       0.0000E+00  0.0000E+00  0.0000E+00  0.0000E+00  0.0000E+00  0.0000E+00  0.0000E+00  0.0000E+00  0.0000E+00  0.0000E+00
       0.0000E+00  0.0000E+00  0.0000E+00  0.0000E+00  0.0000E+00  0.0000E+00  0.0000E+00  0.0000E+00  0.0000E+00  0.0000E+00
       0.0000E+00  0.0000E+00  0.0000E+00  0.0000E+00  0.0000E+00  0.0000E+00  0.0000E+00  0.0000E+00  0.0000E+00  0.0000E+00
       0.0000E+00  0.0000E+00  0.0000E+00  0.0000E+00  0.0000E+00  0.0000E+00  0.0000E+00  0.0000E+00  0.0000E+00  0.0000E+00
