
 *****  Protons in Lexan (0.13GeV, 3cm)                                                   *****

           DATE: 12/18/18,  TIME: 13:22:33

          Total number of particles followed       10000000, for a total weight of  1.0000E+07

1

   Bdrx n.   2  "ofluence  " , generalized particle n.    1, from region n.     5 to region n.     4
      detector area:  1.0000E+02 cm**2
      this is a one way only estimator
      this is a fluence like estimator
      linear energy binning from   5.0000E-02 to  1.8000E-01 GeV,   650 bins ( 2.0000E-04 GeV wide)
      linear angular binning from  0.0000E+00 to  6.2832E+00 sr ,     1 bins ( 6.2832E+00 sr wide )
      Data follow in a matrix A(ie,ia), format (1(5x,1p,10(1x,e11.4)))

       8.2760E-04  8.3722E-04  8.5195E-04  8.8661E-04  7.9769E-04  8.5752E-04  8.1171E-04  8.9494E-04  7.9434E-04  8.1357E-04
       8.2668E-04  8.1210E-04  8.4410E-04  8.4926E-04  8.3274E-04  8.0036E-04  8.2254E-04  8.9741E-04  7.8734E-04  8.9818E-04
       8.6251E-04  8.3963E-04  8.1163E-04  8.5247E-04  8.5278E-04  8.6265E-04  8.3423E-04  8.6584E-04  8.4320E-04  8.4248E-04
       7.9699E-04  8.1173E-04  8.8223E-04  7.9821E-04  8.4711E-04  8.5140E-04  8.1201E-04  8.1511E-04  8.3214E-04  8.2953E-04
       8.0706E-04  8.2077E-04  7.9375E-04  7.9107E-04  7.7620E-04  8.5201E-04  7.9766E-04  7.8928E-04  8.6695E-04  7.7085E-04
       7.8719E-04  7.5066E-04  8.4023E-04  7.6436E-04  8.1579E-04  7.9342E-04  7.8417E-04  7.5566E-04  8.4228E-04  7.7155E-04
       8.1961E-04  7.6498E-04  7.7797E-04  7.6266E-04  7.5391E-04  7.7949E-04  7.2910E-04  7.9234E-04  7.6568E-04  7.5347E-04
       8.2139E-04  8.0508E-04  7.6015E-04  7.8106E-04  7.9580E-04  7.5643E-04  7.4738E-04  7.7450E-04  7.7220E-04  7.4388E-04
       7.7941E-04  7.3665E-04  7.2978E-04  7.4380E-04  7.6003E-04  7.5338E-04  7.3609E-04  7.3794E-04  7.1945E-04  7.2033E-04
       7.7799E-04  7.1394E-04  7.2852E-04  7.1084E-04  6.9141E-04  6.6724E-04  6.8286E-04  7.3877E-04  7.4551E-04  7.2698E-04
       7.1513E-04  7.1866E-04  6.5247E-04  6.9770E-04  7.0524E-04  6.5821E-04  7.2401E-04  7.1844E-04  6.5482E-04  6.8185E-04
       6.6268E-04  6.7183E-04  6.4886E-04  6.4719E-04  6.1844E-04  6.5675E-04  6.4541E-04  6.3160E-04  6.0699E-04  6.2914E-04
       6.6709E-04  6.4902E-04  6.8826E-04  5.7894E-04  6.0944E-04  5.6196E-04  5.7071E-04  5.6058E-04  6.0887E-04  5.7300E-04
       5.3920E-04  5.4376E-04  5.2775E-04  5.0636E-04  5.6415E-04  5.1073E-04  5.0897E-04  5.0564E-04  5.1057E-04  4.7383E-04
       4.9092E-04  4.4998E-04  4.2552E-04  4.5244E-04  4.3131E-04  4.1476E-04  4.3184E-04  4.3625E-04  3.7742E-04  4.3371E-04
       4.0773E-04  3.6895E-04  4.0041E-04  3.9517E-04  3.8845E-04  3.8473E-04  3.6911E-04  3.9831E-04  3.8418E-04  4.1890E-04
       3.9165E-04  4.5026E-04  4.8586E-04  4.6848E-04  4.7857E-04  4.6942E-04  5.1743E-04  5.3493E-04  6.2863E-04  6.3930E-04
       6.6475E-04  7.2401E-04  7.9649E-04  8.6969E-04  9.2442E-04  9.6600E-04  1.0279E-03  1.0969E-03  1.2412E-03  1.3248E-03
       1.5026E-03  1.6826E-03  1.8336E-03  2.0944E-03  2.6788E-03  3.2413E-03  4.0647E-03  5.3252E-03  7.4650E-03  1.0495E-02
       1.4813E-02  2.1300E-02  3.0636E-02  4.3464E-02  6.0801E-02  8.3725E-02  1.1282E-01  1.4926E-01  1.9182E-01  2.4294E-01
       2.9496E-01  3.5167E-01  4.0572E-01  4.5477E-01  4.9385E-01  5.1976E-01  5.3039E-01  5.2217E-01  4.9884E-01  4.6126E-01
       4.1125E-01  3.5244E-01  2.9246E-01  2.3472E-01  1.8020E-01  1.3393E-01  9.5814E-02  6.5309E-02  4.3112E-02  2.7451E-02
       1.6643E-02  9.7326E-03  5.3959E-03  2.8945E-03  1.5066E-03  7.6840E-04  3.4562E-04  1.2978E-04  7.0869E-05  2.8660E-05
       8.7555E-06  7.1668E-06  1.5920E-06  7.9580E-07  0.0000E+00  0.0000E+00  0.0000E+00  0.0000E+00  0.0000E+00  0.0000E+00
       0.0000E+00  0.0000E+00  0.0000E+00  0.0000E+00  0.0000E+00  9.4877E-07  0.0000E+00  0.0000E+00  0.0000E+00  0.0000E+00
       0.0000E+00  0.0000E+00  0.0000E+00  0.0000E+00  0.0000E+00  0.0000E+00  0.0000E+00  0.0000E+00  0.0000E+00  0.0000E+00
       0.0000E+00  0.0000E+00  0.0000E+00  0.0000E+00  0.0000E+00  0.0000E+00  0.0000E+00  0.0000E+00  0.0000E+00  0.0000E+00
       0.0000E+00  0.0000E+00  0.0000E+00  0.0000E+00  0.0000E+00  0.0000E+00  0.0000E+00  0.0000E+00  0.0000E+00  0.0000E+00
       0.0000E+00  0.0000E+00  0.0000E+00  0.0000E+00  0.0000E+00  0.0000E+00  0.0000E+00  0.0000E+00  0.0000E+00  0.0000E+00
       0.0000E+00  0.0000E+00  0.0000E+00  0.0000E+00  0.0000E+00  0.0000E+00  0.0000E+00  0.0000E+00  0.0000E+00  0.0000E+00
       0.0000E+00  0.0000E+00  0.0000E+00  0.0000E+00  0.0000E+00  0.0000E+00  0.0000E+00  0.0000E+00  0.0000E+00  0.0000E+00
       0.0000E+00  0.0000E+00  0.0000E+00  0.0000E+00  0.0000E+00  0.0000E+00  0.0000E+00  0.0000E+00  0.0000E+00  0.0000E+00
       0.0000E+00  0.0000E+00  0.0000E+00  0.0000E+00  0.0000E+00  0.0000E+00  0.0000E+00  0.0000E+00  0.0000E+00  0.0000E+00
       0.0000E+00  0.0000E+00  0.0000E+00  0.0000E+00  0.0000E+00  0.0000E+00  0.0000E+00  0.0000E+00  0.0000E+00  0.0000E+00
       0.0000E+00  0.0000E+00  0.0000E+00  0.0000E+00  0.0000E+00  0.0000E+00  0.0000E+00  0.0000E+00  0.0000E+00  0.0000E+00
       0.0000E+00  0.0000E+00  0.0000E+00  0.0000E+00  0.0000E+00  0.0000E+00  0.0000E+00  0.0000E+00  0.0000E+00  0.0000E+00
       0.0000E+00  0.0000E+00  0.0000E+00  0.0000E+00  0.0000E+00  0.0000E+00  0.0000E+00  0.0000E+00  0.0000E+00  0.0000E+00
       0.0000E+00  0.0000E+00  0.0000E+00  0.0000E+00  0.0000E+00  0.0000E+00  0.0000E+00  0.0000E+00  0.0000E+00  0.0000E+00
       0.0000E+00  0.0000E+00  0.0000E+00  0.0000E+00  0.0000E+00  0.0000E+00  0.0000E+00  0.0000E+00  0.0000E+00  0.0000E+00
       0.0000E+00  0.0000E+00  0.0000E+00  0.0000E+00  0.0000E+00  0.0000E+00  0.0000E+00  0.0000E+00  0.0000E+00  0.0000E+00
       0.0000E+00  0.0000E+00  0.0000E+00  0.0000E+00  0.0000E+00  0.0000E+00  0.0000E+00  0.0000E+00  0.0000E+00  0.0000E+00
       0.0000E+00  0.0000E+00  0.0000E+00  0.0000E+00  0.0000E+00  0.0000E+00  0.0000E+00  0.0000E+00  0.0000E+00  0.0000E+00
       0.0000E+00  0.0000E+00  0.0000E+00  0.0000E+00  0.0000E+00  0.0000E+00  0.0000E+00  0.0000E+00  0.0000E+00  0.0000E+00
       0.0000E+00  0.0000E+00  0.0000E+00  0.0000E+00  0.0000E+00  0.0000E+00  0.0000E+00  0.0000E+00  0.0000E+00  0.0000E+00
       0.0000E+00  0.0000E+00  0.0000E+00  0.0000E+00  0.0000E+00  0.0000E+00  0.0000E+00  0.0000E+00  0.0000E+00  0.0000E+00
       0.0000E+00  0.0000E+00  0.0000E+00  0.0000E+00  0.0000E+00  0.0000E+00  0.0000E+00  0.0000E+00  0.0000E+00  0.0000E+00
       0.0000E+00  0.0000E+00  0.0000E+00  0.0000E+00  0.0000E+00  0.0000E+00  0.0000E+00  0.0000E+00  0.0000E+00  0.0000E+00
       0.0000E+00  0.0000E+00  0.0000E+00  0.0000E+00  0.0000E+00  0.0000E+00  0.0000E+00  0.0000E+00  0.0000E+00  0.0000E+00
       0.0000E+00  0.0000E+00  0.0000E+00  0.0000E+00  0.0000E+00  0.0000E+00  0.0000E+00  0.0000E+00  0.0000E+00  0.0000E+00
       0.0000E+00  0.0000E+00  0.0000E+00  0.0000E+00  0.0000E+00  0.0000E+00  0.0000E+00  0.0000E+00  0.0000E+00  0.0000E+00
       0.0000E+00  0.0000E+00  0.0000E+00  0.0000E+00  0.0000E+00  0.0000E+00  0.0000E+00  0.0000E+00  0.0000E+00  0.0000E+00
       0.0000E+00  0.0000E+00  0.0000E+00  0.0000E+00  0.0000E+00  0.0000E+00  0.0000E+00  0.0000E+00  0.0000E+00  0.0000E+00
       0.0000E+00  0.0000E+00  0.0000E+00  0.0000E+00  0.0000E+00  0.0000E+00  0.0000E+00  0.0000E+00  0.0000E+00  0.0000E+00
       0.0000E+00  0.0000E+00  0.0000E+00  0.0000E+00  0.0000E+00  0.0000E+00  0.0000E+00  0.0000E+00  0.0000E+00  0.0000E+00
       0.0000E+00  0.0000E+00  0.0000E+00  0.0000E+00  0.0000E+00  0.0000E+00  0.0000E+00  0.0000E+00  0.0000E+00  0.0000E+00
       0.0000E+00  0.0000E+00  0.0000E+00  0.0000E+00  0.0000E+00  0.0000E+00  0.0000E+00  0.0000E+00  0.0000E+00  0.0000E+00
       0.0000E+00  0.0000E+00  0.0000E+00  0.0000E+00  0.0000E+00  0.0000E+00  0.0000E+00  0.0000E+00  0.0000E+00  0.0000E+00
       0.0000E+00  0.0000E+00  0.0000E+00  0.0000E+00  0.0000E+00  0.0000E+00  0.0000E+00  0.0000E+00  0.0000E+00  0.0000E+00
       0.0000E+00  0.0000E+00  0.0000E+00  0.0000E+00  0.0000E+00  0.0000E+00  0.0000E+00  0.0000E+00  0.0000E+00  0.0000E+00
       0.0000E+00  0.0000E+00  0.0000E+00  0.0000E+00  0.0000E+00  0.0000E+00  0.0000E+00  0.0000E+00  0.0000E+00  0.0000E+00
       0.0000E+00  0.0000E+00  0.0000E+00  0.0000E+00  0.0000E+00  0.0000E+00  0.0000E+00  0.0000E+00  0.0000E+00  0.0000E+00
       0.0000E+00  0.0000E+00  0.0000E+00  0.0000E+00  0.0000E+00  0.0000E+00  0.0000E+00  0.0000E+00  0.0000E+00  0.0000E+00
       0.0000E+00  0.0000E+00  0.0000E+00  0.0000E+00  0.0000E+00  0.0000E+00  0.0000E+00  0.0000E+00  0.0000E+00  0.0000E+00
       0.0000E+00  0.0000E+00  0.0000E+00  0.0000E+00  0.0000E+00  0.0000E+00  0.0000E+00  0.0000E+00  0.0000E+00  0.0000E+00
       0.0000E+00  0.0000E+00  0.0000E+00  0.0000E+00  0.0000E+00  0.0000E+00  0.0000E+00  0.0000E+00  0.0000E+00  0.0000E+00
1

   Bdrx n.   6  "ofluence  " , generalized particle n.    1, from region n.     5 to region n.     4
      detector area:  1.0000E+02 cm**2
      this is a one way only estimator
      this is a fluence like estimator
      linear energy binning from   0.0000E+00 to  3.0000E+02 GeV,     1 bins ( 3.0000E+02 GeV wide)
      linear angular binning from  0.0000E+00 to  6.2832E+00 sr ,     1 bins ( 6.2832E+00 sr wide )
      Data follow in a matrix A(ie,ia), format (1(5x,1p,10(1x,e11.4)))

       5.1164E-06
