
 *****  Protons in Lexan (0.13GeV, 3cm)                                                   *****

           DATE: 12/18/18,  TIME: 13:22:33

          Total number of particles followed       10000000, for a total weight of  1.0000E+07

1

   Bdrx n.   4  "ocurrent  " , generalized particle n.    1, from region n.     5 to region n.     4
      detector area:  1.0000E+02 cm**2
      this is a one way only estimator
      this is a current like estimator
      linear energy binning from   5.0000E-02 to  1.8000E-01 GeV,   650 bins ( 2.0000E-04 GeV wide)
      linear angular binning from  0.0000E+00 to  6.2832E+00 sr ,     1 bins ( 6.2832E+00 sr wide )
      Data follow in a matrix A(ie,ia), format (1(5x,1p,10(1x,e11.4)))

       6.9551E-04  7.0267E-04  6.9471E-04  7.3450E-04  6.7323E-04  7.2495E-04  6.8437E-04  7.4644E-04  6.6368E-04  6.8994E-04
       6.9630E-04  6.9232E-04  7.1699E-04  7.2495E-04  7.0744E-04  6.8118E-04  7.0108E-04  7.4882E-04  6.7243E-04  7.6951E-04
       7.2973E-04  7.1858E-04  6.9949E-04  7.3291E-04  7.3450E-04  7.4087E-04  7.1301E-04  7.3609E-04  7.3132E-04  7.2734E-04
       6.8277E-04  6.8437E-04  7.5201E-04  6.8516E-04  7.3211E-04  7.3370E-04  6.9949E-04  7.0585E-04  7.2018E-04  7.2177E-04
       6.9949E-04  7.1540E-04  6.8755E-04  6.8675E-04  6.7800E-04  7.1540E-04  6.9153E-04  6.8994E-04  7.5042E-04  6.7561E-04
       6.8755E-04  6.5572E-04  7.2973E-04  6.6368E-04  7.0585E-04  6.9471E-04  6.8357E-04  6.6049E-04  7.3768E-04  6.7402E-04
       7.1938E-04  6.7084E-04  6.7084E-04  6.6765E-04  6.7163E-04  6.8914E-04  6.3980E-04  6.9949E-04  6.7800E-04  6.6129E-04
       7.1381E-04  6.9073E-04  6.7323E-04  6.8914E-04  6.9471E-04  6.7482E-04  6.6129E-04  6.9471E-04  6.7880E-04  6.5811E-04
       6.8914E-04  6.5731E-04  6.4458E-04  6.4856E-04  6.7084E-04  6.7163E-04  6.5970E-04  6.5492E-04  6.4458E-04  6.3821E-04
       6.9630E-04  6.3742E-04  6.5174E-04  6.3264E-04  6.1832E-04  5.9763E-04  6.1911E-04  6.6368E-04  6.7004E-04  6.4776E-04
       6.4060E-04  6.3742E-04  5.8251E-04  6.2627E-04  6.3423E-04  5.9763E-04  6.5254E-04  6.4696E-04  5.9365E-04  6.1354E-04
       5.9683E-04  6.0718E-04  5.8251E-04  5.9046E-04  5.5704E-04  5.9126E-04  5.7694E-04  5.7455E-04  5.5306E-04  5.6659E-04
       6.0877E-04  5.9365E-04  6.2548E-04  5.2601E-04  5.5147E-04  5.1089E-04  5.1248E-04  5.0691E-04  5.5545E-04  5.1725E-04
       4.9338E-04  4.8781E-04  4.7269E-04  4.6075E-04  5.0850E-04  4.5916E-04  4.6235E-04  4.5041E-04  4.6473E-04  4.2176E-04
       4.4404E-04  4.0266E-04  3.8197E-04  4.0027E-04  3.8675E-04  3.6606E-04  3.8675E-04  3.8834E-04  3.3423E-04  3.7958E-04
       3.5651E-04  3.2786E-04  3.4935E-04  3.4377E-04  3.4139E-04  3.3820E-04  3.1751E-04  3.4935E-04  3.4059E-04  3.6446E-04
       3.3980E-04  3.9073E-04  4.2415E-04  4.1301E-04  4.2176E-04  4.1937E-04  4.6314E-04  4.8144E-04  5.6261E-04  5.6898E-04
       6.0558E-04  6.5572E-04  7.2415E-04  7.9020E-04  8.3795E-04  8.8172E-04  9.3901E-04  1.0059E-03  1.1403E-03  1.2207E-03
       1.3823E-03  1.5557E-03  1.6934E-03  1.9568E-03  2.5210E-03  3.0717E-03  3.8778E-03  5.1272E-03  7.2392E-03  1.0245E-02
       1.4528E-02  2.0986E-02  3.0287E-02  4.3074E-02  6.0363E-02  8.3246E-02  1.1229E-01  1.4869E-01  1.9120E-01  2.4228E-01
       2.9426E-01  3.5095E-01  4.0498E-01  4.5403E-01  4.9311E-01  5.1906E-01  5.2972E-01  5.2156E-01  4.9829E-01  4.6078E-01
       4.1084E-01  3.5211E-01  2.9220E-01  2.3451E-01  1.8005E-01  1.3382E-01  9.5739E-02  6.5259E-02  4.3080E-02  2.7431E-02
       1.6631E-02  9.7260E-03  5.3922E-03  2.8926E-03  1.5056E-03  7.6792E-04  3.4537E-04  1.2971E-04  7.0824E-05  2.8648E-05
       8.7535E-06  7.1620E-06  1.5915E-06  7.9577E-07  0.0000E+00  0.0000E+00  0.0000E+00  0.0000E+00  0.0000E+00  0.0000E+00
       0.0000E+00  0.0000E+00  0.0000E+00  0.0000E+00  0.0000E+00  7.9577E-07  0.0000E+00  0.0000E+00  0.0000E+00  0.0000E+00
       0.0000E+00  0.0000E+00  0.0000E+00  0.0000E+00  0.0000E+00  0.0000E+00  0.0000E+00  0.0000E+00  0.0000E+00  0.0000E+00
       0.0000E+00  0.0000E+00  0.0000E+00  0.0000E+00  0.0000E+00  0.0000E+00  0.0000E+00  0.0000E+00  0.0000E+00  0.0000E+00
       0.0000E+00  0.0000E+00  0.0000E+00  0.0000E+00  0.0000E+00  0.0000E+00  0.0000E+00  0.0000E+00  0.0000E+00  0.0000E+00
       0.0000E+00  0.0000E+00  0.0000E+00  0.0000E+00  0.0000E+00  0.0000E+00  0.0000E+00  0.0000E+00  0.0000E+00  0.0000E+00
       0.0000E+00  0.0000E+00  0.0000E+00  0.0000E+00  0.0000E+00  0.0000E+00  0.0000E+00  0.0000E+00  0.0000E+00  0.0000E+00
       0.0000E+00  0.0000E+00  0.0000E+00  0.0000E+00  0.0000E+00  0.0000E+00  0.0000E+00  0.0000E+00  0.0000E+00  0.0000E+00
       0.0000E+00  0.0000E+00  0.0000E+00  0.0000E+00  0.0000E+00  0.0000E+00  0.0000E+00  0.0000E+00  0.0000E+00  0.0000E+00
       0.0000E+00  0.0000E+00  0.0000E+00  0.0000E+00  0.0000E+00  0.0000E+00  0.0000E+00  0.0000E+00  0.0000E+00  0.0000E+00
       0.0000E+00  0.0000E+00  0.0000E+00  0.0000E+00  0.0000E+00  0.0000E+00  0.0000E+00  0.0000E+00  0.0000E+00  0.0000E+00
       0.0000E+00  0.0000E+00  0.0000E+00  0.0000E+00  0.0000E+00  0.0000E+00  0.0000E+00  0.0000E+00  0.0000E+00  0.0000E+00
       0.0000E+00  0.0000E+00  0.0000E+00  0.0000E+00  0.0000E+00  0.0000E+00  0.0000E+00  0.0000E+00  0.0000E+00  0.0000E+00
       0.0000E+00  0.0000E+00  0.0000E+00  0.0000E+00  0.0000E+00  0.0000E+00  0.0000E+00  0.0000E+00  0.0000E+00  0.0000E+00
       0.0000E+00  0.0000E+00  0.0000E+00  0.0000E+00  0.0000E+00  0.0000E+00  0.0000E+00  0.0000E+00  0.0000E+00  0.0000E+00
       0.0000E+00  0.0000E+00  0.0000E+00  0.0000E+00  0.0000E+00  0.0000E+00  0.0000E+00  0.0000E+00  0.0000E+00  0.0000E+00
       0.0000E+00  0.0000E+00  0.0000E+00  0.0000E+00  0.0000E+00  0.0000E+00  0.0000E+00  0.0000E+00  0.0000E+00  0.0000E+00
       0.0000E+00  0.0000E+00  0.0000E+00  0.0000E+00  0.0000E+00  0.0000E+00  0.0000E+00  0.0000E+00  0.0000E+00  0.0000E+00
       0.0000E+00  0.0000E+00  0.0000E+00  0.0000E+00  0.0000E+00  0.0000E+00  0.0000E+00  0.0000E+00  0.0000E+00  0.0000E+00
       0.0000E+00  0.0000E+00  0.0000E+00  0.0000E+00  0.0000E+00  0.0000E+00  0.0000E+00  0.0000E+00  0.0000E+00  0.0000E+00
       0.0000E+00  0.0000E+00  0.0000E+00  0.0000E+00  0.0000E+00  0.0000E+00  0.0000E+00  0.0000E+00  0.0000E+00  0.0000E+00
       0.0000E+00  0.0000E+00  0.0000E+00  0.0000E+00  0.0000E+00  0.0000E+00  0.0000E+00  0.0000E+00  0.0000E+00  0.0000E+00
       0.0000E+00  0.0000E+00  0.0000E+00  0.0000E+00  0.0000E+00  0.0000E+00  0.0000E+00  0.0000E+00  0.0000E+00  0.0000E+00
       0.0000E+00  0.0000E+00  0.0000E+00  0.0000E+00  0.0000E+00  0.0000E+00  0.0000E+00  0.0000E+00  0.0000E+00  0.0000E+00
       0.0000E+00  0.0000E+00  0.0000E+00  0.0000E+00  0.0000E+00  0.0000E+00  0.0000E+00  0.0000E+00  0.0000E+00  0.0000E+00
       0.0000E+00  0.0000E+00  0.0000E+00  0.0000E+00  0.0000E+00  0.0000E+00  0.0000E+00  0.0000E+00  0.0000E+00  0.0000E+00
       0.0000E+00  0.0000E+00  0.0000E+00  0.0000E+00  0.0000E+00  0.0000E+00  0.0000E+00  0.0000E+00  0.0000E+00  0.0000E+00
       0.0000E+00  0.0000E+00  0.0000E+00  0.0000E+00  0.0000E+00  0.0000E+00  0.0000E+00  0.0000E+00  0.0000E+00  0.0000E+00
       0.0000E+00  0.0000E+00  0.0000E+00  0.0000E+00  0.0000E+00  0.0000E+00  0.0000E+00  0.0000E+00  0.0000E+00  0.0000E+00
       0.0000E+00  0.0000E+00  0.0000E+00  0.0000E+00  0.0000E+00  0.0000E+00  0.0000E+00  0.0000E+00  0.0000E+00  0.0000E+00
       0.0000E+00  0.0000E+00  0.0000E+00  0.0000E+00  0.0000E+00  0.0000E+00  0.0000E+00  0.0000E+00  0.0000E+00  0.0000E+00
       0.0000E+00  0.0000E+00  0.0000E+00  0.0000E+00  0.0000E+00  0.0000E+00  0.0000E+00  0.0000E+00  0.0000E+00  0.0000E+00
       0.0000E+00  0.0000E+00  0.0000E+00  0.0000E+00  0.0000E+00  0.0000E+00  0.0000E+00  0.0000E+00  0.0000E+00  0.0000E+00
       0.0000E+00  0.0000E+00  0.0000E+00  0.0000E+00  0.0000E+00  0.0000E+00  0.0000E+00  0.0000E+00  0.0000E+00  0.0000E+00
       0.0000E+00  0.0000E+00  0.0000E+00  0.0000E+00  0.0000E+00  0.0000E+00  0.0000E+00  0.0000E+00  0.0000E+00  0.0000E+00
       0.0000E+00  0.0000E+00  0.0000E+00  0.0000E+00  0.0000E+00  0.0000E+00  0.0000E+00  0.0000E+00  0.0000E+00  0.0000E+00
       0.0000E+00  0.0000E+00  0.0000E+00  0.0000E+00  0.0000E+00  0.0000E+00  0.0000E+00  0.0000E+00  0.0000E+00  0.0000E+00
       0.0000E+00  0.0000E+00  0.0000E+00  0.0000E+00  0.0000E+00  0.0000E+00  0.0000E+00  0.0000E+00  0.0000E+00  0.0000E+00
       0.0000E+00  0.0000E+00  0.0000E+00  0.0000E+00  0.0000E+00  0.0000E+00  0.0000E+00  0.0000E+00  0.0000E+00  0.0000E+00
       0.0000E+00  0.0000E+00  0.0000E+00  0.0000E+00  0.0000E+00  0.0000E+00  0.0000E+00  0.0000E+00  0.0000E+00  0.0000E+00
       0.0000E+00  0.0000E+00  0.0000E+00  0.0000E+00  0.0000E+00  0.0000E+00  0.0000E+00  0.0000E+00  0.0000E+00  0.0000E+00
       0.0000E+00  0.0000E+00  0.0000E+00  0.0000E+00  0.0000E+00  0.0000E+00  0.0000E+00  0.0000E+00  0.0000E+00  0.0000E+00
