
 *****  Protons in Lexan (0.13GeV, 3cm)                                                   *****

           DATE: 12/18/18,  TIME: 13:22:33

          Total number of particles followed       10000000, for a total weight of  1.0000E+07

1

   Res. nuclei n.   1  "Ian       " ,  all         products, region n.     5
      detector volume:  1.0000E+00 cm**3
      Max. Z:  10, Max. N-Z:  11 Min. N-Z: -4
      Data follow in a matrix A(z,n-z-k), k: -5 format (1(5x,1p,10(1x,e11.4)))

       0.0000E+00  0.0000E+00  0.0000E+00  0.0000E+00  0.0000E+00  0.0000E+00  0.0000E+00  0.0000E+00  0.0000E+00  0.0000E+00
       0.0000E+00  0.0000E+00  0.0000E+00  0.0000E+00  0.0000E+00  3.3800E-05  0.0000E+00  1.6000E-06  0.0000E+00  0.0000E+00
       0.0000E+00  0.0000E+00  0.0000E+00  0.0000E+00  2.9000E-04  4.2700E-04  7.4900E-05  7.0400E-05  0.0000E+00  0.0000E+00
       9.9064E-02  8.1723E-03  0.0000E+00  4.0585E-03  0.0000E+00  1.0920E-02  1.3760E-04  2.5338E-03  1.0000E-07  0.0000E+00
       2.7541E-02  7.2293E-02  5.6564E-03  0.0000E+00  3.4428E-03  2.8100E-02  1.3064E-03  3.2419E-03  1.0000E-07  3.0000E-07
       3.8939E-03  0.0000E+00  2.7468E-03  7.8864E-04  6.4473E-03  8.6338E-04  1.6312E-03  2.2644E-06  0.0000E+00  0.0000E+00
       0.0000E+00  1.2920E-04  2.0050E-04  3.8840E-04  7.4188E-05  1.5040E-04  5.7024E-06  5.7000E-06  0.0000E+00  0.0000E+00
       0.0000E+00  0.0000E+00  6.7000E-06  1.4000E-06  4.1000E-06  1.0000E-07  2.1000E-06  0.0000E+00  0.0000E+00  0.0000E+00
       0.0000E+00  0.0000E+00  0.0000E+00  0.0000E+00  0.0000E+00  1.0000E-07  0.0000E+00  0.0000E+00  0.0000E+00  0.0000E+00
       0.0000E+00  0.0000E+00  0.0000E+00  0.0000E+00  0.0000E+00  0.0000E+00  0.0000E+00  0.0000E+00  0.0000E+00  0.0000E+00
       0.0000E+00  0.0000E+00  0.0000E+00  0.0000E+00  0.0000E+00  0.0000E+00  0.0000E+00  0.0000E+00  0.0000E+00  0.0000E+00
       0.0000E+00  0.0000E+00  0.0000E+00  0.0000E+00  0.0000E+00  0.0000E+00  0.0000E+00  0.0000E+00  0.0000E+00  0.0000E+00
       0.0000E+00  0.0000E+00  0.0000E+00  0.0000E+00  0.0000E+00  0.0000E+00  0.0000E+00  0.0000E+00  0.0000E+00  0.0000E+00
       0.0000E+00  0.0000E+00  0.0000E+00  0.0000E+00  0.0000E+00  0.0000E+00  0.0000E+00  0.0000E+00  0.0000E+00  0.0000E+00
       0.0000E+00  0.0000E+00  0.0000E+00  0.0000E+00  0.0000E+00  0.0000E+00  0.0000E+00  0.0000E+00  0.0000E+00  0.0000E+00
       0.0000E+00  0.0000E+00  0.0000E+00  0.0000E+00  0.0000E+00  0.0000E+00  0.0000E+00  0.0000E+00  0.0000E+00  0.0000E+00
