
 *****  Protons in Lexan (0.23GeV, 1.0cm)                                                 *****

           DATE: 11/30/18,  TIME: 22:54:36

          Total number of particles followed       10000000, for a total weight of  1.0000E+07

1

   Bdrx n.   4  "ocurrent  " , generalized particle n.    1, from region n.     5 to region n.     4
      detector area:  1.0000E+02 cm**2
      this is a one way only estimator
      this is a current like estimator
      linear energy binning from   1.5000E-01 to  2.8000E-01 GeV,   650 bins ( 2.0000E-04 GeV wide)
      linear angular binning from  0.0000E+00 to  6.2832E+00 sr ,     1 bins ( 6.2832E+00 sr wide )
      Data follow in a matrix A(ie,ia), format (1(5x,1p,10(1x,e11.4)))

       1.0982E-04  1.2016E-04  1.0902E-04  1.0584E-04  1.1061E-04  1.1220E-04  1.0504E-04  1.1220E-04  1.1698E-04  1.1618E-04
       1.1380E-04  1.2573E-04  1.0584E-04  1.1300E-04  8.9127E-05  1.0743E-04  1.1857E-04  1.1220E-04  1.1380E-04  9.4697E-05
       1.0106E-04  1.0425E-04  1.0584E-04  1.1220E-04  1.0823E-04  1.1220E-04  1.1698E-04  1.0425E-04  1.0584E-04  1.0584E-04
       1.1220E-04  1.0504E-04  1.1698E-04  1.3608E-04  1.1618E-04  1.0902E-04  1.2732E-04  1.0265E-04  1.0584E-04  1.1141E-04
       1.1220E-04  1.0425E-04  1.2175E-04  1.0186E-04  9.9472E-05  1.0823E-04  1.2175E-04  9.9472E-05  1.0345E-04  1.1459E-04
       1.0823E-04  9.7880E-05  9.3106E-05  9.3106E-05  1.2335E-04  1.1539E-04  1.1141E-04  1.2812E-04  1.2732E-04  1.1220E-04
       1.1618E-04  1.0345E-04  9.8676E-05  9.7880E-05  1.0663E-04  1.0504E-04  1.0345E-04  9.0718E-05  1.1061E-04  9.6289E-05
       1.1698E-04  1.0902E-04  1.2335E-04  1.1539E-04  1.0345E-04  1.0584E-04  1.0186E-04  1.1698E-04  1.1459E-04  1.0663E-04
       9.8676E-05  1.0265E-04  1.2016E-04  1.1459E-04  1.2414E-04  1.0743E-04  1.0584E-04  9.7085E-05  1.0823E-04  1.2335E-04
       1.0504E-04  1.1698E-04  1.1380E-04  1.3210E-04  1.0663E-04  1.0186E-04  1.1937E-04  1.0982E-04  1.2335E-04  1.0982E-04
       1.1539E-04  1.1061E-04  1.1459E-04  1.0265E-04  1.3130E-04  1.1061E-04  1.0902E-04  8.5944E-05  1.1061E-04  1.0345E-04
       1.1141E-04  1.2255E-04  1.1618E-04  1.1857E-04  1.1220E-04  1.2892E-04  1.1061E-04  1.2494E-04  1.0106E-04  1.1380E-04
       1.1061E-04  1.2016E-04  1.1857E-04  1.0902E-04  1.0265E-04  1.1539E-04  1.0265E-04  1.1141E-04  1.1061E-04  1.0027E-04
       1.2096E-04  1.1300E-04  1.0425E-04  9.7085E-05  9.7880E-05  9.7085E-05  1.0584E-04  1.1937E-04  1.2414E-04  1.2016E-04
       1.1061E-04  1.2175E-04  1.0982E-04  1.1618E-04  1.2175E-04  1.2335E-04  1.1300E-04  1.1857E-04  1.0425E-04  1.1061E-04
       1.1380E-04  1.1141E-04  1.1061E-04  1.0823E-04  1.1777E-04  1.1937E-04  1.1459E-04  1.0584E-04  1.2732E-04  1.2016E-04
       1.0584E-04  1.1937E-04  1.1220E-04  1.1857E-04  1.1300E-04  1.1618E-04  1.1459E-04  1.3130E-04  1.0584E-04  1.1937E-04
       1.0823E-04  1.1777E-04  9.5493E-05  1.1141E-04  1.1380E-04  1.0823E-04  1.1061E-04  1.0663E-04  9.3901E-05  9.6289E-05
       1.0663E-04  9.6289E-05  1.1777E-04  1.0902E-04  1.0743E-04  9.3106E-05  1.2175E-04  8.7535E-05  1.1937E-04  1.1061E-04
       1.0823E-04  1.0425E-04  1.0743E-04  1.2175E-04  9.9472E-05  1.0743E-04  1.0425E-04  1.0902E-04  1.2175E-04  1.1300E-04
       1.0743E-04  1.0743E-04  9.9472E-05  1.1220E-04  9.7085E-05  1.1300E-04  1.1539E-04  1.0106E-04  1.1777E-04  1.2096E-04
       1.1857E-04  1.1300E-04  1.0504E-04  9.5493E-05  9.6289E-05  1.0265E-04  8.9923E-05  8.7535E-05  1.0027E-04  1.0106E-04
       1.1459E-04  9.3901E-05  8.9127E-05  1.0027E-04  1.0584E-04  9.6289E-05  9.7880E-05  9.7880E-05  8.7535E-05  1.0345E-04
       8.8331E-05  9.0718E-05  9.3901E-05  8.9923E-05  9.6289E-05  9.3106E-05  1.0902E-04  8.4352E-05  8.4352E-05  8.9127E-05
       9.7085E-05  9.1514E-05  9.6289E-05  8.1169E-05  9.3901E-05  8.3556E-05  7.3211E-05  7.5599E-05  9.7880E-05  9.0718E-05
       8.0373E-05  8.1169E-05  9.3901E-05  9.6289E-05  7.8782E-05  8.1965E-05  7.5599E-05  8.4352E-05  8.0373E-05  9.7880E-05
       9.4697E-05  9.4697E-05  8.9923E-05  8.3556E-05  7.8782E-05  7.3211E-05  7.0028E-05  8.5148E-05  8.3556E-05  8.8331E-05
       8.4352E-05  8.2761E-05  7.4007E-05  7.9577E-05  8.4352E-05  7.8782E-05  8.9127E-05  7.9577E-05  7.6394E-05  8.2761E-05
       6.4458E-05  7.5599E-05  8.6739E-05  7.0028E-05  7.7190E-05  8.3556E-05  7.1620E-05  7.3211E-05  7.9577E-05  6.8437E-05
       8.4352E-05  5.9683E-05  7.7190E-05  8.1169E-05  7.1620E-05  6.3662E-05  6.9232E-05  5.8887E-05  6.4458E-05  6.9232E-05
       6.5254E-05  5.8887E-05  7.0028E-05  5.6500E-05  5.8092E-05  6.1275E-05  6.2866E-05  6.7641E-05  6.4458E-05  5.4113E-05
       5.4908E-05  6.1275E-05  4.6155E-05  5.9683E-05  4.8542E-05  5.6500E-05  4.9338E-05  4.6951E-05  4.1380E-05  4.9338E-05
       4.1380E-05  3.4218E-05  5.0930E-05  2.8648E-05  3.0239E-05  4.2176E-05  3.8197E-05  3.1035E-05  2.3077E-05  2.7852E-05
       2.7056E-05  3.5810E-05  3.4218E-05  3.0239E-05  3.3423E-05  3.5810E-05  3.5810E-05  4.1380E-05  4.6951E-05  3.5810E-05
       4.3768E-05  5.3317E-05  4.1380E-05  4.3768E-05  3.5810E-05  4.2176E-05  5.8092E-05  4.9338E-05  6.3662E-05  5.3317E-05
       5.2521E-05  6.6049E-05  7.7190E-05  9.3106E-05  1.3528E-04  1.9337E-04  3.6208E-04  6.7323E-04  1.2852E-03  2.5051E-03
       4.5288E-03  8.0262E-03  1.4163E-02  2.3333E-02  3.7975E-02  5.9209E-02  8.9116E-02  1.2885E-01  1.8066E-01  2.4124E-01
       3.1190E-01  3.8727E-01  4.6369E-01  5.3265E-01  5.8661E-01  6.2097E-01  6.3261E-01  6.1641E-01  5.7863E-01  5.1885E-01
       4.4838E-01  3.7059E-01  2.9424E-01  2.2411E-01  1.6345E-01  1.1422E-01  7.6851E-02  4.9425E-02  3.0107E-02  1.8090E-02
       1.0138E-02  5.4168E-03  2.8115E-03  1.3600E-03  6.4299E-04  3.0399E-04  1.3846E-04  4.5359E-05  2.1486E-05  7.9577E-06
       0.0000E+00  2.3873E-06  0.0000E+00  0.0000E+00  0.0000E+00  7.9577E-07  0.0000E+00  0.0000E+00  0.0000E+00  0.0000E+00
       0.0000E+00  0.0000E+00  0.0000E+00  0.0000E+00  0.0000E+00  0.0000E+00  0.0000E+00  0.0000E+00  0.0000E+00  0.0000E+00
       0.0000E+00  0.0000E+00  0.0000E+00  0.0000E+00  0.0000E+00  0.0000E+00  0.0000E+00  0.0000E+00  0.0000E+00  0.0000E+00
       0.0000E+00  0.0000E+00  0.0000E+00  0.0000E+00  0.0000E+00  0.0000E+00  0.0000E+00  0.0000E+00  0.0000E+00  0.0000E+00
       0.0000E+00  0.0000E+00  0.0000E+00  0.0000E+00  0.0000E+00  0.0000E+00  0.0000E+00  0.0000E+00  0.0000E+00  0.0000E+00
       0.0000E+00  0.0000E+00  0.0000E+00  0.0000E+00  0.0000E+00  0.0000E+00  0.0000E+00  0.0000E+00  0.0000E+00  0.0000E+00
       0.0000E+00  0.0000E+00  0.0000E+00  0.0000E+00  0.0000E+00  0.0000E+00  0.0000E+00  0.0000E+00  0.0000E+00  0.0000E+00
       0.0000E+00  0.0000E+00  0.0000E+00  0.0000E+00  0.0000E+00  0.0000E+00  0.0000E+00  0.0000E+00  0.0000E+00  0.0000E+00
       0.0000E+00  0.0000E+00  0.0000E+00  0.0000E+00  0.0000E+00  0.0000E+00  0.0000E+00  0.0000E+00  0.0000E+00  0.0000E+00
       0.0000E+00  0.0000E+00  0.0000E+00  0.0000E+00  0.0000E+00  0.0000E+00  0.0000E+00  0.0000E+00  0.0000E+00  0.0000E+00
       0.0000E+00  0.0000E+00  0.0000E+00  0.0000E+00  0.0000E+00  0.0000E+00  0.0000E+00  0.0000E+00  0.0000E+00  0.0000E+00
       0.0000E+00  0.0000E+00  0.0000E+00  0.0000E+00  0.0000E+00  0.0000E+00  0.0000E+00  0.0000E+00  0.0000E+00  0.0000E+00
       0.0000E+00  0.0000E+00  0.0000E+00  0.0000E+00  0.0000E+00  0.0000E+00  0.0000E+00  0.0000E+00  0.0000E+00  0.0000E+00
       0.0000E+00  0.0000E+00  0.0000E+00  0.0000E+00  0.0000E+00  0.0000E+00  0.0000E+00  0.0000E+00  0.0000E+00  0.0000E+00
       0.0000E+00  0.0000E+00  0.0000E+00  0.0000E+00  0.0000E+00  0.0000E+00  0.0000E+00  0.0000E+00  0.0000E+00  0.0000E+00
       0.0000E+00  0.0000E+00  0.0000E+00  0.0000E+00  0.0000E+00  0.0000E+00  0.0000E+00  0.0000E+00  0.0000E+00  0.0000E+00
       0.0000E+00  0.0000E+00  0.0000E+00  0.0000E+00  0.0000E+00  0.0000E+00  0.0000E+00  0.0000E+00  0.0000E+00  0.0000E+00
       0.0000E+00  0.0000E+00  0.0000E+00  0.0000E+00  0.0000E+00  0.0000E+00  0.0000E+00  0.0000E+00  0.0000E+00  0.0000E+00
       0.0000E+00  0.0000E+00  0.0000E+00  0.0000E+00  0.0000E+00  0.0000E+00  0.0000E+00  0.0000E+00  0.0000E+00  0.0000E+00
       0.0000E+00  0.0000E+00  0.0000E+00  0.0000E+00  0.0000E+00  0.0000E+00  0.0000E+00  0.0000E+00  0.0000E+00  0.0000E+00
       0.0000E+00  0.0000E+00  0.0000E+00  0.0000E+00  0.0000E+00  0.0000E+00  0.0000E+00  0.0000E+00  0.0000E+00  0.0000E+00
       0.0000E+00  0.0000E+00  0.0000E+00  0.0000E+00  0.0000E+00  0.0000E+00  0.0000E+00  0.0000E+00  0.0000E+00  0.0000E+00
       0.0000E+00  0.0000E+00  0.0000E+00  0.0000E+00  0.0000E+00  0.0000E+00  0.0000E+00  0.0000E+00  0.0000E+00  0.0000E+00
       0.0000E+00  0.0000E+00  0.0000E+00  0.0000E+00  0.0000E+00  0.0000E+00  0.0000E+00  0.0000E+00  0.0000E+00  0.0000E+00
       0.0000E+00  0.0000E+00  0.0000E+00  0.0000E+00  0.0000E+00  0.0000E+00  0.0000E+00  0.0000E+00  0.0000E+00  0.0000E+00
