
 *****  Protons in Lexan (0.23GeV, 1cm)                                                   *****

           DATE: 12/19/18,  TIME:  0:47:42

          Total number of particles followed       25000000, for a total weight of  2.5000E+07

1

   Bdrx n.   4  "ocurrent  " , generalized particle n.    1, from region n.     5 to region n.     4
      detector area:  1.0000E+02 cm**2
      this is a one way only estimator
      this is a current like estimator
      linear energy binning from   1.5000E-01 to  2.8000E-01 GeV,   650 bins ( 2.0000E-04 GeV wide)
      linear angular binning from  0.0000E+00 to  6.2832E+00 sr ,     1 bins ( 6.2832E+00 sr wide )
      Data follow in a matrix A(ie,ia), format (1(5x,1p,10(1x,e11.4)))

       2.2600E-04  2.0977E-04  2.1709E-04  2.0754E-04  2.0085E-04  2.1836E-04  2.2091E-04  2.2505E-04  2.1550E-04  2.0913E-04
       2.0372E-04  2.1327E-04  2.2950E-04  2.1008E-04  2.1518E-04  2.1199E-04  2.0913E-04  1.9863E-04  2.1613E-04  2.0977E-04
       2.0054E-04  2.2314E-04  2.3046E-04  2.0786E-04  2.0722E-04  2.2154E-04  1.9703E-04  2.0563E-04  2.1868E-04  2.2600E-04
       2.1390E-04  2.3141E-04  2.0626E-04  2.2027E-04  2.0149E-04  2.1359E-04  2.1104E-04  2.0722E-04  2.2027E-04  2.1868E-04
       2.2345E-04  2.0913E-04  2.2250E-04  2.1836E-04  2.1390E-04  2.1359E-04  2.0849E-04  2.1359E-04  2.0690E-04  2.0913E-04
       2.0945E-04  2.2759E-04  2.1422E-04  2.1581E-04  2.2664E-04  2.0404E-04  2.1454E-04  2.1486E-04  2.3364E-04  2.1231E-04
       2.0658E-04  2.1454E-04  2.0945E-04  2.1231E-04  2.0913E-04  2.2505E-04  2.0913E-04  1.9640E-04  2.0849E-04  2.1199E-04
       2.2091E-04  2.1550E-04  2.1709E-04  2.2791E-04  2.0690E-04  2.1613E-04  2.0786E-04  1.9290E-04  2.2154E-04  2.0340E-04
       2.1804E-04  2.2027E-04  2.1518E-04  2.1581E-04  2.1390E-04  2.1836E-04  2.1454E-04  2.2727E-04  2.2091E-04  2.2186E-04
       2.1868E-04  2.1454E-04  2.0754E-04  2.1709E-04  2.2695E-04  2.0817E-04  2.1804E-04  2.0531E-04  2.1072E-04  2.0117E-04
       2.0245E-04  2.2059E-04  2.1709E-04  2.1008E-04  2.1550E-04  2.1104E-04  2.1359E-04  2.3491E-04  2.1550E-04  2.2664E-04
       2.1613E-04  2.0022E-04  2.0817E-04  2.2059E-04  2.0435E-04  2.3332E-04  2.1327E-04  2.2282E-04  2.1295E-04  2.2632E-04
       2.1995E-04  2.1836E-04  2.0754E-04  2.1454E-04  2.1008E-04  2.1327E-04  2.2536E-04  2.2218E-04  2.1359E-04  2.0849E-04
       2.1741E-04  2.2218E-04  2.0626E-04  2.2218E-04  2.1518E-04  2.2059E-04  2.1613E-04  2.0786E-04  2.0340E-04  2.1104E-04
       2.1613E-04  2.1359E-04  2.2505E-04  2.0149E-04  2.1581E-04  2.1709E-04  2.1995E-04  2.1995E-04  2.2314E-04  2.0595E-04
       2.1040E-04  1.9608E-04  2.0213E-04  2.1836E-04  2.1804E-04  2.0977E-04  2.2059E-04  2.0054E-04  2.1199E-04  2.1550E-04
       2.0085E-04  2.1804E-04  2.0404E-04  2.1359E-04  2.0245E-04  2.0085E-04  2.0563E-04  2.0499E-04  2.0754E-04  2.0149E-04
       2.1327E-04  2.0945E-04  2.0340E-04  2.0467E-04  2.0181E-04  2.1072E-04  2.0276E-04  2.0881E-04  2.0817E-04  2.0817E-04
       2.0913E-04  1.9735E-04  1.9863E-04  1.9449E-04  2.0404E-04  2.0563E-04  2.1199E-04  1.9608E-04  1.9321E-04  2.0054E-04
       1.9767E-04  2.0181E-04  1.9290E-04  1.9894E-04  2.0117E-04  1.9576E-04  1.9130E-04  2.0117E-04  1.8398E-04  1.8780E-04
       1.8080E-04  1.8175E-04  1.9417E-04  1.9640E-04  2.0308E-04  1.7953E-04  1.9258E-04  1.8908E-04  1.8239E-04  1.8748E-04
       1.8844E-04  1.7252E-04  1.7730E-04  1.7698E-04  1.9194E-04  1.6743E-04  1.6520E-04  1.7571E-04  1.8144E-04  1.6520E-04
       1.6648E-04  1.7539E-04  1.8112E-04  1.6393E-04  1.7698E-04  1.8207E-04  1.7825E-04  1.7857E-04  1.7857E-04  1.7603E-04
       1.6393E-04  1.8717E-04  1.7316E-04  1.7157E-04  1.7571E-04  1.8080E-04  1.6966E-04  1.6966E-04  1.7539E-04  1.5502E-04
       1.8144E-04  1.6138E-04  1.5502E-04  1.6966E-04  1.7475E-04  1.6616E-04  1.5629E-04  1.5979E-04  1.5502E-04  1.5502E-04
       1.5438E-04  1.5534E-04  1.4642E-04  1.4770E-04  1.5215E-04  1.6329E-04  1.5374E-04  1.4992E-04  1.5152E-04  1.5565E-04
       1.4865E-04  1.4801E-04  1.3783E-04  1.4770E-04  1.3815E-04  1.3560E-04  1.4101E-04  1.4451E-04  1.3846E-04  1.3210E-04
       1.3274E-04  1.3242E-04  1.3719E-04  1.3528E-04  1.3019E-04  1.2605E-04  1.2414E-04  1.3751E-04  1.3146E-04  1.1618E-04
       1.2128E-04  1.2382E-04  1.2255E-04  1.1873E-04  1.2223E-04  1.0472E-04  1.0791E-04  1.0823E-04  1.0663E-04  1.0441E-04
       1.0536E-04  1.0632E-04  8.3716E-05  9.9631E-05  8.3397E-05  8.1487E-05  8.0851E-05  7.0346E-05  8.1806E-05  7.3211E-05
       6.9392E-05  6.5254E-05  6.4299E-05  6.8118E-05  6.9392E-05  5.3794E-05  5.4431E-05  5.4749E-05  6.2707E-05  5.9842E-05
       6.0161E-05  6.7163E-05  6.4299E-05  6.6527E-05  7.2256E-05  6.8755E-05  7.5121E-05  8.7217E-05  7.8941E-05  9.0718E-05
       9.7403E-05  9.2628E-05  1.0345E-04  1.0536E-04  1.2350E-04  1.3242E-04  1.2223E-04  1.4579E-04  1.8175E-04  2.4160E-04
       3.6828E-04  5.7550E-04  9.7403E-04  1.7271E-03  2.8571E-03  5.0191E-03  8.4059E-03  1.3739E-02  2.1803E-02  3.3774E-02
       5.0817E-02  7.4171E-02  1.0532E-01  1.4507E-01  1.9290E-01  2.4884E-01  3.1050E-01  3.7513E-01  4.3790E-01  4.9534E-01
       5.3996E-01  5.7009E-01  5.7977E-01  5.7040E-01  5.4024E-01  4.9362E-01  4.3565E-01  3.7105E-01  3.0329E-01  2.3988E-01
       1.8298E-01  1.3378E-01  9.4068E-02  6.4143E-02  4.2029E-02  2.6463E-02  1.5906E-02  9.3166E-03  5.1522E-03  2.7986E-03
       1.4467E-03  6.7641E-04  3.4728E-04  1.4674E-04  6.7163E-05  2.8966E-05  1.2732E-05  4.7746E-06  1.2732E-06  3.1831E-07
       0.0000E+00  0.0000E+00  0.0000E+00  0.0000E+00  0.0000E+00  0.0000E+00  0.0000E+00  0.0000E+00  0.0000E+00  0.0000E+00
       0.0000E+00  0.0000E+00  0.0000E+00  0.0000E+00  0.0000E+00  0.0000E+00  0.0000E+00  0.0000E+00  0.0000E+00  0.0000E+00
       0.0000E+00  0.0000E+00  0.0000E+00  0.0000E+00  0.0000E+00  0.0000E+00  0.0000E+00  0.0000E+00  0.0000E+00  0.0000E+00
       0.0000E+00  0.0000E+00  0.0000E+00  0.0000E+00  0.0000E+00  0.0000E+00  0.0000E+00  0.0000E+00  0.0000E+00  0.0000E+00
       0.0000E+00  0.0000E+00  0.0000E+00  0.0000E+00  0.0000E+00  0.0000E+00  0.0000E+00  0.0000E+00  0.0000E+00  0.0000E+00
       0.0000E+00  0.0000E+00  0.0000E+00  0.0000E+00  0.0000E+00  0.0000E+00  0.0000E+00  0.0000E+00  0.0000E+00  0.0000E+00
       0.0000E+00  0.0000E+00  0.0000E+00  0.0000E+00  0.0000E+00  0.0000E+00  0.0000E+00  0.0000E+00  0.0000E+00  0.0000E+00
       0.0000E+00  0.0000E+00  0.0000E+00  0.0000E+00  0.0000E+00  0.0000E+00  0.0000E+00  0.0000E+00  0.0000E+00  0.0000E+00
       0.0000E+00  0.0000E+00  0.0000E+00  0.0000E+00  0.0000E+00  0.0000E+00  0.0000E+00  0.0000E+00  0.0000E+00  0.0000E+00
       0.0000E+00  0.0000E+00  0.0000E+00  0.0000E+00  0.0000E+00  0.0000E+00  0.0000E+00  0.0000E+00  0.0000E+00  0.0000E+00
       0.0000E+00  0.0000E+00  0.0000E+00  0.0000E+00  0.0000E+00  0.0000E+00  0.0000E+00  0.0000E+00  0.0000E+00  0.0000E+00
       0.0000E+00  0.0000E+00  0.0000E+00  0.0000E+00  0.0000E+00  0.0000E+00  0.0000E+00  0.0000E+00  0.0000E+00  0.0000E+00
       0.0000E+00  0.0000E+00  0.0000E+00  0.0000E+00  0.0000E+00  0.0000E+00  0.0000E+00  0.0000E+00  0.0000E+00  0.0000E+00
       0.0000E+00  0.0000E+00  0.0000E+00  0.0000E+00  0.0000E+00  0.0000E+00  0.0000E+00  0.0000E+00  0.0000E+00  0.0000E+00
       0.0000E+00  0.0000E+00  0.0000E+00  0.0000E+00  0.0000E+00  0.0000E+00  0.0000E+00  0.0000E+00  0.0000E+00  0.0000E+00
       0.0000E+00  0.0000E+00  0.0000E+00  0.0000E+00  0.0000E+00  0.0000E+00  0.0000E+00  0.0000E+00  0.0000E+00  0.0000E+00
       0.0000E+00  0.0000E+00  0.0000E+00  0.0000E+00  0.0000E+00  0.0000E+00  0.0000E+00  0.0000E+00  0.0000E+00  0.0000E+00
       0.0000E+00  0.0000E+00  0.0000E+00  0.0000E+00  0.0000E+00  0.0000E+00  0.0000E+00  0.0000E+00  0.0000E+00  0.0000E+00
       0.0000E+00  0.0000E+00  0.0000E+00  0.0000E+00  0.0000E+00  0.0000E+00  0.0000E+00  0.0000E+00  0.0000E+00  0.0000E+00
       0.0000E+00  0.0000E+00  0.0000E+00  0.0000E+00  0.0000E+00  0.0000E+00  0.0000E+00  0.0000E+00  0.0000E+00  0.0000E+00
       0.0000E+00  0.0000E+00  0.0000E+00  0.0000E+00  0.0000E+00  0.0000E+00  0.0000E+00  0.0000E+00  0.0000E+00  0.0000E+00
       0.0000E+00  0.0000E+00  0.0000E+00  0.0000E+00  0.0000E+00  0.0000E+00  0.0000E+00  0.0000E+00  0.0000E+00  0.0000E+00
       0.0000E+00  0.0000E+00  0.0000E+00  0.0000E+00  0.0000E+00  0.0000E+00  0.0000E+00  0.0000E+00  0.0000E+00  0.0000E+00
       0.0000E+00  0.0000E+00  0.0000E+00  0.0000E+00  0.0000E+00  0.0000E+00  0.0000E+00  0.0000E+00  0.0000E+00  0.0000E+00
       0.0000E+00  0.0000E+00  0.0000E+00  0.0000E+00  0.0000E+00  0.0000E+00  0.0000E+00  0.0000E+00  0.0000E+00  0.0000E+00
       0.0000E+00  0.0000E+00  0.0000E+00  0.0000E+00  0.0000E+00  0.0000E+00  0.0000E+00  0.0000E+00  0.0000E+00  0.0000E+00
       0.0000E+00  0.0000E+00  0.0000E+00  0.0000E+00  0.0000E+00  0.0000E+00  0.0000E+00  0.0000E+00  0.0000E+00  0.0000E+00
