
 *****  Protons in Lexan (0.23GeV, 1cm)                                                   *****

           DATE: 12/19/18,  TIME:  0:47:42

          Total number of particles followed       25000000, for a total weight of  2.5000E+07

1

   Res. nuclei n.   1  "Ian       " ,  all         products, region n.     5
      detector volume:  1.0000E+00 cm**3
      Max. Z:  10, Max. N-Z:  11 Min. N-Z: -4
      Data follow in a matrix A(z,n-z-k), k: -5 format (1(5x,1p,10(1x,e11.4)))

       0.0000E+00  0.0000E+00  0.0000E+00  0.0000E+00  0.0000E+00  0.0000E+00  0.0000E+00  0.0000E+00  0.0000E+00  0.0000E+00
       0.0000E+00  0.0000E+00  0.0000E+00  0.0000E+00  0.0000E+00  1.3120E-05  0.0000E+00  6.4000E-07  0.0000E+00  0.0000E+00
       0.0000E+00  0.0000E+00  0.0000E+00  0.0000E+00  1.0288E-04  2.1876E-04  2.3000E-05  5.1680E-05  0.0000E+00  0.0000E+00
       2.2004E-02  2.8554E-03  0.0000E+00  1.3691E-03  0.0000E+00  4.0957E-03  5.7880E-05  1.0009E-03  0.0000E+00  0.0000E+00
       5.2975E-03  2.2421E-02  1.8352E-03  0.0000E+00  1.4698E-03  4.7886E-03  4.8276E-04  5.5263E-04  0.0000E+00  2.4000E-07
       1.5559E-03  0.0000E+00  1.0668E-03  3.0394E-04  2.7705E-03  2.5471E-04  6.8220E-04  1.0099E-06  4.0000E-08  0.0000E+00
       0.0000E+00  6.6080E-05  8.7000E-05  2.0224E-04  3.2598E-05  6.9000E-05  1.3805E-06  9.2000E-07  0.0000E+00  0.0000E+00
       0.0000E+00  0.0000E+00  7.1600E-06  1.0000E-06  1.4000E-06  8.0000E-08  8.0000E-07  0.0000E+00  0.0000E+00  0.0000E+00
       0.0000E+00  2.8000E-07  0.0000E+00  8.0000E-08  4.0000E-08  0.0000E+00  0.0000E+00  0.0000E+00  0.0000E+00  0.0000E+00
       0.0000E+00  0.0000E+00  0.0000E+00  0.0000E+00  0.0000E+00  0.0000E+00  0.0000E+00  0.0000E+00  0.0000E+00  0.0000E+00
       0.0000E+00  0.0000E+00  0.0000E+00  0.0000E+00  0.0000E+00  0.0000E+00  0.0000E+00  0.0000E+00  0.0000E+00  0.0000E+00
       0.0000E+00  0.0000E+00  0.0000E+00  0.0000E+00  0.0000E+00  0.0000E+00  0.0000E+00  0.0000E+00  0.0000E+00  0.0000E+00
       0.0000E+00  0.0000E+00  0.0000E+00  0.0000E+00  0.0000E+00  0.0000E+00  0.0000E+00  0.0000E+00  0.0000E+00  0.0000E+00
       0.0000E+00  0.0000E+00  0.0000E+00  0.0000E+00  0.0000E+00  0.0000E+00  0.0000E+00  0.0000E+00  0.0000E+00  0.0000E+00
       0.0000E+00  0.0000E+00  0.0000E+00  0.0000E+00  0.0000E+00  0.0000E+00  0.0000E+00  0.0000E+00  0.0000E+00  0.0000E+00
       0.0000E+00  0.0000E+00  0.0000E+00  0.0000E+00  0.0000E+00  0.0000E+00  0.0000E+00  0.0000E+00  0.0000E+00  0.0000E+00
