
 *****  Protons in Lexan (0.23GeV, 1cm)                                                   *****

           DATE: 12/19/18,  TIME:  0:47:42

          Total number of particles followed       25000000, for a total weight of  2.5000E+07

1

   Bdrx n.   2  "ofluence  " , generalized particle n.    1, from region n.     5 to region n.     4
      detector area:  1.0000E+02 cm**2
      this is a one way only estimator
      this is a fluence like estimator
      linear energy binning from   1.5000E-01 to  2.8000E-01 GeV,   650 bins ( 2.0000E-04 GeV wide)
      linear angular binning from  0.0000E+00 to  6.2832E+00 sr ,     1 bins ( 6.2832E+00 sr wide )
      Data follow in a matrix A(ie,ia), format (1(5x,1p,10(1x,e11.4)))

       2.7410E-04  2.5482E-04  2.6284E-04  2.5251E-04  2.4371E-04  2.6469E-04  2.6793E-04  2.7043E-04  2.6148E-04  2.5222E-04
       2.4871E-04  2.5974E-04  2.7493E-04  2.5590E-04  2.5909E-04  2.5519E-04  2.5065E-04  2.3748E-04  2.6344E-04  2.5085E-04
       2.4392E-04  2.6957E-04  2.7757E-04  2.4993E-04  2.4735E-04  2.6590E-04  2.3506E-04  2.4665E-04  2.6711E-04  2.7078E-04
       2.5109E-04  2.7614E-04  2.4586E-04  2.6070E-04  2.3965E-04  2.5462E-04  2.4972E-04  2.4855E-04  2.6260E-04  2.6012E-04
       2.6463E-04  2.4938E-04  2.6245E-04  2.5760E-04  2.5571E-04  2.5352E-04  2.4915E-04  2.5370E-04  2.4186E-04  2.4857E-04
       2.4793E-04  2.7020E-04  2.5267E-04  2.5409E-04  2.6745E-04  2.3866E-04  2.5090E-04  2.5362E-04  2.7706E-04  2.4982E-04
       2.4318E-04  2.5192E-04  2.4553E-04  2.4939E-04  2.4743E-04  2.6705E-04  2.4675E-04  2.3003E-04  2.4388E-04  2.4840E-04
       2.5890E-04  2.5285E-04  2.5525E-04  2.6660E-04  2.4143E-04  2.4934E-04  2.4212E-04  2.2412E-04  2.5937E-04  2.3686E-04
       2.5256E-04  2.5648E-04  2.4804E-04  2.5080E-04  2.4825E-04  2.5487E-04  2.4846E-04  2.6277E-04  2.5477E-04  2.5465E-04
       2.5328E-04  2.4928E-04  2.3921E-04  2.5007E-04  2.5987E-04  2.4081E-04  2.5151E-04  2.3681E-04  2.4338E-04  2.3223E-04
       2.3269E-04  2.5381E-04  2.4928E-04  2.4199E-04  2.4883E-04  2.4170E-04  2.4329E-04  2.6973E-04  2.4697E-04  2.6032E-04
       2.4714E-04  2.2813E-04  2.3816E-04  2.5190E-04  2.3238E-04  2.6537E-04  2.4277E-04  2.5557E-04  2.4246E-04  2.5810E-04
       2.5153E-04  2.4762E-04  2.3522E-04  2.4530E-04  2.3986E-04  2.4066E-04  2.5657E-04  2.5324E-04  2.4170E-04  2.3647E-04
       2.4502E-04  2.5172E-04  2.3357E-04  2.5121E-04  2.4185E-04  2.5130E-04  2.4447E-04  2.3443E-04  2.3108E-04  2.3726E-04
       2.4483E-04  2.3979E-04  2.5360E-04  2.2656E-04  2.4184E-04  2.4352E-04  2.4814E-04  2.4790E-04  2.5235E-04  2.2970E-04
       2.3774E-04  2.1929E-04  2.2752E-04  2.4509E-04  2.4431E-04  2.3403E-04  2.4806E-04  2.2398E-04  2.3726E-04  2.3828E-04
       2.2785E-04  2.4460E-04  2.2797E-04  2.3862E-04  2.2748E-04  2.2134E-04  2.2928E-04  2.2790E-04  2.2999E-04  2.2509E-04
       2.3576E-04  2.3224E-04  2.2519E-04  2.2644E-04  2.2414E-04  2.3255E-04  2.2378E-04  2.3086E-04  2.2928E-04  2.2934E-04
       2.3163E-04  2.1768E-04  2.1963E-04  2.1551E-04  2.2541E-04  2.2691E-04  2.3462E-04  2.1494E-04  2.1289E-04  2.2032E-04
       2.1722E-04  2.2081E-04  2.1155E-04  2.1798E-04  2.2156E-04  2.1442E-04  2.0895E-04  2.2089E-04  2.0133E-04  2.0607E-04
       1.9795E-04  1.9737E-04  2.1206E-04  2.1429E-04  2.2321E-04  1.9675E-04  2.1215E-04  2.0552E-04  1.9894E-04  2.0390E-04
       2.0596E-04  1.8740E-04  1.9405E-04  1.9663E-04  2.0875E-04  1.8187E-04  1.8049E-04  1.9109E-04  1.9810E-04  1.7939E-04
       1.8098E-04  1.9045E-04  1.9775E-04  1.7779E-04  1.9137E-04  1.9693E-04  1.9208E-04  1.9355E-04  1.9222E-04  1.8906E-04
       1.7583E-04  2.0181E-04  1.8727E-04  1.8495E-04  1.8779E-04  1.9436E-04  1.8208E-04  1.8173E-04  1.8921E-04  1.6677E-04
       1.9334E-04  1.7282E-04  1.6616E-04  1.8370E-04  1.8724E-04  1.7687E-04  1.6762E-04  1.7068E-04  1.6545E-04  1.6482E-04
       1.6447E-04  1.6524E-04  1.5656E-04  1.5919E-04  1.6510E-04  1.7401E-04  1.6339E-04  1.5935E-04  1.6174E-04  1.6554E-04
       1.5926E-04  1.5750E-04  1.4606E-04  1.5660E-04  1.4629E-04  1.4377E-04  1.4918E-04  1.5316E-04  1.4663E-04  1.3940E-04
       1.4003E-04  1.4017E-04  1.4526E-04  1.4326E-04  1.3752E-04  1.3278E-04  1.3025E-04  1.4536E-04  1.3779E-04  1.2212E-04
       1.2745E-04  1.3376E-04  1.2873E-04  1.2457E-04  1.2853E-04  1.0949E-04  1.1272E-04  1.1367E-04  1.1196E-04  1.0996E-04
       1.1004E-04  1.1152E-04  8.9384E-05  1.0500E-04  8.8226E-05  8.6495E-05  8.4806E-05  7.4314E-05  8.6461E-05  7.7158E-05
       7.3357E-05  6.9616E-05  6.8118E-05  7.4567E-05  7.4168E-05  5.9338E-05  5.8675E-05  5.8781E-05  6.7533E-05  6.5245E-05
       6.4225E-05  7.2671E-05  6.9069E-05  7.1193E-05  7.8927E-05  7.3520E-05  7.9518E-05  9.3336E-05  8.3369E-05  9.5974E-05
       1.0462E-04  9.7653E-05  1.0790E-04  1.0997E-04  1.2989E-04  1.3704E-04  1.2701E-04  1.5149E-04  1.8771E-04  2.4695E-04
       3.7523E-04  5.8380E-04  9.8156E-04  1.7355E-03  2.8663E-03  5.0305E-03  8.4201E-03  1.3758E-02  2.1824E-02  3.3800E-02
       5.0846E-02  7.4208E-02  1.0536E-01  1.4512E-01  1.9296E-01  2.4890E-01  3.1058E-01  3.7520E-01  4.3798E-01  4.9542E-01
       5.4004E-01  5.7017E-01  5.7985E-01  5.7047E-01  5.4031E-01  4.9368E-01  4.3570E-01  3.7109E-01  3.0332E-01  2.3990E-01
       1.8300E-01  1.3380E-01  9.4076E-02  6.4149E-02  4.2033E-02  2.6465E-02  1.5907E-02  9.3174E-03  5.1526E-03  2.7988E-03
       1.4468E-03  6.7648E-04  3.4730E-04  1.4675E-04  6.7167E-05  2.8968E-05  1.2733E-05  4.7749E-06  1.2733E-06  3.1831E-07
       0.0000E+00  0.0000E+00  0.0000E+00  0.0000E+00  0.0000E+00  0.0000E+00  0.0000E+00  0.0000E+00  0.0000E+00  0.0000E+00
       0.0000E+00  0.0000E+00  0.0000E+00  0.0000E+00  0.0000E+00  0.0000E+00  0.0000E+00  0.0000E+00  0.0000E+00  0.0000E+00
       0.0000E+00  0.0000E+00  0.0000E+00  0.0000E+00  0.0000E+00  0.0000E+00  0.0000E+00  0.0000E+00  0.0000E+00  0.0000E+00
       0.0000E+00  0.0000E+00  0.0000E+00  0.0000E+00  0.0000E+00  0.0000E+00  0.0000E+00  0.0000E+00  0.0000E+00  0.0000E+00
       0.0000E+00  0.0000E+00  0.0000E+00  0.0000E+00  0.0000E+00  0.0000E+00  0.0000E+00  0.0000E+00  0.0000E+00  0.0000E+00
       0.0000E+00  0.0000E+00  0.0000E+00  0.0000E+00  0.0000E+00  0.0000E+00  0.0000E+00  0.0000E+00  0.0000E+00  0.0000E+00
       0.0000E+00  0.0000E+00  0.0000E+00  0.0000E+00  0.0000E+00  0.0000E+00  0.0000E+00  0.0000E+00  0.0000E+00  0.0000E+00
       0.0000E+00  0.0000E+00  0.0000E+00  0.0000E+00  0.0000E+00  0.0000E+00  0.0000E+00  0.0000E+00  0.0000E+00  0.0000E+00
       0.0000E+00  0.0000E+00  0.0000E+00  0.0000E+00  0.0000E+00  0.0000E+00  0.0000E+00  0.0000E+00  0.0000E+00  0.0000E+00
       0.0000E+00  0.0000E+00  0.0000E+00  0.0000E+00  0.0000E+00  0.0000E+00  0.0000E+00  0.0000E+00  0.0000E+00  0.0000E+00
       0.0000E+00  0.0000E+00  0.0000E+00  0.0000E+00  0.0000E+00  0.0000E+00  0.0000E+00  0.0000E+00  0.0000E+00  0.0000E+00
       0.0000E+00  0.0000E+00  0.0000E+00  0.0000E+00  0.0000E+00  0.0000E+00  0.0000E+00  0.0000E+00  0.0000E+00  0.0000E+00
       0.0000E+00  0.0000E+00  0.0000E+00  0.0000E+00  0.0000E+00  0.0000E+00  0.0000E+00  0.0000E+00  0.0000E+00  0.0000E+00
       0.0000E+00  0.0000E+00  0.0000E+00  0.0000E+00  0.0000E+00  0.0000E+00  0.0000E+00  0.0000E+00  0.0000E+00  0.0000E+00
       0.0000E+00  0.0000E+00  0.0000E+00  0.0000E+00  0.0000E+00  0.0000E+00  0.0000E+00  0.0000E+00  0.0000E+00  0.0000E+00
       0.0000E+00  0.0000E+00  0.0000E+00  0.0000E+00  0.0000E+00  0.0000E+00  0.0000E+00  0.0000E+00  0.0000E+00  0.0000E+00
       0.0000E+00  0.0000E+00  0.0000E+00  0.0000E+00  0.0000E+00  0.0000E+00  0.0000E+00  0.0000E+00  0.0000E+00  0.0000E+00
       0.0000E+00  0.0000E+00  0.0000E+00  0.0000E+00  0.0000E+00  0.0000E+00  0.0000E+00  0.0000E+00  0.0000E+00  0.0000E+00
       0.0000E+00  0.0000E+00  0.0000E+00  0.0000E+00  0.0000E+00  0.0000E+00  0.0000E+00  0.0000E+00  0.0000E+00  0.0000E+00
       0.0000E+00  0.0000E+00  0.0000E+00  0.0000E+00  0.0000E+00  0.0000E+00  0.0000E+00  0.0000E+00  0.0000E+00  0.0000E+00
       0.0000E+00  0.0000E+00  0.0000E+00  0.0000E+00  0.0000E+00  0.0000E+00  0.0000E+00  0.0000E+00  0.0000E+00  0.0000E+00
       0.0000E+00  0.0000E+00  0.0000E+00  0.0000E+00  0.0000E+00  0.0000E+00  0.0000E+00  0.0000E+00  0.0000E+00  0.0000E+00
       0.0000E+00  0.0000E+00  0.0000E+00  0.0000E+00  0.0000E+00  0.0000E+00  0.0000E+00  0.0000E+00  0.0000E+00  0.0000E+00
       0.0000E+00  0.0000E+00  0.0000E+00  0.0000E+00  0.0000E+00  0.0000E+00  0.0000E+00  0.0000E+00  0.0000E+00  0.0000E+00
       0.0000E+00  0.0000E+00  0.0000E+00  0.0000E+00  0.0000E+00  0.0000E+00  0.0000E+00  0.0000E+00  0.0000E+00  0.0000E+00
       0.0000E+00  0.0000E+00  0.0000E+00  0.0000E+00  0.0000E+00  0.0000E+00  0.0000E+00  0.0000E+00  0.0000E+00  0.0000E+00
       0.0000E+00  0.0000E+00  0.0000E+00  0.0000E+00  0.0000E+00  0.0000E+00  0.0000E+00  0.0000E+00  0.0000E+00  0.0000E+00
1

   Bdrx n.   6  "ofluence  " , generalized particle n.    1, from region n.     5 to region n.     4
      detector area:  1.0000E+02 cm**2
      this is a one way only estimator
      this is a fluence like estimator
      linear energy binning from   0.0000E+00 to  3.0000E+02 GeV,     1 bins ( 3.0000E+02 GeV wide)
      linear angular binning from  0.0000E+00 to  6.2832E+00 sr ,     1 bins ( 6.2832E+00 sr wide )
      Data follow in a matrix A(ie,ia), format (1(5x,1p,10(1x,e11.4)))

       5.3543E-06
