
 *****  Protons in Lexan (0.22GeV, 3cm)                                                   *****

           DATE: 12/18/18,  TIME:  5:54:34

          Total number of particles followed       10000000, for a total weight of  1.0000E+07

1

   Bdrx n.   4  "ocurrent  " , generalized particle n.    1, from region n.     5 to region n.     4
      detector area:  1.0000E+02 cm**2
      this is a one way only estimator
      this is a current like estimator
      linear energy binning from   1.4000E-01 to  2.7000E-01 GeV,   650 bins ( 2.0000E-04 GeV wide)
      linear angular binning from  0.0000E+00 to  6.2832E+00 sr ,     1 bins ( 6.2832E+00 sr wide )
      Data follow in a matrix A(ie,ia), format (1(5x,1p,10(1x,e11.4)))

       5.1089E-04  5.4272E-04  4.9418E-04  5.0611E-04  5.3317E-04  4.9418E-04  5.0611E-04  4.9975E-04  5.1327E-04  4.9258E-04
       4.9577E-04  4.9179E-04  4.9338E-04  4.9418E-04  5.2123E-04  4.9099E-04  5.1566E-04  5.2521E-04  5.3396E-04  5.1487E-04
       4.8383E-04  5.1964E-04  5.2919E-04  4.9577E-04  5.3874E-04  5.4590E-04  5.2442E-04  5.1566E-04  5.4431E-04  5.4272E-04
       4.8701E-04  5.3715E-04  5.0691E-04  5.1248E-04  5.0930E-04  4.8622E-04  5.1487E-04  4.7030E-04  5.4829E-04  5.5465E-04
       5.0213E-04  5.2203E-04  4.8304E-04  4.9338E-04  5.1089E-04  5.2521E-04  5.4988E-04  5.2919E-04  4.8701E-04  4.9815E-04
       5.4272E-04  4.9895E-04  5.1407E-04  5.2999E-04  5.0770E-04  5.1487E-04  5.0293E-04  5.0532E-04  5.0213E-04  5.3158E-04
       5.1009E-04  4.8861E-04  4.9418E-04  4.7667E-04  5.0134E-04  4.9656E-04  5.1805E-04  5.1646E-04  4.9895E-04  4.9179E-04
       5.0532E-04  4.8144E-04  5.0532E-04  4.9020E-04  4.9020E-04  4.8861E-04  4.8144E-04  5.3078E-04  5.5704E-04  4.6473E-04
       4.6871E-04  4.9656E-04  5.2601E-04  5.0770E-04  5.1407E-04  4.9179E-04  4.9656E-04  4.8701E-04  4.7826E-04  4.8065E-04
       4.7826E-04  4.9656E-04  4.9975E-04  4.7667E-04  5.1487E-04  5.1407E-04  4.9099E-04  4.7985E-04  4.9020E-04  4.7508E-04
       4.9258E-04  5.0293E-04  4.7508E-04  4.6871E-04  4.5677E-04  4.7110E-04  5.0213E-04  4.4404E-04  4.8622E-04  4.4643E-04
       4.6792E-04  4.7587E-04  4.8781E-04  4.5439E-04  4.5677E-04  4.8144E-04  4.5518E-04  5.0691E-04  4.7030E-04  4.7667E-04
       4.2733E-04  4.4563E-04  4.2892E-04  4.2415E-04  4.2017E-04  4.5359E-04  4.6235E-04  4.7906E-04  4.3211E-04  4.6155E-04
       4.4563E-04  4.3290E-04  4.3051E-04  4.1142E-04  4.3927E-04  4.3768E-04  4.4325E-04  4.4325E-04  4.6792E-04  4.2733E-04
       4.0903E-04  4.1937E-04  4.3290E-04  3.9948E-04  4.4165E-04  4.2892E-04  4.1858E-04  4.2574E-04  4.4643E-04  4.0266E-04
       3.9391E-04  4.2176E-04  3.8993E-04  4.3290E-04  4.1778E-04  4.0027E-04  3.8356E-04  4.0903E-04  3.8356E-04  3.9868E-04
       3.9630E-04  3.8913E-04  3.9152E-04  3.9630E-04  3.8277E-04  3.7720E-04  3.5969E-04  4.1937E-04  3.7799E-04  3.7083E-04
       4.0346E-04  3.8993E-04  3.9470E-04  3.6765E-04  3.5332E-04  3.6844E-04  3.4457E-04  3.2468E-04  3.6606E-04  3.7083E-04
       3.5014E-04  3.9709E-04  3.7481E-04  3.5810E-04  3.7004E-04  3.6685E-04  3.1035E-04  3.2706E-04  3.1433E-04  3.3502E-04
       3.4139E-04  3.4139E-04  3.1990E-04  3.2627E-04  2.9842E-04  3.4059E-04  3.0796E-04  3.4139E-04  3.0080E-04  2.8330E-04
       3.0637E-04  2.7613E-04  2.9762E-04  2.6579E-04  2.8250E-04  3.0637E-04  2.5863E-04  2.7534E-04  2.6658E-04  2.7932E-04
       2.6977E-04  2.3157E-04  2.2202E-04  2.3157E-04  2.4351E-04  1.9894E-04  2.0770E-04  2.2202E-04  1.8780E-04  1.9894E-04
       2.0451E-04  1.9019E-04  1.5518E-04  1.5279E-04  1.7985E-04  1.7030E-04  1.5438E-04  1.7507E-04  1.6075E-04  1.5518E-04
       1.5040E-04  1.7985E-04  1.6552E-04  1.9417E-04  1.5915E-04  2.0213E-04  1.7825E-04  1.9099E-04  2.1088E-04  2.2123E-04
       2.5146E-04  2.6340E-04  2.4032E-04  2.9364E-04  3.1115E-04  3.5412E-04  3.9789E-04  4.5200E-04  5.1009E-04  6.6606E-04
       9.1275E-04  1.3059E-03  2.0221E-03  2.8051E-03  4.3378E-03  6.4967E-03  9.5199E-03  1.4129E-02  2.0555E-02  2.9238E-02
       4.1005E-02  5.5906E-02  7.5940E-02  1.0034E-01  1.2884E-01  1.6320E-01  2.0146E-01  2.4379E-01  2.8790E-01  3.3264E-01
       3.7513E-01  4.1286E-01  4.4327E-01  4.6431E-01  4.7315E-01  4.7171E-01  4.5853E-01  4.3282E-01  3.9794E-01  3.5731E-01
       3.1107E-01  2.6339E-01  2.1742E-01  1.7376E-01  1.3563E-01  1.0260E-01  7.5408E-02  5.3473E-02  3.7036E-02  2.5099E-02
       1.6218E-02  1.0472E-02  6.3757E-03  3.7903E-03  2.1446E-03  1.1976E-03  6.6049E-04  3.4298E-04  1.6632E-04  8.6739E-05
       4.2176E-05  1.5915E-05  1.1937E-05  1.5915E-06  1.5915E-06  0.0000E+00  7.9577E-07  0.0000E+00  0.0000E+00  0.0000E+00
       0.0000E+00  0.0000E+00  0.0000E+00  0.0000E+00  0.0000E+00  0.0000E+00  0.0000E+00  0.0000E+00  0.0000E+00  0.0000E+00
       0.0000E+00  0.0000E+00  0.0000E+00  0.0000E+00  0.0000E+00  0.0000E+00  0.0000E+00  0.0000E+00  0.0000E+00  0.0000E+00
       0.0000E+00  0.0000E+00  0.0000E+00  0.0000E+00  0.0000E+00  0.0000E+00  0.0000E+00  0.0000E+00  0.0000E+00  0.0000E+00
       0.0000E+00  0.0000E+00  0.0000E+00  0.0000E+00  0.0000E+00  0.0000E+00  0.0000E+00  0.0000E+00  0.0000E+00  0.0000E+00
       0.0000E+00  0.0000E+00  0.0000E+00  0.0000E+00  0.0000E+00  0.0000E+00  0.0000E+00  0.0000E+00  0.0000E+00  0.0000E+00
       0.0000E+00  0.0000E+00  0.0000E+00  0.0000E+00  0.0000E+00  0.0000E+00  0.0000E+00  0.0000E+00  0.0000E+00  0.0000E+00
       0.0000E+00  0.0000E+00  0.0000E+00  0.0000E+00  0.0000E+00  0.0000E+00  0.0000E+00  0.0000E+00  0.0000E+00  0.0000E+00
       0.0000E+00  0.0000E+00  0.0000E+00  0.0000E+00  0.0000E+00  0.0000E+00  0.0000E+00  0.0000E+00  0.0000E+00  0.0000E+00
       0.0000E+00  0.0000E+00  0.0000E+00  0.0000E+00  0.0000E+00  0.0000E+00  0.0000E+00  0.0000E+00  0.0000E+00  0.0000E+00
       0.0000E+00  0.0000E+00  0.0000E+00  0.0000E+00  0.0000E+00  0.0000E+00  0.0000E+00  0.0000E+00  0.0000E+00  0.0000E+00
       0.0000E+00  0.0000E+00  0.0000E+00  0.0000E+00  0.0000E+00  0.0000E+00  0.0000E+00  0.0000E+00  0.0000E+00  0.0000E+00
       0.0000E+00  0.0000E+00  0.0000E+00  0.0000E+00  0.0000E+00  0.0000E+00  0.0000E+00  0.0000E+00  0.0000E+00  0.0000E+00
       0.0000E+00  0.0000E+00  0.0000E+00  0.0000E+00  0.0000E+00  0.0000E+00  0.0000E+00  0.0000E+00  0.0000E+00  0.0000E+00
       0.0000E+00  0.0000E+00  0.0000E+00  0.0000E+00  0.0000E+00  0.0000E+00  0.0000E+00  0.0000E+00  0.0000E+00  0.0000E+00
       0.0000E+00  0.0000E+00  0.0000E+00  0.0000E+00  0.0000E+00  0.0000E+00  0.0000E+00  0.0000E+00  0.0000E+00  0.0000E+00
       0.0000E+00  0.0000E+00  0.0000E+00  0.0000E+00  0.0000E+00  0.0000E+00  0.0000E+00  0.0000E+00  0.0000E+00  0.0000E+00
       0.0000E+00  0.0000E+00  0.0000E+00  0.0000E+00  0.0000E+00  0.0000E+00  0.0000E+00  0.0000E+00  0.0000E+00  0.0000E+00
       0.0000E+00  0.0000E+00  0.0000E+00  0.0000E+00  0.0000E+00  0.0000E+00  0.0000E+00  0.0000E+00  0.0000E+00  0.0000E+00
       0.0000E+00  0.0000E+00  0.0000E+00  0.0000E+00  0.0000E+00  0.0000E+00  0.0000E+00  0.0000E+00  0.0000E+00  0.0000E+00
       0.0000E+00  0.0000E+00  0.0000E+00  0.0000E+00  0.0000E+00  0.0000E+00  0.0000E+00  0.0000E+00  0.0000E+00  0.0000E+00
       0.0000E+00  0.0000E+00  0.0000E+00  0.0000E+00  0.0000E+00  0.0000E+00  0.0000E+00  0.0000E+00  0.0000E+00  0.0000E+00
       0.0000E+00  0.0000E+00  0.0000E+00  0.0000E+00  0.0000E+00  0.0000E+00  0.0000E+00  0.0000E+00  0.0000E+00  0.0000E+00
       0.0000E+00  0.0000E+00  0.0000E+00  0.0000E+00  0.0000E+00  0.0000E+00  0.0000E+00  0.0000E+00  0.0000E+00  0.0000E+00
       0.0000E+00  0.0000E+00  0.0000E+00  0.0000E+00  0.0000E+00  0.0000E+00  0.0000E+00  0.0000E+00  0.0000E+00  0.0000E+00
       0.0000E+00  0.0000E+00  0.0000E+00  0.0000E+00  0.0000E+00  0.0000E+00  0.0000E+00  0.0000E+00  0.0000E+00  0.0000E+00
       0.0000E+00  0.0000E+00  0.0000E+00  0.0000E+00  0.0000E+00  0.0000E+00  0.0000E+00  0.0000E+00  0.0000E+00  0.0000E+00
       0.0000E+00  0.0000E+00  0.0000E+00  0.0000E+00  0.0000E+00  0.0000E+00  0.0000E+00  0.0000E+00  0.0000E+00  0.0000E+00
       0.0000E+00  0.0000E+00  0.0000E+00  0.0000E+00  0.0000E+00  0.0000E+00  0.0000E+00  0.0000E+00  0.0000E+00  0.0000E+00
       0.0000E+00  0.0000E+00  0.0000E+00  0.0000E+00  0.0000E+00  0.0000E+00  0.0000E+00  0.0000E+00  0.0000E+00  0.0000E+00
       0.0000E+00  0.0000E+00  0.0000E+00  0.0000E+00  0.0000E+00  0.0000E+00  0.0000E+00  0.0000E+00  0.0000E+00  0.0000E+00
       0.0000E+00  0.0000E+00  0.0000E+00  0.0000E+00  0.0000E+00  0.0000E+00  0.0000E+00  0.0000E+00  0.0000E+00  0.0000E+00
       0.0000E+00  0.0000E+00  0.0000E+00  0.0000E+00  0.0000E+00  0.0000E+00  0.0000E+00  0.0000E+00  0.0000E+00  0.0000E+00
       0.0000E+00  0.0000E+00  0.0000E+00  0.0000E+00  0.0000E+00  0.0000E+00  0.0000E+00  0.0000E+00  0.0000E+00  0.0000E+00
       0.0000E+00  0.0000E+00  0.0000E+00  0.0000E+00  0.0000E+00  0.0000E+00  0.0000E+00  0.0000E+00  0.0000E+00  0.0000E+00
