
 *****  Protons in Lexan (0.22GeV, 3cm)                                                   *****

           DATE: 12/18/18,  TIME:  5:54:34

          Total number of particles followed       10000000, for a total weight of  1.0000E+07

1

   Res. nuclei n.   1  "Ian       " ,  all         products, region n.     5
      detector volume:  1.0000E+00 cm**3
      Max. Z:  10, Max. N-Z:  11 Min. N-Z: -4
      Data follow in a matrix A(z,n-z-k), k: -5 format (1(5x,1p,10(1x,e11.4)))

       0.0000E+00  0.0000E+00  0.0000E+00  0.0000E+00  0.0000E+00  0.0000E+00  0.0000E+00  0.0000E+00  0.0000E+00  0.0000E+00
       0.0000E+00  0.0000E+00  0.0000E+00  0.0000E+00  0.0000E+00  3.5900E-05  0.0000E+00  2.5000E-06  0.0000E+00  0.0000E+00
       0.0000E+00  0.0000E+00  0.0000E+00  0.0000E+00  2.6580E-04  5.3420E-04  5.8900E-05  1.2170E-04  0.0000E+00  0.0000E+00
       8.4848E-02  7.3018E-03  0.0000E+00  3.4408E-03  0.0000E+00  1.0419E-02  1.4530E-04  2.5040E-03  0.0000E+00  0.0000E+00
       2.4702E-02  5.8780E-02  4.6801E-03  0.0000E+00  3.6050E-03  1.4064E-02  1.2047E-03  1.6183E-03  0.0000E+00  8.0000E-07
       3.9488E-03  0.0000E+00  2.6470E-03  7.9656E-04  6.8523E-03  6.7213E-04  1.7018E-03  3.6045E-06  1.0000E-07  1.0000E-07
       0.0000E+00  1.6430E-04  2.2390E-04  4.8240E-04  9.0240E-05  1.7290E-04  6.8328E-06  2.8000E-06  0.0000E+00  0.0000E+00
       0.0000E+00  0.0000E+00  1.6800E-05  3.1000E-06  4.0000E-06  3.0000E-07  2.2000E-06  0.0000E+00  0.0000E+00  0.0000E+00
       0.0000E+00  8.0000E-07  0.0000E+00  0.0000E+00  0.0000E+00  0.0000E+00  0.0000E+00  0.0000E+00  0.0000E+00  0.0000E+00
       0.0000E+00  0.0000E+00  0.0000E+00  0.0000E+00  0.0000E+00  0.0000E+00  0.0000E+00  0.0000E+00  0.0000E+00  0.0000E+00
       0.0000E+00  0.0000E+00  0.0000E+00  0.0000E+00  0.0000E+00  0.0000E+00  0.0000E+00  0.0000E+00  0.0000E+00  0.0000E+00
       0.0000E+00  0.0000E+00  0.0000E+00  0.0000E+00  0.0000E+00  0.0000E+00  0.0000E+00  0.0000E+00  0.0000E+00  0.0000E+00
       0.0000E+00  0.0000E+00  0.0000E+00  0.0000E+00  0.0000E+00  0.0000E+00  0.0000E+00  0.0000E+00  0.0000E+00  0.0000E+00
       0.0000E+00  0.0000E+00  0.0000E+00  0.0000E+00  0.0000E+00  0.0000E+00  0.0000E+00  0.0000E+00  0.0000E+00  0.0000E+00
       0.0000E+00  0.0000E+00  0.0000E+00  0.0000E+00  0.0000E+00  0.0000E+00  0.0000E+00  0.0000E+00  0.0000E+00  0.0000E+00
       0.0000E+00  0.0000E+00  0.0000E+00  0.0000E+00  0.0000E+00  0.0000E+00  0.0000E+00  0.0000E+00  0.0000E+00  0.0000E+00
