
 *****  Protons in Lexan (0.22GeV, 3cm)                                                   *****

           DATE: 12/18/18,  TIME:  5:54:34

          Total number of particles followed       10000000, for a total weight of  1.0000E+07

1

   Bdrx n.   2  "ofluence  " , generalized particle n.    1, from region n.     5 to region n.     4
      detector area:  1.0000E+02 cm**2
      this is a one way only estimator
      this is a fluence like estimator
      linear energy binning from   1.4000E-01 to  2.7000E-01 GeV,   650 bins ( 2.0000E-04 GeV wide)
      linear angular binning from  0.0000E+00 to  6.2832E+00 sr ,     1 bins ( 6.2832E+00 sr wide )
      Data follow in a matrix A(ie,ia), format (1(5x,1p,10(1x,e11.4)))

       5.9316E-04  6.3065E-04  5.7589E-04  5.8839E-04  6.2444E-04  5.7009E-04  5.9170E-04  5.7292E-04  5.9819E-04  5.7265E-04
       5.7584E-04  5.7540E-04  5.7299E-04  5.6955E-04  6.0455E-04  5.6786E-04  5.9449E-04  6.0142E-04  6.1431E-04  5.9395E-04
       5.6097E-04  5.9650E-04  6.0805E-04  5.7176E-04  6.1954E-04  6.2884E-04  6.0260E-04  5.8977E-04  6.2234E-04  6.2248E-04
       5.6074E-04  6.1527E-04  5.7716E-04  5.8570E-04  5.7929E-04  5.5416E-04  5.9202E-04  5.3696E-04  6.2077E-04  6.3257E-04
       5.7677E-04  5.9688E-04  5.4983E-04  5.6208E-04  5.8348E-04  6.0410E-04  6.2102E-04  6.0294E-04  5.5131E-04  5.6597E-04
       6.1688E-04  5.6459E-04  5.8442E-04  5.9642E-04  5.7473E-04  5.8337E-04  5.7147E-04  5.6604E-04  5.7500E-04  5.9774E-04
       5.7930E-04  5.5441E-04  5.5329E-04  5.3865E-04  5.5950E-04  5.5914E-04  5.8441E-04  5.8353E-04  5.5555E-04  5.4970E-04
       5.6210E-04  5.4213E-04  5.6658E-04  5.4971E-04  5.4883E-04  5.4893E-04  5.3954E-04  5.9575E-04  6.2377E-04  5.1733E-04
       5.2342E-04  5.4979E-04  5.8612E-04  5.6766E-04  5.7236E-04  5.4407E-04  5.5348E-04  5.4342E-04  5.2959E-04  5.3266E-04
       5.3018E-04  5.5120E-04  5.5303E-04  5.2668E-04  5.6956E-04  5.6904E-04  5.4289E-04  5.3233E-04  5.4308E-04  5.2211E-04
       5.4543E-04  5.5665E-04  5.2221E-04  5.1978E-04  5.0373E-04  5.1480E-04  5.5558E-04  4.9260E-04  5.3301E-04  4.9140E-04
       5.1586E-04  5.2309E-04  5.3432E-04  4.9823E-04  4.9902E-04  5.2863E-04  4.9905E-04  5.5811E-04  5.1602E-04  5.2214E-04
       4.6670E-04  4.8666E-04  4.6822E-04  4.6267E-04  4.5755E-04  4.9346E-04  5.0507E-04  5.2524E-04  4.7255E-04  5.0296E-04
       4.8873E-04  4.7354E-04  4.6860E-04  4.5181E-04  4.7666E-04  4.7652E-04  4.8105E-04  4.8394E-04  5.0717E-04  4.6233E-04
       4.4454E-04  4.5464E-04  4.7078E-04  4.3191E-04  4.7860E-04  4.6202E-04  4.5366E-04  4.6372E-04  4.8069E-04  4.3526E-04
       4.2471E-04  4.5515E-04  4.1815E-04  4.6612E-04  4.5028E-04  4.3077E-04  4.1443E-04  4.4169E-04  4.1168E-04  4.2697E-04
       4.2746E-04  4.1983E-04  4.2040E-04  4.2472E-04  4.1305E-04  4.0501E-04  3.8451E-04  4.4874E-04  4.0377E-04  3.9725E-04
       4.3109E-04  4.1531E-04  4.2213E-04  3.9216E-04  3.7640E-04  3.9446E-04  3.6630E-04  3.4353E-04  3.9169E-04  3.9634E-04
       3.7308E-04  4.2061E-04  3.9660E-04  3.7907E-04  3.9253E-04  3.9054E-04  3.3237E-04  3.4650E-04  3.3384E-04  3.5674E-04
       3.6160E-04  3.6218E-04  3.4009E-04  3.4480E-04  3.1498E-04  3.6052E-04  3.2429E-04  3.5972E-04  3.1698E-04  2.9720E-04
       3.2255E-04  2.9028E-04  3.1249E-04  2.7841E-04  3.0077E-04  3.2256E-04  2.7375E-04  2.9047E-04  2.7847E-04  2.9452E-04
       2.8614E-04  2.4440E-04  2.3385E-04  2.4339E-04  2.5618E-04  2.1139E-04  2.2131E-04  2.3539E-04  1.9969E-04  2.1098E-04
       2.1933E-04  2.0209E-04  1.6616E-04  1.6417E-04  1.9056E-04  1.8152E-04  1.6490E-04  1.8555E-04  1.7305E-04  1.6531E-04
       1.6060E-04  1.9509E-04  1.7813E-04  2.0724E-04  1.7015E-04  2.1396E-04  1.8827E-04  2.0388E-04  2.2676E-04  2.3481E-04
       2.6668E-04  2.7871E-04  2.5249E-04  3.0656E-04  3.2770E-04  3.7463E-04  4.1598E-04  4.7019E-04  5.2412E-04  6.8380E-04
       9.2822E-04  1.3279E-03  2.0501E-03  2.8365E-03  4.3706E-03  6.5311E-03  9.5594E-03  1.4171E-02  2.0608E-02  2.9300E-02
       4.1076E-02  5.5989E-02  7.6036E-02  1.0045E-01  1.2896E-01  1.6333E-01  2.0160E-01  2.4395E-01  2.8807E-01  3.3282E-01
       3.7532E-01  4.1305E-01  4.4346E-01  4.6450E-01  4.7334E-01  4.7188E-01  4.5869E-01  4.3297E-01  3.9807E-01  3.5742E-01
       3.1116E-01  2.6347E-01  2.1748E-01  1.7381E-01  1.3566E-01  1.0262E-01  7.5429E-02  5.3487E-02  3.7045E-02  2.5105E-02
       1.6222E-02  1.0474E-02  6.3772E-03  3.7912E-03  2.1451E-03  1.1979E-03  6.6063E-04  3.4307E-04  1.6637E-04  8.6759E-05
       4.2183E-05  1.5917E-05  1.1938E-05  1.5918E-06  1.5919E-06  0.0000E+00  7.9579E-07  0.0000E+00  0.0000E+00  0.0000E+00
       0.0000E+00  0.0000E+00  0.0000E+00  0.0000E+00  0.0000E+00  0.0000E+00  0.0000E+00  0.0000E+00  0.0000E+00  0.0000E+00
       0.0000E+00  0.0000E+00  0.0000E+00  0.0000E+00  0.0000E+00  0.0000E+00  0.0000E+00  0.0000E+00  0.0000E+00  0.0000E+00
       0.0000E+00  0.0000E+00  0.0000E+00  0.0000E+00  0.0000E+00  0.0000E+00  0.0000E+00  0.0000E+00  0.0000E+00  0.0000E+00
       0.0000E+00  0.0000E+00  0.0000E+00  0.0000E+00  0.0000E+00  0.0000E+00  0.0000E+00  0.0000E+00  0.0000E+00  0.0000E+00
       0.0000E+00  0.0000E+00  0.0000E+00  0.0000E+00  0.0000E+00  0.0000E+00  0.0000E+00  0.0000E+00  0.0000E+00  0.0000E+00
       0.0000E+00  0.0000E+00  0.0000E+00  0.0000E+00  0.0000E+00  0.0000E+00  0.0000E+00  0.0000E+00  0.0000E+00  0.0000E+00
       0.0000E+00  0.0000E+00  0.0000E+00  0.0000E+00  0.0000E+00  0.0000E+00  0.0000E+00  0.0000E+00  0.0000E+00  0.0000E+00
       0.0000E+00  0.0000E+00  0.0000E+00  0.0000E+00  0.0000E+00  0.0000E+00  0.0000E+00  0.0000E+00  0.0000E+00  0.0000E+00
       0.0000E+00  0.0000E+00  0.0000E+00  0.0000E+00  0.0000E+00  0.0000E+00  0.0000E+00  0.0000E+00  0.0000E+00  0.0000E+00
       0.0000E+00  0.0000E+00  0.0000E+00  0.0000E+00  0.0000E+00  0.0000E+00  0.0000E+00  0.0000E+00  0.0000E+00  0.0000E+00
       0.0000E+00  0.0000E+00  0.0000E+00  0.0000E+00  0.0000E+00  0.0000E+00  0.0000E+00  0.0000E+00  0.0000E+00  0.0000E+00
       0.0000E+00  0.0000E+00  0.0000E+00  0.0000E+00  0.0000E+00  0.0000E+00  0.0000E+00  0.0000E+00  0.0000E+00  0.0000E+00
       0.0000E+00  0.0000E+00  0.0000E+00  0.0000E+00  0.0000E+00  0.0000E+00  0.0000E+00  0.0000E+00  0.0000E+00  0.0000E+00
       0.0000E+00  0.0000E+00  0.0000E+00  0.0000E+00  0.0000E+00  0.0000E+00  0.0000E+00  0.0000E+00  0.0000E+00  0.0000E+00
       0.0000E+00  0.0000E+00  0.0000E+00  0.0000E+00  0.0000E+00  0.0000E+00  0.0000E+00  0.0000E+00  0.0000E+00  0.0000E+00
       0.0000E+00  0.0000E+00  0.0000E+00  0.0000E+00  0.0000E+00  0.0000E+00  0.0000E+00  0.0000E+00  0.0000E+00  0.0000E+00
       0.0000E+00  0.0000E+00  0.0000E+00  0.0000E+00  0.0000E+00  0.0000E+00  0.0000E+00  0.0000E+00  0.0000E+00  0.0000E+00
       0.0000E+00  0.0000E+00  0.0000E+00  0.0000E+00  0.0000E+00  0.0000E+00  0.0000E+00  0.0000E+00  0.0000E+00  0.0000E+00
       0.0000E+00  0.0000E+00  0.0000E+00  0.0000E+00  0.0000E+00  0.0000E+00  0.0000E+00  0.0000E+00  0.0000E+00  0.0000E+00
       0.0000E+00  0.0000E+00  0.0000E+00  0.0000E+00  0.0000E+00  0.0000E+00  0.0000E+00  0.0000E+00  0.0000E+00  0.0000E+00
       0.0000E+00  0.0000E+00  0.0000E+00  0.0000E+00  0.0000E+00  0.0000E+00  0.0000E+00  0.0000E+00  0.0000E+00  0.0000E+00
       0.0000E+00  0.0000E+00  0.0000E+00  0.0000E+00  0.0000E+00  0.0000E+00  0.0000E+00  0.0000E+00  0.0000E+00  0.0000E+00
       0.0000E+00  0.0000E+00  0.0000E+00  0.0000E+00  0.0000E+00  0.0000E+00  0.0000E+00  0.0000E+00  0.0000E+00  0.0000E+00
       0.0000E+00  0.0000E+00  0.0000E+00  0.0000E+00  0.0000E+00  0.0000E+00  0.0000E+00  0.0000E+00  0.0000E+00  0.0000E+00
       0.0000E+00  0.0000E+00  0.0000E+00  0.0000E+00  0.0000E+00  0.0000E+00  0.0000E+00  0.0000E+00  0.0000E+00  0.0000E+00
       0.0000E+00  0.0000E+00  0.0000E+00  0.0000E+00  0.0000E+00  0.0000E+00  0.0000E+00  0.0000E+00  0.0000E+00  0.0000E+00
       0.0000E+00  0.0000E+00  0.0000E+00  0.0000E+00  0.0000E+00  0.0000E+00  0.0000E+00  0.0000E+00  0.0000E+00  0.0000E+00
       0.0000E+00  0.0000E+00  0.0000E+00  0.0000E+00  0.0000E+00  0.0000E+00  0.0000E+00  0.0000E+00  0.0000E+00  0.0000E+00
       0.0000E+00  0.0000E+00  0.0000E+00  0.0000E+00  0.0000E+00  0.0000E+00  0.0000E+00  0.0000E+00  0.0000E+00  0.0000E+00
       0.0000E+00  0.0000E+00  0.0000E+00  0.0000E+00  0.0000E+00  0.0000E+00  0.0000E+00  0.0000E+00  0.0000E+00  0.0000E+00
       0.0000E+00  0.0000E+00  0.0000E+00  0.0000E+00  0.0000E+00  0.0000E+00  0.0000E+00  0.0000E+00  0.0000E+00  0.0000E+00
       0.0000E+00  0.0000E+00  0.0000E+00  0.0000E+00  0.0000E+00  0.0000E+00  0.0000E+00  0.0000E+00  0.0000E+00  0.0000E+00
       0.0000E+00  0.0000E+00  0.0000E+00  0.0000E+00  0.0000E+00  0.0000E+00  0.0000E+00  0.0000E+00  0.0000E+00  0.0000E+00
       0.0000E+00  0.0000E+00  0.0000E+00  0.0000E+00  0.0000E+00  0.0000E+00  0.0000E+00  0.0000E+00  0.0000E+00  0.0000E+00
1

   Bdrx n.   6  "ofluence  " , generalized particle n.    1, from region n.     5 to region n.     4
      detector area:  1.0000E+02 cm**2
      this is a one way only estimator
      this is a fluence like estimator
      linear energy binning from   0.0000E+00 to  3.0000E+02 GeV,     1 bins ( 3.0000E+02 GeV wide)
      linear angular binning from  0.0000E+00 to  6.2832E+00 sr ,     1 bins ( 6.2832E+00 sr wide )
      Data follow in a matrix A(ie,ia), format (1(5x,1p,10(1x,e11.4)))

       5.2941E-06
