
 *****  Protons in Lexan (0.19GeV, 0cm)                                                   *****

           DATE: 12/19/18,  TIME:  7:53:33

          Total number of particles followed       50000000, for a total weight of  5.0000E+07

1

   Bdrx n.   4  "ocurrent  " , generalized particle n.    1, from region n.     5 to region n.     4
      detector area:  1.0000E+02 cm**2
      this is a one way only estimator
      this is a current like estimator
      linear energy binning from   1.1000E-01 to  2.4000E-01 GeV,   650 bins ( 2.0000E-04 GeV wide)
      linear angular binning from  0.0000E+00 to  6.2832E+00 sr ,     1 bins ( 6.2832E+00 sr wide )
      Data follow in a matrix A(ie,ia), format (1(5x,1p,10(1x,e11.4)))

       1.2939E-04  1.3146E-04  1.3815E-04  1.2669E-04  1.3242E-04  1.3258E-04  1.3098E-04  1.2860E-04  1.3114E-04  1.2319E-04
       1.2907E-04  1.4324E-04  1.2971E-04  1.2923E-04  1.2764E-04  1.3258E-04  1.2319E-04  1.3162E-04  1.2589E-04  1.3194E-04
       1.3003E-04  1.3321E-04  1.3035E-04  1.3385E-04  1.2955E-04  1.3242E-04  1.3035E-04  1.3401E-04  1.3751E-04  1.2287E-04
       1.3067E-04  1.2144E-04  1.2589E-04  1.3114E-04  1.2987E-04  1.3194E-04  1.3162E-04  1.2685E-04  1.3465E-04  1.2828E-04
       1.3465E-04  1.2669E-04  1.2287E-04  1.2860E-04  1.2430E-04  1.2716E-04  1.2557E-04  1.2510E-04  1.3337E-04  1.2669E-04
       1.2462E-04  1.2128E-04  1.2971E-04  1.3353E-04  1.3114E-04  1.3274E-04  1.2764E-04  1.2637E-04  1.3894E-04  1.3067E-04
       1.2541E-04  1.2557E-04  1.2780E-04  1.2223E-04  1.2796E-04  1.3003E-04  1.2414E-04  1.2637E-04  1.3544E-04  1.2557E-04
       1.2732E-04  1.3003E-04  1.3178E-04  1.2796E-04  1.1984E-04  1.3385E-04  1.3337E-04  1.2319E-04  1.3640E-04  1.3369E-04
       1.3465E-04  1.2955E-04  1.2653E-04  1.3417E-04  1.3098E-04  1.2685E-04  1.3226E-04  1.3401E-04  1.2701E-04  1.3433E-04
       1.2748E-04  1.3321E-04  1.3369E-04  1.2876E-04  1.3067E-04  1.3321E-04  1.2796E-04  1.3608E-04  1.3369E-04  1.3512E-04
       1.2637E-04  1.2303E-04  1.2764E-04  1.2748E-04  1.3083E-04  1.2844E-04  1.2971E-04  1.3003E-04  1.2446E-04  1.2828E-04
       1.2669E-04  1.2510E-04  1.2478E-04  1.2016E-04  1.2844E-04  1.3098E-04  1.3449E-04  1.3083E-04  1.3051E-04  1.3417E-04
       1.3035E-04  1.3019E-04  1.3051E-04  1.4340E-04  1.3337E-04  1.3417E-04  1.3146E-04  1.3560E-04  1.3321E-04  1.2525E-04
       1.3576E-04  1.3274E-04  1.2971E-04  1.3687E-04  1.3162E-04  1.3019E-04  1.2923E-04  1.4181E-04  1.2653E-04  1.3226E-04
       1.2366E-04  1.2398E-04  1.2525E-04  1.3162E-04  1.3003E-04  1.3799E-04  1.3751E-04  1.2398E-04  1.2478E-04  1.2669E-04
       1.2860E-04  1.2319E-04  1.3449E-04  1.3369E-04  1.2923E-04  1.4388E-04  1.2541E-04  1.3528E-04  1.3433E-04  1.3242E-04
       1.3433E-04  1.2796E-04  1.3512E-04  1.3417E-04  1.2892E-04  1.3337E-04  1.3194E-04  1.3146E-04  1.3369E-04  1.3114E-04
       1.3162E-04  1.2335E-04  1.3369E-04  1.2955E-04  1.3019E-04  1.2159E-04  1.3417E-04  1.3083E-04  1.2701E-04  1.3735E-04
       1.2748E-04  1.2685E-04  1.2796E-04  1.2812E-04  1.2907E-04  1.2732E-04  1.2382E-04  1.2716E-04  1.3178E-04  1.3305E-04
       1.2430E-04  1.3512E-04  1.2876E-04  1.2685E-04  1.2541E-04  1.3369E-04  1.2494E-04  1.2748E-04  1.3130E-04  1.2525E-04
       1.2080E-04  1.2621E-04  1.1984E-04  1.2366E-04  1.2366E-04  1.2430E-04  1.2398E-04  1.1220E-04  1.1968E-04  1.2112E-04
       1.2032E-04  1.1746E-04  1.2398E-04  1.1109E-04  1.2255E-04  1.2064E-04  1.1937E-04  1.2414E-04  1.2096E-04  1.1793E-04
       1.1571E-04  1.1300E-04  1.2191E-04  1.1571E-04  1.2159E-04  1.0520E-04  1.1173E-04  1.1459E-04  1.0329E-04  1.1650E-04
       1.1777E-04  1.1395E-04  1.1125E-04  1.0838E-04  1.0934E-04  1.0918E-04  1.0600E-04  1.1077E-04  1.0377E-04  1.1045E-04
       1.1348E-04  1.0663E-04  1.1953E-04  1.0520E-04  1.0982E-04  1.0838E-04  1.0600E-04  9.9631E-05  1.0043E-04  1.1045E-04
       1.0202E-04  9.8835E-05  1.0966E-04  1.0536E-04  1.1061E-04  1.1475E-04  1.0918E-04  9.3265E-05  1.0250E-04  1.0377E-04
       9.3901E-05  1.0536E-04  1.0377E-04  9.6289E-05  9.9631E-05  9.9949E-05  9.5016E-05  1.0313E-04  9.9790E-05  1.0170E-04
       9.4220E-05  9.9949E-05  9.4856E-05  9.7721E-05  9.8676E-05  9.7721E-05  1.0059E-04  8.6739E-05  1.0011E-04  9.4379E-05
       9.5652E-05  9.7880E-05  8.8331E-05  8.6421E-05  8.7694E-05  8.3556E-05  8.7694E-05  8.8490E-05  8.0055E-05  8.6739E-05
       8.4830E-05  8.6421E-05  8.3875E-05  7.7508E-05  8.4830E-05  8.0692E-05  8.4830E-05  7.8782E-05  7.6076E-05  7.5758E-05
       8.0214E-05  8.0851E-05  7.7349E-05  7.3370E-05  6.8914E-05  7.1461E-05  6.7004E-05  6.5572E-05  7.1938E-05  7.0983E-05
       6.7323E-05  6.4617E-05  6.2707E-05  5.7455E-05  5.1407E-05  5.9524E-05  5.1089E-05  5.1089E-05  4.9975E-05  4.2972E-05
       4.3290E-05  4.2654E-05  4.2813E-05  4.1062E-05  4.1858E-05  3.4855E-05  3.2786E-05  3.6924E-05  3.7083E-05  3.5492E-05
       3.4537E-05  3.6606E-05  3.5810E-05  3.5492E-05  3.6128E-05  4.2176E-05  4.2813E-05  4.4245E-05  4.5677E-05  5.2044E-05
       4.9179E-05  5.0770E-05  5.9683E-05  6.2866E-05  6.1752E-05  7.2256E-05  7.8145E-05  7.0983E-05  7.8304E-05  7.4962E-05
       7.3848E-05  7.9896E-05  8.3397E-05  1.0059E-04  1.5931E-04  2.7279E-04  5.5529E-04  1.1504E-03  2.3590E-03  4.8229E-03
       9.4573E-03  1.7746E-02  3.2194E-02  5.5163E-02  9.0248E-02  1.4105E-01  2.0880E-01  2.9370E-01  3.9183E-01  4.9664E-01
       5.9638E-01  6.7627E-01  7.2758E-01  7.4060E-01  7.1126E-01  6.4575E-01  5.5399E-01  4.4859E-01  3.4283E-01  2.4742E-01
       1.6800E-01  1.0771E-01  6.4819E-02  3.6923E-02  1.9772E-02  9.8963E-03  4.7417E-03  2.1150E-03  8.8188E-04  3.4775E-04
       1.2907E-04  4.4404E-05  1.6393E-05  3.8197E-06  6.3662E-07  1.1141E-06  0.0000E+00  0.0000E+00  0.0000E+00  0.0000E+00
       0.0000E+00  0.0000E+00  0.0000E+00  0.0000E+00  0.0000E+00  0.0000E+00  0.0000E+00  0.0000E+00  0.0000E+00  0.0000E+00
       0.0000E+00  0.0000E+00  0.0000E+00  0.0000E+00  0.0000E+00  0.0000E+00  0.0000E+00  0.0000E+00  0.0000E+00  0.0000E+00
       0.0000E+00  0.0000E+00  0.0000E+00  0.0000E+00  0.0000E+00  0.0000E+00  0.0000E+00  0.0000E+00  0.0000E+00  0.0000E+00
       0.0000E+00  0.0000E+00  0.0000E+00  0.0000E+00  0.0000E+00  0.0000E+00  0.0000E+00  0.0000E+00  0.0000E+00  0.0000E+00
       0.0000E+00  0.0000E+00  0.0000E+00  0.0000E+00  0.0000E+00  0.0000E+00  0.0000E+00  0.0000E+00  0.0000E+00  0.0000E+00
       0.0000E+00  0.0000E+00  0.0000E+00  0.0000E+00  0.0000E+00  0.0000E+00  0.0000E+00  0.0000E+00  0.0000E+00  0.0000E+00
       0.0000E+00  0.0000E+00  0.0000E+00  0.0000E+00  0.0000E+00  0.0000E+00  0.0000E+00  0.0000E+00  0.0000E+00  0.0000E+00
       0.0000E+00  0.0000E+00  0.0000E+00  0.0000E+00  0.0000E+00  0.0000E+00  0.0000E+00  0.0000E+00  0.0000E+00  0.0000E+00
       0.0000E+00  0.0000E+00  0.0000E+00  0.0000E+00  0.0000E+00  0.0000E+00  0.0000E+00  0.0000E+00  0.0000E+00  0.0000E+00
       0.0000E+00  0.0000E+00  0.0000E+00  0.0000E+00  0.0000E+00  0.0000E+00  0.0000E+00  0.0000E+00  0.0000E+00  0.0000E+00
       0.0000E+00  0.0000E+00  0.0000E+00  0.0000E+00  0.0000E+00  0.0000E+00  0.0000E+00  0.0000E+00  0.0000E+00  0.0000E+00
       0.0000E+00  0.0000E+00  0.0000E+00  0.0000E+00  0.0000E+00  0.0000E+00  0.0000E+00  0.0000E+00  0.0000E+00  0.0000E+00
       0.0000E+00  0.0000E+00  0.0000E+00  0.0000E+00  0.0000E+00  0.0000E+00  0.0000E+00  0.0000E+00  0.0000E+00  0.0000E+00
       0.0000E+00  0.0000E+00  0.0000E+00  0.0000E+00  0.0000E+00  0.0000E+00  0.0000E+00  0.0000E+00  0.0000E+00  0.0000E+00
       0.0000E+00  0.0000E+00  0.0000E+00  0.0000E+00  0.0000E+00  0.0000E+00  0.0000E+00  0.0000E+00  0.0000E+00  0.0000E+00
       0.0000E+00  0.0000E+00  0.0000E+00  0.0000E+00  0.0000E+00  0.0000E+00  0.0000E+00  0.0000E+00  0.0000E+00  0.0000E+00
       0.0000E+00  0.0000E+00  0.0000E+00  0.0000E+00  0.0000E+00  0.0000E+00  0.0000E+00  0.0000E+00  0.0000E+00  0.0000E+00
       0.0000E+00  0.0000E+00  0.0000E+00  0.0000E+00  0.0000E+00  0.0000E+00  0.0000E+00  0.0000E+00  0.0000E+00  0.0000E+00
       0.0000E+00  0.0000E+00  0.0000E+00  0.0000E+00  0.0000E+00  0.0000E+00  0.0000E+00  0.0000E+00  0.0000E+00  0.0000E+00
       0.0000E+00  0.0000E+00  0.0000E+00  0.0000E+00  0.0000E+00  0.0000E+00  0.0000E+00  0.0000E+00  0.0000E+00  0.0000E+00
       0.0000E+00  0.0000E+00  0.0000E+00  0.0000E+00  0.0000E+00  0.0000E+00  0.0000E+00  0.0000E+00  0.0000E+00  0.0000E+00
       0.0000E+00  0.0000E+00  0.0000E+00  0.0000E+00  0.0000E+00  0.0000E+00  0.0000E+00  0.0000E+00  0.0000E+00  0.0000E+00
       0.0000E+00  0.0000E+00  0.0000E+00  0.0000E+00  0.0000E+00  0.0000E+00  0.0000E+00  0.0000E+00  0.0000E+00  0.0000E+00
       0.0000E+00  0.0000E+00  0.0000E+00  0.0000E+00  0.0000E+00  0.0000E+00  0.0000E+00  0.0000E+00  0.0000E+00  0.0000E+00
       0.0000E+00  0.0000E+00  0.0000E+00  0.0000E+00  0.0000E+00  0.0000E+00  0.0000E+00  0.0000E+00  0.0000E+00  0.0000E+00
