
 *****  Protons in Lexan (0.19GeV, 0cm)                                                   *****

           DATE: 12/19/18,  TIME:  7:53:33

          Total number of particles followed       50000000, for a total weight of  5.0000E+07

1

   Bdrx n.   2  "ofluence  " , generalized particle n.    1, from region n.     5 to region n.     4
      detector area:  1.0000E+02 cm**2
      this is a one way only estimator
      this is a fluence like estimator
      linear energy binning from   1.1000E-01 to  2.4000E-01 GeV,   650 bins ( 2.0000E-04 GeV wide)
      linear angular binning from  0.0000E+00 to  6.2832E+00 sr ,     1 bins ( 6.2832E+00 sr wide )
      Data follow in a matrix A(ie,ia), format (1(5x,1p,10(1x,e11.4)))

       1.7073E-04  1.7396E-04  1.8119E-04  1.6540E-04  1.7476E-04  1.7269E-04  1.6805E-04  1.6528E-04  1.7277E-04  1.6132E-04
       1.6915E-04  1.8576E-04  1.6839E-04  1.6538E-04  1.6498E-04  1.6929E-04  1.5672E-04  1.7054E-04  1.6089E-04  1.6981E-04
       1.6819E-04  1.6979E-04  1.6789E-04  1.7294E-04  1.6573E-04  1.7219E-04  1.6689E-04  1.7139E-04  1.7493E-04  1.6048E-04
       1.7290E-04  1.5449E-04  1.6068E-04  1.6648E-04  1.6557E-04  1.7090E-04  1.6666E-04  1.6422E-04  1.7220E-04  1.6343E-04
       1.7089E-04  1.5960E-04  1.5706E-04  1.6421E-04  1.5844E-04  1.6114E-04  1.5939E-04  1.5713E-04  1.6667E-04  1.5962E-04
       1.5521E-04  1.5307E-04  1.6295E-04  1.7134E-04  1.6557E-04  1.6833E-04  1.6225E-04  1.5857E-04  1.7292E-04  1.6314E-04
       1.5635E-04  1.5663E-04  1.5964E-04  1.5268E-04  1.5907E-04  1.6267E-04  1.5212E-04  1.5758E-04  1.6611E-04  1.5457E-04
       1.5815E-04  1.6230E-04  1.6299E-04  1.5794E-04  1.4670E-04  1.6528E-04  1.6326E-04  1.5224E-04  1.7102E-04  1.6672E-04
       1.6439E-04  1.5658E-04  1.5361E-04  1.6196E-04  1.6183E-04  1.5525E-04  1.6172E-04  1.6239E-04  1.5436E-04  1.6189E-04
       1.5529E-04  1.6319E-04  1.6549E-04  1.5598E-04  1.5618E-04  1.5993E-04  1.5761E-04  1.6166E-04  1.6388E-04  1.6374E-04
       1.5540E-04  1.5277E-04  1.5351E-04  1.5607E-04  1.5654E-04  1.5459E-04  1.5461E-04  1.5747E-04  1.4921E-04  1.5353E-04
       1.5092E-04  1.5074E-04  1.4958E-04  1.4404E-04  1.5402E-04  1.5684E-04  1.5972E-04  1.5795E-04  1.5538E-04  1.6267E-04
       1.5746E-04  1.5418E-04  1.5453E-04  1.6926E-04  1.5890E-04  1.6124E-04  1.5704E-04  1.6190E-04  1.5904E-04  1.4935E-04
       1.6104E-04  1.5778E-04  1.5569E-04  1.6182E-04  1.5520E-04  1.5440E-04  1.5366E-04  1.6815E-04  1.4728E-04  1.5699E-04
       1.4558E-04  1.4654E-04  1.4747E-04  1.5548E-04  1.5225E-04  1.6134E-04  1.6106E-04  1.4579E-04  1.4800E-04  1.4836E-04
       1.4983E-04  1.4510E-04  1.5712E-04  1.5577E-04  1.5068E-04  1.6689E-04  1.4585E-04  1.5794E-04  1.5512E-04  1.5294E-04
       1.5512E-04  1.4866E-04  1.5721E-04  1.5564E-04  1.4870E-04  1.5370E-04  1.5241E-04  1.5183E-04  1.5365E-04  1.5118E-04
       1.5217E-04  1.4251E-04  1.5419E-04  1.4914E-04  1.4920E-04  1.4140E-04  1.5294E-04  1.4943E-04  1.4671E-04  1.5615E-04
       1.4552E-04  1.4658E-04  1.4569E-04  1.4651E-04  1.4729E-04  1.4459E-04  1.4148E-04  1.4507E-04  1.5085E-04  1.5215E-04
       1.4133E-04  1.5371E-04  1.4577E-04  1.4412E-04  1.4158E-04  1.5168E-04  1.4137E-04  1.4412E-04  1.4947E-04  1.4225E-04
       1.3662E-04  1.4228E-04  1.3530E-04  1.3919E-04  1.3987E-04  1.3992E-04  1.3921E-04  1.2682E-04  1.3612E-04  1.3564E-04
       1.3612E-04  1.3169E-04  1.3957E-04  1.2432E-04  1.3621E-04  1.3454E-04  1.3294E-04  1.3901E-04  1.3544E-04  1.3188E-04
       1.2944E-04  1.2655E-04  1.3565E-04  1.2945E-04  1.3551E-04  1.1733E-04  1.2438E-04  1.2826E-04  1.1466E-04  1.2904E-04
       1.3098E-04  1.2603E-04  1.2301E-04  1.1975E-04  1.2086E-04  1.2178E-04  1.2251E-04  1.2286E-04  1.1488E-04  1.2168E-04
       1.2510E-04  1.1865E-04  1.3279E-04  1.1512E-04  1.2098E-04  1.1939E-04  1.1778E-04  1.0963E-04  1.0994E-04  1.2203E-04
       1.1296E-04  1.0857E-04  1.1929E-04  1.1526E-04  1.2121E-04  1.2519E-04  1.1895E-04  1.0175E-04  1.1359E-04  1.1408E-04
       1.0301E-04  1.1459E-04  1.1249E-04  1.0470E-04  1.0831E-04  1.0884E-04  1.0360E-04  1.1228E-04  1.0856E-04  1.0966E-04
       1.0191E-04  1.0855E-04  1.0311E-04  1.0558E-04  1.0633E-04  1.0500E-04  1.0942E-04  9.3151E-05  1.0756E-04  1.0159E-04
       1.0258E-04  1.0500E-04  9.4606E-05  9.3364E-05  9.3916E-05  8.9563E-05  9.3820E-05  9.4613E-05  8.6199E-05  9.3739E-05
       9.0622E-05  9.1959E-05  8.9379E-05  8.2644E-05  9.0331E-05  8.6224E-05  9.0525E-05  8.3641E-05  8.2095E-05  8.0593E-05
       8.5511E-05  8.6052E-05  8.2059E-05  7.8308E-05  7.2842E-05  7.6373E-05  7.0918E-05  6.9776E-05  7.7047E-05  7.4892E-05
       7.0765E-05  6.7807E-05  6.6320E-05  6.2174E-05  5.4591E-05  6.2840E-05  5.4632E-05  5.4082E-05  5.4127E-05  4.6473E-05
       4.6639E-05  4.5486E-05  4.7576E-05  4.4689E-05  4.5036E-05  3.8147E-05  3.5405E-05  4.1825E-05  4.0285E-05  3.8535E-05
       3.9461E-05  3.9958E-05  3.9013E-05  3.8619E-05  3.9438E-05  4.6097E-05  4.6875E-05  4.8139E-05  4.9748E-05  5.5663E-05
       5.2967E-05  5.4318E-05  6.5244E-05  6.6924E-05  6.5959E-05  7.6254E-05  8.2099E-05  7.4134E-05  8.2398E-05  7.9391E-05
       7.7669E-05  8.3968E-05  8.8873E-05  1.0579E-04  1.6803E-04  2.7784E-04  5.6233E-04  1.1586E-03  2.3701E-03  4.8353E-03
       9.4726E-03  1.7766E-02  3.2219E-02  5.5191E-02  9.0282E-02  1.4109E-01  2.0885E-01  2.9376E-01  3.9189E-01  4.9671E-01
       5.9646E-01  6.7635E-01  7.2765E-01  7.4067E-01  7.1132E-01  6.4580E-01  5.5403E-01  4.4862E-01  3.4285E-01  2.4744E-01
       1.6801E-01  1.0772E-01  6.4823E-02  3.6925E-02  1.9773E-02  9.8968E-03  4.7420E-03  2.1151E-03  8.8192E-04  3.4777E-04
       1.2908E-04  4.4406E-05  1.6394E-05  3.8199E-06  6.3663E-07  1.1141E-06  0.0000E+00  0.0000E+00  0.0000E+00  0.0000E+00
       0.0000E+00  0.0000E+00  0.0000E+00  0.0000E+00  0.0000E+00  0.0000E+00  0.0000E+00  0.0000E+00  0.0000E+00  0.0000E+00
       0.0000E+00  0.0000E+00  0.0000E+00  0.0000E+00  0.0000E+00  0.0000E+00  0.0000E+00  0.0000E+00  0.0000E+00  0.0000E+00
       0.0000E+00  0.0000E+00  0.0000E+00  0.0000E+00  0.0000E+00  0.0000E+00  0.0000E+00  0.0000E+00  0.0000E+00  0.0000E+00
       0.0000E+00  0.0000E+00  0.0000E+00  0.0000E+00  0.0000E+00  0.0000E+00  0.0000E+00  0.0000E+00  0.0000E+00  0.0000E+00
       0.0000E+00  0.0000E+00  0.0000E+00  0.0000E+00  0.0000E+00  0.0000E+00  0.0000E+00  0.0000E+00  0.0000E+00  0.0000E+00
       0.0000E+00  0.0000E+00  0.0000E+00  0.0000E+00  0.0000E+00  0.0000E+00  0.0000E+00  0.0000E+00  0.0000E+00  0.0000E+00
       0.0000E+00  0.0000E+00  0.0000E+00  0.0000E+00  0.0000E+00  0.0000E+00  0.0000E+00  0.0000E+00  0.0000E+00  0.0000E+00
       0.0000E+00  0.0000E+00  0.0000E+00  0.0000E+00  0.0000E+00  0.0000E+00  0.0000E+00  0.0000E+00  0.0000E+00  0.0000E+00
       0.0000E+00  0.0000E+00  0.0000E+00  0.0000E+00  0.0000E+00  0.0000E+00  0.0000E+00  0.0000E+00  0.0000E+00  0.0000E+00
       0.0000E+00  0.0000E+00  0.0000E+00  0.0000E+00  0.0000E+00  0.0000E+00  0.0000E+00  0.0000E+00  0.0000E+00  0.0000E+00
       0.0000E+00  0.0000E+00  0.0000E+00  0.0000E+00  0.0000E+00  0.0000E+00  0.0000E+00  0.0000E+00  0.0000E+00  0.0000E+00
       0.0000E+00  0.0000E+00  0.0000E+00  0.0000E+00  0.0000E+00  0.0000E+00  0.0000E+00  0.0000E+00  0.0000E+00  0.0000E+00
       0.0000E+00  0.0000E+00  0.0000E+00  0.0000E+00  0.0000E+00  0.0000E+00  0.0000E+00  0.0000E+00  0.0000E+00  0.0000E+00
       0.0000E+00  0.0000E+00  0.0000E+00  0.0000E+00  0.0000E+00  0.0000E+00  0.0000E+00  0.0000E+00  0.0000E+00  0.0000E+00
       0.0000E+00  0.0000E+00  0.0000E+00  0.0000E+00  0.0000E+00  0.0000E+00  0.0000E+00  0.0000E+00  0.0000E+00  0.0000E+00
       0.0000E+00  0.0000E+00  0.0000E+00  0.0000E+00  0.0000E+00  0.0000E+00  0.0000E+00  0.0000E+00  0.0000E+00  0.0000E+00
       0.0000E+00  0.0000E+00  0.0000E+00  0.0000E+00  0.0000E+00  0.0000E+00  0.0000E+00  0.0000E+00  0.0000E+00  0.0000E+00
       0.0000E+00  0.0000E+00  0.0000E+00  0.0000E+00  0.0000E+00  0.0000E+00  0.0000E+00  0.0000E+00  0.0000E+00  0.0000E+00
       0.0000E+00  0.0000E+00  0.0000E+00  0.0000E+00  0.0000E+00  0.0000E+00  0.0000E+00  0.0000E+00  0.0000E+00  0.0000E+00
       0.0000E+00  0.0000E+00  0.0000E+00  0.0000E+00  0.0000E+00  0.0000E+00  0.0000E+00  0.0000E+00  0.0000E+00  0.0000E+00
       0.0000E+00  0.0000E+00  0.0000E+00  0.0000E+00  0.0000E+00  0.0000E+00  0.0000E+00  0.0000E+00  0.0000E+00  0.0000E+00
       0.0000E+00  0.0000E+00  0.0000E+00  0.0000E+00  0.0000E+00  0.0000E+00  0.0000E+00  0.0000E+00  0.0000E+00  0.0000E+00
       0.0000E+00  0.0000E+00  0.0000E+00  0.0000E+00  0.0000E+00  0.0000E+00  0.0000E+00  0.0000E+00  0.0000E+00  0.0000E+00
       0.0000E+00  0.0000E+00  0.0000E+00  0.0000E+00  0.0000E+00  0.0000E+00  0.0000E+00  0.0000E+00  0.0000E+00  0.0000E+00
       0.0000E+00  0.0000E+00  0.0000E+00  0.0000E+00  0.0000E+00  0.0000E+00  0.0000E+00  0.0000E+00  0.0000E+00  0.0000E+00
1

   Bdrx n.   6  "ofluence  " , generalized particle n.    1, from region n.     5 to region n.     4
      detector area:  1.0000E+02 cm**2
      this is a one way only estimator
      this is a fluence like estimator
      linear energy binning from   0.0000E+00 to  3.0000E+02 GeV,     1 bins ( 3.0000E+02 GeV wide)
      linear angular binning from  0.0000E+00 to  6.2832E+00 sr ,     1 bins ( 6.2832E+00 sr wide )
      Data follow in a matrix A(ie,ia), format (1(5x,1p,10(1x,e11.4)))

       5.3351E-06
