
 *****  Protons in Lexan (0.19GeV, 0cm)                                                   *****

           DATE: 12/19/18,  TIME:  7:53:33

          Total number of particles followed       50000000, for a total weight of  5.0000E+07

1

   Res. nuclei n.   1  "Ian       " ,  all         products, region n.     5
      detector volume:  1.0000E+00 cm**3
      Max. Z:  10, Max. N-Z:  11 Min. N-Z: -4
      Data follow in a matrix A(z,n-z-k), k: -5 format (1(5x,1p,10(1x,e11.4)))

       0.0000E+00  0.0000E+00  0.0000E+00  0.0000E+00  0.0000E+00  0.0000E+00  0.0000E+00  0.0000E+00  0.0000E+00  0.0000E+00
       0.0000E+00  0.0000E+00  0.0000E+00  0.0000E+00  0.0000E+00  6.6000E-06  0.0000E+00  3.6000E-07  0.0000E+00  0.0000E+00
       0.0000E+00  0.0000E+00  0.0000E+00  0.0000E+00  5.3360E-05  1.0464E-04  1.1780E-05  2.1640E-05  0.0000E+00  0.0000E+00
       9.2134E-03  1.4568E-03  0.0000E+00  6.9710E-04  0.0000E+00  2.0809E-03  2.8740E-05  5.0254E-04  2.0000E-08  0.0000E+00
       2.3760E-03  1.1368E-02  9.4664E-04  0.0000E+00  6.9696E-04  2.5851E-03  2.3748E-04  3.0641E-04  0.0000E+00  1.0000E-07
       7.4606E-04  0.0000E+00  5.1560E-04  1.4182E-04  1.2858E-03  1.2745E-04  3.1127E-04  3.8331E-07  0.0000E+00  0.0000E+00
       0.0000E+00  3.2460E-05  4.1980E-05  8.9260E-05  1.3560E-05  3.0280E-05  5.3418E-07  5.4000E-07  0.0000E+00  0.0000E+00
       0.0000E+00  0.0000E+00  2.8200E-06  3.2000E-07  7.8000E-07  4.0000E-08  4.8000E-07  0.0000E+00  0.0000E+00  0.0000E+00
       0.0000E+00  8.0000E-08  0.0000E+00  2.0000E-08  0.0000E+00  8.0000E-08  0.0000E+00  0.0000E+00  0.0000E+00  0.0000E+00
       0.0000E+00  0.0000E+00  0.0000E+00  0.0000E+00  0.0000E+00  0.0000E+00  0.0000E+00  0.0000E+00  0.0000E+00  0.0000E+00
       0.0000E+00  0.0000E+00  0.0000E+00  0.0000E+00  0.0000E+00  0.0000E+00  0.0000E+00  0.0000E+00  0.0000E+00  0.0000E+00
       0.0000E+00  0.0000E+00  0.0000E+00  0.0000E+00  0.0000E+00  0.0000E+00  0.0000E+00  0.0000E+00  0.0000E+00  0.0000E+00
       0.0000E+00  0.0000E+00  0.0000E+00  0.0000E+00  0.0000E+00  0.0000E+00  0.0000E+00  0.0000E+00  0.0000E+00  0.0000E+00
       0.0000E+00  0.0000E+00  0.0000E+00  0.0000E+00  0.0000E+00  0.0000E+00  0.0000E+00  0.0000E+00  0.0000E+00  0.0000E+00
       0.0000E+00  0.0000E+00  0.0000E+00  0.0000E+00  0.0000E+00  0.0000E+00  0.0000E+00  0.0000E+00  0.0000E+00  0.0000E+00
       0.0000E+00  0.0000E+00  0.0000E+00  0.0000E+00  0.0000E+00  0.0000E+00  0.0000E+00  0.0000E+00  0.0000E+00  0.0000E+00
