
 *****  Protons in Lexan (0.19GeV, 1.0cm)                                                 *****

           DATE: 12/16/18,  TIME: 17:13:56

          Total number of particles followed        9000000, for a total weight of  9.0000E+06

1

   Res. nuclei n.   1  "Ian       " ,  all         products, region n.     5
      detector volume:  1.0000E+00 cm**3
      Max. Z:  10, Max. N-Z:  11 Min. N-Z: -4
      Data follow in a matrix A(z,n-z-k), k: -5 format (1(5x,1p,10(1x,e11.4)))

       0.0000E+00  0.0000E+00  0.0000E+00  0.0000E+00  0.0000E+00  0.0000E+00  0.0000E+00  0.0000E+00  0.0000E+00  0.0000E+00
       0.0000E+00  0.0000E+00  0.0000E+00  0.0000E+00  0.0000E+00  5.9889E-05  0.0000E+00  2.3000E-05  0.0000E+00  0.0000E+00
       0.0000E+00  0.0000E+00  0.0000E+00  0.0000E+00  5.3289E-04  9.7822E-04  1.9789E-04  1.3168E-03  0.0000E+00  0.0000E+00
       4.2834E+00  1.3545E-02  0.0000E+00  4.3777E-03  0.0000E+00  1.2386E-02  2.4857E-03  4.3986E-02  2.7778E-06  0.0000E+00
       2.9518E+00  1.9127E-01  1.1116E-02  0.0000E+00  6.8252E-03  4.6276E-02  2.2012E-02  6.7867E-02  8.7778E-06  7.1111E-06
       6.8524E-03  0.0000E+00  3.6060E-03  2.1848E-03  1.0497E-02  1.1151E-02  3.3188E-02  8.0589E-05  1.0000E-06  0.0000E+00
       0.0000E+00  2.3000E-04  4.3078E-04  1.1237E-03  3.4833E-04  2.7677E-03  2.2994E-04  9.7889E-05  0.0000E+00  0.0000E+00
       0.0000E+00  0.0000E+00  3.6667E-05  1.6222E-05  5.5667E-05  7.8889E-06  2.8000E-05  0.0000E+00  0.0000E+00  0.0000E+00
       0.0000E+00  4.4444E-07  0.0000E+00  6.6667E-07  2.2222E-07  3.3333E-07  1.1111E-07  0.0000E+00  0.0000E+00  0.0000E+00
       0.0000E+00  0.0000E+00  0.0000E+00  0.0000E+00  0.0000E+00  0.0000E+00  0.0000E+00  0.0000E+00  0.0000E+00  0.0000E+00
       0.0000E+00  0.0000E+00  0.0000E+00  0.0000E+00  0.0000E+00  0.0000E+00  0.0000E+00  0.0000E+00  0.0000E+00  0.0000E+00
       0.0000E+00  0.0000E+00  0.0000E+00  0.0000E+00  0.0000E+00  0.0000E+00  0.0000E+00  0.0000E+00  0.0000E+00  0.0000E+00
       0.0000E+00  0.0000E+00  0.0000E+00  0.0000E+00  0.0000E+00  0.0000E+00  0.0000E+00  0.0000E+00  0.0000E+00  0.0000E+00
       0.0000E+00  0.0000E+00  0.0000E+00  0.0000E+00  0.0000E+00  0.0000E+00  0.0000E+00  0.0000E+00  0.0000E+00  0.0000E+00
       0.0000E+00  0.0000E+00  0.0000E+00  0.0000E+00  0.0000E+00  0.0000E+00  0.0000E+00  0.0000E+00  0.0000E+00  0.0000E+00
       0.0000E+00  0.0000E+00  0.0000E+00  0.0000E+00  0.0000E+00  0.0000E+00  0.0000E+00  0.0000E+00  0.0000E+00  0.0000E+00
