
 *****  Protons in Lexan (0.15GeV, 2.0cm)                                                 *****

           DATE: 12/ 1/18,  TIME:  6:36:47

          Total number of particles followed       10000000, for a total weight of  1.0000E+07

1

   Bdrx n.   2  "ofluence  " , generalized particle n.    1, from region n.     5 to region n.     4
      detector area:  1.0000E+02 cm**2
      this is a one way only estimator
      this is a fluence like estimator
      linear energy binning from   6.0000E-02 to  2.0000E-01 GeV,   650 bins ( 2.1538E-04 GeV wide)
      linear angular binning from  0.0000E+00 to  6.2832E+00 sr ,     1 bins ( 6.2832E+00 sr wide )
      Data follow in a matrix A(ie,ia), format (1(5x,1p,10(1x,e11.4)))

       3.9408E-04  3.9650E-04  4.0135E-04  3.8086E-04  3.8628E-04  4.1998E-04  3.9212E-04  3.7873E-04  3.7554E-04  3.8557E-04
       3.8739E-04  4.2286E-04  4.2208E-04  3.8541E-04  3.9365E-04  3.8225E-04  3.9350E-04  3.8833E-04  3.9725E-04  3.9695E-04
       3.6215E-04  4.5184E-04  3.8609E-04  3.7763E-04  4.1034E-04  3.7163E-04  4.2180E-04  4.4726E-04  4.0399E-04  4.0495E-04
       3.7674E-04  3.8485E-04  3.9590E-04  4.0771E-04  3.8999E-04  3.9659E-04  4.0382E-04  4.0309E-04  3.8710E-04  3.6480E-04
       4.2401E-04  4.0636E-04  4.1989E-04  3.8301E-04  3.9287E-04  3.9164E-04  4.0855E-04  3.9874E-04  3.7415E-04  3.7532E-04
       3.7883E-04  3.9858E-04  3.6770E-04  3.7347E-04  3.7150E-04  4.0699E-04  3.9704E-04  3.6232E-04  3.8795E-04  4.3909E-04
       3.7094E-04  3.7951E-04  3.6972E-04  3.9366E-04  4.2021E-04  3.6081E-04  3.5081E-04  3.9643E-04  3.9271E-04  3.8214E-04
       3.9149E-04  3.7484E-04  3.9670E-04  4.1077E-04  4.0161E-04  3.9129E-04  3.8455E-04  3.5081E-04  3.9695E-04  3.9246E-04
       3.9297E-04  3.9188E-04  4.0262E-04  3.9358E-04  3.4774E-04  3.7771E-04  3.8745E-04  4.1485E-04  3.7176E-04  3.7723E-04
       3.9416E-04  4.0353E-04  3.8600E-04  4.1523E-04  4.1207E-04  4.0035E-04  4.1380E-04  3.7538E-04  3.6313E-04  3.7446E-04
       3.7365E-04  3.9512E-04  4.0268E-04  3.8450E-04  3.4901E-04  4.0324E-04  3.8608E-04  4.1284E-04  3.8908E-04  4.0390E-04
       3.7779E-04  3.8620E-04  3.6725E-04  3.6745E-04  4.0542E-04  3.6634E-04  3.8290E-04  3.8633E-04  3.9549E-04  3.7232E-04
       3.7907E-04  3.9170E-04  4.1456E-04  3.8214E-04  3.7213E-04  3.8096E-04  3.8516E-04  3.7974E-04  3.8867E-04  4.2463E-04
       3.7003E-04  3.7849E-04  3.7282E-04  3.7786E-04  3.8750E-04  3.6316E-04  3.7454E-04  3.8762E-04  3.8889E-04  3.8764E-04
       3.7981E-04  4.0093E-04  3.8152E-04  3.6613E-04  3.8655E-04  3.6625E-04  3.5881E-04  3.8746E-04  3.5436E-04  3.8657E-04
       3.6758E-04  3.8935E-04  3.4708E-04  3.8874E-04  3.3231E-04  3.6619E-04  3.5325E-04  3.7270E-04  3.9075E-04  4.0943E-04
       3.7479E-04  3.6606E-04  3.6695E-04  3.5298E-04  3.5525E-04  3.7199E-04  3.7423E-04  3.8492E-04  3.5704E-04  3.5745E-04
       4.1597E-04  3.8759E-04  3.7433E-04  3.8982E-04  3.7058E-04  4.1579E-04  3.7277E-04  3.6012E-04  3.6782E-04  3.5296E-04
       3.7216E-04  3.8627E-04  3.6583E-04  3.8935E-04  3.0959E-04  3.3843E-04  3.2515E-04  3.6547E-04  3.5876E-04  3.7323E-04
       3.5186E-04  3.5421E-04  3.2638E-04  3.5356E-04  3.6950E-04  3.5299E-04  3.6699E-04  3.3841E-04  3.4233E-04  3.8378E-04
       3.6155E-04  3.1007E-04  3.4805E-04  3.4982E-04  3.0228E-04  3.5848E-04  3.7507E-04  3.2326E-04  3.3955E-04  3.4139E-04
       3.3900E-04  3.4237E-04  3.3114E-04  3.0216E-04  3.2522E-04  3.1688E-04  3.0740E-04  3.4041E-04  3.2561E-04  3.1804E-04
       3.0607E-04  3.1806E-04  2.9110E-04  3.1005E-04  3.1182E-04  3.3415E-04  3.2243E-04  3.2864E-04  3.2774E-04  3.2933E-04
       3.1470E-04  3.0565E-04  3.1617E-04  2.6813E-04  2.9274E-04  3.2302E-04  3.0289E-04  3.0309E-04  3.1053E-04  3.0037E-04
       2.7148E-04  2.7776E-04  2.8999E-04  2.9187E-04  2.7188E-04  2.7869E-04  2.7296E-04  2.8489E-04  2.7345E-04  2.9082E-04
       2.6950E-04  3.1508E-04  2.8218E-04  2.8105E-04  2.6227E-04  2.7543E-04  2.7835E-04  2.5233E-04  2.7668E-04  2.5177E-04
       2.7509E-04  2.6796E-04  2.6901E-04  2.5776E-04  2.4000E-04  2.6970E-04  2.8772E-04  2.6383E-04  2.4757E-04  2.5397E-04
       2.5564E-04  2.4551E-04  2.3944E-04  2.3913E-04  2.3614E-04  2.5836E-04  2.2519E-04  2.2897E-04  2.4882E-04  2.3980E-04
       2.5601E-04  2.3377E-04  2.1797E-04  2.2885E-04  1.9719E-04  2.3388E-04  2.1023E-04  2.1820E-04  2.2781E-04  2.1492E-04
       2.0072E-04  2.1186E-04  1.8315E-04  2.2422E-04  1.8067E-04  1.9259E-04  2.0216E-04  1.7049E-04  1.8210E-04  1.6865E-04
       1.6901E-04  1.7307E-04  1.7652E-04  1.4382E-04  1.5573E-04  1.3444E-04  1.2891E-04  1.4368E-04  1.1052E-04  1.2379E-04
       1.0029E-04  1.0839E-04  1.0816E-04  1.0287E-04  1.0494E-04  1.0763E-04  1.0944E-04  1.1076E-04  9.9580E-05  1.0785E-04
       1.1257E-04  1.2053E-04  1.3071E-04  1.0954E-04  1.4393E-04  1.2499E-04  1.2019E-04  1.5934E-04  1.6135E-04  1.8558E-04
       1.9245E-04  2.0146E-04  2.0399E-04  2.2200E-04  2.2255E-04  2.1353E-04  2.0026E-04  2.3801E-04  2.7533E-04  2.8002E-04
       3.0693E-04  4.0889E-04  6.1835E-04  1.0783E-03  2.1039E-03  4.0601E-03  8.1780E-03  1.5827E-02  2.9738E-02  5.4405E-02
       9.2467E-02  1.5053E-01  2.2981E-01  3.3088E-01  4.4727E-01  5.6637E-01  6.7164E-01  7.4163E-01  7.6373E-01  7.3345E-01
       6.5391E-01  5.4325E-01  4.1678E-01  2.9493E-01  1.9334E-01  1.1776E-01  6.5593E-02  3.3738E-02  1.5916E-02  6.8533E-03
       2.7619E-03  1.0443E-03  3.5549E-04  1.0273E-04  2.8823E-05  4.4347E-06  2.2171E-06  0.0000E+00  0.0000E+00  0.0000E+00
       0.0000E+00  0.0000E+00  0.0000E+00  0.0000E+00  0.0000E+00  0.0000E+00  0.0000E+00  0.0000E+00  0.0000E+00  0.0000E+00
       0.0000E+00  0.0000E+00  0.0000E+00  0.0000E+00  0.0000E+00  0.0000E+00  0.0000E+00  0.0000E+00  0.0000E+00  0.0000E+00
       0.0000E+00  0.0000E+00  0.0000E+00  0.0000E+00  0.0000E+00  0.0000E+00  0.0000E+00  0.0000E+00  0.0000E+00  0.0000E+00
       0.0000E+00  0.0000E+00  0.0000E+00  0.0000E+00  0.0000E+00  0.0000E+00  0.0000E+00  0.0000E+00  0.0000E+00  0.0000E+00
       0.0000E+00  0.0000E+00  0.0000E+00  0.0000E+00  0.0000E+00  0.0000E+00  0.0000E+00  0.0000E+00  0.0000E+00  0.0000E+00
       0.0000E+00  0.0000E+00  0.0000E+00  0.0000E+00  0.0000E+00  0.0000E+00  0.0000E+00  0.0000E+00  0.0000E+00  0.0000E+00
       0.0000E+00  0.0000E+00  0.0000E+00  0.0000E+00  0.0000E+00  0.0000E+00  0.0000E+00  0.0000E+00  0.0000E+00  0.0000E+00
       0.0000E+00  0.0000E+00  0.0000E+00  0.0000E+00  0.0000E+00  0.0000E+00  0.0000E+00  0.0000E+00  0.0000E+00  0.0000E+00
       0.0000E+00  0.0000E+00  0.0000E+00  0.0000E+00  0.0000E+00  0.0000E+00  0.0000E+00  0.0000E+00  0.0000E+00  0.0000E+00
       0.0000E+00  0.0000E+00  0.0000E+00  0.0000E+00  0.0000E+00  0.0000E+00  0.0000E+00  0.0000E+00  0.0000E+00  0.0000E+00
       0.0000E+00  0.0000E+00  0.0000E+00  0.0000E+00  0.0000E+00  0.0000E+00  0.0000E+00  0.0000E+00  0.0000E+00  0.0000E+00
       0.0000E+00  0.0000E+00  0.0000E+00  0.0000E+00  0.0000E+00  0.0000E+00  0.0000E+00  0.0000E+00  0.0000E+00  0.0000E+00
       0.0000E+00  0.0000E+00  0.0000E+00  0.0000E+00  0.0000E+00  0.0000E+00  0.0000E+00  0.0000E+00  0.0000E+00  0.0000E+00
       0.0000E+00  0.0000E+00  0.0000E+00  0.0000E+00  0.0000E+00  0.0000E+00  0.0000E+00  0.0000E+00  0.0000E+00  0.0000E+00
       0.0000E+00  0.0000E+00  0.0000E+00  0.0000E+00  0.0000E+00  0.0000E+00  0.0000E+00  0.0000E+00  0.0000E+00  0.0000E+00
       0.0000E+00  0.0000E+00  0.0000E+00  0.0000E+00  0.0000E+00  0.0000E+00  0.0000E+00  0.0000E+00  0.0000E+00  0.0000E+00
       0.0000E+00  0.0000E+00  0.0000E+00  0.0000E+00  0.0000E+00  0.0000E+00  0.0000E+00  0.0000E+00  0.0000E+00  0.0000E+00
       0.0000E+00  0.0000E+00  0.0000E+00  0.0000E+00  0.0000E+00  0.0000E+00  0.0000E+00  0.0000E+00  0.0000E+00  0.0000E+00
       0.0000E+00  0.0000E+00  0.0000E+00  0.0000E+00  0.0000E+00  0.0000E+00  0.0000E+00  0.0000E+00  0.0000E+00  0.0000E+00
       0.0000E+00  0.0000E+00  0.0000E+00  0.0000E+00  0.0000E+00  0.0000E+00  0.0000E+00  0.0000E+00  0.0000E+00  0.0000E+00
       0.0000E+00  0.0000E+00  0.0000E+00  0.0000E+00  0.0000E+00  0.0000E+00  0.0000E+00  0.0000E+00  0.0000E+00  0.0000E+00
       0.0000E+00  0.0000E+00  0.0000E+00  0.0000E+00  0.0000E+00  0.0000E+00  0.0000E+00  0.0000E+00  0.0000E+00  0.0000E+00
       0.0000E+00  0.0000E+00  0.0000E+00  0.0000E+00  0.0000E+00  0.0000E+00  0.0000E+00  0.0000E+00  0.0000E+00  0.0000E+00
       0.0000E+00  0.0000E+00  0.0000E+00  0.0000E+00  0.0000E+00  0.0000E+00  0.0000E+00  0.0000E+00  0.0000E+00  0.0000E+00
       0.0000E+00  0.0000E+00  0.0000E+00  0.0000E+00  0.0000E+00  0.0000E+00  0.0000E+00  0.0000E+00  0.0000E+00  0.0000E+00
       0.0000E+00  0.0000E+00  0.0000E+00  0.0000E+00  0.0000E+00  0.0000E+00  0.0000E+00  0.0000E+00  0.0000E+00  0.0000E+00
       0.0000E+00  0.0000E+00  0.0000E+00  0.0000E+00  0.0000E+00  0.0000E+00  0.0000E+00  0.0000E+00  0.0000E+00  0.0000E+00
1

   Bdrx n.   6  "ofluence  " , generalized particle n.    1, from region n.     5 to region n.     4
      detector area:  1.0000E+02 cm**2
      this is a one way only estimator
      this is a fluence like estimator
      linear energy binning from   0.0000E+00 to  3.0000E+02 GeV,     1 bins ( 3.0000E+02 GeV wide)
      linear angular binning from  0.0000E+00 to  6.2832E+00 sr ,     1 bins ( 6.2832E+00 sr wide )
      Data follow in a matrix A(ie,ia), format (1(5x,1p,10(1x,e11.4)))

       5.3044E-06
