
 *****  Protons in Lexan (0.21GeV, 1cm)                                                   *****

           DATE: 12/18/18,  TIME: 19:44:22

          Total number of particles followed       25000000, for a total weight of  2.5000E+07

1

   Bdrx n.   2  "ofluence  " , generalized particle n.    1, from region n.     5 to region n.     4
      detector area:  1.0000E+02 cm**2
      this is a one way only estimator
      this is a fluence like estimator
      linear energy binning from   1.3000E-01 to  2.6000E-01 GeV,   650 bins ( 2.0000E-04 GeV wide)
      linear angular binning from  0.0000E+00 to  6.2832E+00 sr ,     1 bins ( 6.2832E+00 sr wide )
      Data follow in a matrix A(ie,ia), format (1(5x,1p,10(1x,e11.4)))

       3.0061E-04  2.8376E-04  2.7808E-04  3.0311E-04  2.7199E-04  2.6892E-04  3.0705E-04  2.9995E-04  2.7710E-04  2.7354E-04
       2.8990E-04  2.8370E-04  2.7794E-04  2.7419E-04  2.9617E-04  2.8953E-04  2.8352E-04  2.6341E-04  2.8805E-04  2.7462E-04
       2.9428E-04  2.7723E-04  2.8806E-04  2.8237E-04  2.6750E-04  2.8553E-04  2.9555E-04  2.7763E-04  2.7032E-04  2.6119E-04
       2.7729E-04  2.7867E-04  2.7060E-04  2.8778E-04  2.7512E-04  2.7731E-04  2.7907E-04  2.7235E-04  3.0714E-04  2.6205E-04
       2.8400E-04  2.8097E-04  2.7432E-04  2.8537E-04  2.6785E-04  2.8421E-04  2.9436E-04  2.7544E-04  2.7566E-04  2.8097E-04
       2.8255E-04  2.6173E-04  2.8572E-04  2.8090E-04  2.7027E-04  2.6213E-04  2.7627E-04  2.7315E-04  2.5427E-04  2.7967E-04
       2.7463E-04  2.6027E-04  2.7114E-04  2.7294E-04  2.8972E-04  2.8284E-04  2.7152E-04  2.6606E-04  2.7186E-04  2.8235E-04
       2.6812E-04  2.5938E-04  2.6316E-04  2.7922E-04  2.5023E-04  2.8979E-04  2.6947E-04  2.8176E-04  2.7042E-04  2.7865E-04
       2.6684E-04  2.6599E-04  2.6651E-04  2.6647E-04  2.6793E-04  2.7234E-04  2.7816E-04  2.8024E-04  2.6618E-04  2.7902E-04
       2.7324E-04  2.6223E-04  2.8243E-04  2.6576E-04  2.7112E-04  2.7171E-04  2.6480E-04  2.6777E-04  2.7271E-04  2.6044E-04
       2.7069E-04  2.5530E-04  2.7607E-04  2.8157E-04  2.7704E-04  2.7372E-04  2.6691E-04  2.5109E-04  2.8978E-04  2.7838E-04
       2.7059E-04  2.7688E-04  2.6304E-04  2.8204E-04  2.6363E-04  2.5227E-04  2.7474E-04  2.6944E-04  2.6797E-04  2.7475E-04
       2.6957E-04  2.4899E-04  2.7957E-04  2.5396E-04  2.6658E-04  2.6939E-04  2.7520E-04  2.5446E-04  2.6546E-04  2.9032E-04
       2.5112E-04  2.7117E-04  2.7375E-04  2.6957E-04  2.6351E-04  2.8317E-04  2.6654E-04  2.6414E-04  2.8187E-04  2.5246E-04
       2.6840E-04  2.7691E-04  2.5239E-04  2.7463E-04  2.7196E-04  2.5352E-04  2.4866E-04  2.6092E-04  2.6317E-04  2.5129E-04
       2.5915E-04  2.5111E-04  2.3880E-04  2.5655E-04  2.6586E-04  2.6550E-04  2.5852E-04  2.5446E-04  2.6287E-04  2.5270E-04
       2.5933E-04  2.5728E-04  2.5448E-04  2.5636E-04  2.5629E-04  2.4689E-04  2.6028E-04  2.5110E-04  2.3602E-04  2.6319E-04
       2.5531E-04  2.5116E-04  2.5528E-04  2.5576E-04  2.7052E-04  2.5125E-04  2.4880E-04  2.3608E-04  2.4686E-04  2.1845E-04
       2.5108E-04  2.4445E-04  2.3334E-04  2.3777E-04  2.3451E-04  2.4557E-04  2.2960E-04  2.3432E-04  2.3726E-04  2.3132E-04
       2.2485E-04  2.3202E-04  2.3043E-04  2.1553E-04  2.2230E-04  2.3391E-04  2.3810E-04  2.3533E-04  2.1863E-04  2.2486E-04
       2.2123E-04  2.2901E-04  2.1496E-04  2.2871E-04  2.2259E-04  2.2517E-04  2.3811E-04  2.3627E-04  2.2756E-04  2.1024E-04
       1.9890E-04  2.1125E-04  2.1396E-04  2.1875E-04  2.0995E-04  2.0544E-04  2.1050E-04  1.9824E-04  1.9717E-04  2.1246E-04
       2.1186E-04  2.0406E-04  2.0346E-04  2.1434E-04  2.1099E-04  2.0883E-04  2.0419E-04  2.1546E-04  2.0144E-04  2.0400E-04
       1.9845E-04  2.0478E-04  1.9121E-04  1.9418E-04  1.9910E-04  1.8992E-04  1.9737E-04  1.9581E-04  1.8394E-04  1.9818E-04
       2.0181E-04  1.8872E-04  1.8518E-04  2.0134E-04  1.7278E-04  1.8542E-04  2.0225E-04  1.8665E-04  1.9561E-04  1.8147E-04
       1.9463E-04  1.8600E-04  1.8380E-04  1.8299E-04  1.6667E-04  1.8044E-04  1.7487E-04  1.7668E-04  1.7514E-04  1.7455E-04
       1.6178E-04  1.6362E-04  1.4968E-04  1.5388E-04  1.6596E-04  1.5941E-04  1.6075E-04  1.5916E-04  1.5141E-04  1.5409E-04
       1.5255E-04  1.3841E-04  1.5043E-04  1.4782E-04  1.4864E-04  1.4837E-04  1.3989E-04  1.6292E-04  1.3774E-04  1.6250E-04
       1.2733E-04  1.3230E-04  1.3526E-04  1.3004E-04  1.3307E-04  1.2778E-04  1.1977E-04  1.1770E-04  1.1479E-04  1.1014E-04
       1.0275E-04  9.9791E-05  1.0578E-04  8.6811E-05  1.0900E-04  8.3854E-05  8.2452E-05  7.6147E-05  7.7490E-05  7.2729E-05
       7.4726E-05  6.8546E-05  6.8214E-05  6.8730E-05  5.9012E-05  6.5295E-05  7.1498E-05  7.5334E-05  7.0200E-05  8.2065E-05
       8.5490E-05  7.8641E-05  8.3708E-05  9.9686E-05  8.8963E-05  1.0255E-04  1.1402E-04  1.1153E-04  1.2802E-04  1.2299E-04
       1.3221E-04  1.2824E-04  1.4550E-04  1.5130E-04  1.4343E-04  1.5272E-04  1.8995E-04  2.2872E-04  3.2786E-04  5.3515E-04
       8.7174E-04  1.6097E-03  2.8214E-03  5.0453E-03  8.7156E-03  1.4640E-02  2.3852E-02  3.7873E-02  5.8308E-02  8.6737E-02
       1.2459E-01  1.7270E-01  2.3143E-01  2.9853E-01  3.7088E-01  4.4400E-01  5.1176E-01  5.6713E-01  6.0461E-01  6.1930E-01
       6.1031E-01  5.7523E-01  5.2163E-01  4.5396E-01  3.7840E-01  3.0202E-01  2.3143E-01  1.6945E-01  1.1878E-01  7.9694E-02
       5.1215E-02  3.1498E-02  1.8632E-02  1.0358E-02  5.6089E-03  2.8890E-03  1.4001E-03  6.5260E-04  3.0846E-04  1.2320E-04
       5.1571E-05  2.2601E-05  6.0485E-06  2.2284E-06  6.3670E-07  9.5497E-07  0.0000E+00  0.0000E+00  0.0000E+00  0.0000E+00
       0.0000E+00  0.0000E+00  0.0000E+00  0.0000E+00  0.0000E+00  0.0000E+00  0.0000E+00  0.0000E+00  0.0000E+00  0.0000E+00
       0.0000E+00  0.0000E+00  0.0000E+00  0.0000E+00  0.0000E+00  0.0000E+00  0.0000E+00  0.0000E+00  0.0000E+00  0.0000E+00
       0.0000E+00  0.0000E+00  0.0000E+00  0.0000E+00  0.0000E+00  0.0000E+00  0.0000E+00  0.0000E+00  0.0000E+00  0.0000E+00
       0.0000E+00  0.0000E+00  0.0000E+00  0.0000E+00  0.0000E+00  0.0000E+00  0.0000E+00  0.0000E+00  0.0000E+00  0.0000E+00
       0.0000E+00  0.0000E+00  0.0000E+00  0.0000E+00  0.0000E+00  0.0000E+00  0.0000E+00  0.0000E+00  0.0000E+00  0.0000E+00
       0.0000E+00  0.0000E+00  0.0000E+00  0.0000E+00  0.0000E+00  0.0000E+00  0.0000E+00  0.0000E+00  0.0000E+00  0.0000E+00
       0.0000E+00  0.0000E+00  0.0000E+00  0.0000E+00  0.0000E+00  0.0000E+00  0.0000E+00  0.0000E+00  0.0000E+00  0.0000E+00
       0.0000E+00  0.0000E+00  0.0000E+00  0.0000E+00  0.0000E+00  0.0000E+00  0.0000E+00  0.0000E+00  0.0000E+00  0.0000E+00
       0.0000E+00  0.0000E+00  0.0000E+00  0.0000E+00  0.0000E+00  0.0000E+00  0.0000E+00  0.0000E+00  0.0000E+00  0.0000E+00
       0.0000E+00  0.0000E+00  0.0000E+00  0.0000E+00  0.0000E+00  0.0000E+00  0.0000E+00  0.0000E+00  0.0000E+00  0.0000E+00
       0.0000E+00  0.0000E+00  0.0000E+00  0.0000E+00  0.0000E+00  0.0000E+00  0.0000E+00  0.0000E+00  0.0000E+00  0.0000E+00
       0.0000E+00  0.0000E+00  0.0000E+00  0.0000E+00  0.0000E+00  0.0000E+00  0.0000E+00  0.0000E+00  0.0000E+00  0.0000E+00
       0.0000E+00  0.0000E+00  0.0000E+00  0.0000E+00  0.0000E+00  0.0000E+00  0.0000E+00  0.0000E+00  0.0000E+00  0.0000E+00
       0.0000E+00  0.0000E+00  0.0000E+00  0.0000E+00  0.0000E+00  0.0000E+00  0.0000E+00  0.0000E+00  0.0000E+00  0.0000E+00
       0.0000E+00  0.0000E+00  0.0000E+00  0.0000E+00  0.0000E+00  0.0000E+00  0.0000E+00  0.0000E+00  0.0000E+00  0.0000E+00
       0.0000E+00  0.0000E+00  0.0000E+00  0.0000E+00  0.0000E+00  0.0000E+00  0.0000E+00  0.0000E+00  0.0000E+00  0.0000E+00
       0.0000E+00  0.0000E+00  0.0000E+00  0.0000E+00  0.0000E+00  0.0000E+00  0.0000E+00  0.0000E+00  0.0000E+00  0.0000E+00
       0.0000E+00  0.0000E+00  0.0000E+00  0.0000E+00  0.0000E+00  0.0000E+00  0.0000E+00  0.0000E+00  0.0000E+00  0.0000E+00
       0.0000E+00  0.0000E+00  0.0000E+00  0.0000E+00  0.0000E+00  0.0000E+00  0.0000E+00  0.0000E+00  0.0000E+00  0.0000E+00
       0.0000E+00  0.0000E+00  0.0000E+00  0.0000E+00  0.0000E+00  0.0000E+00  0.0000E+00  0.0000E+00  0.0000E+00  0.0000E+00
       0.0000E+00  0.0000E+00  0.0000E+00  0.0000E+00  0.0000E+00  0.0000E+00  0.0000E+00  0.0000E+00  0.0000E+00  0.0000E+00
       0.0000E+00  0.0000E+00  0.0000E+00  0.0000E+00  0.0000E+00  0.0000E+00  0.0000E+00  0.0000E+00  0.0000E+00  0.0000E+00
       0.0000E+00  0.0000E+00  0.0000E+00  0.0000E+00  0.0000E+00  0.0000E+00  0.0000E+00  0.0000E+00  0.0000E+00  0.0000E+00
       0.0000E+00  0.0000E+00  0.0000E+00  0.0000E+00  0.0000E+00  0.0000E+00  0.0000E+00  0.0000E+00  0.0000E+00  0.0000E+00
       0.0000E+00  0.0000E+00  0.0000E+00  0.0000E+00  0.0000E+00  0.0000E+00  0.0000E+00  0.0000E+00  0.0000E+00  0.0000E+00
       0.0000E+00  0.0000E+00  0.0000E+00  0.0000E+00  0.0000E+00  0.0000E+00  0.0000E+00  0.0000E+00  0.0000E+00  0.0000E+00
       0.0000E+00  0.0000E+00  0.0000E+00  0.0000E+00  0.0000E+00  0.0000E+00  0.0000E+00  0.0000E+00  0.0000E+00  0.0000E+00
1

   Bdrx n.   6  "ofluence  " , generalized particle n.    1, from region n.     5 to region n.     4
      detector area:  1.0000E+02 cm**2
      this is a one way only estimator
      this is a fluence like estimator
      linear energy binning from   0.0000E+00 to  3.0000E+02 GeV,     1 bins ( 3.0000E+02 GeV wide)
      linear angular binning from  0.0000E+00 to  6.2832E+00 sr ,     1 bins ( 6.2832E+00 sr wide )
      Data follow in a matrix A(ie,ia), format (1(5x,1p,10(1x,e11.4)))

       5.3441E-06
