
 *****  Protons in Lexan (0.21GeV, 1cm)                                                   *****

           DATE: 12/18/18,  TIME: 19:44:22

          Total number of particles followed       25000000, for a total weight of  2.5000E+07

1

   Res. nuclei n.   1  "Ian       " ,  all         products, region n.     5
      detector volume:  1.0000E+00 cm**3
      Max. Z:  10, Max. N-Z:  11 Min. N-Z: -4
      Data follow in a matrix A(z,n-z-k), k: -5 format (1(5x,1p,10(1x,e11.4)))

       0.0000E+00  0.0000E+00  0.0000E+00  0.0000E+00  0.0000E+00  0.0000E+00  0.0000E+00  0.0000E+00  0.0000E+00  0.0000E+00
       0.0000E+00  0.0000E+00  0.0000E+00  0.0000E+00  0.0000E+00  1.3160E-05  0.0000E+00  8.0000E-07  0.0000E+00  0.0000E+00
       0.0000E+00  0.0000E+00  0.0000E+00  0.0000E+00  1.0616E-04  2.2012E-04  2.4560E-05  4.6360E-05  0.0000E+00  0.0000E+00
       2.2457E-02  2.9074E-03  0.0000E+00  1.3805E-03  0.0000E+00  4.1472E-03  5.8560E-05  1.0035E-03  0.0000E+00  0.0000E+00
       5.3892E-03  2.2836E-02  1.8675E-03  0.0000E+00  1.4292E-03  5.0694E-03  4.7748E-04  5.9362E-04  8.0000E-08  2.8000E-07
       1.5339E-03  0.0000E+00  1.0486E-03  2.9152E-04  2.6705E-03  2.6356E-04  6.5868E-04  1.1293E-06  4.0000E-08  0.0000E+00
       0.0000E+00  6.2640E-05  8.4760E-05  1.8960E-04  3.0671E-05  6.7200E-05  1.7879E-06  9.2000E-07  0.0000E+00  0.0000E+00
       0.0000E+00  0.0000E+00  6.6000E-06  8.0000E-07  1.3200E-06  1.6000E-07  8.8000E-07  0.0000E+00  0.0000E+00  0.0000E+00
       0.0000E+00  2.0000E-07  0.0000E+00  8.0000E-08  0.0000E+00  8.0000E-08  0.0000E+00  0.0000E+00  0.0000E+00  0.0000E+00
       0.0000E+00  0.0000E+00  0.0000E+00  0.0000E+00  0.0000E+00  0.0000E+00  0.0000E+00  0.0000E+00  0.0000E+00  0.0000E+00
       0.0000E+00  0.0000E+00  0.0000E+00  0.0000E+00  0.0000E+00  0.0000E+00  0.0000E+00  0.0000E+00  0.0000E+00  0.0000E+00
       0.0000E+00  0.0000E+00  0.0000E+00  0.0000E+00  0.0000E+00  0.0000E+00  0.0000E+00  0.0000E+00  0.0000E+00  0.0000E+00
       0.0000E+00  0.0000E+00  0.0000E+00  0.0000E+00  0.0000E+00  0.0000E+00  0.0000E+00  0.0000E+00  0.0000E+00  0.0000E+00
       0.0000E+00  0.0000E+00  0.0000E+00  0.0000E+00  0.0000E+00  0.0000E+00  0.0000E+00  0.0000E+00  0.0000E+00  0.0000E+00
       0.0000E+00  0.0000E+00  0.0000E+00  0.0000E+00  0.0000E+00  0.0000E+00  0.0000E+00  0.0000E+00  0.0000E+00  0.0000E+00
       0.0000E+00  0.0000E+00  0.0000E+00  0.0000E+00  0.0000E+00  0.0000E+00  0.0000E+00  0.0000E+00  0.0000E+00  0.0000E+00
