
 *****  Protons in Lexan (0.21GeV, 1cm)                                                   *****

           DATE: 12/18/18,  TIME: 19:44:22

          Total number of particles followed       25000000, for a total weight of  2.5000E+07

1

   Bdrx n.   4  "ocurrent  " , generalized particle n.    1, from region n.     5 to region n.     4
      detector area:  1.0000E+02 cm**2
      this is a one way only estimator
      this is a current like estimator
      linear energy binning from   1.3000E-01 to  2.6000E-01 GeV,   650 bins ( 2.0000E-04 GeV wide)
      linear angular binning from  0.0000E+00 to  6.2832E+00 sr ,     1 bins ( 6.2832E+00 sr wide )
      Data follow in a matrix A(ie,ia), format (1(5x,1p,10(1x,e11.4)))

       2.4032E-04  2.2568E-04  2.2314E-04  2.4510E-04  2.1932E-04  2.1645E-04  2.5115E-04  2.4478E-04  2.2505E-04  2.2250E-04
       2.3396E-04  2.3364E-04  2.2314E-04  2.2600E-04  2.4414E-04  2.3459E-04  2.3173E-04  2.1677E-04  2.3587E-04  2.2759E-04
       2.4128E-04  2.2886E-04  2.3555E-04  2.3300E-04  2.2091E-04  2.3268E-04  2.4001E-04  2.2982E-04  2.2123E-04  2.1518E-04
       2.3014E-04  2.2982E-04  2.2409E-04  2.3873E-04  2.2823E-04  2.2568E-04  2.2982E-04  2.2505E-04  2.5306E-04  2.1581E-04
       2.3109E-04  2.3459E-04  2.2823E-04  2.3491E-04  2.2314E-04  2.3778E-04  2.4383E-04  2.2695E-04  2.2695E-04  2.3364E-04
       2.3459E-04  2.1900E-04  2.3873E-04  2.3682E-04  2.2250E-04  2.2091E-04  2.3109E-04  2.2791E-04  2.1136E-04  2.3459E-04
       2.3109E-04  2.1804E-04  2.2727E-04  2.3173E-04  2.4319E-04  2.3746E-04  2.2695E-04  2.2409E-04  2.2759E-04  2.3778E-04
       2.2664E-04  2.1868E-04  2.2123E-04  2.3810E-04  2.1263E-04  2.4605E-04  2.2600E-04  2.3841E-04  2.2855E-04  2.3682E-04
       2.2759E-04  2.2727E-04  2.2441E-04  2.2536E-04  2.2727E-04  2.2823E-04  2.3491E-04  2.3810E-04  2.3014E-04  2.3937E-04
       2.3587E-04  2.2505E-04  2.4096E-04  2.2727E-04  2.3141E-04  2.3205E-04  2.2727E-04  2.2855E-04  2.3268E-04  2.2250E-04
       2.3173E-04  2.1963E-04  2.3778E-04  2.4255E-04  2.3619E-04  2.3459E-04  2.3109E-04  2.1518E-04  2.4892E-04  2.3810E-04
       2.3300E-04  2.3841E-04  2.2664E-04  2.4255E-04  2.2727E-04  2.1550E-04  2.3650E-04  2.3109E-04  2.3396E-04  2.3778E-04
       2.3268E-04  2.1677E-04  2.4446E-04  2.2059E-04  2.3109E-04  2.3332E-04  2.3937E-04  2.2345E-04  2.3109E-04  2.5242E-04
       2.1868E-04  2.3682E-04  2.3841E-04  2.3587E-04  2.3205E-04  2.4765E-04  2.3237E-04  2.3077E-04  2.4765E-04  2.2186E-04
       2.3428E-04  2.4096E-04  2.2186E-04  2.4160E-04  2.4128E-04  2.2314E-04  2.1900E-04  2.2950E-04  2.3300E-04  2.2091E-04
       2.2950E-04  2.2123E-04  2.1359E-04  2.2791E-04  2.3587E-04  2.3364E-04  2.2982E-04  2.2600E-04  2.3205E-04  2.2536E-04
       2.2950E-04  2.2982E-04  2.2695E-04  2.2886E-04  2.2664E-04  2.2059E-04  2.3300E-04  2.2409E-04  2.0881E-04  2.3746E-04
       2.2886E-04  2.2409E-04  2.2600E-04  2.2918E-04  2.4192E-04  2.2377E-04  2.2250E-04  2.1199E-04  2.2345E-04  1.9672E-04
       2.2441E-04  2.1900E-04  2.1136E-04  2.1390E-04  2.1104E-04  2.2123E-04  2.0849E-04  2.1104E-04  2.1359E-04  2.0945E-04
       2.0149E-04  2.0881E-04  2.0849E-04  1.9512E-04  2.0276E-04  2.1295E-04  2.1518E-04  2.1359E-04  1.9767E-04  2.0372E-04
       2.0117E-04  2.0817E-04  1.9576E-04  2.0754E-04  2.0276E-04  2.0563E-04  2.1741E-04  2.1454E-04  2.0690E-04  1.8908E-04
       1.8080E-04  1.9353E-04  1.9481E-04  1.9926E-04  1.9226E-04  1.8685E-04  1.9290E-04  1.8144E-04  1.8144E-04  1.9321E-04
       1.9512E-04  1.8717E-04  1.8748E-04  1.9672E-04  1.9321E-04  1.9226E-04  1.8844E-04  1.9799E-04  1.8557E-04  1.8717E-04
       1.8303E-04  1.8908E-04  1.7730E-04  1.7921E-04  1.8271E-04  1.7475E-04  1.8335E-04  1.8016E-04  1.6998E-04  1.8398E-04
       1.8653E-04  1.7603E-04  1.7189E-04  1.8653E-04  1.6138E-04  1.7252E-04  1.8717E-04  1.7412E-04  1.8048E-04  1.6870E-04
       1.8175E-04  1.7316E-04  1.7093E-04  1.6998E-04  1.5693E-04  1.6807E-04  1.6297E-04  1.6584E-04  1.6520E-04  1.6393E-04
       1.5183E-04  1.5120E-04  1.4133E-04  1.4451E-04  1.5502E-04  1.5120E-04  1.5120E-04  1.4865E-04  1.4292E-04  1.4515E-04
       1.4388E-04  1.3114E-04  1.4228E-04  1.3942E-04  1.4037E-04  1.4037E-04  1.3274E-04  1.5311E-04  1.3083E-04  1.3655E-04
       1.2064E-04  1.2446E-04  1.2796E-04  1.2191E-04  1.2573E-04  1.2096E-04  1.1332E-04  1.1205E-04  1.0313E-04  1.0504E-04
       9.8039E-05  9.4856E-05  1.0090E-04  7.9577E-05  8.4034E-05  7.8304E-05  7.6394E-05  7.0983E-05  7.1620E-05  6.5572E-05
       6.9710E-05  6.3662E-05  6.3344E-05  6.3344E-05  5.4749E-05  6.0161E-05  6.6208E-05  6.8755E-05  6.3980E-05  7.6394E-05
       7.9577E-05  7.3530E-05  7.7031E-05  9.3901E-05  8.3397E-05  9.6130E-05  1.0695E-04  1.0472E-04  1.2096E-04  1.1618E-04
       1.2478E-04  1.2159E-04  1.3846E-04  1.4483E-04  1.3496E-04  1.4419E-04  1.8303E-04  2.2059E-04  3.1958E-04  5.2489E-04
       8.6166E-04  1.5992E-03  2.8078E-03  5.0290E-03  8.6937E-03  1.4614E-02  2.3823E-02  3.7839E-02  5.8268E-02  8.6689E-02
       1.2454E-01  1.7263E-01  2.3135E-01  2.9844E-01  3.7079E-01  4.4390E-01  5.1166E-01  5.6703E-01  6.0451E-01  6.1920E-01
       6.1022E-01  5.7515E-01  5.2156E-01  4.5390E-01  3.7836E-01  3.0199E-01  2.3141E-01  1.6943E-01  1.1876E-01  7.9686E-02
       5.1209E-02  3.1495E-02  1.8630E-02  1.0357E-02  5.6083E-03  2.8887E-03  1.3999E-03  6.5254E-04  3.0844E-04  1.2319E-04
       5.1566E-05  2.2600E-05  6.0479E-06  2.2282E-06  6.3662E-07  9.5493E-07  0.0000E+00  0.0000E+00  0.0000E+00  0.0000E+00
       0.0000E+00  0.0000E+00  0.0000E+00  0.0000E+00  0.0000E+00  0.0000E+00  0.0000E+00  0.0000E+00  0.0000E+00  0.0000E+00
       0.0000E+00  0.0000E+00  0.0000E+00  0.0000E+00  0.0000E+00  0.0000E+00  0.0000E+00  0.0000E+00  0.0000E+00  0.0000E+00
       0.0000E+00  0.0000E+00  0.0000E+00  0.0000E+00  0.0000E+00  0.0000E+00  0.0000E+00  0.0000E+00  0.0000E+00  0.0000E+00
       0.0000E+00  0.0000E+00  0.0000E+00  0.0000E+00  0.0000E+00  0.0000E+00  0.0000E+00  0.0000E+00  0.0000E+00  0.0000E+00
       0.0000E+00  0.0000E+00  0.0000E+00  0.0000E+00  0.0000E+00  0.0000E+00  0.0000E+00  0.0000E+00  0.0000E+00  0.0000E+00
       0.0000E+00  0.0000E+00  0.0000E+00  0.0000E+00  0.0000E+00  0.0000E+00  0.0000E+00  0.0000E+00  0.0000E+00  0.0000E+00
       0.0000E+00  0.0000E+00  0.0000E+00  0.0000E+00  0.0000E+00  0.0000E+00  0.0000E+00  0.0000E+00  0.0000E+00  0.0000E+00
       0.0000E+00  0.0000E+00  0.0000E+00  0.0000E+00  0.0000E+00  0.0000E+00  0.0000E+00  0.0000E+00  0.0000E+00  0.0000E+00
       0.0000E+00  0.0000E+00  0.0000E+00  0.0000E+00  0.0000E+00  0.0000E+00  0.0000E+00  0.0000E+00  0.0000E+00  0.0000E+00
       0.0000E+00  0.0000E+00  0.0000E+00  0.0000E+00  0.0000E+00  0.0000E+00  0.0000E+00  0.0000E+00  0.0000E+00  0.0000E+00
       0.0000E+00  0.0000E+00  0.0000E+00  0.0000E+00  0.0000E+00  0.0000E+00  0.0000E+00  0.0000E+00  0.0000E+00  0.0000E+00
       0.0000E+00  0.0000E+00  0.0000E+00  0.0000E+00  0.0000E+00  0.0000E+00  0.0000E+00  0.0000E+00  0.0000E+00  0.0000E+00
       0.0000E+00  0.0000E+00  0.0000E+00  0.0000E+00  0.0000E+00  0.0000E+00  0.0000E+00  0.0000E+00  0.0000E+00  0.0000E+00
       0.0000E+00  0.0000E+00  0.0000E+00  0.0000E+00  0.0000E+00  0.0000E+00  0.0000E+00  0.0000E+00  0.0000E+00  0.0000E+00
       0.0000E+00  0.0000E+00  0.0000E+00  0.0000E+00  0.0000E+00  0.0000E+00  0.0000E+00  0.0000E+00  0.0000E+00  0.0000E+00
       0.0000E+00  0.0000E+00  0.0000E+00  0.0000E+00  0.0000E+00  0.0000E+00  0.0000E+00  0.0000E+00  0.0000E+00  0.0000E+00
       0.0000E+00  0.0000E+00  0.0000E+00  0.0000E+00  0.0000E+00  0.0000E+00  0.0000E+00  0.0000E+00  0.0000E+00  0.0000E+00
       0.0000E+00  0.0000E+00  0.0000E+00  0.0000E+00  0.0000E+00  0.0000E+00  0.0000E+00  0.0000E+00  0.0000E+00  0.0000E+00
       0.0000E+00  0.0000E+00  0.0000E+00  0.0000E+00  0.0000E+00  0.0000E+00  0.0000E+00  0.0000E+00  0.0000E+00  0.0000E+00
       0.0000E+00  0.0000E+00  0.0000E+00  0.0000E+00  0.0000E+00  0.0000E+00  0.0000E+00  0.0000E+00  0.0000E+00  0.0000E+00
       0.0000E+00  0.0000E+00  0.0000E+00  0.0000E+00  0.0000E+00  0.0000E+00  0.0000E+00  0.0000E+00  0.0000E+00  0.0000E+00
       0.0000E+00  0.0000E+00  0.0000E+00  0.0000E+00  0.0000E+00  0.0000E+00  0.0000E+00  0.0000E+00  0.0000E+00  0.0000E+00
       0.0000E+00  0.0000E+00  0.0000E+00  0.0000E+00  0.0000E+00  0.0000E+00  0.0000E+00  0.0000E+00  0.0000E+00  0.0000E+00
       0.0000E+00  0.0000E+00  0.0000E+00  0.0000E+00  0.0000E+00  0.0000E+00  0.0000E+00  0.0000E+00  0.0000E+00  0.0000E+00
       0.0000E+00  0.0000E+00  0.0000E+00  0.0000E+00  0.0000E+00  0.0000E+00  0.0000E+00  0.0000E+00  0.0000E+00  0.0000E+00
       0.0000E+00  0.0000E+00  0.0000E+00  0.0000E+00  0.0000E+00  0.0000E+00  0.0000E+00  0.0000E+00  0.0000E+00  0.0000E+00
       0.0000E+00  0.0000E+00  0.0000E+00  0.0000E+00  0.0000E+00  0.0000E+00  0.0000E+00  0.0000E+00  0.0000E+00  0.0000E+00
