
 *****  Protons in Lexan (0.25GeV, 3.0cm)                                                 *****

           DATE: 12/ 1/18,  TIME:  6:30:43

          Total number of particles followed       10000000, for a total weight of  1.0000E+07

1

   Bdrx n.   4  "ocurrent  " , generalized particle n.    1, from region n.     5 to region n.     4
      detector area:  1.0000E+02 cm**2
      this is a one way only estimator
      this is a current like estimator
      linear energy binning from   1.7000E-01 to  3.0000E-01 GeV,   650 bins ( 2.0000E-04 GeV wide)
      linear angular binning from  0.0000E+00 to  6.2832E+00 sr ,     1 bins ( 6.2832E+00 sr wide )
      Data follow in a matrix A(ie,ia), format (1(5x,1p,10(1x,e11.4)))

       2.9125E-04  3.1274E-04  3.0478E-04  2.9603E-04  3.0876E-04  2.9205E-04  3.2945E-04  2.9921E-04  2.9603E-04  3.0160E-04
       3.1354E-04  3.0160E-04  3.1751E-04  2.9444E-04  3.1274E-04  2.9682E-04  2.8887E-04  2.8330E-04  2.7295E-04  2.7454E-04
       2.7932E-04  3.0796E-04  2.8409E-04  3.0558E-04  2.9762E-04  3.1831E-04  3.1433E-04  2.8170E-04  3.0399E-04  2.9046E-04
       3.0160E-04  2.9364E-04  2.7852E-04  2.7295E-04  3.1990E-04  2.8568E-04  3.0239E-04  2.7852E-04  3.1115E-04  2.9046E-04
       3.1035E-04  2.6738E-04  2.9046E-04  3.0558E-04  3.0637E-04  2.8330E-04  2.9762E-04  2.9205E-04  3.0399E-04  3.0319E-04
       2.7534E-04  3.2149E-04  3.0956E-04  3.0717E-04  2.8966E-04  2.9921E-04  3.2070E-04  2.7693E-04  3.1115E-04  3.0637E-04
       3.0637E-04  2.9205E-04  2.9046E-04  2.8887E-04  3.0080E-04  2.7375E-04  3.2627E-04  2.8250E-04  2.7454E-04  3.2547E-04
       2.9046E-04  2.8727E-04  2.8250E-04  2.7375E-04  2.8887E-04  2.9364E-04  2.9444E-04  2.7534E-04  3.0956E-04  2.8330E-04
       2.7215E-04  2.6658E-04  2.9285E-04  3.0558E-04  2.8568E-04  2.8091E-04  2.8966E-04  2.8648E-04  2.7773E-04  2.7932E-04
       3.1751E-04  2.8011E-04  2.9205E-04  3.1751E-04  3.0239E-04  2.8330E-04  3.0478E-04  2.8170E-04  2.8568E-04  2.9603E-04
       2.8966E-04  2.8648E-04  3.1194E-04  2.8727E-04  2.8489E-04  2.7056E-04  2.8091E-04  2.9125E-04  3.0956E-04  3.3104E-04
       2.9205E-04  3.3184E-04  3.0478E-04  2.7056E-04  2.9603E-04  3.0239E-04  2.9125E-04  2.9125E-04  2.8807E-04  2.9364E-04
       3.0876E-04  2.9364E-04  2.8727E-04  3.0478E-04  2.9364E-04  2.8250E-04  2.8887E-04  2.9205E-04  2.9285E-04  2.6499E-04
       3.1354E-04  2.9364E-04  3.0717E-04  2.8887E-04  3.0319E-04  3.0160E-04  2.8489E-04  2.6818E-04  2.9444E-04  2.8807E-04
       2.9364E-04  2.7215E-04  2.6499E-04  2.9603E-04  2.8170E-04  3.1115E-04  2.7375E-04  3.1115E-04  2.7295E-04  2.8648E-04
       2.7454E-04  2.8170E-04  3.0319E-04  2.6658E-04  2.8091E-04  2.8489E-04  2.8409E-04  2.6261E-04  3.0478E-04  2.7295E-04
       2.9046E-04  2.6818E-04  2.8091E-04  2.7136E-04  2.9842E-04  3.0717E-04  2.8330E-04  2.7454E-04  2.6420E-04  2.7056E-04
       2.4510E-04  2.9523E-04  2.4828E-04  2.5704E-04  2.5067E-04  2.9921E-04  2.5544E-04  2.6658E-04  2.5704E-04  2.3635E-04
       2.5863E-04  2.6101E-04  2.7375E-04  2.3635E-04  2.6977E-04  2.6897E-04  2.5624E-04  2.4510E-04  2.4351E-04  2.4828E-04
       2.3077E-04  2.4192E-04  2.2361E-04  2.3714E-04  2.4430E-04  2.3157E-04  2.4669E-04  2.4032E-04  2.2759E-04  2.4430E-04
       2.5067E-04  2.4351E-04  2.1804E-04  2.3157E-04  2.2520E-04  2.2839E-04  2.6579E-04  2.3953E-04  2.6022E-04  2.1247E-04
       2.2839E-04  2.5783E-04  2.6738E-04  2.1327E-04  2.3953E-04  2.4192E-04  2.3714E-04  2.4510E-04  2.2998E-04  2.0611E-04
       2.4510E-04  2.3714E-04  2.2123E-04  2.2998E-04  2.2043E-04  1.9815E-04  2.2441E-04  2.1247E-04  2.1008E-04  2.2361E-04
       2.0054E-04  2.0770E-04  2.2202E-04  2.1168E-04  2.0690E-04  1.9099E-04  2.0929E-04  2.1884E-04  2.0531E-04  2.0372E-04
       2.1406E-04  2.1645E-04  1.9576E-04  2.0054E-04  1.8860E-04  1.9258E-04  1.8780E-04  1.9735E-04  1.9576E-04  1.7587E-04
       1.8780E-04  1.8144E-04  1.8860E-04  1.8780E-04  1.9019E-04  1.7666E-04  1.6711E-04  1.5756E-04  1.7030E-04  1.8064E-04
       1.5677E-04  1.7746E-04  1.5438E-04  1.5915E-04  1.4244E-04  1.2494E-04  1.1777E-04  1.3528E-04  1.4961E-04  1.2335E-04
       1.2812E-04  1.3289E-04  1.0106E-04  1.1937E-04  1.2892E-04  1.0584E-04  1.0663E-04  1.1061E-04  1.0186E-04  9.9472E-05
       8.7535E-05  8.3556E-05  7.5599E-05  8.9127E-05  9.2310E-05  7.7190E-05  7.7986E-05  8.6739E-05  1.0425E-04  8.1965E-05
       8.4352E-05  9.8676E-05  9.7880E-05  1.0663E-04  1.1061E-04  1.1141E-04  1.1777E-04  1.3687E-04  1.1937E-04  1.2335E-04
       1.3051E-04  1.3051E-04  1.7427E-04  1.7746E-04  1.9417E-04  2.5624E-04  3.2388E-04  4.7508E-04  6.5094E-04  9.9631E-04
       1.6640E-03  2.6181E-03  4.0409E-03  6.5007E-03  9.7896E-03  1.4895E-02  2.2275E-02  3.2168E-02  4.6306E-02  6.4673E-02
       8.8064E-02  1.1685E-01  1.5130E-01  1.9095E-01  2.3738E-01  2.8689E-01  3.3546E-01  3.8325E-01  4.2774E-01  4.6439E-01
       4.9110E-01  5.0437E-01  5.0438E-01  4.9054E-01  4.6313E-01  4.2596E-01  3.8118E-01  3.3033E-01  2.7857E-01  2.2872E-01
       1.8193E-01  1.4023E-01  1.0546E-01  7.5903E-02  5.3624E-02  3.7126E-02  2.4402E-02  1.5733E-02  9.5565E-03  5.8792E-03
       3.4123E-03  1.9687E-03  1.1101E-03  5.5068E-04  2.9205E-04  1.3926E-04  7.0028E-05  3.4218E-05  1.7507E-05  7.1620E-06
       2.3873E-06  1.5915E-06  0.0000E+00  0.0000E+00  0.0000E+00  0.0000E+00  0.0000E+00  0.0000E+00  0.0000E+00  0.0000E+00
       0.0000E+00  0.0000E+00  0.0000E+00  0.0000E+00  0.0000E+00  0.0000E+00  0.0000E+00  0.0000E+00  0.0000E+00  0.0000E+00
       0.0000E+00  0.0000E+00  0.0000E+00  0.0000E+00  0.0000E+00  0.0000E+00  0.0000E+00  0.0000E+00  0.0000E+00  0.0000E+00
       0.0000E+00  0.0000E+00  0.0000E+00  0.0000E+00  0.0000E+00  0.0000E+00  0.0000E+00  0.0000E+00  0.0000E+00  0.0000E+00
       0.0000E+00  0.0000E+00  0.0000E+00  0.0000E+00  0.0000E+00  0.0000E+00  0.0000E+00  0.0000E+00  0.0000E+00  0.0000E+00
       0.0000E+00  0.0000E+00  0.0000E+00  0.0000E+00  0.0000E+00  0.0000E+00  0.0000E+00  0.0000E+00  0.0000E+00  0.0000E+00
       0.0000E+00  0.0000E+00  0.0000E+00  0.0000E+00  0.0000E+00  0.0000E+00  0.0000E+00  0.0000E+00  0.0000E+00  0.0000E+00
       0.0000E+00  0.0000E+00  0.0000E+00  0.0000E+00  0.0000E+00  0.0000E+00  0.0000E+00  0.0000E+00  0.0000E+00  0.0000E+00
       0.0000E+00  0.0000E+00  0.0000E+00  0.0000E+00  0.0000E+00  0.0000E+00  0.0000E+00  0.0000E+00  0.0000E+00  0.0000E+00
       0.0000E+00  0.0000E+00  0.0000E+00  0.0000E+00  0.0000E+00  0.0000E+00  0.0000E+00  0.0000E+00  0.0000E+00  0.0000E+00
       0.0000E+00  0.0000E+00  0.0000E+00  0.0000E+00  0.0000E+00  0.0000E+00  0.0000E+00  0.0000E+00  0.0000E+00  0.0000E+00
       0.0000E+00  0.0000E+00  0.0000E+00  0.0000E+00  0.0000E+00  0.0000E+00  0.0000E+00  0.0000E+00  0.0000E+00  0.0000E+00
       0.0000E+00  0.0000E+00  0.0000E+00  0.0000E+00  0.0000E+00  0.0000E+00  0.0000E+00  0.0000E+00  0.0000E+00  0.0000E+00
       0.0000E+00  0.0000E+00  0.0000E+00  0.0000E+00  0.0000E+00  0.0000E+00  0.0000E+00  0.0000E+00  0.0000E+00  0.0000E+00
       0.0000E+00  0.0000E+00  0.0000E+00  0.0000E+00  0.0000E+00  0.0000E+00  0.0000E+00  0.0000E+00  0.0000E+00  0.0000E+00
       0.0000E+00  0.0000E+00  0.0000E+00  0.0000E+00  0.0000E+00  0.0000E+00  0.0000E+00  0.0000E+00  0.0000E+00  0.0000E+00
       0.0000E+00  0.0000E+00  0.0000E+00  0.0000E+00  0.0000E+00  0.0000E+00  0.0000E+00  0.0000E+00  0.0000E+00  0.0000E+00
       0.0000E+00  0.0000E+00  0.0000E+00  0.0000E+00  0.0000E+00  0.0000E+00  0.0000E+00  0.0000E+00  0.0000E+00  0.0000E+00
       0.0000E+00  0.0000E+00  0.0000E+00  0.0000E+00  0.0000E+00  0.0000E+00  0.0000E+00  0.0000E+00  0.0000E+00  0.0000E+00
       0.0000E+00  0.0000E+00  0.0000E+00  0.0000E+00  0.0000E+00  0.0000E+00  0.0000E+00  0.0000E+00  0.0000E+00  0.0000E+00
       0.0000E+00  0.0000E+00  0.0000E+00  0.0000E+00  0.0000E+00  0.0000E+00  0.0000E+00  0.0000E+00  0.0000E+00  0.0000E+00
       0.0000E+00  0.0000E+00  0.0000E+00  0.0000E+00  0.0000E+00  0.0000E+00  0.0000E+00  0.0000E+00  0.0000E+00  0.0000E+00
       0.0000E+00  0.0000E+00  0.0000E+00  0.0000E+00  0.0000E+00  0.0000E+00  0.0000E+00  0.0000E+00  0.0000E+00  0.0000E+00
       0.0000E+00  0.0000E+00  0.0000E+00  0.0000E+00  0.0000E+00  0.0000E+00  0.0000E+00  0.0000E+00  0.0000E+00  0.0000E+00
       0.0000E+00  0.0000E+00  0.0000E+00  0.0000E+00  0.0000E+00  0.0000E+00  0.0000E+00  0.0000E+00  0.0000E+00  0.0000E+00
       0.0000E+00  0.0000E+00  0.0000E+00  0.0000E+00  0.0000E+00  0.0000E+00  0.0000E+00  0.0000E+00  0.0000E+00  0.0000E+00
       0.0000E+00  0.0000E+00  0.0000E+00  0.0000E+00  0.0000E+00  0.0000E+00  0.0000E+00  0.0000E+00  0.0000E+00  0.0000E+00
       0.0000E+00  0.0000E+00  0.0000E+00  0.0000E+00  0.0000E+00  0.0000E+00  0.0000E+00  0.0000E+00  0.0000E+00  0.0000E+00
       0.0000E+00  0.0000E+00  0.0000E+00  0.0000E+00  0.0000E+00  0.0000E+00  0.0000E+00  0.0000E+00  0.0000E+00  0.0000E+00
