
 *****  Protons in Lexan (0.09GeV, 3cm)                                                   *****

           DATE: 12/18/18,  TIME: 20:38: 2

          Total number of particles followed       10000000, for a total weight of  1.0000E+07

1

   Res. nuclei n.   1  "Ian       " ,  all         products, region n.     5
      detector volume:  1.0000E+00 cm**3
      Max. Z:  10, Max. N-Z:  11 Min. N-Z: -4
      Data follow in a matrix A(z,n-z-k), k: -5 format (1(5x,1p,10(1x,e11.4)))

       0.0000E+00  0.0000E+00  0.0000E+00  0.0000E+00  0.0000E+00  0.0000E+00  0.0000E+00  0.0000E+00  0.0000E+00  0.0000E+00
       0.0000E+00  0.0000E+00  0.0000E+00  0.0000E+00  0.0000E+00  1.0900E-05  0.0000E+00  5.0000E-07  0.0000E+00  0.0000E+00
       0.0000E+00  0.0000E+00  0.0000E+00  0.0000E+00  3.3920E-04  2.6690E-04  1.0980E-04  3.2700E-05  0.0000E+00  0.0000E+00
       1.3864E-01  6.7027E-03  0.0000E+00  4.1866E-03  0.0000E+00  1.1772E-02  9.4500E-05  2.6312E-03  0.0000E+00  0.0000E+00
       2.8499E-02  1.1097E-01  5.3213E-03  0.0000E+00  3.2632E-03  6.4590E-02  1.3452E-03  6.5367E-03  3.0000E-07  1.2000E-06
       2.6616E-03  0.0000E+00  2.7394E-03  7.2505E-04  8.0624E-03  1.1059E-03  2.2965E-03  6.7487E-06  3.0000E-07  0.0000E+00
       0.0000E+00  5.6000E-05  9.5100E-05  1.9600E-04  4.8501E-05  1.5490E-04  5.5203E-06  8.2000E-06  0.0000E+00  0.0000E+00
       0.0000E+00  0.0000E+00  1.0000E-06  4.0000E-07  1.2000E-06  2.0000E-07  9.0000E-07  0.0000E+00  0.0000E+00  0.0000E+00
       0.0000E+00  0.0000E+00  0.0000E+00  0.0000E+00  0.0000E+00  0.0000E+00  0.0000E+00  0.0000E+00  0.0000E+00  0.0000E+00
       0.0000E+00  0.0000E+00  0.0000E+00  0.0000E+00  0.0000E+00  0.0000E+00  0.0000E+00  0.0000E+00  0.0000E+00  0.0000E+00
       0.0000E+00  0.0000E+00  0.0000E+00  0.0000E+00  0.0000E+00  0.0000E+00  0.0000E+00  0.0000E+00  0.0000E+00  0.0000E+00
       0.0000E+00  0.0000E+00  0.0000E+00  0.0000E+00  0.0000E+00  0.0000E+00  0.0000E+00  0.0000E+00  0.0000E+00  0.0000E+00
       0.0000E+00  0.0000E+00  0.0000E+00  0.0000E+00  0.0000E+00  0.0000E+00  0.0000E+00  0.0000E+00  0.0000E+00  0.0000E+00
       0.0000E+00  0.0000E+00  0.0000E+00  0.0000E+00  0.0000E+00  0.0000E+00  0.0000E+00  0.0000E+00  0.0000E+00  0.0000E+00
       0.0000E+00  0.0000E+00  0.0000E+00  0.0000E+00  0.0000E+00  0.0000E+00  0.0000E+00  0.0000E+00  0.0000E+00  0.0000E+00
       0.0000E+00  0.0000E+00  0.0000E+00  0.0000E+00  0.0000E+00  0.0000E+00  0.0000E+00  0.0000E+00  0.0000E+00  0.0000E+00
