
 *****  Protons in Lexan (0.22GeV, 0cm)                                                   *****

           DATE: 12/18/18,  TIME: 11:48: 5

          Total number of particles followed       50000000, for a total weight of  5.0000E+07

1

   Bdrx n.   2  "ofluence  " , generalized particle n.    1, from region n.     5 to region n.     4
      detector area:  1.0000E+02 cm**2
      this is a one way only estimator
      this is a fluence like estimator
      linear energy binning from   1.4000E-01 to  2.7000E-01 GeV,   650 bins ( 2.0000E-04 GeV wide)
      linear angular binning from  0.0000E+00 to  6.2832E+00 sr ,     1 bins ( 6.2832E+00 sr wide )
      Data follow in a matrix A(ie,ia), format (1(5x,1p,10(1x,e11.4)))

       1.4323E-04  1.4595E-04  1.5287E-04  1.3763E-04  1.5324E-04  1.4971E-04  1.4042E-04  1.4392E-04  1.5085E-04  1.4238E-04
       1.3653E-04  1.3842E-04  1.3711E-04  1.4081E-04  1.4906E-04  1.4106E-04  1.4467E-04  1.4760E-04  1.3699E-04  1.4264E-04
       1.4554E-04  1.4230E-04  1.4695E-04  1.3889E-04  1.4158E-04  1.4490E-04  1.4015E-04  1.3631E-04  1.3704E-04  1.3322E-04
       1.4418E-04  1.3634E-04  1.3604E-04  1.3370E-04  1.3611E-04  1.3856E-04  1.3886E-04  1.4451E-04  1.4383E-04  1.3212E-04
       1.4388E-04  1.4386E-04  1.3002E-04  1.4229E-04  1.3581E-04  1.3253E-04  1.3458E-04  1.3254E-04  1.2879E-04  1.3161E-04
       1.4066E-04  1.3251E-04  1.3422E-04  1.3556E-04  1.4907E-04  1.4864E-04  1.3567E-04  1.2950E-04  1.3897E-04  1.4430E-04
       1.3909E-04  1.3928E-04  1.3917E-04  1.3121E-04  1.3904E-04  1.4435E-04  1.4211E-04  1.4058E-04  1.4284E-04  1.3974E-04
       1.3839E-04  1.4128E-04  1.2690E-04  1.4103E-04  1.2762E-04  1.3538E-04  1.3437E-04  1.3441E-04  1.3192E-04  1.3958E-04
       1.3810E-04  1.3551E-04  1.4436E-04  1.3170E-04  1.4052E-04  1.3737E-04  1.4129E-04  1.4397E-04  1.3119E-04  1.3228E-04
       1.3124E-04  1.3110E-04  1.3450E-04  1.3388E-04  1.3441E-04  1.3421E-04  1.3434E-04  1.3199E-04  1.3619E-04  1.3604E-04
       1.3038E-04  1.4041E-04  1.4202E-04  1.3287E-04  1.2979E-04  1.3074E-04  1.3400E-04  1.3115E-04  1.3084E-04  1.2731E-04
       1.3521E-04  1.3347E-04  1.3182E-04  1.4547E-04  1.3145E-04  1.3227E-04  1.3759E-04  1.2615E-04  1.3145E-04  1.3575E-04
       1.3233E-04  1.4255E-04  1.4134E-04  1.2637E-04  1.2612E-04  1.2745E-04  1.2585E-04  1.2672E-04  1.3017E-04  1.3821E-04
       1.3402E-04  1.3106E-04  1.3333E-04  1.2797E-04  1.2278E-04  1.3081E-04  1.2325E-04  1.2428E-04  1.2621E-04  1.4062E-04
       1.2891E-04  1.3120E-04  1.3088E-04  1.3023E-04  1.3011E-04  1.3295E-04  1.3940E-04  1.4036E-04  1.2957E-04  1.3133E-04
       1.3408E-04  1.2902E-04  1.3776E-04  1.3048E-04  1.2433E-04  1.2953E-04  1.2886E-04  1.3335E-04  1.4207E-04  1.4191E-04
       1.3038E-04  1.3113E-04  1.3080E-04  1.2547E-04  1.2196E-04  1.2881E-04  1.3235E-04  1.3275E-04  1.1600E-04  1.3163E-04
       1.3285E-04  1.2502E-04  1.3479E-04  1.3069E-04  1.3898E-04  1.3354E-04  1.2930E-04  1.3226E-04  1.2966E-04  1.2609E-04
       1.1537E-04  1.2889E-04  1.3264E-04  1.3360E-04  1.2911E-04  1.2178E-04  1.2368E-04  1.3230E-04  1.1278E-04  1.2439E-04
       1.2781E-04  1.3428E-04  1.2442E-04  1.2982E-04  1.1960E-04  1.1903E-04  1.2123E-04  1.1579E-04  1.2473E-04  1.2208E-04
       1.2162E-04  1.1614E-04  1.2047E-04  1.2466E-04  1.2723E-04  1.2441E-04  1.1565E-04  1.1925E-04  1.1341E-04  1.1901E-04
       1.2102E-04  1.2342E-04  1.1998E-04  1.2221E-04  1.1704E-04  1.1678E-04  1.1465E-04  1.2283E-04  1.1918E-04  1.1020E-04
       1.1141E-04  1.0775E-04  1.1193E-04  1.1642E-04  1.0704E-04  1.0955E-04  1.0434E-04  1.0513E-04  1.1129E-04  1.0654E-04
       1.0492E-04  1.1063E-04  1.0678E-04  1.0533E-04  1.1055E-04  1.1074E-04  1.0926E-04  1.0224E-04  1.0189E-04  1.0520E-04
       9.8868E-05  1.0086E-04  1.0372E-04  1.0315E-04  9.9944E-05  9.8879E-05  1.0079E-04  1.0078E-04  1.0615E-04  9.8481E-05
       9.5048E-05  9.8833E-05  9.5162E-05  1.0838E-04  9.5926E-05  9.6119E-05  9.8170E-05  1.0417E-04  9.8000E-05  9.0607E-05
       9.1104E-05  1.0606E-04  9.3334E-05  9.6696E-05  9.7416E-05  8.8177E-05  9.6536E-05  8.8066E-05  9.6004E-05  8.6966E-05
       9.0736E-05  8.8448E-05  9.7998E-05  8.3717E-05  8.7286E-05  9.1602E-05  9.1418E-05  8.4506E-05  8.5525E-05  8.5864E-05
       8.7866E-05  8.2839E-05  8.8806E-05  8.5433E-05  8.3765E-05  8.3198E-05  8.2714E-05  8.4252E-05  8.8051E-05  7.7287E-05
       8.4176E-05  8.5564E-05  8.2798E-05  7.8713E-05  8.0248E-05  6.9445E-05  7.7804E-05  7.4272E-05  8.0107E-05  7.1676E-05
       6.8565E-05  7.5582E-05  6.9283E-05  6.5798E-05  6.2836E-05  6.2624E-05  6.5849E-05  6.7234E-05  6.6158E-05  6.2699E-05
       6.2443E-05  6.1443E-05  6.1506E-05  5.8981E-05  5.6738E-05  5.4121E-05  4.6843E-05  5.0922E-05  4.7362E-05  5.0371E-05
       4.8609E-05  4.7005E-05  4.0867E-05  3.9001E-05  3.9082E-05  4.2356E-05  3.5991E-05  4.0469E-05  3.5059E-05  4.0367E-05
       3.3279E-05  3.3484E-05  3.4734E-05  3.3340E-05  3.2094E-05  3.6322E-05  3.8506E-05  3.5064E-05  4.2207E-05  3.7620E-05
       4.4934E-05  5.3268E-05  4.3908E-05  5.1805E-05  5.8059E-05  6.0853E-05  6.2510E-05  6.2633E-05  6.7305E-05  6.8581E-05
       6.8027E-05  7.3573E-05  7.4270E-05  9.2606E-05  1.3079E-04  2.0932E-04  3.6538E-04  7.0329E-04  1.4162E-03  2.6907E-03
       5.0203E-03  9.1331E-03  1.5950E-02  2.7113E-02  4.4320E-02  6.9441E-02  1.0475E-01  1.5172E-01  2.1088E-01  2.8200E-01
       3.6122E-01  4.4339E-01  5.2159E-01  5.8742E-01  6.3434E-01  6.5519E-01  6.4822E-01  6.1319E-01  5.5454E-01  4.7990E-01
       3.9645E-01  3.1412E-01  2.3729E-01  1.7122E-01  1.1816E-01  7.7773E-02  4.9028E-02  2.9308E-02  1.6796E-02  9.2255E-03
       4.8306E-03  2.3857E-03  1.1440E-03  5.1982E-04  2.2123E-04  8.9608E-05  3.5811E-05  1.2733E-05  3.6606E-06  1.7508E-06
       6.3663E-07  1.5916E-07  0.0000E+00  1.5916E-07  0.0000E+00  0.0000E+00  0.0000E+00  0.0000E+00  0.0000E+00  0.0000E+00
       0.0000E+00  0.0000E+00  0.0000E+00  0.0000E+00  0.0000E+00  0.0000E+00  0.0000E+00  0.0000E+00  0.0000E+00  0.0000E+00
       0.0000E+00  0.0000E+00  0.0000E+00  0.0000E+00  0.0000E+00  0.0000E+00  0.0000E+00  0.0000E+00  0.0000E+00  0.0000E+00
       0.0000E+00  0.0000E+00  0.0000E+00  0.0000E+00  0.0000E+00  0.0000E+00  0.0000E+00  0.0000E+00  0.0000E+00  0.0000E+00
       0.0000E+00  0.0000E+00  0.0000E+00  0.0000E+00  0.0000E+00  0.0000E+00  0.0000E+00  0.0000E+00  0.0000E+00  0.0000E+00
       0.0000E+00  0.0000E+00  0.0000E+00  0.0000E+00  0.0000E+00  0.0000E+00  0.0000E+00  0.0000E+00  0.0000E+00  0.0000E+00
       0.0000E+00  0.0000E+00  0.0000E+00  0.0000E+00  0.0000E+00  0.0000E+00  0.0000E+00  0.0000E+00  0.0000E+00  0.0000E+00
       0.0000E+00  0.0000E+00  0.0000E+00  0.0000E+00  0.0000E+00  0.0000E+00  0.0000E+00  0.0000E+00  0.0000E+00  0.0000E+00
       0.0000E+00  0.0000E+00  0.0000E+00  0.0000E+00  0.0000E+00  0.0000E+00  0.0000E+00  0.0000E+00  0.0000E+00  0.0000E+00
       0.0000E+00  0.0000E+00  0.0000E+00  0.0000E+00  0.0000E+00  0.0000E+00  0.0000E+00  0.0000E+00  0.0000E+00  0.0000E+00
       0.0000E+00  0.0000E+00  0.0000E+00  0.0000E+00  0.0000E+00  0.0000E+00  0.0000E+00  0.0000E+00  0.0000E+00  0.0000E+00
       0.0000E+00  0.0000E+00  0.0000E+00  0.0000E+00  0.0000E+00  0.0000E+00  0.0000E+00  0.0000E+00  0.0000E+00  0.0000E+00
       0.0000E+00  0.0000E+00  0.0000E+00  0.0000E+00  0.0000E+00  0.0000E+00  0.0000E+00  0.0000E+00  0.0000E+00  0.0000E+00
       0.0000E+00  0.0000E+00  0.0000E+00  0.0000E+00  0.0000E+00  0.0000E+00  0.0000E+00  0.0000E+00  0.0000E+00  0.0000E+00
       0.0000E+00  0.0000E+00  0.0000E+00  0.0000E+00  0.0000E+00  0.0000E+00  0.0000E+00  0.0000E+00  0.0000E+00  0.0000E+00
       0.0000E+00  0.0000E+00  0.0000E+00  0.0000E+00  0.0000E+00  0.0000E+00  0.0000E+00  0.0000E+00  0.0000E+00  0.0000E+00
       0.0000E+00  0.0000E+00  0.0000E+00  0.0000E+00  0.0000E+00  0.0000E+00  0.0000E+00  0.0000E+00  0.0000E+00  0.0000E+00
       0.0000E+00  0.0000E+00  0.0000E+00  0.0000E+00  0.0000E+00  0.0000E+00  0.0000E+00  0.0000E+00  0.0000E+00  0.0000E+00
       0.0000E+00  0.0000E+00  0.0000E+00  0.0000E+00  0.0000E+00  0.0000E+00  0.0000E+00  0.0000E+00  0.0000E+00  0.0000E+00
       0.0000E+00  0.0000E+00  0.0000E+00  0.0000E+00  0.0000E+00  0.0000E+00  0.0000E+00  0.0000E+00  0.0000E+00  0.0000E+00
       0.0000E+00  0.0000E+00  0.0000E+00  0.0000E+00  0.0000E+00  0.0000E+00  0.0000E+00  0.0000E+00  0.0000E+00  0.0000E+00
       0.0000E+00  0.0000E+00  0.0000E+00  0.0000E+00  0.0000E+00  0.0000E+00  0.0000E+00  0.0000E+00  0.0000E+00  0.0000E+00
       0.0000E+00  0.0000E+00  0.0000E+00  0.0000E+00  0.0000E+00  0.0000E+00  0.0000E+00  0.0000E+00  0.0000E+00  0.0000E+00
       0.0000E+00  0.0000E+00  0.0000E+00  0.0000E+00  0.0000E+00  0.0000E+00  0.0000E+00  0.0000E+00  0.0000E+00  0.0000E+00
       0.0000E+00  0.0000E+00  0.0000E+00  0.0000E+00  0.0000E+00  0.0000E+00  0.0000E+00  0.0000E+00  0.0000E+00  0.0000E+00
1

   Bdrx n.   6  "ofluence  " , generalized particle n.    1, from region n.     5 to region n.     4
      detector area:  1.0000E+02 cm**2
      this is a one way only estimator
      this is a fluence like estimator
      linear energy binning from   0.0000E+00 to  3.0000E+02 GeV,     1 bins ( 3.0000E+02 GeV wide)
      linear angular binning from  0.0000E+00 to  6.2832E+00 sr ,     1 bins ( 6.2832E+00 sr wide )
      Data follow in a matrix A(ie,ia), format (1(5x,1p,10(1x,e11.4)))

       5.3437E-06
