
 *****  Protons in Lexan (0.22GeV, 0cm)                                                   *****

           DATE: 12/18/18,  TIME: 11:48: 5

          Total number of particles followed       50000000, for a total weight of  5.0000E+07

1

   Res. nuclei n.   1  "Ian       " ,  all         products, region n.     5
      detector volume:  1.0000E+00 cm**3
      Max. Z:  10, Max. N-Z:  11 Min. N-Z: -4
      Data follow in a matrix A(z,n-z-k), k: -5 format (1(5x,1p,10(1x,e11.4)))

       0.0000E+00  0.0000E+00  0.0000E+00  0.0000E+00  0.0000E+00  0.0000E+00  0.0000E+00  0.0000E+00  0.0000E+00  0.0000E+00
       0.0000E+00  0.0000E+00  0.0000E+00  0.0000E+00  0.0000E+00  6.8400E-06  0.0000E+00  3.2000E-07  0.0000E+00  0.0000E+00
       0.0000E+00  0.0000E+00  0.0000E+00  0.0000E+00  5.2680E-05  1.0858E-04  1.1520E-05  2.6260E-05  0.0000E+00  0.0000E+00
       8.8857E-03  1.4072E-03  0.0000E+00  6.8056E-04  0.0000E+00  2.0561E-03  2.8220E-05  4.9822E-04  2.0000E-08  0.0000E+00
       2.3139E-03  1.1032E-02  9.1268E-04  0.0000E+00  7.1996E-04  2.2750E-03  2.3518E-04  2.6572E-04  0.0000E+00  1.4000E-07
       7.5673E-04  0.0000E+00  5.1664E-04  1.4244E-04  1.3465E-03  1.2348E-04  3.3357E-04  5.2113E-07  0.0000E+00  0.0000E+00
       0.0000E+00  3.1380E-05  4.3280E-05  9.8040E-05  1.4808E-05  3.3100E-05  5.6290E-07  5.0000E-07  0.0000E+00  0.0000E+00
       0.0000E+00  0.0000E+00  3.3400E-06  3.6000E-07  7.2000E-07  6.0000E-08  4.2000E-07  0.0000E+00  0.0000E+00  0.0000E+00
       0.0000E+00  8.0000E-08  0.0000E+00  2.0000E-08  0.0000E+00  2.0000E-08  0.0000E+00  0.0000E+00  0.0000E+00  0.0000E+00
       0.0000E+00  0.0000E+00  0.0000E+00  0.0000E+00  0.0000E+00  0.0000E+00  0.0000E+00  0.0000E+00  0.0000E+00  0.0000E+00
       0.0000E+00  0.0000E+00  0.0000E+00  0.0000E+00  0.0000E+00  0.0000E+00  0.0000E+00  0.0000E+00  0.0000E+00  0.0000E+00
       0.0000E+00  0.0000E+00  0.0000E+00  0.0000E+00  0.0000E+00  0.0000E+00  0.0000E+00  0.0000E+00  0.0000E+00  0.0000E+00
       0.0000E+00  0.0000E+00  0.0000E+00  0.0000E+00  0.0000E+00  0.0000E+00  0.0000E+00  0.0000E+00  0.0000E+00  0.0000E+00
       0.0000E+00  0.0000E+00  0.0000E+00  0.0000E+00  0.0000E+00  0.0000E+00  0.0000E+00  0.0000E+00  0.0000E+00  0.0000E+00
       0.0000E+00  0.0000E+00  0.0000E+00  0.0000E+00  0.0000E+00  0.0000E+00  0.0000E+00  0.0000E+00  0.0000E+00  0.0000E+00
       0.0000E+00  0.0000E+00  0.0000E+00  0.0000E+00  0.0000E+00  0.0000E+00  0.0000E+00  0.0000E+00  0.0000E+00  0.0000E+00
