
 *****  Protons in Lexan (0.22GeV, 0cm)                                                   *****

           DATE: 12/18/18,  TIME: 11:48: 5

          Total number of particles followed       50000000, for a total weight of  5.0000E+07

1

   Bdrx n.   4  "ocurrent  " , generalized particle n.    1, from region n.     5 to region n.     4
      detector area:  1.0000E+02 cm**2
      this is a one way only estimator
      this is a current like estimator
      linear energy binning from   1.4000E-01 to  2.7000E-01 GeV,   650 bins ( 2.0000E-04 GeV wide)
      linear angular binning from  0.0000E+00 to  6.2832E+00 sr ,     1 bins ( 6.2832E+00 sr wide )
      Data follow in a matrix A(ie,ia), format (1(5x,1p,10(1x,e11.4)))

       1.1395E-04  1.1634E-04  1.2159E-04  1.1141E-04  1.2032E-04  1.1809E-04  1.1348E-04  1.1618E-04  1.2207E-04  1.1459E-04
       1.1093E-04  1.1061E-04  1.1014E-04  1.1348E-04  1.2000E-04  1.1459E-04  1.1618E-04  1.1953E-04  1.1125E-04  1.1555E-04
       1.1762E-04  1.1459E-04  1.1873E-04  1.1348E-04  1.1523E-04  1.1873E-04  1.1316E-04  1.1093E-04  1.1109E-04  1.0950E-04
       1.1809E-04  1.1141E-04  1.0998E-04  1.0838E-04  1.1141E-04  1.1443E-04  1.1332E-04  1.1825E-04  1.1841E-04  1.0711E-04
       1.1793E-04  1.1730E-04  1.0775E-04  1.1666E-04  1.1109E-04  1.0838E-04  1.1284E-04  1.1077E-04  1.0711E-04  1.0807E-04
       1.1523E-04  1.0998E-04  1.1141E-04  1.1284E-04  1.2207E-04  1.2319E-04  1.1316E-04  1.0743E-04  1.1523E-04  1.1921E-04
       1.1539E-04  1.1571E-04  1.1507E-04  1.0886E-04  1.1555E-04  1.1905E-04  1.1825E-04  1.1602E-04  1.1937E-04  1.1682E-04
       1.1555E-04  1.1698E-04  1.0616E-04  1.1857E-04  1.0807E-04  1.1252E-04  1.1395E-04  1.1348E-04  1.1077E-04  1.1698E-04
       1.1571E-04  1.1348E-04  1.2000E-04  1.1157E-04  1.1857E-04  1.1586E-04  1.1889E-04  1.2016E-04  1.1157E-04  1.1189E-04
       1.1077E-04  1.1157E-04  1.1364E-04  1.1380E-04  1.1427E-04  1.1443E-04  1.1395E-04  1.1173E-04  1.1507E-04  1.1332E-04
       1.1045E-04  1.1889E-04  1.2048E-04  1.1252E-04  1.0998E-04  1.1093E-04  1.1507E-04  1.1205E-04  1.1077E-04  1.0966E-04
       1.1491E-04  1.1427E-04  1.1284E-04  1.2557E-04  1.1300E-04  1.1443E-04  1.1714E-04  1.0759E-04  1.1300E-04  1.1634E-04
       1.1348E-04  1.2271E-04  1.2128E-04  1.0934E-04  1.0759E-04  1.0982E-04  1.0886E-04  1.0934E-04  1.1252E-04  1.1984E-04
       1.1586E-04  1.1316E-04  1.1507E-04  1.1077E-04  1.0600E-04  1.1395E-04  1.0759E-04  1.0743E-04  1.1014E-04  1.2287E-04
       1.1061E-04  1.1443E-04  1.1236E-04  1.1348E-04  1.1300E-04  1.1459E-04  1.2175E-04  1.2223E-04  1.1252E-04  1.1491E-04
       1.1698E-04  1.1252E-04  1.2016E-04  1.1475E-04  1.0854E-04  1.1395E-04  1.1348E-04  1.1650E-04  1.2525E-04  1.2525E-04
       1.1459E-04  1.1475E-04  1.1395E-04  1.1109E-04  1.0743E-04  1.1348E-04  1.1714E-04  1.1666E-04  1.0218E-04  1.1571E-04
       1.1650E-04  1.1045E-04  1.1905E-04  1.1586E-04  1.2319E-04  1.1857E-04  1.1491E-04  1.1762E-04  1.1507E-04  1.1157E-04
       1.0218E-04  1.1507E-04  1.1730E-04  1.1905E-04  1.1411E-04  1.0775E-04  1.1029E-04  1.1746E-04  1.0043E-04  1.1045E-04
       1.1427E-04  1.1905E-04  1.1141E-04  1.1539E-04  1.0727E-04  1.0743E-04  1.0854E-04  1.0329E-04  1.1173E-04  1.0966E-04
       1.0998E-04  1.0441E-04  1.0854E-04  1.1141E-04  1.1427E-04  1.1157E-04  1.0441E-04  1.0695E-04  1.0250E-04  1.0743E-04
       1.0870E-04  1.1061E-04  1.0823E-04  1.1093E-04  1.0616E-04  1.0536E-04  1.0345E-04  1.1045E-04  1.0807E-04  1.0011E-04
       1.0106E-04  9.7244E-05  1.0202E-04  1.0520E-04  9.7244E-05  9.9631E-05  9.4379E-05  9.5811E-05  1.0154E-04  9.6766E-05
       9.5493E-05  1.0043E-04  9.7721E-05  9.5811E-05  1.0106E-04  1.0122E-04  9.9790E-05  9.4061E-05  9.2787E-05  9.6607E-05
       9.0559E-05  9.2628E-05  9.5334E-05  9.4061E-05  9.1037E-05  9.0559E-05  9.2628E-05  9.2787E-05  9.7403E-05  9.0559E-05
       8.7376E-05  9.0718E-05  8.7854E-05  9.8358E-05  8.8331E-05  8.8649E-05  9.0559E-05  9.5652E-05  9.1037E-05  8.3238E-05
       8.4352E-05  9.8199E-05  8.6421E-05  8.8172E-05  9.0400E-05  8.1806E-05  8.9445E-05  8.1487E-05  8.8808E-05  8.0851E-05
       8.4670E-05  8.1806E-05  9.1992E-05  7.8304E-05  8.1646E-05  8.5625E-05  8.5625E-05  7.9100E-05  7.9418E-05  7.9737E-05
       8.2601E-05  7.7031E-05  8.3556E-05  7.9577E-05  7.8304E-05  7.8463E-05  7.7190E-05  7.9259E-05  8.3079E-05  7.3211E-05
       7.8623E-05  8.1010E-05  7.6394E-05  7.4325E-05  7.5917E-05  6.5731E-05  7.3370E-05  7.0665E-05  7.5917E-05  6.7959E-05
       6.5094E-05  7.1779E-05  6.5254E-05  6.1593E-05  5.9683E-05  5.9524E-05  6.2866E-05  6.3344E-05  6.3025E-05  5.9365E-05
       5.9683E-05  5.8728E-05  5.8569E-05  5.4908E-05  5.3794E-05  5.0770E-05  4.4404E-05  4.8542E-05  4.5200E-05  4.8065E-05
       4.6314E-05  4.1858E-05  3.8675E-05  3.6606E-05  3.6765E-05  3.8515E-05  3.3104E-05  3.8038E-05  3.2786E-05  3.7561E-05
       3.0876E-05  3.0558E-05  3.1990E-05  3.0876E-05  2.9921E-05  3.3741E-05  3.6128E-05  3.1990E-05  3.8834E-05  3.5492E-05
       4.2335E-05  5.0293E-05  4.1380E-05  4.8224E-05  5.4431E-05  5.7773E-05  5.9683E-05  5.9524E-05  6.4458E-05  6.5731E-05
       6.4935E-05  7.1142E-05  7.2097E-05  8.9763E-05  1.2716E-04  2.0467E-04  3.6160E-04  6.9933E-04  1.4112E-03  2.6845E-03
       5.0107E-03  9.1239E-03  1.5939E-02  2.7099E-02  4.4304E-02  6.9421E-02  1.0472E-01  1.5169E-01  2.1085E-01  2.8196E-01
       3.6117E-01  4.4334E-01  5.2155E-01  5.8737E-01  6.3429E-01  6.5515E-01  6.4817E-01  6.1315E-01  5.5451E-01  4.7987E-01
       3.9643E-01  3.1410E-01  2.3728E-01  1.7121E-01  1.1815E-01  7.7768E-02  4.9025E-02  2.9307E-02  1.6796E-02  9.2251E-03
       4.8304E-03  2.3856E-03  1.1440E-03  5.1980E-04  2.2123E-04  8.9604E-05  3.5810E-05  1.2732E-05  3.6606E-06  1.7507E-06
       6.3662E-07  1.5915E-07  0.0000E+00  1.5915E-07  0.0000E+00  0.0000E+00  0.0000E+00  0.0000E+00  0.0000E+00  0.0000E+00
       0.0000E+00  0.0000E+00  0.0000E+00  0.0000E+00  0.0000E+00  0.0000E+00  0.0000E+00  0.0000E+00  0.0000E+00  0.0000E+00
       0.0000E+00  0.0000E+00  0.0000E+00  0.0000E+00  0.0000E+00  0.0000E+00  0.0000E+00  0.0000E+00  0.0000E+00  0.0000E+00
       0.0000E+00  0.0000E+00  0.0000E+00  0.0000E+00  0.0000E+00  0.0000E+00  0.0000E+00  0.0000E+00  0.0000E+00  0.0000E+00
       0.0000E+00  0.0000E+00  0.0000E+00  0.0000E+00  0.0000E+00  0.0000E+00  0.0000E+00  0.0000E+00  0.0000E+00  0.0000E+00
       0.0000E+00  0.0000E+00  0.0000E+00  0.0000E+00  0.0000E+00  0.0000E+00  0.0000E+00  0.0000E+00  0.0000E+00  0.0000E+00
       0.0000E+00  0.0000E+00  0.0000E+00  0.0000E+00  0.0000E+00  0.0000E+00  0.0000E+00  0.0000E+00  0.0000E+00  0.0000E+00
       0.0000E+00  0.0000E+00  0.0000E+00  0.0000E+00  0.0000E+00  0.0000E+00  0.0000E+00  0.0000E+00  0.0000E+00  0.0000E+00
       0.0000E+00  0.0000E+00  0.0000E+00  0.0000E+00  0.0000E+00  0.0000E+00  0.0000E+00  0.0000E+00  0.0000E+00  0.0000E+00
       0.0000E+00  0.0000E+00  0.0000E+00  0.0000E+00  0.0000E+00  0.0000E+00  0.0000E+00  0.0000E+00  0.0000E+00  0.0000E+00
       0.0000E+00  0.0000E+00  0.0000E+00  0.0000E+00  0.0000E+00  0.0000E+00  0.0000E+00  0.0000E+00  0.0000E+00  0.0000E+00
       0.0000E+00  0.0000E+00  0.0000E+00  0.0000E+00  0.0000E+00  0.0000E+00  0.0000E+00  0.0000E+00  0.0000E+00  0.0000E+00
       0.0000E+00  0.0000E+00  0.0000E+00  0.0000E+00  0.0000E+00  0.0000E+00  0.0000E+00  0.0000E+00  0.0000E+00  0.0000E+00
       0.0000E+00  0.0000E+00  0.0000E+00  0.0000E+00  0.0000E+00  0.0000E+00  0.0000E+00  0.0000E+00  0.0000E+00  0.0000E+00
       0.0000E+00  0.0000E+00  0.0000E+00  0.0000E+00  0.0000E+00  0.0000E+00  0.0000E+00  0.0000E+00  0.0000E+00  0.0000E+00
       0.0000E+00  0.0000E+00  0.0000E+00  0.0000E+00  0.0000E+00  0.0000E+00  0.0000E+00  0.0000E+00  0.0000E+00  0.0000E+00
       0.0000E+00  0.0000E+00  0.0000E+00  0.0000E+00  0.0000E+00  0.0000E+00  0.0000E+00  0.0000E+00  0.0000E+00  0.0000E+00
       0.0000E+00  0.0000E+00  0.0000E+00  0.0000E+00  0.0000E+00  0.0000E+00  0.0000E+00  0.0000E+00  0.0000E+00  0.0000E+00
       0.0000E+00  0.0000E+00  0.0000E+00  0.0000E+00  0.0000E+00  0.0000E+00  0.0000E+00  0.0000E+00  0.0000E+00  0.0000E+00
       0.0000E+00  0.0000E+00  0.0000E+00  0.0000E+00  0.0000E+00  0.0000E+00  0.0000E+00  0.0000E+00  0.0000E+00  0.0000E+00
       0.0000E+00  0.0000E+00  0.0000E+00  0.0000E+00  0.0000E+00  0.0000E+00  0.0000E+00  0.0000E+00  0.0000E+00  0.0000E+00
       0.0000E+00  0.0000E+00  0.0000E+00  0.0000E+00  0.0000E+00  0.0000E+00  0.0000E+00  0.0000E+00  0.0000E+00  0.0000E+00
       0.0000E+00  0.0000E+00  0.0000E+00  0.0000E+00  0.0000E+00  0.0000E+00  0.0000E+00  0.0000E+00  0.0000E+00  0.0000E+00
       0.0000E+00  0.0000E+00  0.0000E+00  0.0000E+00  0.0000E+00  0.0000E+00  0.0000E+00  0.0000E+00  0.0000E+00  0.0000E+00
       0.0000E+00  0.0000E+00  0.0000E+00  0.0000E+00  0.0000E+00  0.0000E+00  0.0000E+00  0.0000E+00  0.0000E+00  0.0000E+00
