
 *****  Protons in Lexan (0.15GeV, 2.0cm)                                                 *****

           DATE: 12/ 6/18,  TIME:  5:17:32

          Total number of particles followed       10000000, for a total weight of  1.0000E+07

1

   Res. nuclei n.   1  "Ian       " ,  all         products, region n.     5
      detector volume:  1.0000E+00 cm**3
      Max. Z:  10, Max. N-Z:  11 Min. N-Z: -4
      Data follow in a matrix A(z,n-z-k), k: -5 format (1(5x,1p,10(1x,e11.4)))

       0.0000E+00  0.0000E+00  0.0000E+00  0.0000E+00  0.0000E+00  0.0000E+00  0.0000E+00  0.0000E+00  0.0000E+00  0.0000E+00
       0.0000E+00  0.0000E+00  0.0000E+00  0.0000E+00  0.0000E+00  1.6600E-05  0.0000E+00  7.0000E-07  0.0000E+00  0.0000E+00
       0.0000E+00  0.0000E+00  0.0000E+00  0.0000E+00  1.1420E-04  1.9380E-04  2.8400E-05  4.0700E-05  0.0000E+00  0.0000E+00
       2.4391E-02  3.1990E-03  0.0000E+00  1.4712E-03  0.0000E+00  4.2733E-03  5.4700E-05  1.0134E-03  1.0000E-07  0.0000E+00
       5.4370E-03  2.5113E-02  2.0575E-03  0.0000E+00  1.3834E-03  7.3941E-03  4.8200E-04  8.7250E-04  0.0000E+00  1.0000E-07
       1.5648E-03  0.0000E+00  1.0518E-03  2.8590E-04  2.4448E-03  2.9580E-04  6.2030E-04  5.0000E-07  0.0000E+00  0.0000E+00
       0.0000E+00  5.9200E-05  8.0200E-05  1.6010E-04  2.5300E-05  6.1900E-05  1.7000E-06  1.2000E-06  0.0000E+00  0.0000E+00
       0.0000E+00  0.0000E+00  4.4000E-06  3.0000E-07  1.8000E-06  1.0000E-07  7.0000E-07  0.0000E+00  0.0000E+00  0.0000E+00
       0.0000E+00  0.0000E+00  0.0000E+00  0.0000E+00  0.0000E+00  0.0000E+00  0.0000E+00  0.0000E+00  0.0000E+00  0.0000E+00
       0.0000E+00  0.0000E+00  0.0000E+00  0.0000E+00  0.0000E+00  0.0000E+00  0.0000E+00  0.0000E+00  0.0000E+00  0.0000E+00
       0.0000E+00  0.0000E+00  0.0000E+00  0.0000E+00  0.0000E+00  0.0000E+00  0.0000E+00  0.0000E+00  0.0000E+00  0.0000E+00
       0.0000E+00  0.0000E+00  0.0000E+00  0.0000E+00  0.0000E+00  0.0000E+00  0.0000E+00  0.0000E+00  0.0000E+00  0.0000E+00
       0.0000E+00  0.0000E+00  0.0000E+00  0.0000E+00  0.0000E+00  0.0000E+00  0.0000E+00  0.0000E+00  0.0000E+00  0.0000E+00
       0.0000E+00  0.0000E+00  0.0000E+00  0.0000E+00  0.0000E+00  0.0000E+00  0.0000E+00  0.0000E+00  0.0000E+00  0.0000E+00
       0.0000E+00  0.0000E+00  0.0000E+00  0.0000E+00  0.0000E+00  0.0000E+00  0.0000E+00  0.0000E+00  0.0000E+00  0.0000E+00
       0.0000E+00  0.0000E+00  0.0000E+00  0.0000E+00  0.0000E+00  0.0000E+00  0.0000E+00  0.0000E+00  0.0000E+00  0.0000E+00
