
 *****  Protons in Lexan (0.23GeV, 0cm)                                                   *****

           DATE: 12/20/18,  TIME: 22:52:35

          Total number of particles followed       50000000, for a total weight of  5.0000E+07

1

   Res. nuclei n.   1  "Ian       " ,  all         products, region n.     5
      detector volume:  1.0000E+00 cm**3
      Max. Z:  10, Max. N-Z:  11 Min. N-Z: -4
      Data follow in a matrix A(z,n-z-k), k: -5 format (1(5x,1p,10(1x,e11.4)))

       0.0000E+00  0.0000E+00  0.0000E+00  0.0000E+00  0.0000E+00  0.0000E+00  0.0000E+00  0.0000E+00  0.0000E+00  0.0000E+00
       0.0000E+00  0.0000E+00  0.0000E+00  0.0000E+00  0.0000E+00  6.8000E-06  0.0000E+00  6.6000E-07  0.0000E+00  0.0000E+00
       0.0000E+00  0.0000E+00  0.0000E+00  0.0000E+00  5.0180E-05  1.0868E-04  1.1120E-05  2.5920E-05  0.0000E+00  0.0000E+00
       8.8172E-03  1.4043E-03  0.0000E+00  6.7316E-04  0.0000E+00  2.0510E-03  2.8620E-05  4.9612E-04  0.0000E+00  0.0000E+00
       2.2974E-03  1.1006E-02  9.0368E-04  0.0000E+00  7.2618E-04  2.2344E-03  2.3998E-04  2.6180E-04  0.0000E+00  1.2000E-07
       7.4914E-04  0.0000E+00  5.2582E-04  1.4250E-04  1.3815E-03  1.2868E-04  3.4210E-04  3.8000E-07  2.0000E-08  0.0000E+00
       0.0000E+00  3.2620E-05  4.3720E-05  1.0004E-04  1.5420E-05  3.5340E-05  6.2000E-07  3.2000E-07  0.0000E+00  0.0000E+00
       0.0000E+00  0.0000E+00  3.5400E-06  5.6000E-07  9.8000E-07  1.0000E-07  4.2000E-07  0.0000E+00  0.0000E+00  0.0000E+00
       0.0000E+00  1.8000E-07  0.0000E+00  0.0000E+00  0.0000E+00  0.0000E+00  0.0000E+00  0.0000E+00  0.0000E+00  0.0000E+00
       0.0000E+00  0.0000E+00  0.0000E+00  0.0000E+00  0.0000E+00  0.0000E+00  0.0000E+00  0.0000E+00  0.0000E+00  0.0000E+00
       0.0000E+00  0.0000E+00  0.0000E+00  0.0000E+00  0.0000E+00  0.0000E+00  0.0000E+00  0.0000E+00  0.0000E+00  0.0000E+00
       0.0000E+00  0.0000E+00  0.0000E+00  0.0000E+00  0.0000E+00  0.0000E+00  0.0000E+00  0.0000E+00  0.0000E+00  0.0000E+00
       0.0000E+00  0.0000E+00  0.0000E+00  0.0000E+00  0.0000E+00  0.0000E+00  0.0000E+00  0.0000E+00  0.0000E+00  0.0000E+00
       0.0000E+00  0.0000E+00  0.0000E+00  0.0000E+00  0.0000E+00  0.0000E+00  0.0000E+00  0.0000E+00  0.0000E+00  0.0000E+00
       0.0000E+00  0.0000E+00  0.0000E+00  0.0000E+00  0.0000E+00  0.0000E+00  0.0000E+00  0.0000E+00  0.0000E+00  0.0000E+00
       0.0000E+00  0.0000E+00  0.0000E+00  0.0000E+00  0.0000E+00  0.0000E+00  0.0000E+00  0.0000E+00  0.0000E+00  0.0000E+00
