
 *****  Protons in Lexan (0.14GeV, 2cm)                                                   *****

           DATE: 12/19/18,  TIME: 14:26:28

          Total number of particles followed       16666666, for a total weight of  1.6667E+07

1

   Bdrx n.   2  "ofluence  " , generalized particle n.    1, from region n.     5 to region n.     4
      detector area:  1.0000E+02 cm**2
      this is a one way only estimator
      this is a fluence like estimator
      linear energy binning from   6.0000E-02 to  1.9000E-01 GeV,   650 bins ( 2.0000E-04 GeV wide)
      linear angular binning from  0.0000E+00 to  6.2832E+00 sr ,     1 bins ( 6.2832E+00 sr wide )
      Data follow in a matrix A(ie,ia), format (1(5x,1p,10(1x,e11.4)))

       5.4580E-04  5.3606E-04  5.7373E-04  5.6883E-04  5.8091E-04  5.6773E-04  5.7212E-04  5.4047E-04  5.4824E-04  5.8224E-04
       5.7233E-04  5.3654E-04  5.7684E-04  5.7358E-04  5.7964E-04  5.8128E-04  5.7738E-04  5.8594E-04  5.2474E-04  5.3873E-04
       5.5899E-04  5.4295E-04  5.5911E-04  5.7111E-04  5.8511E-04  5.5897E-04  5.6580E-04  5.7277E-04  5.7015E-04  5.4199E-04
       5.5231E-04  5.6301E-04  5.5107E-04  5.5389E-04  5.4522E-04  5.7144E-04  5.6359E-04  5.4967E-04  5.7176E-04  5.5780E-04
       5.8337E-04  5.5808E-04  5.5080E-04  5.5432E-04  5.4250E-04  5.6844E-04  5.5040E-04  5.4344E-04  5.2238E-04  5.2640E-04
       5.7329E-04  5.6911E-04  5.4552E-04  5.5547E-04  6.1987E-04  5.9304E-04  5.7384E-04  5.7032E-04  5.7031E-04  5.6285E-04
       5.5297E-04  5.5401E-04  5.6430E-04  5.4042E-04  5.4389E-04  5.7952E-04  5.9614E-04  5.6354E-04  5.7063E-04  5.5177E-04
       5.2266E-04  5.9598E-04  5.9214E-04  5.7407E-04  5.9947E-04  5.8896E-04  5.8199E-04  5.5672E-04  5.6788E-04  5.9802E-04
       5.2583E-04  5.7885E-04  5.6856E-04  5.4598E-04  5.9007E-04  6.0871E-04  5.4374E-04  5.6320E-04  5.9009E-04  5.8059E-04
       5.6041E-04  5.6469E-04  5.6881E-04  5.6637E-04  5.6266E-04  5.4467E-04  5.7649E-04  5.9518E-04  5.6827E-04  5.7004E-04
       5.5229E-04  5.5162E-04  5.4002E-04  5.5180E-04  5.5139E-04  5.6010E-04  5.6660E-04  5.6409E-04  5.2808E-04  5.5953E-04
       5.6505E-04  5.3274E-04  5.3460E-04  5.4871E-04  5.5599E-04  5.7149E-04  5.3366E-04  5.0317E-04  5.6807E-04  5.4812E-04
       5.1234E-04  5.3478E-04  5.4296E-04  5.3876E-04  5.3346E-04  5.5592E-04  5.5420E-04  5.3405E-04  5.1743E-04  5.2742E-04
       5.1736E-04  5.1418E-04  5.1030E-04  4.9529E-04  5.1260E-04  4.9961E-04  4.9117E-04  5.5067E-04  4.8700E-04  4.9147E-04
       4.8292E-04  4.7773E-04  5.0328E-04  4.8797E-04  4.9493E-04  4.7602E-04  4.8558E-04  5.0199E-04  4.8617E-04  5.2715E-04
       4.8651E-04  4.6668E-04  4.7219E-04  4.6769E-04  4.8606E-04  4.8387E-04  4.8371E-04  4.9365E-04  4.8089E-04  4.8728E-04
       4.7251E-04  4.8905E-04  5.0969E-04  4.8015E-04  4.7358E-04  4.4791E-04  4.9019E-04  4.4569E-04  4.7026E-04  4.4846E-04
       4.3216E-04  4.6503E-04  4.4497E-04  4.6410E-04  4.3540E-04  4.4857E-04  4.4665E-04  4.4553E-04  4.5437E-04  4.3956E-04
       4.4478E-04  4.2013E-04  4.3228E-04  4.4469E-04  4.2129E-04  4.1209E-04  4.1139E-04  4.4424E-04  4.1976E-04  4.0536E-04
       4.2375E-04  4.1077E-04  4.4515E-04  4.1770E-04  4.2106E-04  4.4114E-04  4.1581E-04  4.2768E-04  4.0910E-04  3.9936E-04
       3.8199E-04  3.9513E-04  3.9792E-04  3.8204E-04  3.9002E-04  3.8159E-04  4.0243E-04  3.7783E-04  3.8289E-04  3.6825E-04
       3.5746E-04  3.6435E-04  3.7399E-04  3.4958E-04  3.6474E-04  3.4775E-04  3.5099E-04  3.4326E-04  3.1892E-04  3.4001E-04
       3.4385E-04  3.1782E-04  3.4010E-04  3.1251E-04  3.4327E-04  3.1342E-04  3.0539E-04  3.3197E-04  3.0419E-04  3.1181E-04
       2.9657E-04  2.7207E-04  3.0614E-04  2.7387E-04  2.5191E-04  2.6183E-04  2.5409E-04  2.4642E-04  2.3230E-04  2.4349E-04
       2.1350E-04  2.1215E-04  1.9164E-04  1.7341E-04  1.8884E-04  1.7573E-04  1.6940E-04  1.6186E-04  1.7232E-04  1.7992E-04
       1.8174E-04  1.8179E-04  1.8850E-04  1.6957E-04  1.9410E-04  2.0355E-04  1.9436E-04  2.1474E-04  2.0374E-04  2.3717E-04
       2.4582E-04  2.3964E-04  2.7409E-04  2.6587E-04  3.0672E-04  3.2850E-04  3.3110E-04  3.6442E-04  3.8673E-04  3.9724E-04
       4.2602E-04  4.3226E-04  4.4076E-04  4.7957E-04  5.1730E-04  5.9000E-04  6.7190E-04  8.6283E-04  1.1993E-03  1.7517E-03
       2.7770E-03  4.5520E-03  7.7285E-03  1.3016E-02  2.1854E-02  3.6024E-02  5.7731E-02  8.9444E-02  1.3370E-01  1.9264E-01
       2.6467E-01  3.4825E-01  4.3927E-01  5.2815E-01  6.0670E-01  6.6161E-01  6.8660E-01  6.7791E-01  6.3423E-01  5.6317E-01
       4.7427E-01  3.7674E-01  2.8310E-01  2.0065E-01  1.3401E-01  8.4241E-02  4.9996E-02  2.8019E-02  1.4614E-02  7.0930E-03
       3.3041E-03  1.4586E-03  5.7791E-04  2.0967E-04  7.5458E-05  2.7700E-05  3.3429E-06  4.7752E-07  0.0000E+00  0.0000E+00
       0.0000E+00  0.0000E+00  0.0000E+00  0.0000E+00  0.0000E+00  0.0000E+00  0.0000E+00  0.0000E+00  0.0000E+00  0.0000E+00
       0.0000E+00  0.0000E+00  0.0000E+00  0.0000E+00  0.0000E+00  0.0000E+00  0.0000E+00  0.0000E+00  0.0000E+00  0.0000E+00
       0.0000E+00  0.0000E+00  0.0000E+00  0.0000E+00  0.0000E+00  0.0000E+00  0.0000E+00  0.0000E+00  0.0000E+00  0.0000E+00
       0.0000E+00  0.0000E+00  0.0000E+00  0.0000E+00  0.0000E+00  0.0000E+00  0.0000E+00  0.0000E+00  0.0000E+00  0.0000E+00
       0.0000E+00  0.0000E+00  0.0000E+00  0.0000E+00  0.0000E+00  0.0000E+00  0.0000E+00  0.0000E+00  0.0000E+00  0.0000E+00
       0.0000E+00  0.0000E+00  0.0000E+00  0.0000E+00  0.0000E+00  0.0000E+00  0.0000E+00  0.0000E+00  0.0000E+00  0.0000E+00
       0.0000E+00  0.0000E+00  0.0000E+00  0.0000E+00  0.0000E+00  0.0000E+00  0.0000E+00  0.0000E+00  0.0000E+00  0.0000E+00
       0.0000E+00  0.0000E+00  0.0000E+00  0.0000E+00  0.0000E+00  0.0000E+00  0.0000E+00  0.0000E+00  0.0000E+00  0.0000E+00
       0.0000E+00  0.0000E+00  0.0000E+00  0.0000E+00  0.0000E+00  0.0000E+00  0.0000E+00  0.0000E+00  0.0000E+00  0.0000E+00
       0.0000E+00  0.0000E+00  0.0000E+00  0.0000E+00  0.0000E+00  0.0000E+00  0.0000E+00  0.0000E+00  0.0000E+00  0.0000E+00
       0.0000E+00  0.0000E+00  0.0000E+00  0.0000E+00  0.0000E+00  0.0000E+00  0.0000E+00  0.0000E+00  0.0000E+00  0.0000E+00
       0.0000E+00  0.0000E+00  0.0000E+00  0.0000E+00  0.0000E+00  0.0000E+00  0.0000E+00  0.0000E+00  0.0000E+00  0.0000E+00
       0.0000E+00  0.0000E+00  0.0000E+00  0.0000E+00  0.0000E+00  0.0000E+00  0.0000E+00  0.0000E+00  0.0000E+00  0.0000E+00
       0.0000E+00  0.0000E+00  0.0000E+00  0.0000E+00  0.0000E+00  0.0000E+00  0.0000E+00  0.0000E+00  0.0000E+00  0.0000E+00
       0.0000E+00  0.0000E+00  0.0000E+00  0.0000E+00  0.0000E+00  0.0000E+00  0.0000E+00  0.0000E+00  0.0000E+00  0.0000E+00
       0.0000E+00  0.0000E+00  0.0000E+00  0.0000E+00  0.0000E+00  0.0000E+00  0.0000E+00  0.0000E+00  0.0000E+00  0.0000E+00
       0.0000E+00  0.0000E+00  0.0000E+00  0.0000E+00  0.0000E+00  0.0000E+00  0.0000E+00  0.0000E+00  0.0000E+00  0.0000E+00
       0.0000E+00  0.0000E+00  0.0000E+00  0.0000E+00  0.0000E+00  0.0000E+00  0.0000E+00  0.0000E+00  0.0000E+00  0.0000E+00
       0.0000E+00  0.0000E+00  0.0000E+00  0.0000E+00  0.0000E+00  0.0000E+00  0.0000E+00  0.0000E+00  0.0000E+00  0.0000E+00
       0.0000E+00  0.0000E+00  0.0000E+00  0.0000E+00  0.0000E+00  0.0000E+00  0.0000E+00  0.0000E+00  0.0000E+00  0.0000E+00
       0.0000E+00  0.0000E+00  0.0000E+00  0.0000E+00  0.0000E+00  0.0000E+00  0.0000E+00  0.0000E+00  0.0000E+00  0.0000E+00
       0.0000E+00  0.0000E+00  0.0000E+00  0.0000E+00  0.0000E+00  0.0000E+00  0.0000E+00  0.0000E+00  0.0000E+00  0.0000E+00
       0.0000E+00  0.0000E+00  0.0000E+00  0.0000E+00  0.0000E+00  0.0000E+00  0.0000E+00  0.0000E+00  0.0000E+00  0.0000E+00
       0.0000E+00  0.0000E+00  0.0000E+00  0.0000E+00  0.0000E+00  0.0000E+00  0.0000E+00  0.0000E+00  0.0000E+00  0.0000E+00
       0.0000E+00  0.0000E+00  0.0000E+00  0.0000E+00  0.0000E+00  0.0000E+00  0.0000E+00  0.0000E+00  0.0000E+00  0.0000E+00
       0.0000E+00  0.0000E+00  0.0000E+00  0.0000E+00  0.0000E+00  0.0000E+00  0.0000E+00  0.0000E+00  0.0000E+00  0.0000E+00
       0.0000E+00  0.0000E+00  0.0000E+00  0.0000E+00  0.0000E+00  0.0000E+00  0.0000E+00  0.0000E+00  0.0000E+00  0.0000E+00
       0.0000E+00  0.0000E+00  0.0000E+00  0.0000E+00  0.0000E+00  0.0000E+00  0.0000E+00  0.0000E+00  0.0000E+00  0.0000E+00
       0.0000E+00  0.0000E+00  0.0000E+00  0.0000E+00  0.0000E+00  0.0000E+00  0.0000E+00  0.0000E+00  0.0000E+00  0.0000E+00
       0.0000E+00  0.0000E+00  0.0000E+00  0.0000E+00  0.0000E+00  0.0000E+00  0.0000E+00  0.0000E+00  0.0000E+00  0.0000E+00
       0.0000E+00  0.0000E+00  0.0000E+00  0.0000E+00  0.0000E+00  0.0000E+00  0.0000E+00  0.0000E+00  0.0000E+00  0.0000E+00
       0.0000E+00  0.0000E+00  0.0000E+00  0.0000E+00  0.0000E+00  0.0000E+00  0.0000E+00  0.0000E+00  0.0000E+00  0.0000E+00
       0.0000E+00  0.0000E+00  0.0000E+00  0.0000E+00  0.0000E+00  0.0000E+00  0.0000E+00  0.0000E+00  0.0000E+00  0.0000E+00
1

   Bdrx n.   6  "ofluence  " , generalized particle n.    1, from region n.     5 to region n.     4
      detector area:  1.0000E+02 cm**2
      this is a one way only estimator
      this is a fluence like estimator
      linear energy binning from   0.0000E+00 to  3.0000E+02 GeV,     1 bins ( 3.0000E+02 GeV wide)
      linear angular binning from  0.0000E+00 to  6.2832E+00 sr ,     1 bins ( 6.2832E+00 sr wide )
      Data follow in a matrix A(ie,ia), format (1(5x,1p,10(1x,e11.4)))

       5.2584E-06
