
 *****  Protons in Lexan (0.14GeV, 2cm)                                                   *****

           DATE: 12/19/18,  TIME: 14:26:28

          Total number of particles followed       16666666, for a total weight of  1.6667E+07

1

   Res. nuclei n.   1  "Ian       " ,  all         products, region n.     5
      detector volume:  1.0000E+00 cm**3
      Max. Z:  10, Max. N-Z:  11 Min. N-Z: -4
      Data follow in a matrix A(z,n-z-k), k: -5 format (1(5x,1p,10(1x,e11.4)))

       0.0000E+00  0.0000E+00  0.0000E+00  0.0000E+00  0.0000E+00  0.0000E+00  0.0000E+00  0.0000E+00  0.0000E+00  0.0000E+00
       0.0000E+00  0.0000E+00  0.0000E+00  0.0000E+00  0.0000E+00  2.0640E-05  0.0000E+00  9.6000E-07  0.0000E+00  0.0000E+00
       0.0000E+00  0.0000E+00  0.0000E+00  0.0000E+00  1.7736E-04  2.7318E-04  4.0920E-05  4.9320E-05  0.0000E+00  0.0000E+00
       4.3926E-02  4.8791E-03  0.0000E+00  2.3098E-03  0.0000E+00  6.4438E-03  8.5560E-05  1.5156E-03  0.0000E+00  0.0000E+00
       1.0349E-02  3.9765E-02  3.2180E-03  0.0000E+00  2.0528E-03  1.3102E-02  7.4160E-04  1.5519E-03  3.0000E-07  1.8000E-07
       2.3601E-03  0.0000E+00  1.6000E-03  4.5363E-04  3.7153E-03  4.6014E-04  9.4270E-04  1.4818E-06  6.0000E-08  0.0000E+00
       0.0000E+00  8.5080E-05  1.2678E-04  2.3784E-04  4.1039E-05  8.5800E-05  2.6001E-06  2.4000E-06  0.0000E+00  0.0000E+00
       0.0000E+00  0.0000E+00  5.5200E-06  1.8000E-06  2.2200E-06  1.2000E-07  1.0200E-06  0.0000E+00  0.0000E+00  0.0000E+00
       0.0000E+00  1.8000E-07  0.0000E+00  0.0000E+00  0.0000E+00  0.0000E+00  0.0000E+00  0.0000E+00  0.0000E+00  0.0000E+00
       0.0000E+00  0.0000E+00  0.0000E+00  0.0000E+00  0.0000E+00  0.0000E+00  0.0000E+00  0.0000E+00  0.0000E+00  0.0000E+00
       0.0000E+00  0.0000E+00  0.0000E+00  0.0000E+00  0.0000E+00  0.0000E+00  0.0000E+00  0.0000E+00  0.0000E+00  0.0000E+00
       0.0000E+00  0.0000E+00  0.0000E+00  0.0000E+00  0.0000E+00  0.0000E+00  0.0000E+00  0.0000E+00  0.0000E+00  0.0000E+00
       0.0000E+00  0.0000E+00  0.0000E+00  0.0000E+00  0.0000E+00  0.0000E+00  0.0000E+00  0.0000E+00  0.0000E+00  0.0000E+00
       0.0000E+00  0.0000E+00  0.0000E+00  0.0000E+00  0.0000E+00  0.0000E+00  0.0000E+00  0.0000E+00  0.0000E+00  0.0000E+00
       0.0000E+00  0.0000E+00  0.0000E+00  0.0000E+00  0.0000E+00  0.0000E+00  0.0000E+00  0.0000E+00  0.0000E+00  0.0000E+00
       0.0000E+00  0.0000E+00  0.0000E+00  0.0000E+00  0.0000E+00  0.0000E+00  0.0000E+00  0.0000E+00  0.0000E+00  0.0000E+00
