
 *****  Protons in Lexan (0.14GeV, 2cm)                                                   *****

           DATE: 12/19/18,  TIME: 14:26:28

          Total number of particles followed       16666666, for a total weight of  1.6667E+07

1

   Bdrx n.   4  "ocurrent  " , generalized particle n.    1, from region n.     5 to region n.     4
      detector area:  1.0000E+02 cm**2
      this is a one way only estimator
      this is a current like estimator
      linear energy binning from   6.0000E-02 to  1.9000E-01 GeV,   650 bins ( 2.0000E-04 GeV wide)
      linear angular binning from  0.0000E+00 to  6.2832E+00 sr ,     1 bins ( 6.2832E+00 sr wide )
      Data follow in a matrix A(ie,ia), format (1(5x,1p,10(1x,e11.4)))

       4.2065E-04  4.2017E-04  4.3593E-04  4.4070E-04  4.4691E-04  4.4070E-04  4.4595E-04  4.2303E-04  4.2256E-04  4.4595E-04
       4.4977E-04  4.1969E-04  4.5502E-04  4.4977E-04  4.6123E-04  4.6410E-04  4.5980E-04  4.5980E-04  4.1635E-04  4.2399E-04
       4.4643E-04  4.3306E-04  4.4547E-04  4.5693E-04  4.6648E-04  4.3688E-04  4.4404E-04  4.5359E-04  4.5216E-04  4.3449E-04
       4.4834E-04  4.4165E-04  4.4356E-04  4.4547E-04  4.4452E-04  4.6696E-04  4.5264E-04  4.3784E-04  4.6123E-04  4.5407E-04
       4.6839E-04  4.4882E-04  4.4452E-04  4.4786E-04  4.3593E-04  4.5598E-04  4.4452E-04  4.4356E-04  4.2829E-04  4.3258E-04
       4.5359E-04  4.5741E-04  4.4738E-04  4.5598E-04  5.0611E-04  4.8654E-04  4.6601E-04  4.7126E-04  4.6553E-04  4.5741E-04
       4.4500E-04  4.5311E-04  4.6171E-04  4.4309E-04  4.5073E-04  4.7365E-04  4.9131E-04  4.6266E-04  4.7746E-04  4.5837E-04
       4.3975E-04  4.8797E-04  4.9179E-04  4.7508E-04  4.9847E-04  4.8892E-04  4.8654E-04  4.6410E-04  4.7221E-04  5.0182E-04
       4.3975E-04  4.8128E-04  4.7365E-04  4.5646E-04  4.9418E-04  5.0564E-04  4.5073E-04  4.7365E-04  4.9800E-04  4.8558E-04
       4.7794E-04  4.7460E-04  4.8701E-04  4.7412E-04  4.7508E-04  4.6219E-04  4.8845E-04  5.0373E-04  4.8558E-04  4.8892E-04
       4.7078E-04  4.7365E-04  4.6505E-04  4.6935E-04  4.6457E-04  4.7794E-04  4.8845E-04  4.8272E-04  4.5216E-04  4.8128E-04
       4.8272E-04  4.5789E-04  4.5216E-04  4.6792E-04  4.7078E-04  4.8701E-04  4.5980E-04  4.3784E-04  4.8940E-04  4.6887E-04
       4.4213E-04  4.6075E-04  4.6028E-04  4.6553E-04  4.6410E-04  4.7699E-04  4.8606E-04  4.5932E-04  4.5025E-04  4.5837E-04
       4.5311E-04  4.4500E-04  4.4118E-04  4.2160E-04  4.4547E-04  4.3688E-04  4.3115E-04  4.8176E-04  4.2781E-04  4.2542E-04
       4.2447E-04  4.1587E-04  4.3927E-04  4.2733E-04  4.3402E-04  4.1969E-04  4.2542E-04  4.4595E-04  4.2876E-04  4.5693E-04
       4.3020E-04  4.0871E-04  4.1826E-04  4.1444E-04  4.2781E-04  4.2733E-04  4.2924E-04  4.3020E-04  4.2685E-04  4.2542E-04
       4.1921E-04  4.3640E-04  4.5359E-04  4.3067E-04  4.1444E-04  3.9916E-04  4.3306E-04  3.9916E-04  4.2065E-04  4.0012E-04
       3.8484E-04  4.1396E-04  3.9677E-04  4.0775E-04  3.8531E-04  4.0059E-04  3.9868E-04  3.9916E-04  4.0823E-04  3.9057E-04
       4.0107E-04  3.7624E-04  3.8770E-04  3.9964E-04  3.7863E-04  3.7338E-04  3.7242E-04  3.9964E-04  3.7958E-04  3.6813E-04
       3.8293E-04  3.6860E-04  4.0059E-04  3.8006E-04  3.8006E-04  3.9439E-04  3.7195E-04  3.8818E-04  3.7051E-04  3.6287E-04
       3.5094E-04  3.5762E-04  3.6096E-04  3.4521E-04  3.5714E-04  3.4807E-04  3.6956E-04  3.4807E-04  3.5046E-04  3.3805E-04
       3.2420E-04  3.3518E-04  3.4282E-04  3.1990E-04  3.3518E-04  3.2324E-04  3.2277E-04  3.1799E-04  2.9507E-04  3.1560E-04
       3.1322E-04  2.9269E-04  3.1417E-04  2.8075E-04  3.1274E-04  2.8505E-04  2.8123E-04  3.0605E-04  2.7979E-04  2.8600E-04
       2.7454E-04  2.4685E-04  2.8266E-04  2.5115E-04  2.3205E-04  2.3300E-04  2.3348E-04  2.2250E-04  2.1295E-04  2.1916E-04
       1.9481E-04  1.8812E-04  1.6998E-04  1.5565E-04  1.6664E-04  1.5279E-04  1.5040E-04  1.4037E-04  1.5327E-04  1.5852E-04
       1.5900E-04  1.5900E-04  1.6234E-04  1.4992E-04  1.7284E-04  1.8144E-04  1.6902E-04  1.9194E-04  1.8144E-04  2.1295E-04
       2.2154E-04  2.1629E-04  2.4637E-04  2.4207E-04  2.8123E-04  3.0033E-04  3.0462E-04  3.3805E-04  3.5667E-04  3.7004E-04
       3.9104E-04  4.0346E-04  4.0775E-04  4.4547E-04  4.7794E-04  5.4526E-04  6.2787E-04  8.1121E-04  1.1359E-03  1.6792E-03
       2.6943E-03  4.4571E-03  7.6132E-03  1.2887E-02  2.1706E-02  3.5846E-02  5.7519E-02  8.9207E-02  1.3344E-01  1.9233E-01
       2.6433E-01  3.4789E-01  4.3888E-01  5.2774E-01  6.0629E-01  6.6121E-01  6.8622E-01  6.7757E-01  6.3393E-01  5.6292E-01
       4.7407E-01  3.7659E-01  2.8300E-01  2.0057E-01  1.3396E-01  8.4212E-02  4.9980E-02  2.8010E-02  1.4609E-02  7.0908E-03
       3.3031E-03  1.4582E-03  5.7773E-04  2.0961E-04  7.5439E-05  2.7693E-05  3.3423E-06  4.7746E-07  0.0000E+00  0.0000E+00
       0.0000E+00  0.0000E+00  0.0000E+00  0.0000E+00  0.0000E+00  0.0000E+00  0.0000E+00  0.0000E+00  0.0000E+00  0.0000E+00
       0.0000E+00  0.0000E+00  0.0000E+00  0.0000E+00  0.0000E+00  0.0000E+00  0.0000E+00  0.0000E+00  0.0000E+00  0.0000E+00
       0.0000E+00  0.0000E+00  0.0000E+00  0.0000E+00  0.0000E+00  0.0000E+00  0.0000E+00  0.0000E+00  0.0000E+00  0.0000E+00
       0.0000E+00  0.0000E+00  0.0000E+00  0.0000E+00  0.0000E+00  0.0000E+00  0.0000E+00  0.0000E+00  0.0000E+00  0.0000E+00
       0.0000E+00  0.0000E+00  0.0000E+00  0.0000E+00  0.0000E+00  0.0000E+00  0.0000E+00  0.0000E+00  0.0000E+00  0.0000E+00
       0.0000E+00  0.0000E+00  0.0000E+00  0.0000E+00  0.0000E+00  0.0000E+00  0.0000E+00  0.0000E+00  0.0000E+00  0.0000E+00
       0.0000E+00  0.0000E+00  0.0000E+00  0.0000E+00  0.0000E+00  0.0000E+00  0.0000E+00  0.0000E+00  0.0000E+00  0.0000E+00
       0.0000E+00  0.0000E+00  0.0000E+00  0.0000E+00  0.0000E+00  0.0000E+00  0.0000E+00  0.0000E+00  0.0000E+00  0.0000E+00
       0.0000E+00  0.0000E+00  0.0000E+00  0.0000E+00  0.0000E+00  0.0000E+00  0.0000E+00  0.0000E+00  0.0000E+00  0.0000E+00
       0.0000E+00  0.0000E+00  0.0000E+00  0.0000E+00  0.0000E+00  0.0000E+00  0.0000E+00  0.0000E+00  0.0000E+00  0.0000E+00
       0.0000E+00  0.0000E+00  0.0000E+00  0.0000E+00  0.0000E+00  0.0000E+00  0.0000E+00  0.0000E+00  0.0000E+00  0.0000E+00
       0.0000E+00  0.0000E+00  0.0000E+00  0.0000E+00  0.0000E+00  0.0000E+00  0.0000E+00  0.0000E+00  0.0000E+00  0.0000E+00
       0.0000E+00  0.0000E+00  0.0000E+00  0.0000E+00  0.0000E+00  0.0000E+00  0.0000E+00  0.0000E+00  0.0000E+00  0.0000E+00
       0.0000E+00  0.0000E+00  0.0000E+00  0.0000E+00  0.0000E+00  0.0000E+00  0.0000E+00  0.0000E+00  0.0000E+00  0.0000E+00
       0.0000E+00  0.0000E+00  0.0000E+00  0.0000E+00  0.0000E+00  0.0000E+00  0.0000E+00  0.0000E+00  0.0000E+00  0.0000E+00
       0.0000E+00  0.0000E+00  0.0000E+00  0.0000E+00  0.0000E+00  0.0000E+00  0.0000E+00  0.0000E+00  0.0000E+00  0.0000E+00
       0.0000E+00  0.0000E+00  0.0000E+00  0.0000E+00  0.0000E+00  0.0000E+00  0.0000E+00  0.0000E+00  0.0000E+00  0.0000E+00
       0.0000E+00  0.0000E+00  0.0000E+00  0.0000E+00  0.0000E+00  0.0000E+00  0.0000E+00  0.0000E+00  0.0000E+00  0.0000E+00
       0.0000E+00  0.0000E+00  0.0000E+00  0.0000E+00  0.0000E+00  0.0000E+00  0.0000E+00  0.0000E+00  0.0000E+00  0.0000E+00
       0.0000E+00  0.0000E+00  0.0000E+00  0.0000E+00  0.0000E+00  0.0000E+00  0.0000E+00  0.0000E+00  0.0000E+00  0.0000E+00
       0.0000E+00  0.0000E+00  0.0000E+00  0.0000E+00  0.0000E+00  0.0000E+00  0.0000E+00  0.0000E+00  0.0000E+00  0.0000E+00
       0.0000E+00  0.0000E+00  0.0000E+00  0.0000E+00  0.0000E+00  0.0000E+00  0.0000E+00  0.0000E+00  0.0000E+00  0.0000E+00
       0.0000E+00  0.0000E+00  0.0000E+00  0.0000E+00  0.0000E+00  0.0000E+00  0.0000E+00  0.0000E+00  0.0000E+00  0.0000E+00
       0.0000E+00  0.0000E+00  0.0000E+00  0.0000E+00  0.0000E+00  0.0000E+00  0.0000E+00  0.0000E+00  0.0000E+00  0.0000E+00
       0.0000E+00  0.0000E+00  0.0000E+00  0.0000E+00  0.0000E+00  0.0000E+00  0.0000E+00  0.0000E+00  0.0000E+00  0.0000E+00
       0.0000E+00  0.0000E+00  0.0000E+00  0.0000E+00  0.0000E+00  0.0000E+00  0.0000E+00  0.0000E+00  0.0000E+00  0.0000E+00
       0.0000E+00  0.0000E+00  0.0000E+00  0.0000E+00  0.0000E+00  0.0000E+00  0.0000E+00  0.0000E+00  0.0000E+00  0.0000E+00
       0.0000E+00  0.0000E+00  0.0000E+00  0.0000E+00  0.0000E+00  0.0000E+00  0.0000E+00  0.0000E+00  0.0000E+00  0.0000E+00
       0.0000E+00  0.0000E+00  0.0000E+00  0.0000E+00  0.0000E+00  0.0000E+00  0.0000E+00  0.0000E+00  0.0000E+00  0.0000E+00
       0.0000E+00  0.0000E+00  0.0000E+00  0.0000E+00  0.0000E+00  0.0000E+00  0.0000E+00  0.0000E+00  0.0000E+00  0.0000E+00
       0.0000E+00  0.0000E+00  0.0000E+00  0.0000E+00  0.0000E+00  0.0000E+00  0.0000E+00  0.0000E+00  0.0000E+00  0.0000E+00
       0.0000E+00  0.0000E+00  0.0000E+00  0.0000E+00  0.0000E+00  0.0000E+00  0.0000E+00  0.0000E+00  0.0000E+00  0.0000E+00
       0.0000E+00  0.0000E+00  0.0000E+00  0.0000E+00  0.0000E+00  0.0000E+00  0.0000E+00  0.0000E+00  0.0000E+00  0.0000E+00
