
 *****  Protons in Lexan (70MeV, 1cm)                                                     *****

           DATE: 11/15/18,  TIME: 16:31: 8

          Total number of particles followed       10000000, for a total weight of  1.0000E+07

1

   Res. nuclei n.   1  "Ian       " ,  all         products, region n.     5
      detector volume:  1.0000E+00 cm**3
      Max. Z:  10, Max. N-Z:  11 Min. N-Z: -4
      Data follow in a matrix A(z,n-z-k), k: -5 format (1(5x,1p,10(1x,e11.4)))

       0.0000E+00  0.0000E+00  0.0000E+00  0.0000E+00  0.0000E+00  0.0000E+00  0.0000E+00  0.0000E+00  0.0000E+00  0.0000E+00
       0.0000E+00  0.0000E+00  0.0000E+00  0.0000E+00  0.0000E+00  1.9100E-05  0.0000E+00  4.0000E-07  0.0000E+00  0.0000E+00
       0.0000E+00  0.0000E+00  0.0000E+00  0.0000E+00  3.1070E-04  3.2450E-04  8.7500E-05  4.5100E-05  0.0000E+00  0.0000E+00
       2.0213E-01  7.3471E-03  0.0000E+00  4.2693E-03  0.0000E+00  1.1398E-02  1.1070E-04  2.5696E-03  0.0000E+00  0.0000E+00
       2.9110E-02  9.4494E-02  5.6488E-03  0.0000E+00  3.3797E-03  5.0834E-02  1.3536E-03  5.4134E-03  2.0000E-07  4.0000E-07
       3.1594E-03  0.0000E+00  2.8221E-03  7.6067E-04  7.4103E-03  1.0475E-03  1.9751E-03  5.3578E-06  2.0000E-07  0.0000E+00
       0.0000E+00  8.4800E-05  1.3020E-04  2.7160E-04  5.6838E-05  1.5280E-04  6.4570E-06  8.8000E-06  0.0000E+00  0.0000E+00
       0.0000E+00  0.0000E+00  1.9000E-06  6.0000E-07  1.9000E-06  3.0000E-07  5.0000E-07  0.0000E+00  0.0000E+00  0.0000E+00
       0.0000E+00  0.0000E+00  0.0000E+00  1.0000E-07  0.0000E+00  0.0000E+00  0.0000E+00  0.0000E+00  0.0000E+00  0.0000E+00
       0.0000E+00  0.0000E+00  0.0000E+00  0.0000E+00  0.0000E+00  0.0000E+00  0.0000E+00  0.0000E+00  0.0000E+00  0.0000E+00
       0.0000E+00  0.0000E+00  0.0000E+00  0.0000E+00  0.0000E+00  0.0000E+00  0.0000E+00  0.0000E+00  0.0000E+00  0.0000E+00
       0.0000E+00  0.0000E+00  0.0000E+00  0.0000E+00  0.0000E+00  0.0000E+00  0.0000E+00  0.0000E+00  0.0000E+00  0.0000E+00
       0.0000E+00  0.0000E+00  0.0000E+00  0.0000E+00  0.0000E+00  0.0000E+00  0.0000E+00  0.0000E+00  0.0000E+00  0.0000E+00
       0.0000E+00  0.0000E+00  0.0000E+00  0.0000E+00  0.0000E+00  0.0000E+00  0.0000E+00  0.0000E+00  0.0000E+00  0.0000E+00
       0.0000E+00  0.0000E+00  0.0000E+00  0.0000E+00  0.0000E+00  0.0000E+00  0.0000E+00  0.0000E+00  0.0000E+00  0.0000E+00
       0.0000E+00  0.0000E+00  0.0000E+00  0.0000E+00  0.0000E+00  0.0000E+00  0.0000E+00  0.0000E+00  0.0000E+00  0.0000E+00
