
 *****  Protons in Lexan (0.08GeV, 0cm)                                                   *****

           DATE: 12/20/18,  TIME: 19:58:51

          Total number of particles followed       50000000, for a total weight of  5.0000E+07

1

   Bdrx n.   4  "ocurrent  " , generalized particle n.    1, from region n.     5 to region n.     4
      detector area:  1.0000E+02 cm**2
      this is a one way only estimator
      this is a current like estimator
      linear energy binning from   0.0000E+00 to  1.3000E-01 GeV,   650 bins ( 2.0000E-04 GeV wide)
      linear angular binning from  0.0000E+00 to  6.2832E+00 sr ,     1 bins ( 6.2832E+00 sr wide )
      Data follow in a matrix A(ie,ia), format (1(5x,1p,10(1x,e11.4)))

       1.4483E-05  2.1645E-05  2.3077E-05  2.7215E-05  3.7879E-05  4.0585E-05  4.4563E-05  4.4086E-05  5.5704E-05  5.6023E-05
       5.0293E-05  6.4299E-05  6.9232E-05  7.2734E-05  7.7190E-05  7.5439E-05  8.2601E-05  8.0851E-05  9.7085E-05  9.1355E-05
       9.2469E-05  9.8517E-05  1.0425E-04  9.4220E-05  9.6925E-05  1.0456E-04  1.1284E-04  1.1507E-04  1.0520E-04  1.1586E-04
       1.0632E-04  1.2048E-04  1.1968E-04  1.1825E-04  1.3258E-04  1.3178E-04  1.3337E-04  1.3114E-04  1.3242E-04  1.3385E-04
       1.3671E-04  1.4865E-04  1.4037E-04  1.4531E-04  1.4022E-04  1.5374E-04  1.5215E-04  1.5613E-04  1.6202E-04  1.4992E-04
       1.4340E-04  1.5343E-04  1.5693E-04  1.6600E-04  1.5915E-04  1.6425E-04  1.6218E-04  1.6473E-04  1.6520E-04  1.6775E-04
       1.6568E-04  1.7157E-04  1.8191E-04  1.7937E-04  1.8621E-04  1.7953E-04  1.8557E-04  1.9162E-04  1.8510E-04  1.8844E-04
       1.8510E-04  1.8908E-04  1.8128E-04  1.9369E-04  1.8669E-04  1.8748E-04  2.0213E-04  2.0420E-04  1.9831E-04  2.0038E-04
       2.0006E-04  1.9942E-04  2.0658E-04  2.1024E-04  2.1327E-04  2.1311E-04  2.0101E-04  2.0722E-04  2.0435E-04  2.1916E-04
       2.1725E-04  2.1852E-04  2.2123E-04  2.1375E-04  2.1422E-04  2.2409E-04  2.3619E-04  2.2616E-04  2.2807E-04  2.2123E-04
       2.1390E-04  2.3491E-04  2.3587E-04  2.2632E-04  2.4128E-04  2.2998E-04  2.1963E-04  2.4335E-04  2.4398E-04  2.3603E-04
       2.5067E-04  2.4526E-04  2.4335E-04  2.3364E-04  2.4621E-04  2.4510E-04  2.3682E-04  2.5322E-04  2.4765E-04  2.5083E-04
       2.4637E-04  2.5560E-04  2.5528E-04  2.4430E-04  2.6070E-04  2.5831E-04  2.4971E-04  2.5608E-04  2.6261E-04  2.6865E-04
       2.6977E-04  2.5719E-04  2.7932E-04  2.6149E-04  2.5719E-04  2.6849E-04  2.6977E-04  2.7597E-04  2.7773E-04  2.8218E-04
       2.7327E-04  2.8393E-04  2.7168E-04  2.7200E-04  2.7900E-04  2.6420E-04  2.8441E-04  2.8441E-04  2.8043E-04  2.8457E-04
       2.8425E-04  2.8091E-04  2.9762E-04  2.9380E-04  2.8043E-04  2.9078E-04  2.7741E-04  2.9205E-04  2.8743E-04  2.9412E-04
       2.9364E-04  2.8314E-04  2.9555E-04  2.9730E-04  2.8266E-04  2.9364E-04  2.9619E-04  2.9889E-04  2.9889E-04  3.0621E-04
       2.9842E-04  3.1338E-04  3.0319E-04  3.0239E-04  2.9857E-04  2.9762E-04  3.0160E-04  2.9173E-04  2.9857E-04  2.9603E-04
       3.0112E-04  3.0192E-04  3.0781E-04  2.9491E-04  3.0558E-04  2.9730E-04  3.0605E-04  3.0112E-04  3.0542E-04  2.9985E-04
       3.1481E-04  2.9460E-04  3.1879E-04  2.9921E-04  3.1369E-04  3.0812E-04  3.1226E-04  2.9794E-04  3.0637E-04  3.1433E-04
       3.0494E-04  3.0796E-04  3.1481E-04  3.2181E-04  3.0208E-04  3.1656E-04  3.0574E-04  2.9857E-04  3.0860E-04  2.9714E-04
       3.0940E-04  2.9587E-04  3.0367E-04  3.0303E-04  3.1433E-04  3.0574E-04  2.9921E-04  3.1608E-04  3.0367E-04  3.0271E-04
       3.0462E-04  3.0239E-04  2.9555E-04  2.9555E-04  3.0812E-04  3.0956E-04  3.0303E-04  3.0876E-04  3.0717E-04  2.9969E-04
       3.0494E-04  2.8743E-04  3.0160E-04  2.8998E-04  2.9714E-04  2.9746E-04  2.9953E-04  3.0303E-04  2.8950E-04  3.0017E-04
       3.0637E-04  3.0415E-04  2.9491E-04  2.8982E-04  2.8950E-04  3.0176E-04  2.8727E-04  2.9794E-04  2.9635E-04  3.0017E-04
       2.9921E-04  3.0510E-04  2.9062E-04  2.9571E-04  2.8536E-04  2.8202E-04  2.9635E-04  2.9619E-04  2.9300E-04  2.9062E-04
       2.8791E-04  2.7995E-04  2.8393E-04  2.6977E-04  2.7884E-04  2.6324E-04  2.7852E-04  2.6515E-04  2.6865E-04  2.5942E-04
       2.6643E-04  2.5974E-04  2.7486E-04  2.6213E-04  2.6117E-04  2.5465E-04  2.6372E-04  2.4176E-04  2.5449E-04  2.4812E-04
       2.3332E-04  2.4080E-04  2.3046E-04  2.2839E-04  2.2314E-04  2.3093E-04  2.0420E-04  1.9831E-04  1.8844E-04  1.7682E-04
       1.8016E-04  1.7189E-04  1.4865E-04  1.4483E-04  1.4260E-04  1.2955E-04  1.3846E-04  1.2350E-04  1.2605E-04  1.1777E-04
       1.1714E-04  1.3401E-04  1.3067E-04  1.3098E-04  1.3083E-04  1.3098E-04  1.4499E-04  1.4006E-04  1.5836E-04  1.4626E-04
       1.6934E-04  1.6282E-04  1.8016E-04  1.8335E-04  1.9194E-04  2.1120E-04  2.3746E-04  2.3953E-04  2.7136E-04  2.8712E-04
       3.1242E-04  3.5189E-04  3.5380E-04  3.4664E-04  3.5412E-04  3.2977E-04  3.2181E-04  3.1258E-04  3.1592E-04  3.6622E-04
       4.2988E-04  4.9386E-04  6.3296E-04  7.8050E-04  9.8230E-04  1.2946E-03  1.7490E-03  2.5602E-03  4.3254E-03  8.7869E-03
       2.0312E-02  4.8837E-02  1.1239E-01  2.3453E-01  4.3469E-01  7.0407E-01  9.9113E-01  1.1976E+00  1.2374E+00  1.0861E+00
       8.0467E-01  5.0017E-01  2.5917E-01  1.1174E-01  3.9670E-02  1.1513E-02  2.7523E-03  5.3126E-04  8.6739E-05  1.0027E-05
       9.5493E-07  1.5915E-07  0.0000E+00  0.0000E+00  0.0000E+00  0.0000E+00  0.0000E+00  0.0000E+00  0.0000E+00  0.0000E+00
       0.0000E+00  0.0000E+00  0.0000E+00  0.0000E+00  0.0000E+00  0.0000E+00  0.0000E+00  0.0000E+00  0.0000E+00  0.0000E+00
       0.0000E+00  0.0000E+00  0.0000E+00  0.0000E+00  0.0000E+00  0.0000E+00  0.0000E+00  0.0000E+00  0.0000E+00  0.0000E+00
       0.0000E+00  0.0000E+00  0.0000E+00  0.0000E+00  0.0000E+00  0.0000E+00  0.0000E+00  0.0000E+00  0.0000E+00  0.0000E+00
       0.0000E+00  0.0000E+00  0.0000E+00  0.0000E+00  0.0000E+00  0.0000E+00  0.0000E+00  0.0000E+00  0.0000E+00  0.0000E+00
       0.0000E+00  0.0000E+00  0.0000E+00  0.0000E+00  0.0000E+00  0.0000E+00  0.0000E+00  0.0000E+00  0.0000E+00  0.0000E+00
       0.0000E+00  0.0000E+00  0.0000E+00  0.0000E+00  0.0000E+00  0.0000E+00  0.0000E+00  0.0000E+00  0.0000E+00  0.0000E+00
       0.0000E+00  0.0000E+00  0.0000E+00  0.0000E+00  0.0000E+00  0.0000E+00  0.0000E+00  0.0000E+00  0.0000E+00  0.0000E+00
       0.0000E+00  0.0000E+00  0.0000E+00  0.0000E+00  0.0000E+00  0.0000E+00  0.0000E+00  0.0000E+00  0.0000E+00  0.0000E+00
       0.0000E+00  0.0000E+00  0.0000E+00  0.0000E+00  0.0000E+00  0.0000E+00  0.0000E+00  0.0000E+00  0.0000E+00  0.0000E+00
       0.0000E+00  0.0000E+00  0.0000E+00  0.0000E+00  0.0000E+00  0.0000E+00  0.0000E+00  0.0000E+00  0.0000E+00  0.0000E+00
       0.0000E+00  0.0000E+00  0.0000E+00  0.0000E+00  0.0000E+00  0.0000E+00  0.0000E+00  0.0000E+00  0.0000E+00  0.0000E+00
       0.0000E+00  0.0000E+00  0.0000E+00  0.0000E+00  0.0000E+00  0.0000E+00  0.0000E+00  0.0000E+00  0.0000E+00  0.0000E+00
       0.0000E+00  0.0000E+00  0.0000E+00  0.0000E+00  0.0000E+00  0.0000E+00  0.0000E+00  0.0000E+00  0.0000E+00  0.0000E+00
       0.0000E+00  0.0000E+00  0.0000E+00  0.0000E+00  0.0000E+00  0.0000E+00  0.0000E+00  0.0000E+00  0.0000E+00  0.0000E+00
       0.0000E+00  0.0000E+00  0.0000E+00  0.0000E+00  0.0000E+00  0.0000E+00  0.0000E+00  0.0000E+00  0.0000E+00  0.0000E+00
       0.0000E+00  0.0000E+00  0.0000E+00  0.0000E+00  0.0000E+00  0.0000E+00  0.0000E+00  0.0000E+00  0.0000E+00  0.0000E+00
       0.0000E+00  0.0000E+00  0.0000E+00  0.0000E+00  0.0000E+00  0.0000E+00  0.0000E+00  0.0000E+00  0.0000E+00  0.0000E+00
       0.0000E+00  0.0000E+00  0.0000E+00  0.0000E+00  0.0000E+00  0.0000E+00  0.0000E+00  0.0000E+00  0.0000E+00  0.0000E+00
       0.0000E+00  0.0000E+00  0.0000E+00  0.0000E+00  0.0000E+00  0.0000E+00  0.0000E+00  0.0000E+00  0.0000E+00  0.0000E+00
       0.0000E+00  0.0000E+00  0.0000E+00  0.0000E+00  0.0000E+00  0.0000E+00  0.0000E+00  0.0000E+00  0.0000E+00  0.0000E+00
       0.0000E+00  0.0000E+00  0.0000E+00  0.0000E+00  0.0000E+00  0.0000E+00  0.0000E+00  0.0000E+00  0.0000E+00  0.0000E+00
       0.0000E+00  0.0000E+00  0.0000E+00  0.0000E+00  0.0000E+00  0.0000E+00  0.0000E+00  0.0000E+00  0.0000E+00  0.0000E+00
       0.0000E+00  0.0000E+00  0.0000E+00  0.0000E+00  0.0000E+00  0.0000E+00  0.0000E+00  0.0000E+00  0.0000E+00  0.0000E+00
       0.0000E+00  0.0000E+00  0.0000E+00  0.0000E+00  0.0000E+00  0.0000E+00  0.0000E+00  0.0000E+00  0.0000E+00  0.0000E+00
       0.0000E+00  0.0000E+00  0.0000E+00  0.0000E+00  0.0000E+00  0.0000E+00  0.0000E+00  0.0000E+00  0.0000E+00  0.0000E+00
       0.0000E+00  0.0000E+00  0.0000E+00  0.0000E+00  0.0000E+00  0.0000E+00  0.0000E+00  0.0000E+00  0.0000E+00  0.0000E+00
       0.0000E+00  0.0000E+00  0.0000E+00  0.0000E+00  0.0000E+00  0.0000E+00  0.0000E+00  0.0000E+00  0.0000E+00  0.0000E+00
       0.0000E+00  0.0000E+00  0.0000E+00  0.0000E+00  0.0000E+00  0.0000E+00  0.0000E+00  0.0000E+00  0.0000E+00  0.0000E+00
