
 *****  Protons in Lexan (0.08GeV, 0cm)                                                   *****

           DATE: 12/20/18,  TIME: 19:58:51

          Total number of particles followed       50000000, for a total weight of  5.0000E+07

1

   Res. nuclei n.   1  "Ian       " ,  all         products, region n.     5
      detector volume:  1.0000E+00 cm**3
      Max. Z:  10, Max. N-Z:  11 Min. N-Z: -4
      Data follow in a matrix A(z,n-z-k), k: -5 format (1(5x,1p,10(1x,e11.4)))

       0.0000E+00  0.0000E+00  0.0000E+00  0.0000E+00  0.0000E+00  0.0000E+00  0.0000E+00  0.0000E+00  0.0000E+00  0.0000E+00
       0.0000E+00  0.0000E+00  0.0000E+00  0.0000E+00  0.0000E+00  4.5000E-06  0.0000E+00  2.4000E-07  0.0000E+00  0.0000E+00
       0.0000E+00  0.0000E+00  0.0000E+00  0.0000E+00  6.1100E-05  6.9220E-05  1.7980E-05  8.5600E-06  0.0000E+00  0.0000E+00
       1.3232E-02  1.6113E-03  0.0000E+00  9.3646E-04  0.0000E+00  2.4071E-03  2.2180E-05  5.2916E-04  4.0000E-08  0.0000E+00
       2.9629E-03  1.7903E-02  1.2680E-03  0.0000E+00  7.2500E-04  9.5703E-03  3.0418E-04  1.0653E-03  0.0000E+00  2.2000E-07
       6.9292E-04  0.0000E+00  6.2150E-04  1.5220E-04  1.4879E-03  2.1130E-04  3.8244E-04  7.2000E-07  2.0000E-08  0.0000E+00
       0.0000E+00  1.8160E-05  3.1580E-05  6.2800E-05  1.0180E-05  3.1480E-05  4.0000E-07  1.4800E-06  0.0000E+00  0.0000E+00
       0.0000E+00  0.0000E+00  2.0000E-07  4.0000E-08  2.2000E-07  2.0000E-08  3.4000E-07  0.0000E+00  0.0000E+00  0.0000E+00
       0.0000E+00  0.0000E+00  0.0000E+00  0.0000E+00  0.0000E+00  2.0000E-08  0.0000E+00  0.0000E+00  0.0000E+00  0.0000E+00
       0.0000E+00  0.0000E+00  0.0000E+00  0.0000E+00  0.0000E+00  0.0000E+00  0.0000E+00  0.0000E+00  0.0000E+00  0.0000E+00
       0.0000E+00  0.0000E+00  0.0000E+00  0.0000E+00  0.0000E+00  0.0000E+00  0.0000E+00  0.0000E+00  0.0000E+00  0.0000E+00
       0.0000E+00  0.0000E+00  0.0000E+00  0.0000E+00  0.0000E+00  0.0000E+00  0.0000E+00  0.0000E+00  0.0000E+00  0.0000E+00
       0.0000E+00  0.0000E+00  0.0000E+00  0.0000E+00  0.0000E+00  0.0000E+00  0.0000E+00  0.0000E+00  0.0000E+00  0.0000E+00
       0.0000E+00  0.0000E+00  0.0000E+00  0.0000E+00  0.0000E+00  0.0000E+00  0.0000E+00  0.0000E+00  0.0000E+00  0.0000E+00
       0.0000E+00  0.0000E+00  0.0000E+00  0.0000E+00  0.0000E+00  0.0000E+00  0.0000E+00  0.0000E+00  0.0000E+00  0.0000E+00
       0.0000E+00  0.0000E+00  0.0000E+00  0.0000E+00  0.0000E+00  0.0000E+00  0.0000E+00  0.0000E+00  0.0000E+00  0.0000E+00
