
 *****  Protons in Lexan (0.08GeV, 0cm)                                                   *****

           DATE: 12/20/18,  TIME: 19:58:51

          Total number of particles followed       50000000, for a total weight of  5.0000E+07

1

   Bdrx n.   2  "ofluence  " , generalized particle n.    1, from region n.     5 to region n.     4
      detector area:  1.0000E+02 cm**2
      this is a one way only estimator
      this is a fluence like estimator
      linear energy binning from   0.0000E+00 to  1.3000E-01 GeV,   650 bins ( 2.0000E-04 GeV wide)
      linear angular binning from  0.0000E+00 to  6.2832E+00 sr ,     1 bins ( 6.2832E+00 sr wide )
      Data follow in a matrix A(ie,ia), format (1(5x,1p,10(1x,e11.4)))

       2.2506E-05  3.6625E-05  4.0248E-05  4.6046E-05  6.2350E-05  6.7887E-05  7.8725E-05  7.1754E-05  9.6312E-05  9.6481E-05
       8.2051E-05  1.0815E-04  1.1901E-04  1.3127E-04  1.3530E-04  1.2286E-04  1.3743E-04  1.3127E-04  1.6232E-04  1.4726E-04
       1.5609E-04  1.6368E-04  1.8035E-04  1.5765E-04  1.6384E-04  1.7573E-04  1.8158E-04  1.9167E-04  1.8060E-04  1.9008E-04
       1.7250E-04  2.0007E-04  1.9700E-04  1.9755E-04  2.1482E-04  2.1133E-04  2.1963E-04  2.1963E-04  2.3153E-04  2.1515E-04
       2.1867E-04  2.4566E-04  2.2626E-04  2.2810E-04  2.2836E-04  2.4967E-04  2.4481E-04  2.4784E-04  2.6021E-04  2.3309E-04
       2.3279E-04  2.5211E-04  2.4986E-04  2.6104E-04  2.5428E-04  2.6686E-04  2.5573E-04  2.6867E-04  2.5972E-04  2.6394E-04
       2.6175E-04  2.6102E-04  2.8149E-04  2.7144E-04  2.8616E-04  2.7624E-04  2.9303E-04  3.0684E-04  2.9006E-04  3.0041E-04
       2.8975E-04  2.9410E-04  2.8052E-04  2.9484E-04  2.8439E-04  2.8516E-04  3.0168E-04  3.1126E-04  3.0343E-04  3.0003E-04
       3.1649E-04  3.0376E-04  3.0618E-04  3.1317E-04  3.2641E-04  3.2582E-04  2.9740E-04  3.1273E-04  3.1148E-04  3.2571E-04
       3.2851E-04  3.2586E-04  3.3368E-04  3.1716E-04  3.2246E-04  3.2592E-04  3.4494E-04  3.2771E-04  3.3745E-04  3.3438E-04
       3.1413E-04  3.3915E-04  3.4387E-04  3.2209E-04  3.6551E-04  3.3601E-04  3.1807E-04  3.4876E-04  3.6391E-04  3.4718E-04
       3.6466E-04  3.5571E-04  3.4198E-04  3.3243E-04  3.4656E-04  3.6287E-04  3.4092E-04  3.6849E-04  3.5198E-04  3.5199E-04
       3.3494E-04  3.6619E-04  3.6601E-04  3.4218E-04  3.7348E-04  3.5968E-04  3.5799E-04  3.6390E-04  3.7483E-04  3.7076E-04
       3.7036E-04  3.5559E-04  4.0045E-04  3.6629E-04  3.6123E-04  3.7124E-04  3.6842E-04  3.8273E-04  3.8923E-04  3.8096E-04
       3.7002E-04  4.0189E-04  3.8156E-04  3.6348E-04  3.8962E-04  3.5367E-04  3.8733E-04  3.8582E-04  3.8062E-04  3.8310E-04
       3.8730E-04  3.7073E-04  3.9769E-04  3.9497E-04  3.7300E-04  3.9001E-04  3.6314E-04  3.8574E-04  3.7548E-04  3.9196E-04
       3.8199E-04  3.7036E-04  3.9264E-04  3.9614E-04  3.7282E-04  3.8585E-04  3.9381E-04  3.9105E-04  3.8626E-04  4.0049E-04
       3.9276E-04  4.1044E-04  3.8821E-04  3.8544E-04  3.8516E-04  3.9004E-04  3.8799E-04  3.7179E-04  3.8544E-04  3.7971E-04
       3.9232E-04  3.8652E-04  3.9267E-04  3.8276E-04  3.9194E-04  3.8506E-04  3.9167E-04  3.8063E-04  3.9109E-04  3.7847E-04
       3.9557E-04  3.7787E-04  3.9657E-04  3.8056E-04  3.9805E-04  3.9106E-04  3.8867E-04  3.7645E-04  3.9015E-04  3.9597E-04
       3.8086E-04  3.8215E-04  3.9250E-04  4.0399E-04  3.7965E-04  4.0057E-04  3.7635E-04  3.6964E-04  3.8770E-04  3.7416E-04
       4.1066E-04  3.6963E-04  3.7507E-04  3.7840E-04  3.8152E-04  3.7139E-04  3.7776E-04  3.8923E-04  3.6913E-04  3.7033E-04
       3.6806E-04  3.7393E-04  3.6709E-04  3.5975E-04  3.8826E-04  3.7745E-04  3.7229E-04  3.7614E-04  3.7578E-04  3.7424E-04
       3.7185E-04  3.4956E-04  3.6570E-04  3.5147E-04  3.5810E-04  3.5519E-04  3.6081E-04  3.6284E-04  3.4823E-04  3.7699E-04
       3.6829E-04  3.6645E-04  3.5073E-04  3.4718E-04  3.4618E-04  3.6527E-04  3.4085E-04  3.5371E-04  3.5395E-04  3.5813E-04
       3.6032E-04  3.6087E-04  3.4515E-04  3.5044E-04  3.3961E-04  3.2696E-04  3.6772E-04  3.4896E-04  3.4552E-04  3.4350E-04
       3.3655E-04  3.3091E-04  3.3119E-04  3.1825E-04  3.3117E-04  3.0872E-04  3.3229E-04  3.0918E-04  3.2042E-04  3.0264E-04
       3.1036E-04  3.0660E-04  3.2299E-04  3.0388E-04  3.0372E-04  2.9750E-04  3.1390E-04  2.9193E-04  2.9969E-04  2.8816E-04
       2.7812E-04  2.8334E-04  2.7344E-04  2.6679E-04  2.6100E-04  2.7276E-04  2.4647E-04  2.3765E-04  2.3063E-04  2.0984E-04
       2.2427E-04  2.0821E-04  1.8490E-04  1.8168E-04  1.8122E-04  1.6350E-04  1.7850E-04  1.5886E-04  1.6772E-04  1.5859E-04
       1.5670E-04  1.8425E-04  1.7598E-04  1.7188E-04  1.7323E-04  1.7428E-04  1.9418E-04  1.8084E-04  2.0702E-04  1.8872E-04
       2.2153E-04  2.0864E-04  2.2826E-04  2.3317E-04  2.3746E-04  2.6127E-04  2.9463E-04  2.9040E-04  3.2209E-04  3.3585E-04
       3.6141E-04  4.0903E-04  4.0785E-04  3.9876E-04  4.1439E-04  3.8511E-04  3.7870E-04  3.7463E-04  3.7816E-04  4.4428E-04
       5.0765E-04  5.8074E-04  7.3604E-04  8.9563E-04  1.1162E-03  1.4505E-03  1.9393E-03  2.7833E-03  4.5900E-03  9.1132E-03
       2.0689E-02  4.9285E-02  1.1290E-01  2.3512E-01  4.3534E-01  7.0477E-01  9.9184E-01  1.1983E+00  1.2380E+00  1.0865E+00
       8.0497E-01  5.0033E-01  2.5925E-01  1.1177E-01  3.9682E-02  1.1517E-02  2.7530E-03  5.3140E-04  8.6759E-05  1.0028E-05
       9.5526E-07  1.5920E-07  0.0000E+00  0.0000E+00  0.0000E+00  0.0000E+00  0.0000E+00  0.0000E+00  0.0000E+00  0.0000E+00
       0.0000E+00  0.0000E+00  0.0000E+00  0.0000E+00  0.0000E+00  0.0000E+00  0.0000E+00  0.0000E+00  0.0000E+00  0.0000E+00
       0.0000E+00  0.0000E+00  0.0000E+00  0.0000E+00  0.0000E+00  0.0000E+00  0.0000E+00  0.0000E+00  0.0000E+00  0.0000E+00
       0.0000E+00  0.0000E+00  0.0000E+00  0.0000E+00  0.0000E+00  0.0000E+00  0.0000E+00  0.0000E+00  0.0000E+00  0.0000E+00
       0.0000E+00  0.0000E+00  0.0000E+00  0.0000E+00  0.0000E+00  0.0000E+00  0.0000E+00  0.0000E+00  0.0000E+00  0.0000E+00
       0.0000E+00  0.0000E+00  0.0000E+00  0.0000E+00  0.0000E+00  0.0000E+00  0.0000E+00  0.0000E+00  0.0000E+00  0.0000E+00
       0.0000E+00  0.0000E+00  0.0000E+00  0.0000E+00  0.0000E+00  0.0000E+00  0.0000E+00  0.0000E+00  0.0000E+00  0.0000E+00
       0.0000E+00  0.0000E+00  0.0000E+00  0.0000E+00  0.0000E+00  0.0000E+00  0.0000E+00  0.0000E+00  0.0000E+00  0.0000E+00
       0.0000E+00  0.0000E+00  0.0000E+00  0.0000E+00  0.0000E+00  0.0000E+00  0.0000E+00  0.0000E+00  0.0000E+00  0.0000E+00
       0.0000E+00  0.0000E+00  0.0000E+00  0.0000E+00  0.0000E+00  0.0000E+00  0.0000E+00  0.0000E+00  0.0000E+00  0.0000E+00
       0.0000E+00  0.0000E+00  0.0000E+00  0.0000E+00  0.0000E+00  0.0000E+00  0.0000E+00  0.0000E+00  0.0000E+00  0.0000E+00
       0.0000E+00  0.0000E+00  0.0000E+00  0.0000E+00  0.0000E+00  0.0000E+00  0.0000E+00  0.0000E+00  0.0000E+00  0.0000E+00
       0.0000E+00  0.0000E+00  0.0000E+00  0.0000E+00  0.0000E+00  0.0000E+00  0.0000E+00  0.0000E+00  0.0000E+00  0.0000E+00
       0.0000E+00  0.0000E+00  0.0000E+00  0.0000E+00  0.0000E+00  0.0000E+00  0.0000E+00  0.0000E+00  0.0000E+00  0.0000E+00
       0.0000E+00  0.0000E+00  0.0000E+00  0.0000E+00  0.0000E+00  0.0000E+00  0.0000E+00  0.0000E+00  0.0000E+00  0.0000E+00
       0.0000E+00  0.0000E+00  0.0000E+00  0.0000E+00  0.0000E+00  0.0000E+00  0.0000E+00  0.0000E+00  0.0000E+00  0.0000E+00
       0.0000E+00  0.0000E+00  0.0000E+00  0.0000E+00  0.0000E+00  0.0000E+00  0.0000E+00  0.0000E+00  0.0000E+00  0.0000E+00
       0.0000E+00  0.0000E+00  0.0000E+00  0.0000E+00  0.0000E+00  0.0000E+00  0.0000E+00  0.0000E+00  0.0000E+00  0.0000E+00
       0.0000E+00  0.0000E+00  0.0000E+00  0.0000E+00  0.0000E+00  0.0000E+00  0.0000E+00  0.0000E+00  0.0000E+00  0.0000E+00
       0.0000E+00  0.0000E+00  0.0000E+00  0.0000E+00  0.0000E+00  0.0000E+00  0.0000E+00  0.0000E+00  0.0000E+00  0.0000E+00
       0.0000E+00  0.0000E+00  0.0000E+00  0.0000E+00  0.0000E+00  0.0000E+00  0.0000E+00  0.0000E+00  0.0000E+00  0.0000E+00
       0.0000E+00  0.0000E+00  0.0000E+00  0.0000E+00  0.0000E+00  0.0000E+00  0.0000E+00  0.0000E+00  0.0000E+00  0.0000E+00
       0.0000E+00  0.0000E+00  0.0000E+00  0.0000E+00  0.0000E+00  0.0000E+00  0.0000E+00  0.0000E+00  0.0000E+00  0.0000E+00
       0.0000E+00  0.0000E+00  0.0000E+00  0.0000E+00  0.0000E+00  0.0000E+00  0.0000E+00  0.0000E+00  0.0000E+00  0.0000E+00
       0.0000E+00  0.0000E+00  0.0000E+00  0.0000E+00  0.0000E+00  0.0000E+00  0.0000E+00  0.0000E+00  0.0000E+00  0.0000E+00
       0.0000E+00  0.0000E+00  0.0000E+00  0.0000E+00  0.0000E+00  0.0000E+00  0.0000E+00  0.0000E+00  0.0000E+00  0.0000E+00
       0.0000E+00  0.0000E+00  0.0000E+00  0.0000E+00  0.0000E+00  0.0000E+00  0.0000E+00  0.0000E+00  0.0000E+00  0.0000E+00
       0.0000E+00  0.0000E+00  0.0000E+00  0.0000E+00  0.0000E+00  0.0000E+00  0.0000E+00  0.0000E+00  0.0000E+00  0.0000E+00
       0.0000E+00  0.0000E+00  0.0000E+00  0.0000E+00  0.0000E+00  0.0000E+00  0.0000E+00  0.0000E+00  0.0000E+00  0.0000E+00
1

   Bdrx n.   6  "ofluence  " , generalized particle n.    1, from region n.     5 to region n.     4
      detector area:  1.0000E+02 cm**2
      this is a one way only estimator
      this is a fluence like estimator
      linear energy binning from   0.0000E+00 to  3.0000E+02 GeV,     1 bins ( 3.0000E+02 GeV wide)
      linear angular binning from  0.0000E+00 to  6.2832E+00 sr ,     1 bins ( 6.2832E+00 sr wide )
      Data follow in a matrix A(ie,ia), format (1(5x,1p,10(1x,e11.4)))

       5.2858E-06
