
 *****  Protons in Lexan (0.21GeV, 0cm)                                                   *****

           DATE: 12/18/18,  TIME: 14:42:59

          Total number of particles followed       50000000, for a total weight of  5.0000E+07

1

   Res. nuclei n.   1  "Ian       " ,  all         products, region n.     5
      detector volume:  1.0000E+00 cm**3
      Max. Z:  10, Max. N-Z:  11 Min. N-Z: -4
      Data follow in a matrix A(z,n-z-k), k: -5 format (1(5x,1p,10(1x,e11.4)))

       0.0000E+00  0.0000E+00  0.0000E+00  0.0000E+00  0.0000E+00  0.0000E+00  0.0000E+00  0.0000E+00  0.0000E+00  0.0000E+00
       0.0000E+00  0.0000E+00  0.0000E+00  0.0000E+00  0.0000E+00  6.4000E-06  0.0000E+00  5.2000E-07  0.0000E+00  0.0000E+00
       0.0000E+00  0.0000E+00  0.0000E+00  0.0000E+00  5.5140E-05  1.0632E-04  1.2100E-05  2.3600E-05  0.0000E+00  0.0000E+00
       8.9736E-03  1.4236E-03  0.0000E+00  6.7796E-04  0.0000E+00  2.0604E-03  2.9520E-05  5.0064E-04  0.0000E+00  0.0000E+00
       2.3312E-03  1.1137E-02  9.3222E-04  0.0000E+00  7.1522E-04  2.3864E-03  2.3600E-04  2.8029E-04  2.0000E-08  6.0000E-08
       7.4753E-04  0.0000E+00  5.1268E-04  1.4005E-04  1.3224E-03  1.2647E-04  3.3170E-04  5.0495E-07  2.0000E-08  0.0000E+00
       0.0000E+00  3.1420E-05  4.3800E-05  9.4500E-05  1.3237E-05  3.4560E-05  5.4269E-07  2.4000E-07  0.0000E+00  0.0000E+00
       0.0000E+00  0.0000E+00  3.6800E-06  5.0000E-07  1.0800E-06  2.0000E-08  5.2000E-07  0.0000E+00  0.0000E+00  0.0000E+00
       0.0000E+00  1.0000E-07  0.0000E+00  2.0000E-08  2.0000E-08  0.0000E+00  0.0000E+00  0.0000E+00  0.0000E+00  0.0000E+00
       0.0000E+00  0.0000E+00  0.0000E+00  0.0000E+00  0.0000E+00  0.0000E+00  0.0000E+00  0.0000E+00  0.0000E+00  0.0000E+00
       0.0000E+00  0.0000E+00  0.0000E+00  0.0000E+00  0.0000E+00  0.0000E+00  0.0000E+00  0.0000E+00  0.0000E+00  0.0000E+00
       0.0000E+00  0.0000E+00  0.0000E+00  0.0000E+00  0.0000E+00  0.0000E+00  0.0000E+00  0.0000E+00  0.0000E+00  0.0000E+00
       0.0000E+00  0.0000E+00  0.0000E+00  0.0000E+00  0.0000E+00  0.0000E+00  0.0000E+00  0.0000E+00  0.0000E+00  0.0000E+00
       0.0000E+00  0.0000E+00  0.0000E+00  0.0000E+00  0.0000E+00  0.0000E+00  0.0000E+00  0.0000E+00  0.0000E+00  0.0000E+00
       0.0000E+00  0.0000E+00  0.0000E+00  0.0000E+00  0.0000E+00  0.0000E+00  0.0000E+00  0.0000E+00  0.0000E+00  0.0000E+00
       0.0000E+00  0.0000E+00  0.0000E+00  0.0000E+00  0.0000E+00  0.0000E+00  0.0000E+00  0.0000E+00  0.0000E+00  0.0000E+00
