
 *****  Protons in Lexan (0.21GeV, 0cm)                                                   *****

           DATE: 12/18/18,  TIME: 14:42:59

          Total number of particles followed       50000000, for a total weight of  5.0000E+07

1

   Bdrx n.   2  "ofluence  " , generalized particle n.    1, from region n.     5 to region n.     4
      detector area:  1.0000E+02 cm**2
      this is a one way only estimator
      this is a fluence like estimator
      linear energy binning from   1.3000E-01 to  2.6000E-01 GeV,   650 bins ( 2.0000E-04 GeV wide)
      linear angular binning from  0.0000E+00 to  6.2832E+00 sr ,     1 bins ( 6.2832E+00 sr wide )
      Data follow in a matrix A(ie,ia), format (1(5x,1p,10(1x,e11.4)))

       1.6290E-04  1.5701E-04  1.6516E-04  1.4445E-04  1.4797E-04  1.5465E-04  1.4971E-04  1.4555E-04  1.4587E-04  1.4733E-04
       1.5261E-04  1.5110E-04  1.5726E-04  1.5295E-04  1.4814E-04  1.5776E-04  1.5819E-04  1.4675E-04  1.4859E-04  1.4399E-04
       1.5406E-04  1.4874E-04  1.4636E-04  1.4263E-04  1.6008E-04  1.4101E-04  1.4046E-04  1.5226E-04  1.5081E-04  1.4677E-04
       1.5212E-04  1.4659E-04  1.5221E-04  1.3892E-04  1.5221E-04  1.5266E-04  1.5621E-04  1.4397E-04  1.3385E-04  1.4396E-04
       1.5311E-04  1.4969E-04  1.4812E-04  1.4627E-04  1.4828E-04  1.4474E-04  1.4339E-04  1.5323E-04  1.4188E-04  1.5894E-04
       1.4255E-04  1.3899E-04  1.4839E-04  1.5903E-04  1.4424E-04  1.3544E-04  1.4721E-04  1.4073E-04  1.4412E-04  1.4671E-04
       1.5098E-04  1.3814E-04  1.4645E-04  1.3846E-04  1.4843E-04  1.3736E-04  1.4534E-04  1.3556E-04  1.4669E-04  1.3440E-04
       1.4818E-04  1.4455E-04  1.5397E-04  1.4941E-04  1.4246E-04  1.4263E-04  1.4825E-04  1.4753E-04  1.5310E-04  1.3968E-04
       1.5181E-04  1.4393E-04  1.4311E-04  1.4462E-04  1.4276E-04  1.3829E-04  1.4749E-04  1.4732E-04  1.3148E-04  1.3867E-04
       1.4105E-04  1.5313E-04  1.4552E-04  1.3564E-04  1.4462E-04  1.3426E-04  1.4075E-04  1.4216E-04  1.3810E-04  1.3800E-04
       1.4461E-04  1.4775E-04  1.5273E-04  1.4115E-04  1.4036E-04  1.3483E-04  1.3115E-04  1.5146E-04  1.4107E-04  1.4367E-04
       1.3716E-04  1.3982E-04  1.3618E-04  1.3282E-04  1.3870E-04  1.4353E-04  1.4338E-04  1.4354E-04  1.4443E-04  1.4221E-04
       1.3242E-04  1.3923E-04  1.3185E-04  1.2996E-04  1.4124E-04  1.3743E-04  1.3974E-04  1.3946E-04  1.4642E-04  1.3853E-04
       1.3896E-04  1.4218E-04  1.4233E-04  1.4138E-04  1.4072E-04  1.3523E-04  1.4728E-04  1.3932E-04  1.3441E-04  1.2807E-04
       1.3759E-04  1.3760E-04  1.3988E-04  1.2945E-04  1.3379E-04  1.3796E-04  1.4189E-04  1.3500E-04  1.3577E-04  1.4340E-04
       1.4343E-04  1.3827E-04  1.3503E-04  1.3716E-04  1.3602E-04  1.3613E-04  1.3257E-04  1.2848E-04  1.3244E-04  1.3831E-04
       1.3902E-04  1.4201E-04  1.4224E-04  1.3901E-04  1.4027E-04  1.3646E-04  1.4512E-04  1.3751E-04  1.3879E-04  1.4388E-04
       1.3651E-04  1.2972E-04  1.3285E-04  1.2926E-04  1.4442E-04  1.3378E-04  1.3580E-04  1.3383E-04  1.3692E-04  1.3311E-04
       1.3452E-04  1.3435E-04  1.3603E-04  1.2922E-04  1.2986E-04  1.3944E-04  1.4768E-04  1.3478E-04  1.3329E-04  1.2784E-04
       1.3773E-04  1.3280E-04  1.2856E-04  1.2153E-04  1.3376E-04  1.3797E-04  1.2884E-04  1.3026E-04  1.3615E-04  1.3301E-04
       1.3021E-04  1.2684E-04  1.2422E-04  1.2876E-04  1.2832E-04  1.2287E-04  1.3031E-04  1.2606E-04  1.1958E-04  1.2896E-04
       1.2877E-04  1.1427E-04  1.2436E-04  1.2757E-04  1.2320E-04  1.1667E-04  1.2571E-04  1.2337E-04  1.3030E-04  1.2144E-04
       1.2691E-04  1.1968E-04  1.2573E-04  1.1489E-04  1.1982E-04  1.1717E-04  1.1344E-04  1.1695E-04  1.0505E-04  1.0531E-04
       1.1714E-04  1.1351E-04  1.0863E-04  1.1183E-04  1.1469E-04  1.1314E-04  1.0277E-04  1.1798E-04  1.1667E-04  1.0877E-04
       1.1346E-04  1.0791E-04  1.0538E-04  1.0623E-04  1.0938E-04  1.0582E-04  1.0471E-04  1.0904E-04  1.0585E-04  9.9398E-05
       1.0476E-04  1.0255E-04  1.0316E-04  1.0154E-04  1.0799E-04  9.9568E-05  1.0505E-04  1.0577E-04  9.4196E-05  1.0213E-04
       9.6915E-05  9.7023E-05  9.4243E-05  9.9199E-05  9.6533E-05  1.0115E-04  1.0091E-04  9.6080E-05  1.0086E-04  9.8516E-05
       9.0419E-05  9.8311E-05  9.7036E-05  9.5613E-05  9.2872E-05  9.9803E-05  9.5353E-05  9.0300E-05  9.3999E-05  8.5800E-05
       1.0108E-04  8.6705E-05  8.8172E-05  8.5319E-05  9.3211E-05  8.5651E-05  8.9558E-05  8.3095E-05  8.3923E-05  8.9036E-05
       8.9619E-05  8.7725E-05  8.0899E-05  7.9439E-05  7.6709E-05  7.6999E-05  8.4679E-05  7.4081E-05  7.8976E-05  7.7112E-05
       7.3920E-05  7.3574E-05  7.5805E-05  7.1248E-05  6.6870E-05  6.9534E-05  6.1611E-05  6.6524E-05  6.7234E-05  6.7022E-05
       6.0303E-05  5.7468E-05  6.3696E-05  6.2040E-05  5.7433E-05  5.4259E-05  5.5954E-05  4.8559E-05  5.5971E-05  4.7165E-05
       4.7985E-05  4.3701E-05  4.3125E-05  3.8296E-05  3.7177E-05  3.9005E-05  3.5808E-05  3.6686E-05  3.4070E-05  3.7154E-05
       3.6489E-05  3.7613E-05  3.7665E-05  3.7756E-05  3.7565E-05  3.8590E-05  3.9904E-05  4.3178E-05  4.7971E-05  4.0630E-05
       4.5917E-05  4.8057E-05  5.2768E-05  5.3048E-05  6.2402E-05  6.2053E-05  6.4949E-05  6.8386E-05  7.2458E-05  6.9188E-05
       7.6464E-05  7.4069E-05  7.8553E-05  9.8530E-05  1.3745E-04  2.1238E-04  4.1013E-04  7.7268E-04  1.5587E-03  3.0661E-03
       5.8061E-03  1.0679E-02  1.9109E-02  3.2497E-02  5.3620E-02  8.4252E-02  1.2714E-01  1.8313E-01  2.5363E-01  3.3533E-01
       4.2363E-01  5.1044E-01  5.8830E-01  6.4707E-01  6.7859E-01  6.7811E-01  6.4685E-01  5.8809E-01  5.0867E-01  4.2039E-01
       3.2978E-01  2.4652E-01  1.7553E-01  1.1882E-01  7.6701E-02  4.6875E-02  2.7262E-02  1.5168E-02  7.9413E-03  3.9921E-03
       1.9085E-03  8.3672E-04  3.4714E-04  1.4850E-04  5.4274E-05  2.2282E-05  7.3214E-06  2.5466E-06  1.5916E-07  0.0000E+00
       1.5916E-07  0.0000E+00  0.0000E+00  0.0000E+00  0.0000E+00  0.0000E+00  0.0000E+00  0.0000E+00  0.0000E+00  0.0000E+00
       0.0000E+00  0.0000E+00  0.0000E+00  0.0000E+00  0.0000E+00  0.0000E+00  0.0000E+00  0.0000E+00  0.0000E+00  0.0000E+00
       0.0000E+00  0.0000E+00  0.0000E+00  0.0000E+00  0.0000E+00  0.0000E+00  0.0000E+00  0.0000E+00  0.0000E+00  0.0000E+00
       0.0000E+00  0.0000E+00  0.0000E+00  0.0000E+00  0.0000E+00  0.0000E+00  0.0000E+00  0.0000E+00  0.0000E+00  0.0000E+00
       0.0000E+00  0.0000E+00  0.0000E+00  0.0000E+00  0.0000E+00  0.0000E+00  0.0000E+00  0.0000E+00  0.0000E+00  0.0000E+00
       0.0000E+00  0.0000E+00  0.0000E+00  0.0000E+00  0.0000E+00  0.0000E+00  0.0000E+00  0.0000E+00  0.0000E+00  0.0000E+00
       0.0000E+00  0.0000E+00  0.0000E+00  0.0000E+00  0.0000E+00  0.0000E+00  0.0000E+00  0.0000E+00  0.0000E+00  0.0000E+00
       0.0000E+00  0.0000E+00  0.0000E+00  0.0000E+00  0.0000E+00  0.0000E+00  0.0000E+00  0.0000E+00  0.0000E+00  0.0000E+00
       0.0000E+00  0.0000E+00  0.0000E+00  0.0000E+00  0.0000E+00  0.0000E+00  0.0000E+00  0.0000E+00  0.0000E+00  0.0000E+00
       0.0000E+00  0.0000E+00  0.0000E+00  0.0000E+00  0.0000E+00  0.0000E+00  0.0000E+00  0.0000E+00  0.0000E+00  0.0000E+00
       0.0000E+00  0.0000E+00  0.0000E+00  0.0000E+00  0.0000E+00  0.0000E+00  0.0000E+00  0.0000E+00  0.0000E+00  0.0000E+00
       0.0000E+00  0.0000E+00  0.0000E+00  0.0000E+00  0.0000E+00  0.0000E+00  0.0000E+00  0.0000E+00  0.0000E+00  0.0000E+00
       0.0000E+00  0.0000E+00  0.0000E+00  0.0000E+00  0.0000E+00  0.0000E+00  0.0000E+00  0.0000E+00  0.0000E+00  0.0000E+00
       0.0000E+00  0.0000E+00  0.0000E+00  0.0000E+00  0.0000E+00  0.0000E+00  0.0000E+00  0.0000E+00  0.0000E+00  0.0000E+00
       0.0000E+00  0.0000E+00  0.0000E+00  0.0000E+00  0.0000E+00  0.0000E+00  0.0000E+00  0.0000E+00  0.0000E+00  0.0000E+00
       0.0000E+00  0.0000E+00  0.0000E+00  0.0000E+00  0.0000E+00  0.0000E+00  0.0000E+00  0.0000E+00  0.0000E+00  0.0000E+00
       0.0000E+00  0.0000E+00  0.0000E+00  0.0000E+00  0.0000E+00  0.0000E+00  0.0000E+00  0.0000E+00  0.0000E+00  0.0000E+00
       0.0000E+00  0.0000E+00  0.0000E+00  0.0000E+00  0.0000E+00  0.0000E+00  0.0000E+00  0.0000E+00  0.0000E+00  0.0000E+00
       0.0000E+00  0.0000E+00  0.0000E+00  0.0000E+00  0.0000E+00  0.0000E+00  0.0000E+00  0.0000E+00  0.0000E+00  0.0000E+00
       0.0000E+00  0.0000E+00  0.0000E+00  0.0000E+00  0.0000E+00  0.0000E+00  0.0000E+00  0.0000E+00  0.0000E+00  0.0000E+00
       0.0000E+00  0.0000E+00  0.0000E+00  0.0000E+00  0.0000E+00  0.0000E+00  0.0000E+00  0.0000E+00  0.0000E+00  0.0000E+00
       0.0000E+00  0.0000E+00  0.0000E+00  0.0000E+00  0.0000E+00  0.0000E+00  0.0000E+00  0.0000E+00  0.0000E+00  0.0000E+00
       0.0000E+00  0.0000E+00  0.0000E+00  0.0000E+00  0.0000E+00  0.0000E+00  0.0000E+00  0.0000E+00  0.0000E+00  0.0000E+00
       0.0000E+00  0.0000E+00  0.0000E+00  0.0000E+00  0.0000E+00  0.0000E+00  0.0000E+00  0.0000E+00  0.0000E+00  0.0000E+00
       0.0000E+00  0.0000E+00  0.0000E+00  0.0000E+00  0.0000E+00  0.0000E+00  0.0000E+00  0.0000E+00  0.0000E+00  0.0000E+00
1

   Bdrx n.   6  "ofluence  " , generalized particle n.    1, from region n.     5 to region n.     4
      detector area:  1.0000E+02 cm**2
      this is a one way only estimator
      this is a fluence like estimator
      linear energy binning from   0.0000E+00 to  3.0000E+02 GeV,     1 bins ( 3.0000E+02 GeV wide)
      linear angular binning from  0.0000E+00 to  6.2832E+00 sr ,     1 bins ( 6.2832E+00 sr wide )
      Data follow in a matrix A(ie,ia), format (1(5x,1p,10(1x,e11.4)))

       5.3411E-06
