
 *****  Protons in Lexan (0.21GeV, 0cm)                                                   *****

           DATE: 12/18/18,  TIME: 14:42:59

          Total number of particles followed       50000000, for a total weight of  5.0000E+07

1

   Bdrx n.   4  "ocurrent  " , generalized particle n.    1, from region n.     5 to region n.     4
      detector area:  1.0000E+02 cm**2
      this is a one way only estimator
      this is a current like estimator
      linear energy binning from   1.3000E-01 to  2.6000E-01 GeV,   650 bins ( 2.0000E-04 GeV wide)
      linear angular binning from  0.0000E+00 to  6.2832E+00 sr ,     1 bins ( 6.2832E+00 sr wide )
      Data follow in a matrix A(ie,ia), format (1(5x,1p,10(1x,e11.4)))

       1.2812E-04  1.2414E-04  1.3083E-04  1.1284E-04  1.1682E-04  1.2191E-04  1.1857E-04  1.1523E-04  1.1682E-04  1.1698E-04
       1.2144E-04  1.2048E-04  1.2462E-04  1.2144E-04  1.1746E-04  1.2382E-04  1.2701E-04  1.1618E-04  1.2048E-04  1.1523E-04
       1.2398E-04  1.1921E-04  1.1586E-04  1.1459E-04  1.2860E-04  1.1348E-04  1.1332E-04  1.2239E-04  1.2144E-04  1.1730E-04
       1.2287E-04  1.1682E-04  1.2191E-04  1.1220E-04  1.2096E-04  1.2350E-04  1.2637E-04  1.1889E-04  1.0982E-04  1.1682E-04
       1.2414E-04  1.2000E-04  1.2207E-04  1.1905E-04  1.2175E-04  1.1746E-04  1.1714E-04  1.2446E-04  1.1523E-04  1.3019E-04
       1.1634E-04  1.1300E-04  1.2128E-04  1.2907E-04  1.1841E-04  1.1284E-04  1.2096E-04  1.1618E-04  1.1730E-04  1.1953E-04
       1.2430E-04  1.1459E-04  1.2064E-04  1.1316E-04  1.2080E-04  1.1364E-04  1.2032E-04  1.1109E-04  1.2128E-04  1.1093E-04
       1.2446E-04  1.2080E-04  1.2589E-04  1.2255E-04  1.1937E-04  1.1793E-04  1.2271E-04  1.2128E-04  1.2525E-04  1.1364E-04
       1.2637E-04  1.2128E-04  1.1825E-04  1.2175E-04  1.1921E-04  1.1730E-04  1.2319E-04  1.2080E-04  1.0854E-04  1.1555E-04
       1.1873E-04  1.2716E-04  1.2159E-04  1.1395E-04  1.2112E-04  1.1268E-04  1.1873E-04  1.1937E-04  1.1666E-04  1.1427E-04
       1.2207E-04  1.2430E-04  1.2844E-04  1.1984E-04  1.1682E-04  1.1491E-04  1.1029E-04  1.2876E-04  1.1873E-04  1.2128E-04
       1.1571E-04  1.1873E-04  1.1523E-04  1.1268E-04  1.1809E-04  1.2175E-04  1.2255E-04  1.2287E-04  1.2239E-04  1.2159E-04
       1.1268E-04  1.1857E-04  1.1316E-04  1.1014E-04  1.2112E-04  1.1777E-04  1.1968E-04  1.1905E-04  1.2525E-04  1.1730E-04
       1.1968E-04  1.2048E-04  1.2191E-04  1.2128E-04  1.2032E-04  1.1666E-04  1.2701E-04  1.1953E-04  1.1602E-04  1.1109E-04
       1.1953E-04  1.1841E-04  1.2000E-04  1.1300E-04  1.1555E-04  1.1825E-04  1.2239E-04  1.1714E-04  1.1762E-04  1.2382E-04
       1.2350E-04  1.2032E-04  1.1746E-04  1.1953E-04  1.1937E-04  1.1873E-04  1.1571E-04  1.1300E-04  1.1571E-04  1.2175E-04
       1.2128E-04  1.2478E-04  1.2478E-04  1.2128E-04  1.2335E-04  1.2000E-04  1.2621E-04  1.1984E-04  1.2223E-04  1.2573E-04
       1.2048E-04  1.1395E-04  1.1682E-04  1.1427E-04  1.2716E-04  1.1809E-04  1.1921E-04  1.1809E-04  1.2080E-04  1.1825E-04
       1.1937E-04  1.1889E-04  1.1984E-04  1.1443E-04  1.1459E-04  1.2271E-04  1.1650E-04  1.1762E-04  1.1777E-04  1.1284E-04
       1.2239E-04  1.1730E-04  1.1475E-04  1.0775E-04  1.1841E-04  1.2271E-04  1.1475E-04  1.1586E-04  1.2112E-04  1.1841E-04
       1.1602E-04  1.1348E-04  1.1093E-04  1.1539E-04  1.1507E-04  1.1029E-04  1.1714E-04  1.1348E-04  1.0711E-04  1.1523E-04
       1.1555E-04  1.0329E-04  1.1093E-04  1.1475E-04  1.1125E-04  1.0536E-04  1.1252E-04  1.1061E-04  1.1650E-04  1.0854E-04
       1.1491E-04  1.0807E-04  1.1411E-04  1.0472E-04  1.0902E-04  1.0663E-04  1.0281E-04  1.0600E-04  9.5652E-05  9.6289E-05
       1.0632E-04  1.0313E-04  9.8199E-05  1.0170E-04  1.0456E-04  1.0281E-04  9.3265E-05  1.0679E-04  1.0568E-04  9.9313E-05
       1.0345E-04  9.8358E-05  9.6448E-05  9.6130E-05  1.0011E-04  9.5811E-05  9.5811E-05  9.9472E-05  9.6607E-05  9.1037E-05
       9.5652E-05  9.3901E-05  9.5175E-05  9.3583E-05  9.8994E-05  9.1514E-05  9.6607E-05  9.7562E-05  8.6739E-05  9.4538E-05
       8.9286E-05  8.9604E-05  8.6421E-05  9.1355E-05  8.9286E-05  9.3742E-05  9.3901E-05  8.8490E-05  9.3424E-05  9.1514E-05
       8.3716E-05  8.7376E-05  8.9923E-05  8.8968E-05  8.6421E-05  9.2946E-05  8.9127E-05  8.4352E-05  8.8013E-05  8.0214E-05
       9.3901E-05  8.0851E-05  8.1646E-05  7.9418E-05  8.6103E-05  8.0373E-05  8.3556E-05  7.7827E-05  7.8463E-05  8.3875E-05
       8.4511E-05  8.2601E-05  7.6076E-05  7.4485E-05  7.2097E-05  7.2575E-05  7.9577E-05  7.0346E-05  7.4644E-05  7.3211E-05
       7.0346E-05  6.9869E-05  7.2097E-05  6.7323E-05  6.3344E-05  6.6208E-05  5.8887E-05  6.3025E-05  6.3980E-05  6.3503E-05
       5.7614E-05  5.4431E-05  6.0956E-05  5.8410E-05  5.4431E-05  5.0930E-05  5.2362E-05  4.5837E-05  5.1885E-05  4.4245E-05
       4.5677E-05  4.1380E-05  4.0903E-05  3.5014E-05  3.4537E-05  3.6446E-05  3.2945E-05  3.3423E-05  3.1672E-05  3.4696E-05
       3.3741E-05  3.4696E-05  3.4377E-05  3.4696E-05  3.4218E-05  3.5651E-05  3.6924E-05  3.9630E-05  4.4563E-05  3.6606E-05
       4.3131E-05  4.4723E-05  4.9656E-05  4.9975E-05  5.8887E-05  5.8728E-05  6.1752E-05  6.5094E-05  6.9392E-05  6.6527E-05
       7.2415E-05  7.0506E-05  7.5758E-05  9.4856E-05  1.3289E-04  2.0881E-04  4.0457E-04  7.6713E-04  1.5513E-03  3.0567E-03
       5.7969E-03  1.0668E-02  1.9095E-02  3.2481E-02  5.3600E-02  8.4228E-02  1.2711E-01  1.8309E-01  2.5359E-01  3.3528E-01
       4.2358E-01  5.1039E-01  5.8824E-01  6.4701E-01  6.7853E-01  6.7806E-01  6.4681E-01  5.8806E-01  5.0864E-01  4.2036E-01
       3.2976E-01  2.4650E-01  1.7552E-01  1.1882E-01  7.6697E-02  4.6873E-02  2.7261E-02  1.5167E-02  7.9409E-03  3.9919E-03
       1.9084E-03  8.3668E-04  3.4712E-04  1.4849E-04  5.4272E-05  2.2282E-05  7.3211E-06  2.5465E-06  1.5915E-07  0.0000E+00
       1.5915E-07  0.0000E+00  0.0000E+00  0.0000E+00  0.0000E+00  0.0000E+00  0.0000E+00  0.0000E+00  0.0000E+00  0.0000E+00
       0.0000E+00  0.0000E+00  0.0000E+00  0.0000E+00  0.0000E+00  0.0000E+00  0.0000E+00  0.0000E+00  0.0000E+00  0.0000E+00
       0.0000E+00  0.0000E+00  0.0000E+00  0.0000E+00  0.0000E+00  0.0000E+00  0.0000E+00  0.0000E+00  0.0000E+00  0.0000E+00
       0.0000E+00  0.0000E+00  0.0000E+00  0.0000E+00  0.0000E+00  0.0000E+00  0.0000E+00  0.0000E+00  0.0000E+00  0.0000E+00
       0.0000E+00  0.0000E+00  0.0000E+00  0.0000E+00  0.0000E+00  0.0000E+00  0.0000E+00  0.0000E+00  0.0000E+00  0.0000E+00
       0.0000E+00  0.0000E+00  0.0000E+00  0.0000E+00  0.0000E+00  0.0000E+00  0.0000E+00  0.0000E+00  0.0000E+00  0.0000E+00
       0.0000E+00  0.0000E+00  0.0000E+00  0.0000E+00  0.0000E+00  0.0000E+00  0.0000E+00  0.0000E+00  0.0000E+00  0.0000E+00
       0.0000E+00  0.0000E+00  0.0000E+00  0.0000E+00  0.0000E+00  0.0000E+00  0.0000E+00  0.0000E+00  0.0000E+00  0.0000E+00
       0.0000E+00  0.0000E+00  0.0000E+00  0.0000E+00  0.0000E+00  0.0000E+00  0.0000E+00  0.0000E+00  0.0000E+00  0.0000E+00
       0.0000E+00  0.0000E+00  0.0000E+00  0.0000E+00  0.0000E+00  0.0000E+00  0.0000E+00  0.0000E+00  0.0000E+00  0.0000E+00
       0.0000E+00  0.0000E+00  0.0000E+00  0.0000E+00  0.0000E+00  0.0000E+00  0.0000E+00  0.0000E+00  0.0000E+00  0.0000E+00
       0.0000E+00  0.0000E+00  0.0000E+00  0.0000E+00  0.0000E+00  0.0000E+00  0.0000E+00  0.0000E+00  0.0000E+00  0.0000E+00
       0.0000E+00  0.0000E+00  0.0000E+00  0.0000E+00  0.0000E+00  0.0000E+00  0.0000E+00  0.0000E+00  0.0000E+00  0.0000E+00
       0.0000E+00  0.0000E+00  0.0000E+00  0.0000E+00  0.0000E+00  0.0000E+00  0.0000E+00  0.0000E+00  0.0000E+00  0.0000E+00
       0.0000E+00  0.0000E+00  0.0000E+00  0.0000E+00  0.0000E+00  0.0000E+00  0.0000E+00  0.0000E+00  0.0000E+00  0.0000E+00
       0.0000E+00  0.0000E+00  0.0000E+00  0.0000E+00  0.0000E+00  0.0000E+00  0.0000E+00  0.0000E+00  0.0000E+00  0.0000E+00
       0.0000E+00  0.0000E+00  0.0000E+00  0.0000E+00  0.0000E+00  0.0000E+00  0.0000E+00  0.0000E+00  0.0000E+00  0.0000E+00
       0.0000E+00  0.0000E+00  0.0000E+00  0.0000E+00  0.0000E+00  0.0000E+00  0.0000E+00  0.0000E+00  0.0000E+00  0.0000E+00
       0.0000E+00  0.0000E+00  0.0000E+00  0.0000E+00  0.0000E+00  0.0000E+00  0.0000E+00  0.0000E+00  0.0000E+00  0.0000E+00
       0.0000E+00  0.0000E+00  0.0000E+00  0.0000E+00  0.0000E+00  0.0000E+00  0.0000E+00  0.0000E+00  0.0000E+00  0.0000E+00
       0.0000E+00  0.0000E+00  0.0000E+00  0.0000E+00  0.0000E+00  0.0000E+00  0.0000E+00  0.0000E+00  0.0000E+00  0.0000E+00
       0.0000E+00  0.0000E+00  0.0000E+00  0.0000E+00  0.0000E+00  0.0000E+00  0.0000E+00  0.0000E+00  0.0000E+00  0.0000E+00
       0.0000E+00  0.0000E+00  0.0000E+00  0.0000E+00  0.0000E+00  0.0000E+00  0.0000E+00  0.0000E+00  0.0000E+00  0.0000E+00
       0.0000E+00  0.0000E+00  0.0000E+00  0.0000E+00  0.0000E+00  0.0000E+00  0.0000E+00  0.0000E+00  0.0000E+00  0.0000E+00
       0.0000E+00  0.0000E+00  0.0000E+00  0.0000E+00  0.0000E+00  0.0000E+00  0.0000E+00  0.0000E+00  0.0000E+00  0.0000E+00
