
 *****  Protons in Lexan (0.11GeV, 2cm)                                                   *****

           DATE: 12/19/18,  TIME:  2: 3:17

          Total number of particles followed       16666666, for a total weight of  1.6667E+07

1

   Res. nuclei n.   1  "Ian       " ,  all         products, region n.     5
      detector volume:  1.0000E+00 cm**3
      Max. Z:  10, Max. N-Z:  11 Min. N-Z: -4
      Data follow in a matrix A(z,n-z-k), k: -5 format (1(5x,1p,10(1x,e11.4)))

       0.0000E+00  0.0000E+00  0.0000E+00  0.0000E+00  0.0000E+00  0.0000E+00  0.0000E+00  0.0000E+00  0.0000E+00  0.0000E+00
       0.0000E+00  0.0000E+00  0.0000E+00  0.0000E+00  0.0000E+00  1.7700E-05  0.0000E+00  6.6000E-07  0.0000E+00  0.0000E+00
       0.0000E+00  0.0000E+00  0.0000E+00  0.0000E+00  1.7544E-04  2.4126E-04  4.7400E-05  3.9240E-05  0.0000E+00  0.0000E+00
       4.9318E-02  4.9135E-03  0.0000E+00  2.5912E-03  0.0000E+00  6.7724E-03  8.2920E-05  1.5327E-03  6.0000E-08  0.0000E+00
       1.1423E-02  4.6303E-02  3.5796E-03  0.0000E+00  2.1014E-03  2.0006E-02  8.2103E-04  2.2757E-03  3.0000E-07  8.4000E-07
       2.2409E-03  0.0000E+00  1.7095E-03  4.6379E-04  4.0142E-03  5.5481E-04  1.0212E-03  2.7467E-06  0.0000E+00  0.0000E+00
       0.0000E+00  7.3020E-05  1.1724E-04  2.1474E-04  3.6443E-05  9.2340E-05  2.5527E-06  3.8400E-06  0.0000E+00  0.0000E+00
       0.0000E+00  0.0000E+00  2.4600E-06  7.8000E-07  1.5600E-06  1.2000E-07  1.0200E-06  0.0000E+00  0.0000E+00  0.0000E+00
       0.0000E+00  0.0000E+00  0.0000E+00  0.0000E+00  0.0000E+00  0.0000E+00  0.0000E+00  0.0000E+00  0.0000E+00  0.0000E+00
       0.0000E+00  0.0000E+00  0.0000E+00  0.0000E+00  0.0000E+00  0.0000E+00  0.0000E+00  0.0000E+00  0.0000E+00  0.0000E+00
       0.0000E+00  0.0000E+00  0.0000E+00  0.0000E+00  0.0000E+00  0.0000E+00  0.0000E+00  0.0000E+00  0.0000E+00  0.0000E+00
       0.0000E+00  0.0000E+00  0.0000E+00  0.0000E+00  0.0000E+00  0.0000E+00  0.0000E+00  0.0000E+00  0.0000E+00  0.0000E+00
       0.0000E+00  0.0000E+00  0.0000E+00  0.0000E+00  0.0000E+00  0.0000E+00  0.0000E+00  0.0000E+00  0.0000E+00  0.0000E+00
       0.0000E+00  0.0000E+00  0.0000E+00  0.0000E+00  0.0000E+00  0.0000E+00  0.0000E+00  0.0000E+00  0.0000E+00  0.0000E+00
       0.0000E+00  0.0000E+00  0.0000E+00  0.0000E+00  0.0000E+00  0.0000E+00  0.0000E+00  0.0000E+00  0.0000E+00  0.0000E+00
       0.0000E+00  0.0000E+00  0.0000E+00  0.0000E+00  0.0000E+00  0.0000E+00  0.0000E+00  0.0000E+00  0.0000E+00  0.0000E+00
