
 *****  Protons in Lexan (0.11GeV, 2cm)                                                   *****

           DATE: 12/19/18,  TIME:  2: 3:17

          Total number of particles followed       16666666, for a total weight of  1.6667E+07

1

   Bdrx n.   4  "ocurrent  " , generalized particle n.    1, from region n.     5 to region n.     4
      detector area:  1.0000E+02 cm**2
      this is a one way only estimator
      this is a current like estimator
      linear energy binning from   3.0000E-02 to  1.6000E-01 GeV,   650 bins ( 2.0000E-04 GeV wide)
      linear angular binning from  0.0000E+00 to  6.2832E+00 sr ,     1 bins ( 6.2832E+00 sr wide )
      Data follow in a matrix A(ie,ia), format (1(5x,1p,10(1x,e11.4)))

       4.4929E-04  4.6362E-04  4.7174E-04  4.4691E-04  4.4309E-04  4.3879E-04  4.3545E-04  4.7317E-04  4.6362E-04  4.5884E-04
       4.7221E-04  4.9561E-04  4.9179E-04  4.8988E-04  4.7030E-04  4.8415E-04  4.6792E-04  4.7412E-04  4.6553E-04  4.8510E-04
       4.6171E-04  4.5407E-04  5.0468E-04  4.9036E-04  5.0134E-04  4.7937E-04  4.8749E-04  4.9179E-04  4.9656E-04  5.0182E-04
       4.9704E-04  4.9274E-04  4.9274E-04  5.0277E-04  5.3572E-04  4.8224E-04  5.2521E-04  5.0468E-04  4.7890E-04  5.1327E-04
       5.1709E-04  5.3476E-04  5.1948E-04  5.4145E-04  5.1184E-04  5.3906E-04  5.0038E-04  5.1041E-04  5.3476E-04  5.4622E-04
       5.3906E-04  5.3333E-04  5.0850E-04  5.5099E-04  5.2473E-04  5.3476E-04  5.4717E-04  5.6818E-04  5.7344E-04  5.4335E-04
       5.3381E-04  5.6293E-04  5.4574E-04  5.6150E-04  5.4574E-04  5.3142E-04  5.4240E-04  5.7678E-04  5.4145E-04  5.4717E-04
       5.6866E-04  5.7296E-04  5.3046E-04  5.4097E-04  5.8728E-04  5.6150E-04  5.6341E-04  5.4526E-04  5.5625E-04  5.7916E-04
       5.4240E-04  5.4574E-04  6.0065E-04  5.9970E-04  5.6293E-04  5.9683E-04  5.6723E-04  5.7153E-04  5.7726E-04  5.7487E-04
       5.6580E-04  5.8346E-04  5.9492E-04  5.5481E-04  5.2282E-04  5.4861E-04  5.6341E-04  5.8251E-04  5.5052E-04  5.5386E-04
       5.7821E-04  5.9874E-04  5.8346E-04  5.6102E-04  5.7726E-04  5.4145E-04  5.8489E-04  5.9397E-04  5.6007E-04  5.6771E-04
       5.6723E-04  5.7869E-04  5.5004E-04  5.7009E-04  5.5338E-04  5.4861E-04  5.8155E-04  5.6484E-04  5.7344E-04  5.6102E-04
       5.5386E-04  5.3428E-04  5.6627E-04  5.5720E-04  5.8585E-04  5.5863E-04  5.4861E-04  5.5720E-04  5.4574E-04  5.8203E-04
       5.6054E-04  5.1757E-04  5.7009E-04  5.4526E-04  5.5577E-04  5.5911E-04  5.3428E-04  5.2473E-04  5.4526E-04  5.2282E-04
       5.4097E-04  5.6198E-04  5.3237E-04  5.4765E-04  5.2999E-04  5.2569E-04  5.4049E-04  5.2282E-04  5.4383E-04  5.2712E-04
       5.6580E-04  5.4526E-04  5.2378E-04  5.2282E-04  5.3190E-04  5.2664E-04  5.4097E-04  5.3190E-04  4.9418E-04  4.9370E-04
       5.1900E-04  5.1996E-04  5.4383E-04  5.3428E-04  5.3046E-04  4.9227E-04  5.2569E-04  5.2330E-04  5.2473E-04  5.1089E-04
       4.9131E-04  4.9609E-04  5.2569E-04  4.8988E-04  4.9609E-04  4.8510E-04  4.8892E-04  4.9179E-04  4.9036E-04  5.0945E-04
       4.8797E-04  4.7555E-04  4.6362E-04  4.6601E-04  4.7985E-04  4.6887E-04  4.4595E-04  4.5216E-04  4.4595E-04  4.5741E-04
       4.3784E-04  4.4356E-04  4.4118E-04  4.2542E-04  4.5646E-04  4.2112E-04  4.2638E-04  4.1396E-04  3.9868E-04  4.1157E-04
       4.1492E-04  4.1683E-04  3.8770E-04  3.8961E-04  3.7099E-04  3.7529E-04  3.4139E-04  3.3423E-04  3.4234E-04  2.9842E-04
       3.1656E-04  3.0844E-04  2.9030E-04  2.8696E-04  2.6738E-04  2.7597E-04  2.4542E-04  2.6452E-04  2.4780E-04  2.5115E-04
       2.3539E-04  2.4589E-04  2.3300E-04  2.3157E-04  2.5497E-04  2.3682E-04  2.6690E-04  2.6022E-04  2.7454E-04  2.8743E-04
       2.7597E-04  2.7979E-04  3.0510E-04  3.1751E-04  3.4855E-04  3.7767E-04  3.8818E-04  3.9868E-04  4.3879E-04  4.8463E-04
       4.9943E-04  5.6102E-04  5.7296E-04  6.1975E-04  6.7227E-04  6.9328E-04  7.5630E-04  7.8018E-04  8.7472E-04  9.2389E-04
       1.0256E-03  1.1703E-03  1.3818E-03  1.6028E-03  2.0689E-03  2.6686E-03  3.7094E-03  5.4560E-03  8.2912E-03  1.3244E-02
       2.1801E-02  3.5213E-02  5.6796E-02  8.8901E-02  1.3552E-01  1.9709E-01  2.7548E-01  3.6696E-01  4.6562E-01  5.6305E-01
       6.4346E-01  6.9920E-01  7.1746E-01  6.9588E-01  6.3565E-01  5.4765E-01  4.4367E-01  3.3785E-01  2.4082E-01  1.6096E-01
       1.0093E-01  5.8736E-02  3.2066E-02  1.6289E-02  7.7617E-03  3.3633E-03  1.3813E-03  5.1757E-04  1.6664E-04  6.7323E-05
       1.4324E-05  3.8197E-06  4.7746E-07  4.7746E-07  0.0000E+00  0.0000E+00  0.0000E+00  0.0000E+00  0.0000E+00  0.0000E+00
       0.0000E+00  0.0000E+00  0.0000E+00  0.0000E+00  0.0000E+00  0.0000E+00  0.0000E+00  0.0000E+00  0.0000E+00  0.0000E+00
       0.0000E+00  0.0000E+00  0.0000E+00  0.0000E+00  0.0000E+00  0.0000E+00  0.0000E+00  0.0000E+00  0.0000E+00  0.0000E+00
       0.0000E+00  0.0000E+00  0.0000E+00  0.0000E+00  0.0000E+00  0.0000E+00  0.0000E+00  0.0000E+00  0.0000E+00  0.0000E+00
       0.0000E+00  0.0000E+00  0.0000E+00  0.0000E+00  0.0000E+00  0.0000E+00  0.0000E+00  0.0000E+00  0.0000E+00  0.0000E+00
       0.0000E+00  0.0000E+00  0.0000E+00  0.0000E+00  0.0000E+00  0.0000E+00  0.0000E+00  0.0000E+00  0.0000E+00  0.0000E+00
       0.0000E+00  0.0000E+00  0.0000E+00  0.0000E+00  0.0000E+00  0.0000E+00  0.0000E+00  0.0000E+00  0.0000E+00  0.0000E+00
       0.0000E+00  0.0000E+00  0.0000E+00  0.0000E+00  0.0000E+00  0.0000E+00  0.0000E+00  0.0000E+00  0.0000E+00  0.0000E+00
       0.0000E+00  0.0000E+00  0.0000E+00  0.0000E+00  0.0000E+00  0.0000E+00  0.0000E+00  0.0000E+00  0.0000E+00  0.0000E+00
       0.0000E+00  0.0000E+00  0.0000E+00  0.0000E+00  0.0000E+00  0.0000E+00  0.0000E+00  0.0000E+00  0.0000E+00  0.0000E+00
       0.0000E+00  0.0000E+00  0.0000E+00  0.0000E+00  0.0000E+00  0.0000E+00  0.0000E+00  0.0000E+00  0.0000E+00  0.0000E+00
       0.0000E+00  0.0000E+00  0.0000E+00  0.0000E+00  0.0000E+00  0.0000E+00  0.0000E+00  0.0000E+00  0.0000E+00  0.0000E+00
       0.0000E+00  0.0000E+00  0.0000E+00  0.0000E+00  0.0000E+00  0.0000E+00  0.0000E+00  0.0000E+00  0.0000E+00  0.0000E+00
       0.0000E+00  0.0000E+00  0.0000E+00  0.0000E+00  0.0000E+00  0.0000E+00  0.0000E+00  0.0000E+00  0.0000E+00  0.0000E+00
       0.0000E+00  0.0000E+00  0.0000E+00  0.0000E+00  0.0000E+00  0.0000E+00  0.0000E+00  0.0000E+00  0.0000E+00  0.0000E+00
       0.0000E+00  0.0000E+00  0.0000E+00  0.0000E+00  0.0000E+00  0.0000E+00  0.0000E+00  0.0000E+00  0.0000E+00  0.0000E+00
       0.0000E+00  0.0000E+00  0.0000E+00  0.0000E+00  0.0000E+00  0.0000E+00  0.0000E+00  0.0000E+00  0.0000E+00  0.0000E+00
       0.0000E+00  0.0000E+00  0.0000E+00  0.0000E+00  0.0000E+00  0.0000E+00  0.0000E+00  0.0000E+00  0.0000E+00  0.0000E+00
       0.0000E+00  0.0000E+00  0.0000E+00  0.0000E+00  0.0000E+00  0.0000E+00  0.0000E+00  0.0000E+00  0.0000E+00  0.0000E+00
       0.0000E+00  0.0000E+00  0.0000E+00  0.0000E+00  0.0000E+00  0.0000E+00  0.0000E+00  0.0000E+00  0.0000E+00  0.0000E+00
       0.0000E+00  0.0000E+00  0.0000E+00  0.0000E+00  0.0000E+00  0.0000E+00  0.0000E+00  0.0000E+00  0.0000E+00  0.0000E+00
       0.0000E+00  0.0000E+00  0.0000E+00  0.0000E+00  0.0000E+00  0.0000E+00  0.0000E+00  0.0000E+00  0.0000E+00  0.0000E+00
       0.0000E+00  0.0000E+00  0.0000E+00  0.0000E+00  0.0000E+00  0.0000E+00  0.0000E+00  0.0000E+00  0.0000E+00  0.0000E+00
       0.0000E+00  0.0000E+00  0.0000E+00  0.0000E+00  0.0000E+00  0.0000E+00  0.0000E+00  0.0000E+00  0.0000E+00  0.0000E+00
       0.0000E+00  0.0000E+00  0.0000E+00  0.0000E+00  0.0000E+00  0.0000E+00  0.0000E+00  0.0000E+00  0.0000E+00  0.0000E+00
       0.0000E+00  0.0000E+00  0.0000E+00  0.0000E+00  0.0000E+00  0.0000E+00  0.0000E+00  0.0000E+00  0.0000E+00  0.0000E+00
       0.0000E+00  0.0000E+00  0.0000E+00  0.0000E+00  0.0000E+00  0.0000E+00  0.0000E+00  0.0000E+00  0.0000E+00  0.0000E+00
       0.0000E+00  0.0000E+00  0.0000E+00  0.0000E+00  0.0000E+00  0.0000E+00  0.0000E+00  0.0000E+00  0.0000E+00  0.0000E+00
       0.0000E+00  0.0000E+00  0.0000E+00  0.0000E+00  0.0000E+00  0.0000E+00  0.0000E+00  0.0000E+00  0.0000E+00  0.0000E+00
       0.0000E+00  0.0000E+00  0.0000E+00  0.0000E+00  0.0000E+00  0.0000E+00  0.0000E+00  0.0000E+00  0.0000E+00  0.0000E+00
       0.0000E+00  0.0000E+00  0.0000E+00  0.0000E+00  0.0000E+00  0.0000E+00  0.0000E+00  0.0000E+00  0.0000E+00  0.0000E+00
       0.0000E+00  0.0000E+00  0.0000E+00  0.0000E+00  0.0000E+00  0.0000E+00  0.0000E+00  0.0000E+00  0.0000E+00  0.0000E+00
       0.0000E+00  0.0000E+00  0.0000E+00  0.0000E+00  0.0000E+00  0.0000E+00  0.0000E+00  0.0000E+00  0.0000E+00  0.0000E+00
       0.0000E+00  0.0000E+00  0.0000E+00  0.0000E+00  0.0000E+00  0.0000E+00  0.0000E+00  0.0000E+00  0.0000E+00  0.0000E+00
       0.0000E+00  0.0000E+00  0.0000E+00  0.0000E+00  0.0000E+00  0.0000E+00  0.0000E+00  0.0000E+00  0.0000E+00  0.0000E+00
       0.0000E+00  0.0000E+00  0.0000E+00  0.0000E+00  0.0000E+00  0.0000E+00  0.0000E+00  0.0000E+00  0.0000E+00  0.0000E+00
