
 *****  Protons in Lexan (0.11GeV, 2cm)                                                   *****

           DATE: 12/19/18,  TIME:  2: 3:17

          Total number of particles followed       16666666, for a total weight of  1.6667E+07

1

   Bdrx n.   2  "ofluence  " , generalized particle n.    1, from region n.     5 to region n.     4
      detector area:  1.0000E+02 cm**2
      this is a one way only estimator
      this is a fluence like estimator
      linear energy binning from   3.0000E-02 to  1.6000E-01 GeV,   650 bins ( 2.0000E-04 GeV wide)
      linear angular binning from  0.0000E+00 to  6.2832E+00 sr ,     1 bins ( 6.2832E+00 sr wide )
      Data follow in a matrix A(ie,ia), format (1(5x,1p,10(1x,e11.4)))

       5.9301E-04  6.2823E-04  6.1854E-04  5.9891E-04  5.8822E-04  6.0610E-04  5.7705E-04  6.3583E-04  6.1375E-04  5.9242E-04
       6.1639E-04  6.4110E-04  6.3375E-04  6.4667E-04  6.0779E-04  6.2644E-04  6.0642E-04  6.1461E-04  6.0774E-04  6.4772E-04
       5.9785E-04  5.7604E-04  6.6213E-04  6.2104E-04  6.4385E-04  6.3622E-04  6.2960E-04  6.3116E-04  6.4814E-04  6.3425E-04
       6.4363E-04  6.2830E-04  6.4442E-04  6.4283E-04  6.8519E-04  6.1289E-04  6.6694E-04  6.3736E-04  6.3499E-04  6.5987E-04
       6.6268E-04  6.8667E-04  6.7567E-04  6.8101E-04  6.5286E-04  6.7717E-04  6.1792E-04  6.3509E-04  6.8460E-04  6.7647E-04
       7.0334E-04  6.6147E-04  6.3608E-04  6.8271E-04  6.5432E-04  6.6876E-04  6.7703E-04  7.0913E-04  7.1194E-04  6.7806E-04
       6.6775E-04  6.9409E-04  6.6976E-04  6.9861E-04  6.8008E-04  6.5847E-04  6.7202E-04  7.2209E-04  6.6812E-04  6.7209E-04
       6.9450E-04  6.9854E-04  6.5733E-04  6.7297E-04  7.2011E-04  6.7538E-04  6.8110E-04  6.6423E-04  6.6640E-04  6.9911E-04
       6.7070E-04  6.6043E-04  7.2276E-04  7.3952E-04  6.8492E-04  7.2652E-04  6.9917E-04  6.9069E-04  6.9825E-04  6.9329E-04
       6.8225E-04  7.2033E-04  7.2320E-04  6.6397E-04  6.2932E-04  6.6439E-04  6.8094E-04  7.0838E-04  6.6144E-04  6.6178E-04
       6.8898E-04  7.1242E-04  6.8796E-04  6.8659E-04  6.9683E-04  6.3686E-04  6.9758E-04  7.0235E-04  6.6940E-04  6.8645E-04
       6.6835E-04  6.8123E-04  6.4759E-04  6.8000E-04  6.5847E-04  6.5467E-04  6.9396E-04  6.5942E-04  6.7915E-04  6.6134E-04
       6.5242E-04  6.2252E-04  6.7031E-04  6.5806E-04  6.9394E-04  6.4764E-04  6.3771E-04  6.5037E-04  6.3849E-04  6.7722E-04
       6.5711E-04  6.0233E-04  6.7815E-04  6.3242E-04  6.4679E-04  6.4468E-04  6.2406E-04  6.0274E-04  6.3273E-04  6.0876E-04
       6.3145E-04  6.4289E-04  6.2668E-04  6.3803E-04  6.0625E-04  6.0381E-04  6.2632E-04  5.9840E-04  6.2824E-04  6.1408E-04
       6.6560E-04  6.2328E-04  6.0347E-04  5.9219E-04  6.0662E-04  6.0786E-04  6.2691E-04  5.9979E-04  5.6661E-04  5.6298E-04
       5.9372E-04  5.9618E-04  6.1430E-04  6.0489E-04  6.0160E-04  5.5732E-04  5.9209E-04  5.9402E-04  5.8669E-04  5.7881E-04
       5.4892E-04  5.6720E-04  6.0285E-04  5.5418E-04  5.7076E-04  5.4157E-04  5.5533E-04  5.5083E-04  5.4730E-04  5.8088E-04
       5.4351E-04  5.3934E-04  5.1876E-04  5.2352E-04  5.4829E-04  5.3173E-04  4.9740E-04  5.1149E-04  4.9757E-04  5.1061E-04
       4.8790E-04  4.9863E-04  4.9189E-04  4.7226E-04  5.1420E-04  4.6825E-04  4.7660E-04  4.6736E-04  4.4790E-04  4.5464E-04
       4.6440E-04  4.6618E-04  4.3517E-04  4.4302E-04  4.1449E-04  4.2215E-04  3.8619E-04  3.7832E-04  3.8956E-04  3.4588E-04
       3.6170E-04  3.5328E-04  3.4617E-04  3.2949E-04  3.0644E-04  3.1633E-04  2.8202E-04  3.1134E-04  2.8922E-04  2.9516E-04
       2.8216E-04  2.9566E-04  2.7946E-04  2.7904E-04  3.0657E-04  2.8350E-04  3.1905E-04  3.0763E-04  3.2609E-04  3.3875E-04
       3.2529E-04  3.2698E-04  3.5821E-04  3.6860E-04  4.0188E-04  4.3731E-04  4.4343E-04  4.5335E-04  4.9811E-04  5.4540E-04
       5.6100E-04  6.2538E-04  6.3507E-04  6.8794E-04  7.5236E-04  7.6865E-04  8.3869E-04  8.6744E-04  9.6970E-04  1.0241E-03
       1.1312E-03  1.2904E-03  1.5184E-03  1.7696E-03  2.2382E-03  2.8555E-03  3.9204E-03  5.6991E-03  8.5563E-03  1.3554E-02
       2.2155E-02  3.5607E-02  5.7250E-02  8.9403E-02  1.3609E-01  1.9771E-01  2.7616E-01  3.6769E-01  4.6637E-01  5.6383E-01
       6.4422E-01  6.9994E-01  7.1814E-01  6.9648E-01  6.3616E-01  5.4805E-01  4.4398E-01  3.3807E-01  2.4097E-01  1.6106E-01
       1.0099E-01  5.8770E-02  3.2084E-02  1.6298E-02  7.7656E-03  3.3651E-03  1.3821E-03  5.1783E-04  1.6670E-04  6.7356E-05
       1.4329E-05  3.8210E-06  4.7781E-07  4.7754E-07  0.0000E+00  0.0000E+00  0.0000E+00  0.0000E+00  0.0000E+00  0.0000E+00
       0.0000E+00  0.0000E+00  0.0000E+00  0.0000E+00  0.0000E+00  0.0000E+00  0.0000E+00  0.0000E+00  0.0000E+00  0.0000E+00
       0.0000E+00  0.0000E+00  0.0000E+00  0.0000E+00  0.0000E+00  0.0000E+00  0.0000E+00  0.0000E+00  0.0000E+00  0.0000E+00
       0.0000E+00  0.0000E+00  0.0000E+00  0.0000E+00  0.0000E+00  0.0000E+00  0.0000E+00  0.0000E+00  0.0000E+00  0.0000E+00
       0.0000E+00  0.0000E+00  0.0000E+00  0.0000E+00  0.0000E+00  0.0000E+00  0.0000E+00  0.0000E+00  0.0000E+00  0.0000E+00
       0.0000E+00  0.0000E+00  0.0000E+00  0.0000E+00  0.0000E+00  0.0000E+00  0.0000E+00  0.0000E+00  0.0000E+00  0.0000E+00
       0.0000E+00  0.0000E+00  0.0000E+00  0.0000E+00  0.0000E+00  0.0000E+00  0.0000E+00  0.0000E+00  0.0000E+00  0.0000E+00
       0.0000E+00  0.0000E+00  0.0000E+00  0.0000E+00  0.0000E+00  0.0000E+00  0.0000E+00  0.0000E+00  0.0000E+00  0.0000E+00
       0.0000E+00  0.0000E+00  0.0000E+00  0.0000E+00  0.0000E+00  0.0000E+00  0.0000E+00  0.0000E+00  0.0000E+00  0.0000E+00
       0.0000E+00  0.0000E+00  0.0000E+00  0.0000E+00  0.0000E+00  0.0000E+00  0.0000E+00  0.0000E+00  0.0000E+00  0.0000E+00
       0.0000E+00  0.0000E+00  0.0000E+00  0.0000E+00  0.0000E+00  0.0000E+00  0.0000E+00  0.0000E+00  0.0000E+00  0.0000E+00
       0.0000E+00  0.0000E+00  0.0000E+00  0.0000E+00  0.0000E+00  0.0000E+00  0.0000E+00  0.0000E+00  0.0000E+00  0.0000E+00
       0.0000E+00  0.0000E+00  0.0000E+00  0.0000E+00  0.0000E+00  0.0000E+00  0.0000E+00  0.0000E+00  0.0000E+00  0.0000E+00
       0.0000E+00  0.0000E+00  0.0000E+00  0.0000E+00  0.0000E+00  0.0000E+00  0.0000E+00  0.0000E+00  0.0000E+00  0.0000E+00
       0.0000E+00  0.0000E+00  0.0000E+00  0.0000E+00  0.0000E+00  0.0000E+00  0.0000E+00  0.0000E+00  0.0000E+00  0.0000E+00
       0.0000E+00  0.0000E+00  0.0000E+00  0.0000E+00  0.0000E+00  0.0000E+00  0.0000E+00  0.0000E+00  0.0000E+00  0.0000E+00
       0.0000E+00  0.0000E+00  0.0000E+00  0.0000E+00  0.0000E+00  0.0000E+00  0.0000E+00  0.0000E+00  0.0000E+00  0.0000E+00
       0.0000E+00  0.0000E+00  0.0000E+00  0.0000E+00  0.0000E+00  0.0000E+00  0.0000E+00  0.0000E+00  0.0000E+00  0.0000E+00
       0.0000E+00  0.0000E+00  0.0000E+00  0.0000E+00  0.0000E+00  0.0000E+00  0.0000E+00  0.0000E+00  0.0000E+00  0.0000E+00
       0.0000E+00  0.0000E+00  0.0000E+00  0.0000E+00  0.0000E+00  0.0000E+00  0.0000E+00  0.0000E+00  0.0000E+00  0.0000E+00
       0.0000E+00  0.0000E+00  0.0000E+00  0.0000E+00  0.0000E+00  0.0000E+00  0.0000E+00  0.0000E+00  0.0000E+00  0.0000E+00
       0.0000E+00  0.0000E+00  0.0000E+00  0.0000E+00  0.0000E+00  0.0000E+00  0.0000E+00  0.0000E+00  0.0000E+00  0.0000E+00
       0.0000E+00  0.0000E+00  0.0000E+00  0.0000E+00  0.0000E+00  0.0000E+00  0.0000E+00  0.0000E+00  0.0000E+00  0.0000E+00
       0.0000E+00  0.0000E+00  0.0000E+00  0.0000E+00  0.0000E+00  0.0000E+00  0.0000E+00  0.0000E+00  0.0000E+00  0.0000E+00
       0.0000E+00  0.0000E+00  0.0000E+00  0.0000E+00  0.0000E+00  0.0000E+00  0.0000E+00  0.0000E+00  0.0000E+00  0.0000E+00
       0.0000E+00  0.0000E+00  0.0000E+00  0.0000E+00  0.0000E+00  0.0000E+00  0.0000E+00  0.0000E+00  0.0000E+00  0.0000E+00
       0.0000E+00  0.0000E+00  0.0000E+00  0.0000E+00  0.0000E+00  0.0000E+00  0.0000E+00  0.0000E+00  0.0000E+00  0.0000E+00
       0.0000E+00  0.0000E+00  0.0000E+00  0.0000E+00  0.0000E+00  0.0000E+00  0.0000E+00  0.0000E+00  0.0000E+00  0.0000E+00
       0.0000E+00  0.0000E+00  0.0000E+00  0.0000E+00  0.0000E+00  0.0000E+00  0.0000E+00  0.0000E+00  0.0000E+00  0.0000E+00
       0.0000E+00  0.0000E+00  0.0000E+00  0.0000E+00  0.0000E+00  0.0000E+00  0.0000E+00  0.0000E+00  0.0000E+00  0.0000E+00
       0.0000E+00  0.0000E+00  0.0000E+00  0.0000E+00  0.0000E+00  0.0000E+00  0.0000E+00  0.0000E+00  0.0000E+00  0.0000E+00
       0.0000E+00  0.0000E+00  0.0000E+00  0.0000E+00  0.0000E+00  0.0000E+00  0.0000E+00  0.0000E+00  0.0000E+00  0.0000E+00
       0.0000E+00  0.0000E+00  0.0000E+00  0.0000E+00  0.0000E+00  0.0000E+00  0.0000E+00  0.0000E+00  0.0000E+00  0.0000E+00
       0.0000E+00  0.0000E+00  0.0000E+00  0.0000E+00  0.0000E+00  0.0000E+00  0.0000E+00  0.0000E+00  0.0000E+00  0.0000E+00
       0.0000E+00  0.0000E+00  0.0000E+00  0.0000E+00  0.0000E+00  0.0000E+00  0.0000E+00  0.0000E+00  0.0000E+00  0.0000E+00
       0.0000E+00  0.0000E+00  0.0000E+00  0.0000E+00  0.0000E+00  0.0000E+00  0.0000E+00  0.0000E+00  0.0000E+00  0.0000E+00
1

   Bdrx n.   6  "ofluence  " , generalized particle n.    1, from region n.     5 to region n.     4
      detector area:  1.0000E+02 cm**2
      this is a one way only estimator
      this is a fluence like estimator
      linear energy binning from   0.0000E+00 to  3.0000E+02 GeV,     1 bins ( 3.0000E+02 GeV wide)
      linear angular binning from  0.0000E+00 to  6.2832E+00 sr ,     1 bins ( 6.2832E+00 sr wide )
      Data follow in a matrix A(ie,ia), format (1(5x,1p,10(1x,e11.4)))

       5.2072E-06
