
 *****  Protons in Lexan (0.07GeV, 1.0cm)                                                 *****

           DATE: 11/30/18,  TIME: 23:16:10

          Total number of particles followed       10000000, for a total weight of  1.0000E+07

1

   Bdrx n.   2  "ofluence  " , generalized particle n.    1, from region n.     5 to region n.     4
      detector area:  1.0000E+02 cm**2
      this is a one way only estimator
      this is a fluence like estimator
      linear energy binning from   0.0000E+00 to  1.2000E-01 GeV,   650 bins ( 1.8462E-04 GeV wide)
      linear angular binning from  0.0000E+00 to  6.2832E+00 sr ,     1 bins ( 6.2832E+00 sr wide )
      Data follow in a matrix A(ie,ia), format (1(5x,1p,10(1x,e11.4)))

       3.0569E-05  2.7097E-05  5.1216E-05  4.3561E-05  7.4271E-05  8.0218E-05  1.2375E-04  8.3190E-05  9.4763E-05  1.2638E-04
       1.0579E-04  1.1482E-04  1.2371E-04  1.5009E-04  1.4367E-04  1.6661E-04  1.5010E-04  1.5096E-04  1.5651E-04  1.9266E-04
       2.1010E-04  1.8273E-04  1.6933E-04  1.7134E-04  2.0237E-04  2.0365E-04  2.0257E-04  2.2148E-04  2.1771E-04  2.2321E-04
       2.1550E-04  2.0572E-04  2.5430E-04  2.0004E-04  2.4577E-04  2.0777E-04  2.8525E-04  2.7152E-04  2.6108E-04  3.4180E-04
       2.6237E-04  2.6011E-04  2.3269E-04  2.8340E-04  2.6138E-04  2.7296E-04  3.1570E-04  2.6859E-04  2.9147E-04  3.0943E-04
       2.7963E-04  2.5540E-04  3.0337E-04  3.1725E-04  2.8583E-04  3.3405E-04  2.9087E-04  3.2818E-04  3.3660E-04  3.1471E-04
       3.3045E-04  3.3584E-04  3.3839E-04  3.3837E-04  3.5044E-04  3.5152E-04  3.4013E-04  3.4064E-04  3.3396E-04  3.3449E-04
       3.7070E-04  3.8430E-04  3.9046E-04  3.3771E-04  3.7767E-04  3.3476E-04  3.6171E-04  3.7030E-04  3.8339E-04  3.4811E-04
       3.8812E-04  3.8569E-04  3.8167E-04  3.8841E-04  3.6293E-04  3.9968E-04  3.8918E-04  3.7003E-04  3.6187E-04  3.8149E-04
       4.1125E-04  3.5771E-04  4.3631E-04  3.9850E-04  4.3692E-04  3.8460E-04  4.3159E-04  3.8838E-04  3.8022E-04  3.7510E-04
       3.5641E-04  3.7402E-04  4.2603E-04  3.9356E-04  4.0219E-04  4.6943E-04  4.2164E-04  4.2331E-04  4.0218E-04  4.6356E-04
       3.9784E-04  4.3610E-04  4.6266E-04  3.9042E-04  4.1486E-04  3.7503E-04  3.9998E-04  4.5968E-04  4.2789E-04  4.2161E-04
       4.3448E-04  4.2953E-04  4.2075E-04  4.2703E-04  4.2774E-04  4.2618E-04  4.3127E-04  4.4685E-04  4.2340E-04  4.0637E-04
       4.8338E-04  5.1469E-04  4.4096E-04  4.4139E-04  3.9366E-04  4.2782E-04  4.5882E-04  4.7812E-04  4.2871E-04  3.8841E-04
       4.2173E-04  4.6730E-04  4.5886E-04  4.4413E-04  4.9726E-04  4.0677E-04  4.2112E-04  4.2861E-04  4.1687E-04  4.3523E-04
       5.0395E-04  4.5216E-04  3.7690E-04  4.3605E-04  4.1462E-04  4.5019E-04  4.2463E-04  4.6003E-04  4.3425E-04  4.3118E-04
       5.0171E-04  4.5387E-04  4.6450E-04  4.3860E-04  4.4226E-04  4.1430E-04  4.3717E-04  4.4118E-04  4.3022E-04  4.6747E-04
       4.4191E-04  4.4248E-04  4.5056E-04  4.1279E-04  4.0093E-04  4.3405E-04  4.0147E-04  4.3486E-04  4.2054E-04  4.1959E-04
       5.1110E-04  4.2518E-04  4.2600E-04  4.4739E-04  4.0450E-04  4.4912E-04  4.6065E-04  4.5448E-04  4.4915E-04  4.4107E-04
       4.5101E-04  4.3682E-04  4.5362E-04  4.6032E-04  4.0583E-04  4.3543E-04  4.6266E-04  4.4241E-04  4.3835E-04  4.6442E-04
       4.2157E-04  4.1772E-04  4.3338E-04  4.5545E-04  4.1134E-04  4.3036E-04  4.0723E-04  4.2082E-04  4.3070E-04  4.2509E-04
       4.0491E-04  3.9639E-04  4.6711E-04  4.1670E-04  3.8871E-04  4.3703E-04  3.8872E-04  4.1556E-04  3.9481E-04  4.2524E-04
       4.2139E-04  3.9186E-04  4.3859E-04  4.5619E-04  4.1081E-04  4.1549E-04  3.9467E-04  4.1728E-04  3.8708E-04  4.3237E-04
       3.6889E-04  3.5290E-04  3.8525E-04  3.8986E-04  3.8630E-04  3.7974E-04  3.7499E-04  3.3839E-04  3.3757E-04  3.5855E-04
       3.8982E-04  3.5442E-04  3.4515E-04  3.4428E-04  3.2774E-04  3.1994E-04  3.2611E-04  2.9164E-04  3.2936E-04  3.4811E-04
       3.1658E-04  2.6832E-04  2.4633E-04  2.5936E-04  3.0154E-04  2.5004E-04  2.0670E-04  2.3290E-04  2.4069E-04  2.1502E-04
       2.4343E-04  2.5051E-04  2.2709E-04  2.2809E-04  2.4203E-04  2.5258E-04  2.4519E-04  2.3737E-04  2.3550E-04  2.4464E-04
       2.8612E-04  2.4769E-04  2.4945E-04  2.8606E-04  3.1146E-04  3.4411E-04  3.1055E-04  3.1559E-04  4.1227E-04  3.6343E-04
       3.4849E-04  3.8493E-04  4.1976E-04  4.7610E-04  4.8529E-04  4.3722E-04  5.3633E-04  5.8259E-04  5.3467E-04  5.6019E-04
       5.3660E-04  5.3323E-04  5.8593E-04  4.8584E-04  6.0650E-04  6.3275E-04  7.7368E-04  8.8462E-04  1.0219E-03  1.2731E-03
       1.5560E-03  1.8871E-03  2.2468E-03  2.9690E-03  3.8669E-03  5.6527E-03  9.2950E-03  1.7767E-02  3.8830E-02  8.5034E-02
       1.7726E-01  3.3657E-01  5.7162E-01  8.5597E-01  1.1199E+00  1.2761E+00  1.2558E+00  1.0624E+00  7.6800E-01  4.7094E-01
       2.4304E-01  1.0609E-01  3.8945E-02  1.1778E-02  2.9002E-03  5.7090E-04  8.8817E-05  1.8112E-05  8.6249E-07  0.0000E+00
       0.0000E+00  0.0000E+00  0.0000E+00  0.0000E+00  0.0000E+00  0.0000E+00  0.0000E+00  0.0000E+00  0.0000E+00  0.0000E+00
       0.0000E+00  0.0000E+00  0.0000E+00  0.0000E+00  0.0000E+00  0.0000E+00  0.0000E+00  0.0000E+00  0.0000E+00  0.0000E+00
       0.0000E+00  0.0000E+00  0.0000E+00  0.0000E+00  0.0000E+00  0.0000E+00  0.0000E+00  0.0000E+00  0.0000E+00  0.0000E+00
       0.0000E+00  0.0000E+00  0.0000E+00  0.0000E+00  0.0000E+00  0.0000E+00  0.0000E+00  0.0000E+00  0.0000E+00  0.0000E+00
       0.0000E+00  0.0000E+00  0.0000E+00  0.0000E+00  0.0000E+00  0.0000E+00  0.0000E+00  0.0000E+00  0.0000E+00  0.0000E+00
       0.0000E+00  0.0000E+00  0.0000E+00  0.0000E+00  0.0000E+00  0.0000E+00  0.0000E+00  0.0000E+00  0.0000E+00  0.0000E+00
       0.0000E+00  0.0000E+00  0.0000E+00  0.0000E+00  0.0000E+00  0.0000E+00  0.0000E+00  0.0000E+00  0.0000E+00  0.0000E+00
       0.0000E+00  0.0000E+00  0.0000E+00  0.0000E+00  0.0000E+00  0.0000E+00  0.0000E+00  0.0000E+00  0.0000E+00  0.0000E+00
       0.0000E+00  0.0000E+00  0.0000E+00  0.0000E+00  0.0000E+00  0.0000E+00  0.0000E+00  0.0000E+00  0.0000E+00  0.0000E+00
       0.0000E+00  0.0000E+00  0.0000E+00  0.0000E+00  0.0000E+00  0.0000E+00  0.0000E+00  0.0000E+00  0.0000E+00  0.0000E+00
       0.0000E+00  0.0000E+00  0.0000E+00  0.0000E+00  0.0000E+00  0.0000E+00  0.0000E+00  0.0000E+00  0.0000E+00  0.0000E+00
       0.0000E+00  0.0000E+00  0.0000E+00  0.0000E+00  0.0000E+00  0.0000E+00  0.0000E+00  0.0000E+00  0.0000E+00  0.0000E+00
       0.0000E+00  0.0000E+00  0.0000E+00  0.0000E+00  0.0000E+00  0.0000E+00  0.0000E+00  0.0000E+00  0.0000E+00  0.0000E+00
       0.0000E+00  0.0000E+00  0.0000E+00  0.0000E+00  0.0000E+00  0.0000E+00  0.0000E+00  0.0000E+00  0.0000E+00  0.0000E+00
       0.0000E+00  0.0000E+00  0.0000E+00  0.0000E+00  0.0000E+00  0.0000E+00  0.0000E+00  0.0000E+00  0.0000E+00  0.0000E+00
       0.0000E+00  0.0000E+00  0.0000E+00  0.0000E+00  0.0000E+00  0.0000E+00  0.0000E+00  0.0000E+00  0.0000E+00  0.0000E+00
       0.0000E+00  0.0000E+00  0.0000E+00  0.0000E+00  0.0000E+00  0.0000E+00  0.0000E+00  0.0000E+00  0.0000E+00  0.0000E+00
       0.0000E+00  0.0000E+00  0.0000E+00  0.0000E+00  0.0000E+00  0.0000E+00  0.0000E+00  0.0000E+00  0.0000E+00  0.0000E+00
       0.0000E+00  0.0000E+00  0.0000E+00  0.0000E+00  0.0000E+00  0.0000E+00  0.0000E+00  0.0000E+00  0.0000E+00  0.0000E+00
       0.0000E+00  0.0000E+00  0.0000E+00  0.0000E+00  0.0000E+00  0.0000E+00  0.0000E+00  0.0000E+00  0.0000E+00  0.0000E+00
       0.0000E+00  0.0000E+00  0.0000E+00  0.0000E+00  0.0000E+00  0.0000E+00  0.0000E+00  0.0000E+00  0.0000E+00  0.0000E+00
       0.0000E+00  0.0000E+00  0.0000E+00  0.0000E+00  0.0000E+00  0.0000E+00  0.0000E+00  0.0000E+00  0.0000E+00  0.0000E+00
       0.0000E+00  0.0000E+00  0.0000E+00  0.0000E+00  0.0000E+00  0.0000E+00  0.0000E+00  0.0000E+00  0.0000E+00  0.0000E+00
       0.0000E+00  0.0000E+00  0.0000E+00  0.0000E+00  0.0000E+00  0.0000E+00  0.0000E+00  0.0000E+00  0.0000E+00  0.0000E+00
       0.0000E+00  0.0000E+00  0.0000E+00  0.0000E+00  0.0000E+00  0.0000E+00  0.0000E+00  0.0000E+00  0.0000E+00  0.0000E+00
       0.0000E+00  0.0000E+00  0.0000E+00  0.0000E+00  0.0000E+00  0.0000E+00  0.0000E+00  0.0000E+00  0.0000E+00  0.0000E+00
       0.0000E+00  0.0000E+00  0.0000E+00  0.0000E+00  0.0000E+00  0.0000E+00  0.0000E+00  0.0000E+00  0.0000E+00  0.0000E+00
       0.0000E+00  0.0000E+00  0.0000E+00  0.0000E+00  0.0000E+00  0.0000E+00  0.0000E+00  0.0000E+00  0.0000E+00  0.0000E+00
       0.0000E+00  0.0000E+00  0.0000E+00  0.0000E+00  0.0000E+00  0.0000E+00  0.0000E+00  0.0000E+00  0.0000E+00  0.0000E+00
       0.0000E+00  0.0000E+00  0.0000E+00  0.0000E+00  0.0000E+00  0.0000E+00  0.0000E+00  0.0000E+00  0.0000E+00  0.0000E+00
       0.0000E+00  0.0000E+00  0.0000E+00  0.0000E+00  0.0000E+00  0.0000E+00  0.0000E+00  0.0000E+00  0.0000E+00  0.0000E+00
       0.0000E+00  0.0000E+00  0.0000E+00  0.0000E+00  0.0000E+00  0.0000E+00  0.0000E+00  0.0000E+00  0.0000E+00  0.0000E+00
1

   Bdrx n.   6  "ofluence  " , generalized particle n.    1, from region n.     5 to region n.     4
      detector area:  1.0000E+02 cm**2
      this is a one way only estimator
      this is a fluence like estimator
      linear energy binning from   0.0000E+00 to  3.0000E+02 GeV,     1 bins ( 3.0000E+02 GeV wide)
      linear angular binning from  0.0000E+00 to  6.2832E+00 sr ,     1 bins ( 6.2832E+00 sr wide )
      Data follow in a matrix A(ie,ia), format (1(5x,1p,10(1x,e11.4)))

       5.2786E-06
