
 *****  Protons in Lexan (0.10GeV, 1.0cm)                                                 *****

           DATE: 12/ 1/18,  TIME:  0:19: 4

          Total number of particles followed       10000000, for a total weight of  1.0000E+07

1

   Bdrx n.   4  "ocurrent  " , generalized particle n.    1, from region n.     5 to region n.     4
      detector area:  1.0000E+02 cm**2
      this is a one way only estimator
      this is a current like estimator
      linear energy binning from   0.0000E+00 to  1.5000E-01 GeV,   650 bins ( 2.3077E-04 GeV wide)
      linear angular binning from  0.0000E+00 to  6.2832E+00 sr ,     1 bins ( 6.2832E+00 sr wide )
      Data follow in a matrix A(ie,ia), format (1(5x,1p,10(1x,e11.4)))

       1.3104E-05  1.7242E-05  2.8966E-05  2.3449E-05  3.1725E-05  2.6897E-05  4.4139E-05  4.6898E-05  4.1380E-05  4.5518E-05
       4.8967E-05  4.9656E-05  5.0346E-05  6.8277E-05  5.6553E-05  6.6208E-05  7.4485E-05  7.6554E-05  6.6208E-05  7.0346E-05
       7.8623E-05  7.8623E-05  8.4140E-05  7.5174E-05  9.1726E-05  9.4485E-05  9.7244E-05  9.3106E-05  9.8623E-05  9.9313E-05
       9.3795E-05  1.0069E-04  9.5864E-05  1.0483E-04  9.3795E-05  1.1380E-04  1.0138E-04  1.2069E-04  1.1311E-04  1.1173E-04
       1.1449E-04  1.1586E-04  1.1931E-04  1.2000E-04  1.0828E-04  1.3587E-04  1.2897E-04  1.2207E-04  1.1586E-04  1.1449E-04
       1.3380E-04  1.1931E-04  1.3724E-04  1.0897E-04  1.2828E-04  1.3242E-04  1.2345E-04  1.2000E-04  1.3380E-04  1.5725E-04
       1.3035E-04  1.3104E-04  1.4000E-04  1.5449E-04  1.2828E-04  1.3311E-04  1.4621E-04  1.5793E-04  1.3793E-04  1.3931E-04
       1.3104E-04  1.4966E-04  1.5311E-04  1.5793E-04  1.5311E-04  1.4069E-04  1.6552E-04  1.5173E-04  1.5656E-04  1.5725E-04
       1.6207E-04  1.6483E-04  1.4414E-04  1.5725E-04  1.6483E-04  1.5518E-04  1.7035E-04  1.3931E-04  1.8621E-04  1.6069E-04
       1.6483E-04  1.6828E-04  1.5587E-04  1.6000E-04  1.6966E-04  1.8414E-04  1.8966E-04  1.9863E-04  1.8483E-04  1.7242E-04
       1.6000E-04  1.7725E-04  1.8069E-04  1.9035E-04  1.7587E-04  1.8207E-04  1.6897E-04  1.7725E-04  1.8207E-04  1.7794E-04
       1.7380E-04  2.0345E-04  1.6069E-04  1.8966E-04  1.8138E-04  1.8552E-04  1.6276E-04  1.8897E-04  1.7862E-04  1.6828E-04
       1.9863E-04  1.8897E-04  1.9449E-04  1.8414E-04  1.8069E-04  1.9587E-04  1.8897E-04  2.0414E-04  1.9863E-04  1.7794E-04
       2.2069E-04  2.0069E-04  1.8345E-04  1.8552E-04  1.8897E-04  1.8828E-04  1.9587E-04  2.1104E-04  1.9587E-04  1.9794E-04
       2.0483E-04  2.1587E-04  2.1311E-04  1.8276E-04  1.9656E-04  2.0276E-04  2.1725E-04  2.1932E-04  2.0207E-04  2.0345E-04
       2.1242E-04  2.1794E-04  2.0000E-04  2.2001E-04  1.9932E-04  1.9173E-04  2.2414E-04  2.1173E-04  1.9587E-04  1.9173E-04
       2.2966E-04  2.1449E-04  2.2414E-04  2.1656E-04  2.1380E-04  2.1794E-04  2.0621E-04  2.1725E-04  2.1725E-04  2.0138E-04
       1.9725E-04  2.3794E-04  2.3035E-04  2.0897E-04  2.1725E-04  2.2483E-04  2.1035E-04  2.2552E-04  2.2207E-04  2.0414E-04
       2.1035E-04  2.4621E-04  2.2621E-04  2.2690E-04  2.2414E-04  2.2138E-04  2.2345E-04  2.2759E-04  2.3380E-04  2.2414E-04
       2.3311E-04  2.3587E-04  2.5104E-04  2.2621E-04  2.4690E-04  2.2552E-04  2.4070E-04  2.4001E-04  2.4552E-04  2.3794E-04
       2.2552E-04  2.2690E-04  2.1242E-04  2.4966E-04  2.4759E-04  2.4138E-04  2.4001E-04  2.4828E-04  2.5035E-04  2.5311E-04
       2.5794E-04  2.2483E-04  2.2759E-04  2.6621E-04  2.5242E-04  2.5173E-04  2.6483E-04  2.4759E-04  2.3449E-04  2.4759E-04
       2.3932E-04  2.6001E-04  2.3311E-04  2.4345E-04  2.3725E-04  2.3587E-04  2.4207E-04  2.3863E-04  2.6621E-04  2.8483E-04
       2.4552E-04  2.6070E-04  2.4828E-04  2.6208E-04  2.5587E-04  2.5035E-04  2.6759E-04  2.4414E-04  2.5725E-04  2.6966E-04
       2.4897E-04  2.4138E-04  2.4759E-04  2.4207E-04  2.5449E-04  2.5104E-04  2.7242E-04  2.5242E-04  2.4690E-04  2.2966E-04
       2.4828E-04  2.7380E-04  2.5932E-04  2.3725E-04  2.3794E-04  2.4483E-04  2.6139E-04  2.4276E-04  2.3311E-04  2.5173E-04
       2.3104E-04  2.3104E-04  2.4070E-04  2.5035E-04  2.3173E-04  2.2897E-04  2.4828E-04  2.3656E-04  2.6759E-04  2.4897E-04
       2.6001E-04  2.3035E-04  2.4070E-04  2.4345E-04  2.5725E-04  2.1311E-04  2.3518E-04  2.3380E-04  2.3242E-04  2.4345E-04
       2.6621E-04  2.4138E-04  2.4138E-04  2.6345E-04  2.3104E-04  2.2897E-04  2.1518E-04  2.3104E-04  2.4759E-04  2.1035E-04
       2.1449E-04  2.1518E-04  2.3242E-04  2.4690E-04  2.2345E-04  2.1587E-04  2.2966E-04  2.2069E-04  2.2483E-04  2.1035E-04
       2.1656E-04  2.2483E-04  1.9449E-04  2.1656E-04  1.9380E-04  2.1863E-04  2.4828E-04  2.3725E-04  2.2897E-04  2.0759E-04
       2.0690E-04  2.1173E-04  1.9104E-04  1.9587E-04  2.1449E-04  1.9380E-04  1.9173E-04  2.0690E-04  2.1518E-04  1.9863E-04
       2.1104E-04  1.8828E-04  1.8276E-04  1.8966E-04  1.9932E-04  1.8483E-04  1.9518E-04  1.8690E-04  1.9311E-04  2.0276E-04
       1.8069E-04  1.7587E-04  1.9311E-04  1.5656E-04  1.7794E-04  1.7725E-04  1.5173E-04  1.6966E-04  1.6207E-04  1.3380E-04
       1.5862E-04  1.5380E-04  1.4276E-04  1.6483E-04  1.3242E-04  1.3724E-04  1.3931E-04  1.2207E-04  1.0207E-04  1.1655E-04
       1.0000E-04  8.4830E-05  8.5519E-05  8.6899E-05  8.0002E-05  7.8623E-05  6.7588E-05  9.0347E-05  8.8278E-05  8.4140E-05
       7.6554E-05  1.0552E-04  9.7244E-05  1.0276E-04  1.0966E-04  1.1380E-04  1.1173E-04  1.2414E-04  1.4069E-04  1.6552E-04
       1.6966E-04  1.8069E-04  2.2828E-04  2.0690E-04  2.2483E-04  2.2345E-04  2.1794E-04  1.9725E-04  1.7104E-04  2.1656E-04
       2.1311E-04  2.8001E-04  3.3380E-04  4.3794E-04  6.0001E-04  9.5382E-04  1.9780E-03  4.6305E-03  1.2529E-02  3.3831E-02
       8.5450E-02  1.9132E-01  3.7398E-01  6.2925E-01  9.0213E-01  1.0970E+00  1.1191E+00  9.5695E-01  6.7872E-01  3.9863E-01
       1.9296E-01  7.6089E-02  2.4469E-02  6.2457E-03  1.2849E-03  2.2345E-04  3.0346E-05  2.0690E-06  0.0000E+00  0.0000E+00
       0.0000E+00  0.0000E+00  0.0000E+00  0.0000E+00  0.0000E+00  0.0000E+00  0.0000E+00  0.0000E+00  0.0000E+00  0.0000E+00
       0.0000E+00  0.0000E+00  0.0000E+00  0.0000E+00  0.0000E+00  0.0000E+00  0.0000E+00  0.0000E+00  0.0000E+00  0.0000E+00
       0.0000E+00  0.0000E+00  0.0000E+00  0.0000E+00  0.0000E+00  0.0000E+00  0.0000E+00  0.0000E+00  0.0000E+00  0.0000E+00
       0.0000E+00  0.0000E+00  0.0000E+00  0.0000E+00  0.0000E+00  0.0000E+00  0.0000E+00  0.0000E+00  0.0000E+00  0.0000E+00
       0.0000E+00  0.0000E+00  0.0000E+00  0.0000E+00  0.0000E+00  0.0000E+00  0.0000E+00  0.0000E+00  0.0000E+00  0.0000E+00
       0.0000E+00  0.0000E+00  0.0000E+00  0.0000E+00  0.0000E+00  0.0000E+00  0.0000E+00  0.0000E+00  0.0000E+00  0.0000E+00
       0.0000E+00  0.0000E+00  0.0000E+00  0.0000E+00  0.0000E+00  0.0000E+00  0.0000E+00  0.0000E+00  0.0000E+00  0.0000E+00
       0.0000E+00  0.0000E+00  0.0000E+00  0.0000E+00  0.0000E+00  0.0000E+00  0.0000E+00  0.0000E+00  0.0000E+00  0.0000E+00
       0.0000E+00  0.0000E+00  0.0000E+00  0.0000E+00  0.0000E+00  0.0000E+00  0.0000E+00  0.0000E+00  0.0000E+00  0.0000E+00
       0.0000E+00  0.0000E+00  0.0000E+00  0.0000E+00  0.0000E+00  0.0000E+00  0.0000E+00  0.0000E+00  0.0000E+00  0.0000E+00
       0.0000E+00  0.0000E+00  0.0000E+00  0.0000E+00  0.0000E+00  0.0000E+00  0.0000E+00  0.0000E+00  0.0000E+00  0.0000E+00
       0.0000E+00  0.0000E+00  0.0000E+00  0.0000E+00  0.0000E+00  0.0000E+00  0.0000E+00  0.0000E+00  0.0000E+00  0.0000E+00
       0.0000E+00  0.0000E+00  0.0000E+00  0.0000E+00  0.0000E+00  0.0000E+00  0.0000E+00  0.0000E+00  0.0000E+00  0.0000E+00
       0.0000E+00  0.0000E+00  0.0000E+00  0.0000E+00  0.0000E+00  0.0000E+00  0.0000E+00  0.0000E+00  0.0000E+00  0.0000E+00
       0.0000E+00  0.0000E+00  0.0000E+00  0.0000E+00  0.0000E+00  0.0000E+00  0.0000E+00  0.0000E+00  0.0000E+00  0.0000E+00
       0.0000E+00  0.0000E+00  0.0000E+00  0.0000E+00  0.0000E+00  0.0000E+00  0.0000E+00  0.0000E+00  0.0000E+00  0.0000E+00
       0.0000E+00  0.0000E+00  0.0000E+00  0.0000E+00  0.0000E+00  0.0000E+00  0.0000E+00  0.0000E+00  0.0000E+00  0.0000E+00
       0.0000E+00  0.0000E+00  0.0000E+00  0.0000E+00  0.0000E+00  0.0000E+00  0.0000E+00  0.0000E+00  0.0000E+00  0.0000E+00
       0.0000E+00  0.0000E+00  0.0000E+00  0.0000E+00  0.0000E+00  0.0000E+00  0.0000E+00  0.0000E+00  0.0000E+00  0.0000E+00
       0.0000E+00  0.0000E+00  0.0000E+00  0.0000E+00  0.0000E+00  0.0000E+00  0.0000E+00  0.0000E+00  0.0000E+00  0.0000E+00
       0.0000E+00  0.0000E+00  0.0000E+00  0.0000E+00  0.0000E+00  0.0000E+00  0.0000E+00  0.0000E+00  0.0000E+00  0.0000E+00
       0.0000E+00  0.0000E+00  0.0000E+00  0.0000E+00  0.0000E+00  0.0000E+00  0.0000E+00  0.0000E+00  0.0000E+00  0.0000E+00
       0.0000E+00  0.0000E+00  0.0000E+00  0.0000E+00  0.0000E+00  0.0000E+00  0.0000E+00  0.0000E+00  0.0000E+00  0.0000E+00
       0.0000E+00  0.0000E+00  0.0000E+00  0.0000E+00  0.0000E+00  0.0000E+00  0.0000E+00  0.0000E+00  0.0000E+00  0.0000E+00
