
 *****  Protons in Lexan (0.10GeV, 1.0cm)                                                 *****

           DATE: 12/ 1/18,  TIME:  0:19: 4

          Total number of particles followed       10000000, for a total weight of  1.0000E+07

1

   Res. nuclei n.   1  "Ian       " ,  all         products, region n.     5
      detector volume:  1.0000E+00 cm**3
      Max. Z:  10, Max. N-Z:  11 Min. N-Z: -4
      Data follow in a matrix A(z,n-z-k), k: -5 format (1(5x,1p,10(1x,e11.4)))

       0.0000E+00  0.0000E+00  0.0000E+00  0.0000E+00  0.0000E+00  0.0000E+00  0.0000E+00  0.0000E+00  0.0000E+00  0.0000E+00
       0.0000E+00  0.0000E+00  0.0000E+00  0.0000E+00  0.0000E+00  6.2000E-06  0.0000E+00  4.0000E-07  0.0000E+00  0.0000E+00
       0.0000E+00  0.0000E+00  0.0000E+00  0.0000E+00  5.7000E-05  8.2300E-05  1.4900E-05  1.2300E-05  0.0000E+00  0.0000E+00
       1.1552E-02  1.6289E-03  0.0000E+00  8.7190E-04  0.0000E+00  2.2752E-03  2.7800E-05  5.1490E-04  1.0000E-07  0.0000E+00
       2.7496E-03  1.5284E-02  1.2115E-03  0.0000E+00  7.0250E-04  6.6456E-03  2.8210E-04  7.6235E-04  1.0000E-07  3.0000E-07
       7.3360E-04  0.0000E+00  5.7250E-04  1.4640E-04  1.3286E-03  1.7984E-04  3.3188E-04  1.0026E-06  0.0000E+00  0.0000E+00
       0.0000E+00  2.5500E-05  4.2600E-05  7.1900E-05  1.0447E-05  2.9900E-05  6.8562E-07  8.0000E-07  0.0000E+00  0.0000E+00
       0.0000E+00  0.0000E+00  7.0000E-07  1.0000E-07  4.0000E-07  0.0000E+00  5.0000E-07  0.0000E+00  0.0000E+00  0.0000E+00
       0.0000E+00  0.0000E+00  0.0000E+00  0.0000E+00  0.0000E+00  0.0000E+00  0.0000E+00  0.0000E+00  0.0000E+00  0.0000E+00
       0.0000E+00  0.0000E+00  0.0000E+00  0.0000E+00  0.0000E+00  0.0000E+00  0.0000E+00  0.0000E+00  0.0000E+00  0.0000E+00
       0.0000E+00  0.0000E+00  0.0000E+00  0.0000E+00  0.0000E+00  0.0000E+00  0.0000E+00  0.0000E+00  0.0000E+00  0.0000E+00
       0.0000E+00  0.0000E+00  0.0000E+00  0.0000E+00  0.0000E+00  0.0000E+00  0.0000E+00  0.0000E+00  0.0000E+00  0.0000E+00
       0.0000E+00  0.0000E+00  0.0000E+00  0.0000E+00  0.0000E+00  0.0000E+00  0.0000E+00  0.0000E+00  0.0000E+00  0.0000E+00
       0.0000E+00  0.0000E+00  0.0000E+00  0.0000E+00  0.0000E+00  0.0000E+00  0.0000E+00  0.0000E+00  0.0000E+00  0.0000E+00
       0.0000E+00  0.0000E+00  0.0000E+00  0.0000E+00  0.0000E+00  0.0000E+00  0.0000E+00  0.0000E+00  0.0000E+00  0.0000E+00
       0.0000E+00  0.0000E+00  0.0000E+00  0.0000E+00  0.0000E+00  0.0000E+00  0.0000E+00  0.0000E+00  0.0000E+00  0.0000E+00
