
 *****  Protons in Lexan (0.10GeV, 1.0cm)                                                 *****

           DATE: 12/ 1/18,  TIME:  0:19: 4

          Total number of particles followed       10000000, for a total weight of  1.0000E+07

1

   Bdrx n.   2  "ofluence  " , generalized particle n.    1, from region n.     5 to region n.     4
      detector area:  1.0000E+02 cm**2
      this is a one way only estimator
      this is a fluence like estimator
      linear energy binning from   0.0000E+00 to  1.5000E-01 GeV,   650 bins ( 2.3077E-04 GeV wide)
      linear angular binning from  0.0000E+00 to  6.2832E+00 sr ,     1 bins ( 6.2832E+00 sr wide )
      Data follow in a matrix A(ie,ia), format (1(5x,1p,10(1x,e11.4)))

       2.2556E-05  2.6925E-05  5.3239E-05  4.6982E-05  5.5027E-05  4.5666E-05  7.0571E-05  7.8606E-05  7.3304E-05  9.0144E-05
       8.5983E-05  1.0421E-04  9.2766E-05  1.1081E-04  9.5207E-05  1.1619E-04  1.2227E-04  1.4801E-04  1.0881E-04  1.1077E-04
       1.3413E-04  1.4042E-04  1.5170E-04  1.2157E-04  1.6874E-04  1.7073E-04  1.6671E-04  1.6573E-04  1.8244E-04  1.7962E-04
       1.5579E-04  1.7895E-04  1.6165E-04  1.9169E-04  1.5630E-04  2.2466E-04  1.9169E-04  2.0584E-04  1.8942E-04  2.3050E-04
       2.3693E-04  2.0395E-04  2.1048E-04  1.9651E-04  1.7501E-04  2.1945E-04  2.1610E-04  1.9232E-04  2.2256E-04  1.9918E-04
       2.2628E-04  1.9225E-04  2.5052E-04  1.7211E-04  1.9574E-04  2.3995E-04  2.1645E-04  1.9932E-04  2.5294E-04  2.7198E-04
       2.4006E-04  2.2188E-04  2.3215E-04  2.4547E-04  2.0149E-04  2.1133E-04  2.4758E-04  2.7194E-04  2.2725E-04  2.0934E-04
       2.0947E-04  2.3891E-04  2.5510E-04  2.4304E-04  2.4086E-04  2.3797E-04  2.8254E-04  2.6056E-04  2.6393E-04  2.3902E-04
       2.7540E-04  2.5227E-04  2.2323E-04  2.4788E-04  2.9098E-04  2.4886E-04  2.9004E-04  2.3349E-04  2.9732E-04  2.5703E-04
       2.4402E-04  2.6105E-04  2.6337E-04  2.6594E-04  2.8670E-04  2.8830E-04  2.9650E-04  3.1906E-04  3.0306E-04  2.5990E-04
       2.6147E-04  2.8462E-04  2.8970E-04  3.1518E-04  2.8439E-04  2.8436E-04  2.5501E-04  2.6941E-04  2.8655E-04  2.8110E-04
       2.7356E-04  3.4853E-04  2.7786E-04  2.8444E-04  2.7699E-04  2.8331E-04  2.3418E-04  2.9460E-04  2.7458E-04  2.4502E-04
       3.0436E-04  2.8307E-04  3.0332E-04  2.7916E-04  3.0511E-04  3.0134E-04  2.9108E-04  3.0928E-04  2.8419E-04  2.5725E-04
       3.4261E-04  3.0337E-04  3.1507E-04  2.9060E-04  2.8551E-04  2.8945E-04  2.8975E-04  3.3753E-04  3.0536E-04  2.9686E-04
       3.0532E-04  3.2147E-04  3.1348E-04  2.6657E-04  2.8797E-04  2.9986E-04  3.1883E-04  3.1646E-04  2.8666E-04  3.1721E-04
       3.2397E-04  3.0303E-04  3.5664E-04  3.2280E-04  2.7975E-04  2.8267E-04  3.5267E-04  2.8584E-04  2.8170E-04  2.6944E-04
       3.2355E-04  3.0745E-04  3.1346E-04  3.1492E-04  3.0445E-04  3.1389E-04  2.8987E-04  3.0410E-04  3.0934E-04  2.7663E-04
       2.7599E-04  3.3035E-04  3.2602E-04  3.0084E-04  3.1836E-04  3.2334E-04  2.8741E-04  3.1494E-04  3.0596E-04  2.8447E-04
       2.9794E-04  3.3773E-04  3.2273E-04  3.0814E-04  3.0451E-04  3.0959E-04  3.0321E-04  3.1282E-04  3.0705E-04  3.0867E-04
       3.2090E-04  3.1312E-04  3.3908E-04  3.1475E-04  3.4542E-04  2.9064E-04  3.1670E-04  3.3245E-04  3.2959E-04  3.2156E-04
       2.9303E-04  3.0363E-04  2.9032E-04  3.3198E-04  3.2954E-04  3.2287E-04  3.1971E-04  3.3571E-04  3.2308E-04  3.3657E-04
       3.4119E-04  2.8951E-04  3.2338E-04  3.4301E-04  3.2849E-04  3.3019E-04  3.4503E-04  3.1751E-04  2.9413E-04  3.2029E-04
       3.0677E-04  3.3498E-04  2.9201E-04  2.9782E-04  3.1112E-04  3.1817E-04  3.0968E-04  2.9044E-04  3.4654E-04  3.6500E-04
       3.1104E-04  3.2835E-04  3.1031E-04  3.3478E-04  3.1691E-04  3.1537E-04  3.3814E-04  3.0557E-04  3.1448E-04  3.2811E-04
       3.0288E-04  3.0404E-04  3.1921E-04  3.0342E-04  3.1085E-04  3.1379E-04  3.4792E-04  3.0625E-04  2.9230E-04  2.9339E-04
       3.1261E-04  3.3158E-04  3.1844E-04  2.8931E-04  2.9008E-04  3.0189E-04  3.2377E-04  3.0483E-04  2.8437E-04  3.0774E-04
       2.7988E-04  2.7570E-04  2.8662E-04  2.9984E-04  2.8386E-04  2.8454E-04  2.9164E-04  2.7865E-04  3.2323E-04  2.9025E-04
       3.1436E-04  2.8113E-04  2.8489E-04  2.8456E-04  3.1290E-04  2.6352E-04  2.7904E-04  2.8728E-04  2.8176E-04  2.8622E-04
       3.1435E-04  2.8222E-04  2.8530E-04  3.0961E-04  2.7273E-04  2.6933E-04  2.5165E-04  2.6970E-04  2.8854E-04  2.4370E-04
       2.5711E-04  2.4635E-04  2.7870E-04  3.0013E-04  2.5991E-04  2.4458E-04  2.8396E-04  2.5562E-04  2.6560E-04  2.4826E-04
       2.4695E-04  2.5941E-04  2.2137E-04  2.4665E-04  2.3425E-04  2.4781E-04  2.9261E-04  2.7781E-04  2.6182E-04  2.3299E-04
       2.3319E-04  2.3501E-04  2.1269E-04  2.2617E-04  2.6663E-04  2.1977E-04  2.2544E-04  2.3470E-04  2.4636E-04  2.3237E-04
       2.4121E-04  2.1766E-04  2.0475E-04  2.1373E-04  2.2243E-04  2.0993E-04  2.2022E-04  2.1417E-04  2.1922E-04  2.2326E-04
       2.0780E-04  1.9865E-04  2.2610E-04  1.7474E-04  1.9957E-04  2.0605E-04  1.7052E-04  1.9697E-04  1.8205E-04  1.5047E-04
       1.7738E-04  1.6981E-04  1.5980E-04  1.8890E-04  1.5040E-04  1.5474E-04  1.5554E-04  1.4203E-04  1.1861E-04  1.4176E-04
       1.1875E-04  9.8997E-05  1.0401E-04  1.0880E-04  1.0020E-04  9.5573E-05  8.4236E-05  1.0972E-04  1.0482E-04  1.0495E-04
       1.0029E-04  1.2786E-04  1.2133E-04  1.2764E-04  1.3402E-04  1.3469E-04  1.3346E-04  1.4750E-04  1.6685E-04  1.9140E-04
       1.9338E-04  2.0480E-04  2.5582E-04  2.2986E-04  2.4725E-04  2.7787E-04  2.4637E-04  2.2290E-04  1.9663E-04  2.5002E-04
       2.4447E-04  3.2151E-04  3.7733E-04  4.9220E-04  6.6336E-04  1.0347E-03  2.0815E-03  4.7609E-03  1.2699E-02  3.4037E-02
       8.5710E-02  1.9162E-01  3.7434E-01  6.2965E-01  9.0254E-01  1.0974E+00  1.1194E+00  9.5720E-01  6.7888E-01  3.9871E-01
       1.9300E-01  7.6103E-02  2.4473E-02  6.2468E-03  1.2851E-03  2.2350E-04  3.0348E-05  2.0691E-06  0.0000E+00  0.0000E+00
       0.0000E+00  0.0000E+00  0.0000E+00  0.0000E+00  0.0000E+00  0.0000E+00  0.0000E+00  0.0000E+00  0.0000E+00  0.0000E+00
       0.0000E+00  0.0000E+00  0.0000E+00  0.0000E+00  0.0000E+00  0.0000E+00  0.0000E+00  0.0000E+00  0.0000E+00  0.0000E+00
       0.0000E+00  0.0000E+00  0.0000E+00  0.0000E+00  0.0000E+00  0.0000E+00  0.0000E+00  0.0000E+00  0.0000E+00  0.0000E+00
       0.0000E+00  0.0000E+00  0.0000E+00  0.0000E+00  0.0000E+00  0.0000E+00  0.0000E+00  0.0000E+00  0.0000E+00  0.0000E+00
       0.0000E+00  0.0000E+00  0.0000E+00  0.0000E+00  0.0000E+00  0.0000E+00  0.0000E+00  0.0000E+00  0.0000E+00  0.0000E+00
       0.0000E+00  0.0000E+00  0.0000E+00  0.0000E+00  0.0000E+00  0.0000E+00  0.0000E+00  0.0000E+00  0.0000E+00  0.0000E+00
       0.0000E+00  0.0000E+00  0.0000E+00  0.0000E+00  0.0000E+00  0.0000E+00  0.0000E+00  0.0000E+00  0.0000E+00  0.0000E+00
       0.0000E+00  0.0000E+00  0.0000E+00  0.0000E+00  0.0000E+00  0.0000E+00  0.0000E+00  0.0000E+00  0.0000E+00  0.0000E+00
       0.0000E+00  0.0000E+00  0.0000E+00  0.0000E+00  0.0000E+00  0.0000E+00  0.0000E+00  0.0000E+00  0.0000E+00  0.0000E+00
       0.0000E+00  0.0000E+00  0.0000E+00  0.0000E+00  0.0000E+00  0.0000E+00  0.0000E+00  0.0000E+00  0.0000E+00  0.0000E+00
       0.0000E+00  0.0000E+00  0.0000E+00  0.0000E+00  0.0000E+00  0.0000E+00  0.0000E+00  0.0000E+00  0.0000E+00  0.0000E+00
       0.0000E+00  0.0000E+00  0.0000E+00  0.0000E+00  0.0000E+00  0.0000E+00  0.0000E+00  0.0000E+00  0.0000E+00  0.0000E+00
       0.0000E+00  0.0000E+00  0.0000E+00  0.0000E+00  0.0000E+00  0.0000E+00  0.0000E+00  0.0000E+00  0.0000E+00  0.0000E+00
       0.0000E+00  0.0000E+00  0.0000E+00  0.0000E+00  0.0000E+00  0.0000E+00  0.0000E+00  0.0000E+00  0.0000E+00  0.0000E+00
       0.0000E+00  0.0000E+00  0.0000E+00  0.0000E+00  0.0000E+00  0.0000E+00  0.0000E+00  0.0000E+00  0.0000E+00  0.0000E+00
       0.0000E+00  0.0000E+00  0.0000E+00  0.0000E+00  0.0000E+00  0.0000E+00  0.0000E+00  0.0000E+00  0.0000E+00  0.0000E+00
       0.0000E+00  0.0000E+00  0.0000E+00  0.0000E+00  0.0000E+00  0.0000E+00  0.0000E+00  0.0000E+00  0.0000E+00  0.0000E+00
       0.0000E+00  0.0000E+00  0.0000E+00  0.0000E+00  0.0000E+00  0.0000E+00  0.0000E+00  0.0000E+00  0.0000E+00  0.0000E+00
       0.0000E+00  0.0000E+00  0.0000E+00  0.0000E+00  0.0000E+00  0.0000E+00  0.0000E+00  0.0000E+00  0.0000E+00  0.0000E+00
       0.0000E+00  0.0000E+00  0.0000E+00  0.0000E+00  0.0000E+00  0.0000E+00  0.0000E+00  0.0000E+00  0.0000E+00  0.0000E+00
       0.0000E+00  0.0000E+00  0.0000E+00  0.0000E+00  0.0000E+00  0.0000E+00  0.0000E+00  0.0000E+00  0.0000E+00  0.0000E+00
       0.0000E+00  0.0000E+00  0.0000E+00  0.0000E+00  0.0000E+00  0.0000E+00  0.0000E+00  0.0000E+00  0.0000E+00  0.0000E+00
       0.0000E+00  0.0000E+00  0.0000E+00  0.0000E+00  0.0000E+00  0.0000E+00  0.0000E+00  0.0000E+00  0.0000E+00  0.0000E+00
       0.0000E+00  0.0000E+00  0.0000E+00  0.0000E+00  0.0000E+00  0.0000E+00  0.0000E+00  0.0000E+00  0.0000E+00  0.0000E+00
1

   Bdrx n.   6  "ofluence  " , generalized particle n.    1, from region n.     5 to region n.     4
      detector area:  1.0000E+02 cm**2
      this is a one way only estimator
      this is a fluence like estimator
      linear energy binning from   0.0000E+00 to  3.0000E+02 GeV,     1 bins ( 3.0000E+02 GeV wide)
      linear angular binning from  0.0000E+00 to  6.2832E+00 sr ,     1 bins ( 6.2832E+00 sr wide )
      Data follow in a matrix A(ie,ia), format (1(5x,1p,10(1x,e11.4)))

       5.2990E-06
