
 *****  Protons in Lexan (0.20GeV, 3.0cm)                                                 *****

           DATE: 11/20/18,  TIME: 21:15:34

          Total number of particles followed       10000000, for a total weight of  1.0000E+07

1

   Res. nuclei n.   1  "Ian       " ,  all         products, region n.     5
      detector volume:  1.0000E+00 cm**3
      Max. Z:  10, Max. N-Z:  11 Min. N-Z: -4
      Data follow in a matrix A(z,n-z-k), k: -5 format (1(5x,1p,10(1x,e11.4)))

       0.0000E+00  0.0000E+00  0.0000E+00  0.0000E+00  0.0000E+00  0.0000E+00  0.0000E+00  0.0000E+00  0.0000E+00  0.0000E+00
       0.0000E+00  0.0000E+00  0.0000E+00  0.0000E+00  0.0000E+00  2.2500E-05  0.0000E+00  9.0000E-07  0.0000E+00  0.0000E+00
       0.0000E+00  0.0000E+00  0.0000E+00  0.0000E+00  1.6210E-04  3.1390E-04  3.7300E-05  7.4300E-05  0.0000E+00  0.0000E+00
       3.9683E-02  4.4732E-03  0.0000E+00  2.0897E-03  0.0000E+00  6.2880E-03  8.4600E-05  1.5046E-03  0.0000E+00  0.0000E+00
       9.5814E-03  3.5104E-02  2.8614E-03  0.0000E+00  2.1222E-03  8.5537E-03  7.1257E-04  9.9181E-04  0.0000E+00  4.0000E-07
       2.3217E-03  0.0000E+00  1.5614E-03  4.4790E-04  3.9808E-03  4.0988E-04  9.9978E-04  1.2269E-06  0.0000E+00  0.0000E+00
       0.0000E+00  9.5200E-05  1.3200E-04  2.6920E-04  4.3274E-05  9.2900E-05  3.3027E-06  1.7000E-06  0.0000E+00  0.0000E+00
       0.0000E+00  0.0000E+00  7.9000E-06  1.2000E-06  2.4000E-06  0.0000E+00  1.7000E-06  0.0000E+00  0.0000E+00  0.0000E+00
       0.0000E+00  1.0000E-07  0.0000E+00  0.0000E+00  0.0000E+00  0.0000E+00  0.0000E+00  0.0000E+00  0.0000E+00  0.0000E+00
       0.0000E+00  0.0000E+00  0.0000E+00  0.0000E+00  0.0000E+00  0.0000E+00  0.0000E+00  0.0000E+00  0.0000E+00  0.0000E+00
       0.0000E+00  0.0000E+00  0.0000E+00  0.0000E+00  0.0000E+00  0.0000E+00  0.0000E+00  0.0000E+00  0.0000E+00  0.0000E+00
       0.0000E+00  0.0000E+00  0.0000E+00  0.0000E+00  0.0000E+00  0.0000E+00  0.0000E+00  0.0000E+00  0.0000E+00  0.0000E+00
       0.0000E+00  0.0000E+00  0.0000E+00  0.0000E+00  0.0000E+00  0.0000E+00  0.0000E+00  0.0000E+00  0.0000E+00  0.0000E+00
       0.0000E+00  0.0000E+00  0.0000E+00  0.0000E+00  0.0000E+00  0.0000E+00  0.0000E+00  0.0000E+00  0.0000E+00  0.0000E+00
       0.0000E+00  0.0000E+00  0.0000E+00  0.0000E+00  0.0000E+00  0.0000E+00  0.0000E+00  0.0000E+00  0.0000E+00  0.0000E+00
       0.0000E+00  0.0000E+00  0.0000E+00  0.0000E+00  0.0000E+00  0.0000E+00  0.0000E+00  0.0000E+00  0.0000E+00  0.0000E+00
