
 *****  Protons in Lexan (0.14GeV, 1cm)                                                   *****

           DATE: 12/19/18,  TIME:  2:55:34

          Total number of particles followed       25000000, for a total weight of  2.5000E+07

1

   Bdrx n.   2  "ofluence  " , generalized particle n.    1, from region n.     5 to region n.     4
      detector area:  1.0000E+02 cm**2
      this is a one way only estimator
      this is a fluence like estimator
      linear energy binning from   6.0000E-02 to  1.9000E-01 GeV,   650 bins ( 2.0000E-04 GeV wide)
      linear angular binning from  0.0000E+00 to  6.2832E+00 sr ,     1 bins ( 6.2832E+00 sr wide )
      Data follow in a matrix A(ie,ia), format (1(5x,1p,10(1x,e11.4)))

       4.3669E-04  4.2614E-04  4.0611E-04  4.1449E-04  4.0138E-04  3.8399E-04  4.1136E-04  4.1115E-04  4.3121E-04  3.9186E-04
       4.2883E-04  3.8783E-04  4.0994E-04  4.0883E-04  4.1817E-04  4.0326E-04  4.1839E-04  3.8090E-04  4.2340E-04  3.9493E-04
       3.8329E-04  4.1057E-04  4.1031E-04  4.0516E-04  4.1005E-04  4.2262E-04  4.0682E-04  4.0879E-04  4.2032E-04  3.8485E-04
       4.1653E-04  4.2904E-04  4.1688E-04  3.9745E-04  4.0305E-04  4.0000E-04  4.0086E-04  4.1170E-04  4.1075E-04  3.8944E-04
       4.2894E-04  4.0322E-04  4.1427E-04  4.2043E-04  4.0894E-04  4.0941E-04  4.1964E-04  3.9732E-04  4.0029E-04  3.8044E-04
       4.1742E-04  4.2674E-04  3.9851E-04  4.3877E-04  4.1848E-04  4.0913E-04  3.9581E-04  4.0149E-04  4.2248E-04  4.0144E-04
       4.0828E-04  3.8960E-04  4.0677E-04  3.7771E-04  3.8925E-04  4.0227E-04  4.0821E-04  3.9466E-04  4.1700E-04  4.1151E-04
       4.2249E-04  4.3493E-04  3.7812E-04  4.1221E-04  3.8645E-04  3.9753E-04  4.0302E-04  3.9666E-04  4.2186E-04  4.1542E-04
       3.9434E-04  3.8785E-04  4.0322E-04  3.9441E-04  3.9692E-04  3.9506E-04  4.0871E-04  4.2236E-04  4.0842E-04  4.1859E-04
       4.2645E-04  4.0108E-04  4.1358E-04  3.9206E-04  4.1961E-04  3.7834E-04  3.9172E-04  4.0831E-04  3.9902E-04  4.0134E-04
       4.0669E-04  4.1258E-04  4.1752E-04  4.0615E-04  4.1790E-04  4.2687E-04  4.1587E-04  3.9223E-04  4.1775E-04  4.2221E-04
       4.2471E-04  3.9420E-04  4.2375E-04  4.1563E-04  4.0072E-04  4.2022E-04  3.9488E-04  4.1746E-04  4.0137E-04  3.9358E-04
       4.3370E-04  3.8127E-04  4.0893E-04  3.9531E-04  4.1077E-04  4.1271E-04  3.9128E-04  3.8314E-04  4.1567E-04  4.1269E-04
       4.0386E-04  4.1392E-04  4.0083E-04  3.8151E-04  4.2001E-04  3.8036E-04  4.1892E-04  4.0102E-04  4.1990E-04  4.0927E-04
       3.8767E-04  4.0339E-04  4.0087E-04  3.7573E-04  4.0444E-04  3.8785E-04  3.9386E-04  3.7950E-04  3.8485E-04  3.8827E-04
       3.9129E-04  3.8175E-04  3.9001E-04  3.7703E-04  3.8384E-04  3.8979E-04  3.6860E-04  3.9822E-04  3.7979E-04  3.7686E-04
       3.8414E-04  3.7122E-04  3.7457E-04  3.5760E-04  3.7488E-04  3.8993E-04  3.6826E-04  3.8528E-04  3.5888E-04  3.6740E-04
       3.7237E-04  3.6925E-04  3.4537E-04  3.6432E-04  3.4626E-04  3.8898E-04  3.6412E-04  3.5839E-04  3.5231E-04  3.5220E-04
       3.7058E-04  3.2979E-04  3.4867E-04  3.3131E-04  3.4916E-04  3.5714E-04  3.3024E-04  3.5304E-04  3.4501E-04  3.5282E-04
       3.5767E-04  3.4898E-04  3.3770E-04  3.4268E-04  3.0928E-04  3.2846E-04  3.3258E-04  3.2068E-04  3.2427E-04  3.4506E-04
       3.4181E-04  3.2772E-04  3.0851E-04  3.4020E-04  3.2386E-04  3.2040E-04  3.2925E-04  3.0513E-04  3.3138E-04  3.0058E-04
       3.2675E-04  3.2069E-04  3.0401E-04  3.1057E-04  3.0434E-04  3.0471E-04  3.1747E-04  2.9934E-04  2.9284E-04  3.0063E-04
       2.6328E-04  3.2064E-04  2.8261E-04  2.9098E-04  2.9253E-04  3.0989E-04  2.8668E-04  2.7876E-04  2.8805E-04  2.9970E-04
       2.8474E-04  2.7816E-04  2.6592E-04  2.9528E-04  2.9021E-04  2.6886E-04  2.9126E-04  2.8728E-04  2.7077E-04  2.8442E-04
       2.7529E-04  2.6493E-04  2.6152E-04  2.7717E-04  2.6044E-04  2.5410E-04  2.6446E-04  2.5823E-04  2.5595E-04  2.4306E-04
       2.5654E-04  2.5960E-04  2.5716E-04  2.3970E-04  2.2802E-04  2.3474E-04  2.3812E-04  2.2706E-04  2.4123E-04  2.3920E-04
       2.3410E-04  2.2563E-04  2.1809E-04  2.1165E-04  2.1222E-04  2.1985E-04  2.1081E-04  2.0360E-04  1.9139E-04  1.9768E-04
       1.8391E-04  1.7804E-04  1.8197E-04  1.7046E-04  1.7263E-04  1.5530E-04  1.4631E-04  1.3761E-04  1.4230E-04  1.2458E-04
       1.2438E-04  1.3070E-04  1.1666E-04  1.1888E-04  1.1982E-04  1.2708E-04  1.2529E-04  1.1563E-04  1.2064E-04  1.1357E-04
       1.2378E-04  1.3220E-04  1.3041E-04  1.2652E-04  1.4983E-04  1.5549E-04  1.6149E-04  1.6168E-04  1.6488E-04  1.6968E-04
       1.8700E-04  2.0124E-04  2.1000E-04  2.1439E-04  2.2902E-04  2.5524E-04  2.5462E-04  2.6568E-04  2.5630E-04  2.6669E-04
       2.8638E-04  2.9024E-04  3.0280E-04  3.6607E-04  4.3902E-04  6.3624E-04  9.5685E-04  1.6613E-03  3.0229E-03  5.8448E-03
       1.1074E-02  2.0691E-02  3.7009E-02  6.4648E-02  1.0707E-01  1.6799E-01  2.5085E-01  3.5329E-01  4.7043E-01  5.8816E-01
       6.9185E-01  7.6533E-01  7.9098E-01  7.6785E-01  6.9666E-01  5.8752E-01  4.6398E-01  3.3951E-01  2.3191E-01  1.4669E-01
       8.6326E-02  4.6891E-02  2.3357E-02  1.0973E-02  4.6712E-03  1.8313E-03  6.5999E-04  2.1426E-04  6.6219E-05  2.1967E-05
       6.0484E-06  1.5918E-06  3.1832E-07  0.0000E+00  0.0000E+00  0.0000E+00  0.0000E+00  0.0000E+00  0.0000E+00  0.0000E+00
       0.0000E+00  0.0000E+00  0.0000E+00  0.0000E+00  0.0000E+00  0.0000E+00  0.0000E+00  0.0000E+00  0.0000E+00  0.0000E+00
       0.0000E+00  0.0000E+00  0.0000E+00  0.0000E+00  0.0000E+00  0.0000E+00  0.0000E+00  0.0000E+00  0.0000E+00  0.0000E+00
       0.0000E+00  0.0000E+00  0.0000E+00  0.0000E+00  0.0000E+00  0.0000E+00  0.0000E+00  0.0000E+00  0.0000E+00  0.0000E+00
       0.0000E+00  0.0000E+00  0.0000E+00  0.0000E+00  0.0000E+00  0.0000E+00  0.0000E+00  0.0000E+00  0.0000E+00  0.0000E+00
       0.0000E+00  0.0000E+00  0.0000E+00  0.0000E+00  0.0000E+00  0.0000E+00  0.0000E+00  0.0000E+00  0.0000E+00  0.0000E+00
       0.0000E+00  0.0000E+00  0.0000E+00  0.0000E+00  0.0000E+00  0.0000E+00  0.0000E+00  0.0000E+00  0.0000E+00  0.0000E+00
       0.0000E+00  0.0000E+00  0.0000E+00  0.0000E+00  0.0000E+00  0.0000E+00  0.0000E+00  0.0000E+00  0.0000E+00  0.0000E+00
       0.0000E+00  0.0000E+00  0.0000E+00  0.0000E+00  0.0000E+00  0.0000E+00  0.0000E+00  0.0000E+00  0.0000E+00  0.0000E+00
       0.0000E+00  0.0000E+00  0.0000E+00  0.0000E+00  0.0000E+00  0.0000E+00  0.0000E+00  0.0000E+00  0.0000E+00  0.0000E+00
       0.0000E+00  0.0000E+00  0.0000E+00  0.0000E+00  0.0000E+00  0.0000E+00  0.0000E+00  0.0000E+00  0.0000E+00  0.0000E+00
       0.0000E+00  0.0000E+00  0.0000E+00  0.0000E+00  0.0000E+00  0.0000E+00  0.0000E+00  0.0000E+00  0.0000E+00  0.0000E+00
       0.0000E+00  0.0000E+00  0.0000E+00  0.0000E+00  0.0000E+00  0.0000E+00  0.0000E+00  0.0000E+00  0.0000E+00  0.0000E+00
       0.0000E+00  0.0000E+00  0.0000E+00  0.0000E+00  0.0000E+00  0.0000E+00  0.0000E+00  0.0000E+00  0.0000E+00  0.0000E+00
       0.0000E+00  0.0000E+00  0.0000E+00  0.0000E+00  0.0000E+00  0.0000E+00  0.0000E+00  0.0000E+00  0.0000E+00  0.0000E+00
       0.0000E+00  0.0000E+00  0.0000E+00  0.0000E+00  0.0000E+00  0.0000E+00  0.0000E+00  0.0000E+00  0.0000E+00  0.0000E+00
       0.0000E+00  0.0000E+00  0.0000E+00  0.0000E+00  0.0000E+00  0.0000E+00  0.0000E+00  0.0000E+00  0.0000E+00  0.0000E+00
       0.0000E+00  0.0000E+00  0.0000E+00  0.0000E+00  0.0000E+00  0.0000E+00  0.0000E+00  0.0000E+00  0.0000E+00  0.0000E+00
       0.0000E+00  0.0000E+00  0.0000E+00  0.0000E+00  0.0000E+00  0.0000E+00  0.0000E+00  0.0000E+00  0.0000E+00  0.0000E+00
       0.0000E+00  0.0000E+00  0.0000E+00  0.0000E+00  0.0000E+00  0.0000E+00  0.0000E+00  0.0000E+00  0.0000E+00  0.0000E+00
       0.0000E+00  0.0000E+00  0.0000E+00  0.0000E+00  0.0000E+00  0.0000E+00  0.0000E+00  0.0000E+00  0.0000E+00  0.0000E+00
       0.0000E+00  0.0000E+00  0.0000E+00  0.0000E+00  0.0000E+00  0.0000E+00  0.0000E+00  0.0000E+00  0.0000E+00  0.0000E+00
       0.0000E+00  0.0000E+00  0.0000E+00  0.0000E+00  0.0000E+00  0.0000E+00  0.0000E+00  0.0000E+00  0.0000E+00  0.0000E+00
       0.0000E+00  0.0000E+00  0.0000E+00  0.0000E+00  0.0000E+00  0.0000E+00  0.0000E+00  0.0000E+00  0.0000E+00  0.0000E+00
       0.0000E+00  0.0000E+00  0.0000E+00  0.0000E+00  0.0000E+00  0.0000E+00  0.0000E+00  0.0000E+00  0.0000E+00  0.0000E+00
       0.0000E+00  0.0000E+00  0.0000E+00  0.0000E+00  0.0000E+00  0.0000E+00  0.0000E+00  0.0000E+00  0.0000E+00  0.0000E+00
       0.0000E+00  0.0000E+00  0.0000E+00  0.0000E+00  0.0000E+00  0.0000E+00  0.0000E+00  0.0000E+00  0.0000E+00  0.0000E+00
       0.0000E+00  0.0000E+00  0.0000E+00  0.0000E+00  0.0000E+00  0.0000E+00  0.0000E+00  0.0000E+00  0.0000E+00  0.0000E+00
       0.0000E+00  0.0000E+00  0.0000E+00  0.0000E+00  0.0000E+00  0.0000E+00  0.0000E+00  0.0000E+00  0.0000E+00  0.0000E+00
       0.0000E+00  0.0000E+00  0.0000E+00  0.0000E+00  0.0000E+00  0.0000E+00  0.0000E+00  0.0000E+00  0.0000E+00  0.0000E+00
1

   Bdrx n.   6  "ofluence  " , generalized particle n.    1, from region n.     5 to region n.     4
      detector area:  1.0000E+02 cm**2
      this is a one way only estimator
      this is a fluence like estimator
      linear energy binning from   0.0000E+00 to  3.0000E+02 GeV,     1 bins ( 3.0000E+02 GeV wide)
      linear angular binning from  0.0000E+00 to  6.2832E+00 sr ,     1 bins ( 6.2832E+00 sr wide )
      Data follow in a matrix A(ie,ia), format (1(5x,1p,10(1x,e11.4)))

       5.2962E-06
