
 *****  Protons in Lexan (0.14GeV, 1cm)                                                   *****

           DATE: 12/19/18,  TIME:  2:55:34

          Total number of particles followed       25000000, for a total weight of  2.5000E+07

1

   Res. nuclei n.   1  "Ian       " ,  all         products, region n.     5
      detector volume:  1.0000E+00 cm**3
      Max. Z:  10, Max. N-Z:  11 Min. N-Z: -4
      Data follow in a matrix A(z,n-z-k), k: -5 format (1(5x,1p,10(1x,e11.4)))

       0.0000E+00  0.0000E+00  0.0000E+00  0.0000E+00  0.0000E+00  0.0000E+00  0.0000E+00  0.0000E+00  0.0000E+00  0.0000E+00
       0.0000E+00  0.0000E+00  0.0000E+00  0.0000E+00  0.0000E+00  1.3520E-05  0.0000E+00  7.2000E-07  0.0000E+00  0.0000E+00
       0.0000E+00  0.0000E+00  0.0000E+00  0.0000E+00  1.1324E-04  1.8168E-04  2.7320E-05  3.4000E-05  0.0000E+00  0.0000E+00
       2.4951E-02  3.2530E-03  0.0000E+00  1.5302E-03  0.0000E+00  4.2767E-03  5.7880E-05  1.0205E-03  4.0000E-08  4.0000E-08
       5.8560E-03  2.5928E-02  2.1069E-03  0.0000E+00  1.3651E-03  8.2406E-03  4.9032E-04  9.6989E-04  1.2000E-07  2.4000E-07
       1.5639E-03  0.0000E+00  1.0426E-03  2.9295E-04  2.4669E-03  2.9824E-04  6.1608E-04  9.2907E-07  0.0000E+00  0.0000E+00
       0.0000E+00  5.9800E-05  8.6640E-05  1.5892E-04  2.4825E-05  6.0680E-05  1.8175E-06  1.4000E-06  0.0000E+00  0.0000E+00
       0.0000E+00  0.0000E+00  4.1200E-06  3.6000E-07  1.4400E-06  4.0000E-08  6.8000E-07  0.0000E+00  0.0000E+00  0.0000E+00
       0.0000E+00  8.0000E-08  0.0000E+00  4.0000E-08  0.0000E+00  0.0000E+00  0.0000E+00  0.0000E+00  0.0000E+00  0.0000E+00
       0.0000E+00  0.0000E+00  0.0000E+00  0.0000E+00  0.0000E+00  0.0000E+00  0.0000E+00  0.0000E+00  0.0000E+00  0.0000E+00
       0.0000E+00  0.0000E+00  0.0000E+00  0.0000E+00  0.0000E+00  0.0000E+00  0.0000E+00  0.0000E+00  0.0000E+00  0.0000E+00
       0.0000E+00  0.0000E+00  0.0000E+00  0.0000E+00  0.0000E+00  0.0000E+00  0.0000E+00  0.0000E+00  0.0000E+00  0.0000E+00
       0.0000E+00  0.0000E+00  0.0000E+00  0.0000E+00  0.0000E+00  0.0000E+00  0.0000E+00  0.0000E+00  0.0000E+00  0.0000E+00
       0.0000E+00  0.0000E+00  0.0000E+00  0.0000E+00  0.0000E+00  0.0000E+00  0.0000E+00  0.0000E+00  0.0000E+00  0.0000E+00
       0.0000E+00  0.0000E+00  0.0000E+00  0.0000E+00  0.0000E+00  0.0000E+00  0.0000E+00  0.0000E+00  0.0000E+00  0.0000E+00
       0.0000E+00  0.0000E+00  0.0000E+00  0.0000E+00  0.0000E+00  0.0000E+00  0.0000E+00  0.0000E+00  0.0000E+00  0.0000E+00
