
 *****  Protons in Lexan (0.14GeV, 1cm)                                                   *****

           DATE: 12/19/18,  TIME:  2:55:34

          Total number of particles followed       25000000, for a total weight of  2.5000E+07

1

   Bdrx n.   4  "ocurrent  " , generalized particle n.    1, from region n.     5 to region n.     4
      detector area:  1.0000E+02 cm**2
      this is a one way only estimator
      this is a current like estimator
      linear energy binning from   6.0000E-02 to  1.9000E-01 GeV,   650 bins ( 2.0000E-04 GeV wide)
      linear angular binning from  0.0000E+00 to  6.2832E+00 sr ,     1 bins ( 6.2832E+00 sr wide )
      Data follow in a matrix A(ie,ia), format (1(5x,1p,10(1x,e11.4)))

       3.1354E-04  3.1481E-04  2.9953E-04  3.0685E-04  2.9380E-04  2.8139E-04  3.0621E-04  2.9985E-04  3.0781E-04  2.9157E-04
       3.1704E-04  2.9221E-04  3.1131E-04  3.0717E-04  3.1640E-04  3.0590E-04  3.0940E-04  2.9030E-04  3.1640E-04  2.9857E-04
       2.9348E-04  3.1131E-04  3.1194E-04  3.0940E-04  3.0653E-04  3.1799E-04  3.0558E-04  3.0621E-04  3.1799E-04  2.9125E-04
       3.1863E-04  3.2659E-04  3.1926E-04  3.0239E-04  3.1035E-04  3.0812E-04  3.0844E-04  3.1258E-04  3.1003E-04  2.9985E-04
       3.3486E-04  3.1067E-04  3.1704E-04  3.1926E-04  3.1290E-04  3.1767E-04  3.2213E-04  3.1035E-04  3.1640E-04  3.0112E-04
       3.1863E-04  3.3009E-04  3.1513E-04  3.4091E-04  3.2308E-04  3.1449E-04  3.0876E-04  3.1704E-04  3.1545E-04  3.1799E-04
       3.1417E-04  3.0462E-04  3.0972E-04  2.9380E-04  3.0399E-04  3.1608E-04  3.2308E-04  3.1163E-04  3.2404E-04  3.2659E-04
       3.3582E-04  3.4505E-04  3.0048E-04  3.2754E-04  3.1385E-04  3.1863E-04  3.2181E-04  3.1735E-04  3.3423E-04  3.3136E-04
       3.1735E-04  3.1322E-04  3.2436E-04  3.1672E-04  3.1863E-04  3.2308E-04  3.2850E-04  3.3200E-04  3.2881E-04  3.3773E-04
       3.3900E-04  3.2086E-04  3.3518E-04  3.1735E-04  3.3995E-04  3.0972E-04  3.2277E-04  3.3232E-04  3.2308E-04  3.2913E-04
       3.3263E-04  3.3232E-04  3.3836E-04  3.3136E-04  3.4282E-04  3.5078E-04  3.3741E-04  3.2213E-04  3.4505E-04  3.4409E-04
       3.5110E-04  3.2850E-04  3.5110E-04  3.3900E-04  3.3391E-04  3.4982E-04  3.3009E-04  3.4250E-04  3.3582E-04  3.2945E-04
       3.5874E-04  3.1767E-04  3.3932E-04  3.3041E-04  3.4027E-04  3.4505E-04  3.2818E-04  3.1863E-04  3.4791E-04  3.4218E-04
       3.4155E-04  3.4155E-04  3.3964E-04  3.1990E-04  3.5364E-04  3.2308E-04  3.5523E-04  3.4059E-04  3.5683E-04  3.4664E-04
       3.2850E-04  3.4346E-04  3.4091E-04  3.1926E-04  3.4537E-04  3.2786E-04  3.3805E-04  3.2436E-04  3.2977E-04  3.2722E-04
       3.3009E-04  3.2563E-04  3.3645E-04  3.2149E-04  3.2913E-04  3.3295E-04  3.1895E-04  3.3964E-04  3.2659E-04  3.2436E-04
       3.3232E-04  3.2181E-04  3.2181E-04  3.1322E-04  3.2372E-04  3.3805E-04  3.2213E-04  3.3200E-04  3.1194E-04  3.1481E-04
       3.2213E-04  3.2022E-04  3.0367E-04  3.1513E-04  2.9985E-04  3.3805E-04  3.1417E-04  3.1449E-04  3.0812E-04  3.0621E-04
       3.2308E-04  2.9221E-04  3.0430E-04  2.9157E-04  3.0876E-04  3.1481E-04  2.8712E-04  3.1163E-04  2.9953E-04  3.0972E-04
       3.1449E-04  3.0494E-04  2.9635E-04  3.0144E-04  2.7279E-04  2.8998E-04  2.9189E-04  2.8234E-04  2.8775E-04  3.0526E-04
       2.9603E-04  2.8807E-04  2.7375E-04  3.0399E-04  2.8616E-04  2.8457E-04  2.9444E-04  2.7215E-04  2.9316E-04  2.6865E-04
       2.9125E-04  2.8457E-04  2.7184E-04  2.7693E-04  2.7406E-04  2.7120E-04  2.8330E-04  2.6865E-04  2.6133E-04  2.7056E-04
       2.3619E-04  2.8871E-04  2.5465E-04  2.5910E-04  2.6388E-04  2.7534E-04  2.5783E-04  2.5115E-04  2.5847E-04  2.6674E-04
       2.5751E-04  2.5115E-04  2.4160E-04  2.6643E-04  2.6388E-04  2.4319E-04  2.6229E-04  2.6006E-04  2.4542E-04  2.5815E-04
       2.5083E-04  2.4255E-04  2.3873E-04  2.5306E-04  2.3873E-04  2.3141E-04  2.4128E-04  2.3587E-04  2.3396E-04  2.2505E-04
       2.3141E-04  2.3937E-04  2.3619E-04  2.2186E-04  2.0786E-04  2.1518E-04  2.1963E-04  2.0881E-04  2.1932E-04  2.2027E-04
       2.1454E-04  2.0977E-04  2.0435E-04  1.9258E-04  1.9863E-04  2.0213E-04  1.9258E-04  1.8876E-04  1.7507E-04  1.8303E-04
       1.7030E-04  1.6520E-04  1.6839E-04  1.5725E-04  1.5788E-04  1.3974E-04  1.3305E-04  1.2541E-04  1.2860E-04  1.1077E-04
       1.1109E-04  1.1586E-04  1.0281E-04  1.0377E-04  1.0409E-04  1.1205E-04  1.0918E-04  1.0090E-04  1.0441E-04  1.0090E-04
       1.0663E-04  1.1714E-04  1.1300E-04  1.0982E-04  1.3051E-04  1.3783E-04  1.4483E-04  1.4101E-04  1.4897E-04  1.5279E-04
       1.7093E-04  1.8144E-04  1.9258E-04  2.0022E-04  2.1422E-04  2.3682E-04  2.3396E-04  2.4637E-04  2.3778E-04  2.4765E-04
       2.6197E-04  2.6738E-04  2.7884E-04  3.3741E-04  4.0775E-04  5.9842E-04  9.1450E-04  1.6068E-03  2.9616E-03  5.7732E-03
       1.0987E-02  2.0586E-02  3.6882E-02  6.4498E-02  1.0690E-01  1.6778E-01  2.5063E-01  3.5304E-01  4.7015E-01  5.8787E-01
       6.9155E-01  7.6504E-01  7.9071E-01  7.6761E-01  6.9646E-01  5.8736E-01  4.6386E-01  3.3943E-01  2.3185E-01  1.4666E-01
       8.6307E-02  4.6881E-02  2.3352E-02  1.0971E-02  4.6702E-03  1.8309E-03  6.5986E-04  2.1422E-04  6.6208E-05  2.1963E-05
       6.0479E-06  1.5915E-06  3.1831E-07  0.0000E+00  0.0000E+00  0.0000E+00  0.0000E+00  0.0000E+00  0.0000E+00  0.0000E+00
       0.0000E+00  0.0000E+00  0.0000E+00  0.0000E+00  0.0000E+00  0.0000E+00  0.0000E+00  0.0000E+00  0.0000E+00  0.0000E+00
       0.0000E+00  0.0000E+00  0.0000E+00  0.0000E+00  0.0000E+00  0.0000E+00  0.0000E+00  0.0000E+00  0.0000E+00  0.0000E+00
       0.0000E+00  0.0000E+00  0.0000E+00  0.0000E+00  0.0000E+00  0.0000E+00  0.0000E+00  0.0000E+00  0.0000E+00  0.0000E+00
       0.0000E+00  0.0000E+00  0.0000E+00  0.0000E+00  0.0000E+00  0.0000E+00  0.0000E+00  0.0000E+00  0.0000E+00  0.0000E+00
       0.0000E+00  0.0000E+00  0.0000E+00  0.0000E+00  0.0000E+00  0.0000E+00  0.0000E+00  0.0000E+00  0.0000E+00  0.0000E+00
       0.0000E+00  0.0000E+00  0.0000E+00  0.0000E+00  0.0000E+00  0.0000E+00  0.0000E+00  0.0000E+00  0.0000E+00  0.0000E+00
       0.0000E+00  0.0000E+00  0.0000E+00  0.0000E+00  0.0000E+00  0.0000E+00  0.0000E+00  0.0000E+00  0.0000E+00  0.0000E+00
       0.0000E+00  0.0000E+00  0.0000E+00  0.0000E+00  0.0000E+00  0.0000E+00  0.0000E+00  0.0000E+00  0.0000E+00  0.0000E+00
       0.0000E+00  0.0000E+00  0.0000E+00  0.0000E+00  0.0000E+00  0.0000E+00  0.0000E+00  0.0000E+00  0.0000E+00  0.0000E+00
       0.0000E+00  0.0000E+00  0.0000E+00  0.0000E+00  0.0000E+00  0.0000E+00  0.0000E+00  0.0000E+00  0.0000E+00  0.0000E+00
       0.0000E+00  0.0000E+00  0.0000E+00  0.0000E+00  0.0000E+00  0.0000E+00  0.0000E+00  0.0000E+00  0.0000E+00  0.0000E+00
       0.0000E+00  0.0000E+00  0.0000E+00  0.0000E+00  0.0000E+00  0.0000E+00  0.0000E+00  0.0000E+00  0.0000E+00  0.0000E+00
       0.0000E+00  0.0000E+00  0.0000E+00  0.0000E+00  0.0000E+00  0.0000E+00  0.0000E+00  0.0000E+00  0.0000E+00  0.0000E+00
       0.0000E+00  0.0000E+00  0.0000E+00  0.0000E+00  0.0000E+00  0.0000E+00  0.0000E+00  0.0000E+00  0.0000E+00  0.0000E+00
       0.0000E+00  0.0000E+00  0.0000E+00  0.0000E+00  0.0000E+00  0.0000E+00  0.0000E+00  0.0000E+00  0.0000E+00  0.0000E+00
       0.0000E+00  0.0000E+00  0.0000E+00  0.0000E+00  0.0000E+00  0.0000E+00  0.0000E+00  0.0000E+00  0.0000E+00  0.0000E+00
       0.0000E+00  0.0000E+00  0.0000E+00  0.0000E+00  0.0000E+00  0.0000E+00  0.0000E+00  0.0000E+00  0.0000E+00  0.0000E+00
       0.0000E+00  0.0000E+00  0.0000E+00  0.0000E+00  0.0000E+00  0.0000E+00  0.0000E+00  0.0000E+00  0.0000E+00  0.0000E+00
       0.0000E+00  0.0000E+00  0.0000E+00  0.0000E+00  0.0000E+00  0.0000E+00  0.0000E+00  0.0000E+00  0.0000E+00  0.0000E+00
       0.0000E+00  0.0000E+00  0.0000E+00  0.0000E+00  0.0000E+00  0.0000E+00  0.0000E+00  0.0000E+00  0.0000E+00  0.0000E+00
       0.0000E+00  0.0000E+00  0.0000E+00  0.0000E+00  0.0000E+00  0.0000E+00  0.0000E+00  0.0000E+00  0.0000E+00  0.0000E+00
       0.0000E+00  0.0000E+00  0.0000E+00  0.0000E+00  0.0000E+00  0.0000E+00  0.0000E+00  0.0000E+00  0.0000E+00  0.0000E+00
       0.0000E+00  0.0000E+00  0.0000E+00  0.0000E+00  0.0000E+00  0.0000E+00  0.0000E+00  0.0000E+00  0.0000E+00  0.0000E+00
       0.0000E+00  0.0000E+00  0.0000E+00  0.0000E+00  0.0000E+00  0.0000E+00  0.0000E+00  0.0000E+00  0.0000E+00  0.0000E+00
       0.0000E+00  0.0000E+00  0.0000E+00  0.0000E+00  0.0000E+00  0.0000E+00  0.0000E+00  0.0000E+00  0.0000E+00  0.0000E+00
       0.0000E+00  0.0000E+00  0.0000E+00  0.0000E+00  0.0000E+00  0.0000E+00  0.0000E+00  0.0000E+00  0.0000E+00  0.0000E+00
       0.0000E+00  0.0000E+00  0.0000E+00  0.0000E+00  0.0000E+00  0.0000E+00  0.0000E+00  0.0000E+00  0.0000E+00  0.0000E+00
       0.0000E+00  0.0000E+00  0.0000E+00  0.0000E+00  0.0000E+00  0.0000E+00  0.0000E+00  0.0000E+00  0.0000E+00  0.0000E+00
       0.0000E+00  0.0000E+00  0.0000E+00  0.0000E+00  0.0000E+00  0.0000E+00  0.0000E+00  0.0000E+00  0.0000E+00  0.0000E+00
