
 *****  Protons in Lexan (0.15GeV, 5.0cm)                                                 *****

           DATE: 12/ 1/18,  TIME: 13:41: 6

          Total number of particles followed       10000000, for a total weight of  1.0000E+07

1

   Bdrx n.   2  "ofluence  " , generalized particle n.    1, from region n.     5 to region n.     4
      detector area:  1.0000E+02 cm**2
      this is a one way only estimator
      this is a fluence like estimator
      linear energy binning from   6.0000E-02 to  2.0000E-01 GeV,   650 bins ( 2.1538E-04 GeV wide)
      linear angular binning from  0.0000E+00 to  6.2832E+00 sr ,     1 bins ( 6.2832E+00 sr wide )
      Data follow in a matrix A(ie,ia), format (1(5x,1p,10(1x,e11.4)))

       7.5923E-04  7.5626E-04  7.6447E-04  7.6548E-04  7.8043E-04  7.7462E-04  7.4691E-04  7.6547E-04  7.7482E-04  7.9546E-04
       7.7282E-04  7.7186E-04  7.9375E-04  8.1019E-04  8.0649E-04  7.6000E-04  7.8109E-04  7.5721E-04  7.4326E-04  8.1020E-04
       7.6092E-04  8.3286E-04  8.3717E-04  7.6830E-04  8.0452E-04  7.6789E-04  8.2529E-04  8.3255E-04  7.9808E-04  8.3803E-04
       8.2162E-04  7.9624E-04  7.8720E-04  8.0238E-04  7.4498E-04  8.5543E-04  8.0647E-04  7.4653E-04  7.5071E-04  7.8874E-04
       7.8520E-04  7.8357E-04  8.0305E-04  7.9350E-04  8.1010E-04  7.7571E-04  7.6274E-04  7.9579E-04  7.5010E-04  7.9162E-04
       7.4880E-04  8.2756E-04  7.8310E-04  8.3873E-04  7.6602E-04  8.1073E-04  7.7211E-04  7.6658E-04  8.0240E-04  8.0621E-04
       7.8850E-04  8.0035E-04  8.0552E-04  7.8913E-04  8.1054E-04  7.9675E-04  7.6545E-04  7.7606E-04  7.7613E-04  8.2072E-04
       8.1542E-04  7.6384E-04  8.4129E-04  7.7268E-04  8.2637E-04  7.6959E-04  7.0594E-04  7.7368E-04  7.6946E-04  7.1688E-04
       7.4853E-04  7.6329E-04  7.7028E-04  7.5722E-04  7.6016E-04  7.7051E-04  7.4305E-04  7.4815E-04  7.2256E-04  7.8771E-04
       7.4729E-04  7.4287E-04  7.6643E-04  7.9833E-04  7.2159E-04  7.1193E-04  7.0073E-04  7.4333E-04  7.3749E-04  7.1292E-04
       7.4865E-04  7.5823E-04  7.1773E-04  6.7660E-04  7.7076E-04  6.6532E-04  7.8104E-04  7.3481E-04  7.1768E-04  7.2465E-04
       7.1540E-04  6.7340E-04  7.0853E-04  7.1066E-04  6.9956E-04  6.8674E-04  7.4815E-04  6.9899E-04  6.7189E-04  6.8644E-04
       7.4148E-04  6.4568E-04  7.0124E-04  7.1496E-04  7.0242E-04  6.6370E-04  7.2802E-04  7.1026E-04  6.2850E-04  6.6394E-04
       7.0245E-04  6.3851E-04  6.3775E-04  6.6335E-04  6.8089E-04  6.5673E-04  6.8119E-04  6.6767E-04  6.9646E-04  6.6355E-04
       6.6286E-04  6.6774E-04  6.1851E-04  6.4355E-04  6.2265E-04  6.7222E-04  6.4309E-04  6.3265E-04  6.4886E-04  6.1424E-04
       6.2732E-04  6.2578E-04  6.1139E-04  5.9019E-04  5.6608E-04  6.0368E-04  5.7379E-04  6.0301E-04  6.2696E-04  5.6441E-04
       5.8472E-04  5.8492E-04  5.7025E-04  5.7109E-04  5.9024E-04  5.8236E-04  5.5140E-04  6.0888E-04  5.8923E-04  5.5892E-04
       5.5295E-04  5.5817E-04  5.2398E-04  5.2698E-04  5.7880E-04  5.2232E-04  5.2915E-04  5.6396E-04  5.2197E-04  5.1922E-04
       5.2578E-04  5.0411E-04  5.3200E-04  4.7001E-04  4.9921E-04  5.0453E-04  4.9915E-04  5.0422E-04  4.9232E-04  4.9054E-04
       4.9816E-04  4.7100E-04  4.7304E-04  4.8049E-04  4.2973E-04  4.3750E-04  4.5783E-04  4.4273E-04  4.1147E-04  4.3309E-04
       3.6838E-04  4.0824E-04  3.7299E-04  3.2705E-04  3.7660E-04  3.4272E-04  3.3850E-04  3.1909E-04  3.1312E-04  3.0607E-04
       2.5244E-04  2.4559E-04  3.3100E-04  3.0506E-04  2.8139E-04  2.7364E-04  2.7993E-04  2.7975E-04  2.9428E-04  3.2837E-04
       3.0603E-04  3.0389E-04  3.2672E-04  3.4898E-04  3.7996E-04  3.7824E-04  4.3360E-04  4.5184E-04  4.4740E-04  4.7490E-04
       5.3359E-04  5.6814E-04  6.1874E-04  6.3770E-04  7.0743E-04  7.4165E-04  8.7952E-04  9.8856E-04  1.1594E-03  1.4185E-03
       1.7765E-03  2.3505E-03  3.4467E-03  5.1123E-03  7.5618E-03  1.1555E-02  1.7588E-02  2.6711E-02  3.9815E-02  5.8100E-02
       8.2669E-02  1.1521E-01  1.5558E-01  2.0409E-01  2.5872E-01  3.1938E-01  3.7996E-01  4.3633E-01  4.8310E-01  5.1658E-01
       5.3369E-01  5.2873E-01  5.0334E-01  4.6346E-01  4.0888E-01  3.4633E-01  2.8078E-01  2.1882E-01  1.6271E-01  1.1591E-01
       7.8781E-02  5.1789E-02  3.2248E-02  1.9012E-02  1.0793E-02  5.8034E-03  3.0362E-03  1.4845E-03  6.9420E-04  3.0163E-04
       1.1975E-04  5.3224E-05  1.5525E-05  3.6975E-06  3.6962E-06  1.4789E-06  0.0000E+00  0.0000E+00  0.0000E+00  0.0000E+00
       0.0000E+00  0.0000E+00  0.0000E+00  0.0000E+00  0.0000E+00  0.0000E+00  0.0000E+00  0.0000E+00  0.0000E+00  0.0000E+00
       0.0000E+00  0.0000E+00  0.0000E+00  0.0000E+00  0.0000E+00  0.0000E+00  0.0000E+00  0.0000E+00  0.0000E+00  0.0000E+00
       0.0000E+00  0.0000E+00  0.0000E+00  0.0000E+00  0.0000E+00  0.0000E+00  0.0000E+00  0.0000E+00  0.0000E+00  0.0000E+00
       0.0000E+00  0.0000E+00  0.0000E+00  0.0000E+00  0.0000E+00  0.0000E+00  0.0000E+00  0.0000E+00  0.0000E+00  0.0000E+00
       0.0000E+00  0.0000E+00  0.0000E+00  0.0000E+00  0.0000E+00  0.0000E+00  0.0000E+00  0.0000E+00  0.0000E+00  0.0000E+00
       0.0000E+00  0.0000E+00  0.0000E+00  0.0000E+00  0.0000E+00  0.0000E+00  0.0000E+00  0.0000E+00  0.0000E+00  0.0000E+00
       0.0000E+00  0.0000E+00  0.0000E+00  0.0000E+00  0.0000E+00  0.0000E+00  0.0000E+00  0.0000E+00  0.0000E+00  0.0000E+00
       0.0000E+00  0.0000E+00  0.0000E+00  0.0000E+00  0.0000E+00  0.0000E+00  0.0000E+00  0.0000E+00  0.0000E+00  0.0000E+00
       0.0000E+00  0.0000E+00  0.0000E+00  0.0000E+00  0.0000E+00  0.0000E+00  0.0000E+00  0.0000E+00  0.0000E+00  0.0000E+00
       0.0000E+00  0.0000E+00  0.0000E+00  0.0000E+00  0.0000E+00  0.0000E+00  0.0000E+00  0.0000E+00  0.0000E+00  0.0000E+00
       0.0000E+00  0.0000E+00  0.0000E+00  0.0000E+00  0.0000E+00  0.0000E+00  0.0000E+00  0.0000E+00  0.0000E+00  0.0000E+00
       0.0000E+00  0.0000E+00  0.0000E+00  0.0000E+00  0.0000E+00  0.0000E+00  0.0000E+00  0.0000E+00  0.0000E+00  0.0000E+00
       0.0000E+00  0.0000E+00  0.0000E+00  0.0000E+00  0.0000E+00  0.0000E+00  0.0000E+00  0.0000E+00  0.0000E+00  0.0000E+00
       0.0000E+00  0.0000E+00  0.0000E+00  0.0000E+00  0.0000E+00  0.0000E+00  0.0000E+00  0.0000E+00  0.0000E+00  0.0000E+00
       0.0000E+00  0.0000E+00  0.0000E+00  0.0000E+00  0.0000E+00  0.0000E+00  0.0000E+00  0.0000E+00  0.0000E+00  0.0000E+00
       0.0000E+00  0.0000E+00  0.0000E+00  0.0000E+00  0.0000E+00  0.0000E+00  0.0000E+00  0.0000E+00  0.0000E+00  0.0000E+00
       0.0000E+00  0.0000E+00  0.0000E+00  0.0000E+00  0.0000E+00  0.0000E+00  0.0000E+00  0.0000E+00  0.0000E+00  0.0000E+00
       0.0000E+00  0.0000E+00  0.0000E+00  0.0000E+00  0.0000E+00  0.0000E+00  0.0000E+00  0.0000E+00  0.0000E+00  0.0000E+00
       0.0000E+00  0.0000E+00  0.0000E+00  0.0000E+00  0.0000E+00  0.0000E+00  0.0000E+00  0.0000E+00  0.0000E+00  0.0000E+00
       0.0000E+00  0.0000E+00  0.0000E+00  0.0000E+00  0.0000E+00  0.0000E+00  0.0000E+00  0.0000E+00  0.0000E+00  0.0000E+00
       0.0000E+00  0.0000E+00  0.0000E+00  0.0000E+00  0.0000E+00  0.0000E+00  0.0000E+00  0.0000E+00  0.0000E+00  0.0000E+00
       0.0000E+00  0.0000E+00  0.0000E+00  0.0000E+00  0.0000E+00  0.0000E+00  0.0000E+00  0.0000E+00  0.0000E+00  0.0000E+00
       0.0000E+00  0.0000E+00  0.0000E+00  0.0000E+00  0.0000E+00  0.0000E+00  0.0000E+00  0.0000E+00  0.0000E+00  0.0000E+00
       0.0000E+00  0.0000E+00  0.0000E+00  0.0000E+00  0.0000E+00  0.0000E+00  0.0000E+00  0.0000E+00  0.0000E+00  0.0000E+00
       0.0000E+00  0.0000E+00  0.0000E+00  0.0000E+00  0.0000E+00  0.0000E+00  0.0000E+00  0.0000E+00  0.0000E+00  0.0000E+00
       0.0000E+00  0.0000E+00  0.0000E+00  0.0000E+00  0.0000E+00  0.0000E+00  0.0000E+00  0.0000E+00  0.0000E+00  0.0000E+00
       0.0000E+00  0.0000E+00  0.0000E+00  0.0000E+00  0.0000E+00  0.0000E+00  0.0000E+00  0.0000E+00  0.0000E+00  0.0000E+00
       0.0000E+00  0.0000E+00  0.0000E+00  0.0000E+00  0.0000E+00  0.0000E+00  0.0000E+00  0.0000E+00  0.0000E+00  0.0000E+00
       0.0000E+00  0.0000E+00  0.0000E+00  0.0000E+00  0.0000E+00  0.0000E+00  0.0000E+00  0.0000E+00  0.0000E+00  0.0000E+00
       0.0000E+00  0.0000E+00  0.0000E+00  0.0000E+00  0.0000E+00  0.0000E+00  0.0000E+00  0.0000E+00  0.0000E+00  0.0000E+00
       0.0000E+00  0.0000E+00  0.0000E+00  0.0000E+00  0.0000E+00  0.0000E+00  0.0000E+00  0.0000E+00  0.0000E+00  0.0000E+00
       0.0000E+00  0.0000E+00  0.0000E+00  0.0000E+00  0.0000E+00  0.0000E+00  0.0000E+00  0.0000E+00  0.0000E+00  0.0000E+00
       0.0000E+00  0.0000E+00  0.0000E+00  0.0000E+00  0.0000E+00  0.0000E+00  0.0000E+00  0.0000E+00  0.0000E+00  0.0000E+00
       0.0000E+00  0.0000E+00  0.0000E+00  0.0000E+00  0.0000E+00  0.0000E+00  0.0000E+00  0.0000E+00  0.0000E+00  0.0000E+00
       0.0000E+00  0.0000E+00  0.0000E+00  0.0000E+00  0.0000E+00  0.0000E+00  0.0000E+00  0.0000E+00  0.0000E+00  0.0000E+00
       0.0000E+00  0.0000E+00  0.0000E+00  0.0000E+00  0.0000E+00  0.0000E+00  0.0000E+00  0.0000E+00  0.0000E+00  0.0000E+00
1

   Bdrx n.   6  "ofluence  " , generalized particle n.    1, from region n.     5 to region n.     4
      detector area:  1.0000E+02 cm**2
      this is a one way only estimator
      this is a fluence like estimator
      linear energy binning from   0.0000E+00 to  3.0000E+02 GeV,     1 bins ( 3.0000E+02 GeV wide)
      linear angular binning from  0.0000E+00 to  6.2832E+00 sr ,     1 bins ( 6.2832E+00 sr wide )
      Data follow in a matrix A(ie,ia), format (1(5x,1p,10(1x,e11.4)))

       5.1715E-06
