
 *****  Protons in Lexan (0.10GeV, 2.0cm)                                                 *****

           DATE: 12/ 6/18,  TIME:  3:24:12

          Total number of particles followed       10000000, for a total weight of  1.0000E+07

1

   Res. nuclei n.   1  "Ian       " ,  all         products, region n.     5
      detector volume:  1.0000E+00 cm**3
      Max. Z:  10, Max. N-Z:  11 Min. N-Z: -4
      Data follow in a matrix A(z,n-z-k), k: -5 format (1(5x,1p,10(1x,e11.4)))

       0.0000E+00  0.0000E+00  0.0000E+00  0.0000E+00  0.0000E+00  0.0000E+00  0.0000E+00  0.0000E+00  0.0000E+00  0.0000E+00
       0.0000E+00  0.0000E+00  0.0000E+00  0.0000E+00  0.0000E+00  1.0300E-05  0.0000E+00  4.0000E-07  0.0000E+00  0.0000E+00
       0.0000E+00  0.0000E+00  0.0000E+00  0.0000E+00  1.2140E-04  1.5330E-04  3.2900E-05  2.4900E-05  0.0000E+00  0.0000E+00
       2.9344E-02  3.2693E-03  0.0000E+00  1.7788E-03  0.0000E+00  4.5780E-03  5.3000E-05  1.0348E-03  0.0000E+00  0.0000E+00
       6.2881E-03  3.1926E-02  2.4219E-03  0.0000E+00  1.4296E-03  1.4511E-02  5.7330E-04  1.6736E-03  0.0000E+00  2.0000E-07
       1.4732E-03  0.0000E+00  1.1705E-03  3.1510E-04  2.7422E-03  3.9470E-04  6.7920E-04  1.3000E-06  0.0000E+00  0.0000E+00
       0.0000E+00  4.3500E-05  7.5800E-05  1.3620E-04  2.3100E-05  6.6000E-05  2.4000E-06  2.9000E-06  0.0000E+00  0.0000E+00
       0.0000E+00  0.0000E+00  1.5000E-06  1.0000E-07  9.0000E-07  0.0000E+00  8.0000E-07  0.0000E+00  0.0000E+00  0.0000E+00
       0.0000E+00  0.0000E+00  0.0000E+00  0.0000E+00  0.0000E+00  0.0000E+00  0.0000E+00  0.0000E+00  0.0000E+00  0.0000E+00
       0.0000E+00  0.0000E+00  0.0000E+00  0.0000E+00  0.0000E+00  0.0000E+00  0.0000E+00  0.0000E+00  0.0000E+00  0.0000E+00
       0.0000E+00  0.0000E+00  0.0000E+00  0.0000E+00  0.0000E+00  0.0000E+00  0.0000E+00  0.0000E+00  0.0000E+00  0.0000E+00
       0.0000E+00  0.0000E+00  0.0000E+00  0.0000E+00  0.0000E+00  0.0000E+00  0.0000E+00  0.0000E+00  0.0000E+00  0.0000E+00
       0.0000E+00  0.0000E+00  0.0000E+00  0.0000E+00  0.0000E+00  0.0000E+00  0.0000E+00  0.0000E+00  0.0000E+00  0.0000E+00
       0.0000E+00  0.0000E+00  0.0000E+00  0.0000E+00  0.0000E+00  0.0000E+00  0.0000E+00  0.0000E+00  0.0000E+00  0.0000E+00
       0.0000E+00  0.0000E+00  0.0000E+00  0.0000E+00  0.0000E+00  0.0000E+00  0.0000E+00  0.0000E+00  0.0000E+00  0.0000E+00
       0.0000E+00  0.0000E+00  0.0000E+00  0.0000E+00  0.0000E+00  0.0000E+00  0.0000E+00  0.0000E+00  0.0000E+00  0.0000E+00
