
 *****  Protons in Lexan (0.17GeV, 1cm)                                                   *****

           DATE: 12/19/18,  TIME: 16:23:56

          Total number of particles followed       25000000, for a total weight of  2.5000E+07

1

   Bdrx n.   2  "ofluence  " , generalized particle n.    1, from region n.     5 to region n.     4
      detector area:  1.0000E+02 cm**2
      this is a one way only estimator
      this is a fluence like estimator
      linear energy binning from   9.0000E-02 to  2.2000E-01 GeV,   650 bins ( 2.0000E-04 GeV wide)
      linear angular binning from  0.0000E+00 to  6.2832E+00 sr ,     1 bins ( 6.2832E+00 sr wide )
      Data follow in a matrix A(ie,ia), format (1(5x,1p,10(1x,e11.4)))

       3.6723E-04  3.5704E-04  3.2832E-04  3.4000E-04  3.7097E-04  3.6086E-04  3.4580E-04  3.4249E-04  3.6613E-04  3.4430E-04
       3.4683E-04  3.5476E-04  3.5056E-04  3.5108E-04  3.4663E-04  3.3596E-04  3.2003E-04  3.3688E-04  3.4120E-04  3.4714E-04
       3.4142E-04  3.6529E-04  3.7843E-04  3.4159E-04  3.5807E-04  3.6899E-04  3.3517E-04  3.5252E-04  3.2302E-04  3.3192E-04
       3.4613E-04  3.5128E-04  3.7124E-04  3.4481E-04  3.3453E-04  3.4060E-04  3.3506E-04  3.3092E-04  3.5957E-04  3.4441E-04
       3.3303E-04  3.3902E-04  3.1321E-04  3.4861E-04  3.3467E-04  3.4262E-04  3.5071E-04  3.5063E-04  3.5511E-04  3.4547E-04
       3.4646E-04  3.2039E-04  3.4355E-04  3.4020E-04  3.3837E-04  3.3743E-04  3.3304E-04  3.3616E-04  3.3202E-04  3.4059E-04
       3.3754E-04  3.2997E-04  3.3044E-04  3.2824E-04  3.2435E-04  3.5279E-04  3.4353E-04  3.3533E-04  3.2687E-04  3.2062E-04
       3.4449E-04  3.3362E-04  3.6790E-04  3.4405E-04  3.3776E-04  3.4577E-04  3.4582E-04  3.1833E-04  3.4483E-04  3.3898E-04
       3.2930E-04  3.2764E-04  3.5631E-04  3.2130E-04  3.3436E-04  3.3255E-04  3.3196E-04  3.4334E-04  3.3823E-04  3.2774E-04
       3.3230E-04  3.3275E-04  3.4099E-04  3.4763E-04  3.4215E-04  3.4839E-04  3.3043E-04  3.4022E-04  3.4046E-04  3.4238E-04
       3.3717E-04  3.3290E-04  3.1465E-04  3.4922E-04  3.3575E-04  3.2385E-04  3.1250E-04  3.2871E-04  3.2699E-04  3.3918E-04
       3.3704E-04  3.3918E-04  3.4019E-04  3.4478E-04  3.3625E-04  3.2217E-04  3.3671E-04  3.2768E-04  3.1637E-04  3.2780E-04
       3.2050E-04  3.3758E-04  3.2066E-04  3.3675E-04  3.4374E-04  3.3960E-04  3.3244E-04  3.4103E-04  3.1668E-04  3.2105E-04
       3.3396E-04  3.1601E-04  3.3086E-04  3.3507E-04  3.3922E-04  3.1584E-04  3.2987E-04  3.3134E-04  3.2152E-04  3.2580E-04
       3.3206E-04  3.2182E-04  3.0666E-04  3.1622E-04  3.2694E-04  3.0652E-04  2.8114E-04  3.2919E-04  3.0412E-04  3.1868E-04
       2.9557E-04  3.3955E-04  3.0472E-04  3.2801E-04  3.1649E-04  3.1351E-04  3.1065E-04  3.0668E-04  3.2802E-04  2.9292E-04
       2.9689E-04  3.1004E-04  3.0515E-04  3.1175E-04  3.0547E-04  3.2130E-04  3.1350E-04  3.0598E-04  3.1748E-04  3.0485E-04
       3.0529E-04  3.0760E-04  2.9391E-04  3.0741E-04  3.0213E-04  2.9850E-04  3.0361E-04  2.9004E-04  3.0362E-04  2.9083E-04
       2.7274E-04  2.7651E-04  2.8034E-04  2.9592E-04  3.0425E-04  2.7551E-04  2.7996E-04  3.0089E-04  2.8367E-04  2.7168E-04
       2.7996E-04  2.7320E-04  2.7252E-04  2.7499E-04  2.8392E-04  2.6946E-04  2.6060E-04  2.8212E-04  2.7255E-04  2.6508E-04
       2.7623E-04  2.7148E-04  2.6705E-04  2.3929E-04  2.6639E-04  2.8576E-04  2.5383E-04  2.6350E-04  2.5591E-04  2.4517E-04
       2.3951E-04  2.6780E-04  2.5033E-04  2.6316E-04  2.6066E-04  2.4361E-04  2.5802E-04  2.4241E-04  2.6154E-04  2.4641E-04
       2.4749E-04  2.4852E-04  2.4588E-04  2.4074E-04  2.4020E-04  2.3553E-04  2.3785E-04  2.5390E-04  2.5305E-04  2.4602E-04
       2.3538E-04  2.2854E-04  2.3946E-04  2.3885E-04  2.2737E-04  2.2351E-04  2.4824E-04  2.2618E-04  2.3276E-04  2.3052E-04
       2.1940E-04  2.3571E-04  2.2266E-04  2.2570E-04  2.1450E-04  2.2600E-04  2.2444E-04  2.1771E-04  2.2173E-04  2.0742E-04
       2.0381E-04  1.9630E-04  2.0441E-04  2.1881E-04  2.1242E-04  2.0583E-04  2.1743E-04  1.7980E-04  1.9160E-04  1.9543E-04
       1.9390E-04  1.8756E-04  1.9240E-04  1.8814E-04  1.8877E-04  1.7655E-04  1.9737E-04  1.8305E-04  1.7585E-04  1.8551E-04
       1.8157E-04  1.8797E-04  1.7782E-04  1.5617E-04  1.6584E-04  1.5882E-04  1.6230E-04  1.4985E-04  1.4802E-04  1.5010E-04
       1.4294E-04  1.3703E-04  1.3198E-04  1.2816E-04  1.2315E-04  1.2648E-04  1.2013E-04  1.0656E-04  1.0709E-04  9.7743E-05
       9.3605E-05  1.1438E-04  9.3594E-05  9.2922E-05  8.8371E-05  9.2322E-05  8.5891E-05  9.8584E-05  8.8949E-05  8.5324E-05
       9.3484E-05  9.3981E-05  8.5104E-05  9.9698E-05  1.0791E-04  1.0671E-04  1.2902E-04  1.2309E-04  1.3114E-04  1.2929E-04
       1.4498E-04  1.5701E-04  1.6354E-04  1.7309E-04  1.8044E-04  1.9183E-04  2.3377E-04  1.8484E-04  1.9598E-04  2.1223E-04
       2.1602E-04  2.5125E-04  3.5424E-04  5.5070E-04  9.1719E-04  1.6837E-03  3.1042E-03  5.7388E-03  1.0562E-02  1.8834E-02
       3.2563E-02  5.4214E-02  8.6383E-02  1.3273E-01  1.9304E-01  2.6937E-01  3.5896E-01  4.5539E-01  5.4960E-01  6.3128E-01
       6.8894E-01  7.1224E-01  6.9808E-01  6.4809E-01  5.7086E-01  4.7539E-01  3.7342E-01  2.7735E-01  1.9378E-01  1.2785E-01
       7.9354E-02  4.6594E-02  2.5684E-02  1.3320E-02  6.4636E-03  2.9919E-03  1.2801E-03  5.0013E-04  2.0343E-04  7.3221E-05
       2.2602E-05  6.6854E-06  2.2283E-06  9.5508E-07  0.0000E+00  0.0000E+00  0.0000E+00  0.0000E+00  0.0000E+00  0.0000E+00
       0.0000E+00  0.0000E+00  0.0000E+00  0.0000E+00  0.0000E+00  0.0000E+00  0.0000E+00  0.0000E+00  0.0000E+00  0.0000E+00
       0.0000E+00  0.0000E+00  0.0000E+00  0.0000E+00  0.0000E+00  0.0000E+00  0.0000E+00  0.0000E+00  0.0000E+00  0.0000E+00
       0.0000E+00  0.0000E+00  0.0000E+00  0.0000E+00  0.0000E+00  0.0000E+00  0.0000E+00  0.0000E+00  0.0000E+00  0.0000E+00
       0.0000E+00  0.0000E+00  0.0000E+00  0.0000E+00  0.0000E+00  0.0000E+00  0.0000E+00  0.0000E+00  0.0000E+00  0.0000E+00
       0.0000E+00  0.0000E+00  0.0000E+00  0.0000E+00  0.0000E+00  0.0000E+00  0.0000E+00  0.0000E+00  0.0000E+00  0.0000E+00
       0.0000E+00  0.0000E+00  0.0000E+00  0.0000E+00  0.0000E+00  0.0000E+00  0.0000E+00  0.0000E+00  0.0000E+00  0.0000E+00
       0.0000E+00  0.0000E+00  0.0000E+00  0.0000E+00  0.0000E+00  0.0000E+00  0.0000E+00  0.0000E+00  0.0000E+00  0.0000E+00
       0.0000E+00  0.0000E+00  0.0000E+00  0.0000E+00  0.0000E+00  0.0000E+00  0.0000E+00  0.0000E+00  0.0000E+00  0.0000E+00
       0.0000E+00  0.0000E+00  0.0000E+00  0.0000E+00  0.0000E+00  0.0000E+00  0.0000E+00  0.0000E+00  0.0000E+00  0.0000E+00
       0.0000E+00  0.0000E+00  0.0000E+00  0.0000E+00  0.0000E+00  0.0000E+00  0.0000E+00  0.0000E+00  0.0000E+00  0.0000E+00
       0.0000E+00  0.0000E+00  0.0000E+00  0.0000E+00  0.0000E+00  0.0000E+00  0.0000E+00  0.0000E+00  0.0000E+00  0.0000E+00
       0.0000E+00  0.0000E+00  0.0000E+00  0.0000E+00  0.0000E+00  0.0000E+00  0.0000E+00  0.0000E+00  0.0000E+00  0.0000E+00
       0.0000E+00  0.0000E+00  0.0000E+00  0.0000E+00  0.0000E+00  0.0000E+00  0.0000E+00  0.0000E+00  0.0000E+00  0.0000E+00
       0.0000E+00  0.0000E+00  0.0000E+00  0.0000E+00  0.0000E+00  0.0000E+00  0.0000E+00  0.0000E+00  0.0000E+00  0.0000E+00
       0.0000E+00  0.0000E+00  0.0000E+00  0.0000E+00  0.0000E+00  0.0000E+00  0.0000E+00  0.0000E+00  0.0000E+00  0.0000E+00
       0.0000E+00  0.0000E+00  0.0000E+00  0.0000E+00  0.0000E+00  0.0000E+00  0.0000E+00  0.0000E+00  0.0000E+00  0.0000E+00
       0.0000E+00  0.0000E+00  0.0000E+00  0.0000E+00  0.0000E+00  0.0000E+00  0.0000E+00  0.0000E+00  0.0000E+00  0.0000E+00
       0.0000E+00  0.0000E+00  0.0000E+00  0.0000E+00  0.0000E+00  0.0000E+00  0.0000E+00  0.0000E+00  0.0000E+00  0.0000E+00
       0.0000E+00  0.0000E+00  0.0000E+00  0.0000E+00  0.0000E+00  0.0000E+00  0.0000E+00  0.0000E+00  0.0000E+00  0.0000E+00
       0.0000E+00  0.0000E+00  0.0000E+00  0.0000E+00  0.0000E+00  0.0000E+00  0.0000E+00  0.0000E+00  0.0000E+00  0.0000E+00
       0.0000E+00  0.0000E+00  0.0000E+00  0.0000E+00  0.0000E+00  0.0000E+00  0.0000E+00  0.0000E+00  0.0000E+00  0.0000E+00
       0.0000E+00  0.0000E+00  0.0000E+00  0.0000E+00  0.0000E+00  0.0000E+00  0.0000E+00  0.0000E+00  0.0000E+00  0.0000E+00
       0.0000E+00  0.0000E+00  0.0000E+00  0.0000E+00  0.0000E+00  0.0000E+00  0.0000E+00  0.0000E+00  0.0000E+00  0.0000E+00
       0.0000E+00  0.0000E+00  0.0000E+00  0.0000E+00  0.0000E+00  0.0000E+00  0.0000E+00  0.0000E+00  0.0000E+00  0.0000E+00
       0.0000E+00  0.0000E+00  0.0000E+00  0.0000E+00  0.0000E+00  0.0000E+00  0.0000E+00  0.0000E+00  0.0000E+00  0.0000E+00
       0.0000E+00  0.0000E+00  0.0000E+00  0.0000E+00  0.0000E+00  0.0000E+00  0.0000E+00  0.0000E+00  0.0000E+00  0.0000E+00
       0.0000E+00  0.0000E+00  0.0000E+00  0.0000E+00  0.0000E+00  0.0000E+00  0.0000E+00  0.0000E+00  0.0000E+00  0.0000E+00
       0.0000E+00  0.0000E+00  0.0000E+00  0.0000E+00  0.0000E+00  0.0000E+00  0.0000E+00  0.0000E+00  0.0000E+00  0.0000E+00
1

   Bdrx n.   6  "ofluence  " , generalized particle n.    1, from region n.     5 to region n.     4
      detector area:  1.0000E+02 cm**2
      this is a one way only estimator
      this is a fluence like estimator
      linear energy binning from   0.0000E+00 to  3.0000E+02 GeV,     1 bins ( 3.0000E+02 GeV wide)
      linear angular binning from  0.0000E+00 to  6.2832E+00 sr ,     1 bins ( 6.2832E+00 sr wide )
      Data follow in a matrix A(ie,ia), format (1(5x,1p,10(1x,e11.4)))

       5.3188E-06
