
 *****  Protons in Lexan (0.17GeV, 1cm)                                                   *****

           DATE: 12/19/18,  TIME: 16:23:56

          Total number of particles followed       25000000, for a total weight of  2.5000E+07

1

   Res. nuclei n.   1  "Ian       " ,  all         products, region n.     5
      detector volume:  1.0000E+00 cm**3
      Max. Z:  10, Max. N-Z:  11 Min. N-Z: -4
      Data follow in a matrix A(z,n-z-k), k: -5 format (1(5x,1p,10(1x,e11.4)))

       0.0000E+00  0.0000E+00  0.0000E+00  0.0000E+00  0.0000E+00  0.0000E+00  0.0000E+00  0.0000E+00  0.0000E+00  0.0000E+00
       0.0000E+00  0.0000E+00  0.0000E+00  0.0000E+00  0.0000E+00  1.4840E-05  0.0000E+00  8.0000E-07  0.0000E+00  0.0000E+00
       0.0000E+00  0.0000E+00  0.0000E+00  0.0000E+00  1.1172E-04  2.0032E-04  2.6960E-05  4.1840E-05  0.0000E+00  0.0000E+00
       2.3660E-02  3.0796E-03  0.0000E+00  1.4384E-03  0.0000E+00  4.2204E-03  5.9240E-05  1.0059E-03  0.0000E+00  0.0000E+00
       5.6241E-03  2.4032E-02  1.9830E-03  0.0000E+00  1.4004E-03  6.3132E-03  4.7104E-04  7.3198E-04  8.0000E-08  3.2000E-07
       1.5342E-03  0.0000E+00  1.0312E-03  2.9207E-04  2.4816E-03  2.7498E-04  6.1918E-04  1.5696E-06  4.0000E-08  0.0000E+00
       0.0000E+00  6.3720E-05  8.6400E-05  1.7216E-04  2.7737E-05  5.9200E-05  1.4829E-06  1.1600E-06  0.0000E+00  0.0000E+00
       0.0000E+00  0.0000E+00  5.7200E-06  1.0000E-06  1.6400E-06  8.0000E-08  8.0000E-07  0.0000E+00  0.0000E+00  0.0000E+00
       0.0000E+00  4.0000E-08  0.0000E+00  4.0000E-08  0.0000E+00  0.0000E+00  0.0000E+00  0.0000E+00  0.0000E+00  0.0000E+00
       0.0000E+00  0.0000E+00  0.0000E+00  0.0000E+00  0.0000E+00  0.0000E+00  0.0000E+00  0.0000E+00  0.0000E+00  0.0000E+00
       0.0000E+00  0.0000E+00  0.0000E+00  0.0000E+00  0.0000E+00  0.0000E+00  0.0000E+00  0.0000E+00  0.0000E+00  0.0000E+00
       0.0000E+00  0.0000E+00  0.0000E+00  0.0000E+00  0.0000E+00  0.0000E+00  0.0000E+00  0.0000E+00  0.0000E+00  0.0000E+00
       0.0000E+00  0.0000E+00  0.0000E+00  0.0000E+00  0.0000E+00  0.0000E+00  0.0000E+00  0.0000E+00  0.0000E+00  0.0000E+00
       0.0000E+00  0.0000E+00  0.0000E+00  0.0000E+00  0.0000E+00  0.0000E+00  0.0000E+00  0.0000E+00  0.0000E+00  0.0000E+00
       0.0000E+00  0.0000E+00  0.0000E+00  0.0000E+00  0.0000E+00  0.0000E+00  0.0000E+00  0.0000E+00  0.0000E+00  0.0000E+00
       0.0000E+00  0.0000E+00  0.0000E+00  0.0000E+00  0.0000E+00  0.0000E+00  0.0000E+00  0.0000E+00  0.0000E+00  0.0000E+00
