
 *****  Protons in Lexan (0.17GeV, 1cm)                                                   *****

           DATE: 12/19/18,  TIME: 16:23:56

          Total number of particles followed       25000000, for a total weight of  2.5000E+07

1

   Bdrx n.   4  "ocurrent  " , generalized particle n.    1, from region n.     5 to region n.     4
      detector area:  1.0000E+02 cm**2
      this is a one way only estimator
      this is a current like estimator
      linear energy binning from   9.0000E-02 to  2.2000E-01 GeV,   650 bins ( 2.0000E-04 GeV wide)
      linear angular binning from  0.0000E+00 to  6.2832E+00 sr ,     1 bins ( 6.2832E+00 sr wide )
      Data follow in a matrix A(ie,ia), format (1(5x,1p,10(1x,e11.4)))

       2.8075E-04  2.7438E-04  2.4637E-04  2.6674E-04  2.8234E-04  2.7566E-04  2.6579E-04  2.6802E-04  2.7470E-04  2.6643E-04
       2.6579E-04  2.7661E-04  2.7406E-04  2.7343E-04  2.6834E-04  2.6038E-04  2.5274E-04  2.6643E-04  2.7025E-04  2.7279E-04
       2.6738E-04  2.8457E-04  2.8807E-04  2.6611E-04  2.7916E-04  2.9348E-04  2.6324E-04  2.7979E-04  2.5306E-04  2.6420E-04
       2.7184E-04  2.8107E-04  2.8903E-04  2.7534E-04  2.6515E-04  2.6834E-04  2.6388E-04  2.6483E-04  2.8234E-04  2.7247E-04
       2.6643E-04  2.6929E-04  2.4987E-04  2.7979E-04  2.6483E-04  2.7534E-04  2.7884E-04  2.8234E-04  2.8616E-04  2.7470E-04
       2.7852E-04  2.5719E-04  2.7534E-04  2.7534E-04  2.7438E-04  2.7502E-04  2.6802E-04  2.7215E-04  2.7215E-04  2.7597E-04
       2.7088E-04  2.6706E-04  2.6865E-04  2.6674E-04  2.6611E-04  2.8807E-04  2.7757E-04  2.7311E-04  2.6643E-04  2.6324E-04
       2.7788E-04  2.7406E-04  3.0144E-04  2.8298E-04  2.7820E-04  2.8616E-04  2.7597E-04  2.6165E-04  2.8234E-04  2.7884E-04
       2.7152E-04  2.7025E-04  2.8934E-04  2.6897E-04  2.7184E-04  2.7502E-04  2.7534E-04  2.8202E-04  2.8107E-04  2.7215E-04
       2.7597E-04  2.7661E-04  2.7948E-04  2.8807E-04  2.8298E-04  2.8616E-04  2.7343E-04  2.8107E-04  2.8393E-04  2.8202E-04
       2.8266E-04  2.7820E-04  2.6133E-04  2.8903E-04  2.7470E-04  2.7534E-04  2.6229E-04  2.8043E-04  2.7470E-04  2.8298E-04
       2.7916E-04  2.8489E-04  2.9030E-04  2.9062E-04  2.8234E-04  2.7247E-04  2.8489E-04  2.7629E-04  2.6643E-04  2.7566E-04
       2.7120E-04  2.8680E-04  2.7343E-04  2.8584E-04  2.9221E-04  2.8998E-04  2.8298E-04  2.8807E-04  2.7088E-04  2.7215E-04
       2.8425E-04  2.6961E-04  2.8139E-04  2.8648E-04  2.8998E-04  2.7438E-04  2.8266E-04  2.7916E-04  2.7438E-04  2.7788E-04
       2.8521E-04  2.7215E-04  2.6515E-04  2.7438E-04  2.8011E-04  2.6452E-04  2.4446E-04  2.8393E-04  2.6165E-04  2.8107E-04
       2.6101E-04  2.9730E-04  2.6452E-04  2.7852E-04  2.7566E-04  2.7311E-04  2.7025E-04  2.6611E-04  2.8616E-04  2.5751E-04
       2.5974E-04  2.7247E-04  2.6706E-04  2.7279E-04  2.6802E-04  2.8234E-04  2.7343E-04  2.6865E-04  2.7884E-04  2.6802E-04
       2.6961E-04  2.7056E-04  2.5974E-04  2.7088E-04  2.6356E-04  2.6229E-04  2.6706E-04  2.5306E-04  2.6865E-04  2.5688E-04
       2.4160E-04  2.4765E-04  2.4701E-04  2.6292E-04  2.7025E-04  2.4446E-04  2.4892E-04  2.6452E-04  2.5306E-04  2.4414E-04
       2.4765E-04  2.4223E-04  2.4287E-04  2.4478E-04  2.5210E-04  2.4255E-04  2.3268E-04  2.5242E-04  2.4383E-04  2.3650E-04
       2.4637E-04  2.4351E-04  2.3746E-04  2.1581E-04  2.3937E-04  2.5592E-04  2.3014E-04  2.3746E-04  2.3141E-04  2.1836E-04
       2.1454E-04  2.4255E-04  2.2664E-04  2.3491E-04  2.3459E-04  2.2154E-04  2.3396E-04  2.1900E-04  2.3746E-04  2.2314E-04
       2.2282E-04  2.2600E-04  2.2154E-04  2.1868E-04  2.1868E-04  2.1581E-04  2.1677E-04  2.3077E-04  2.3173E-04  2.2345E-04
       2.1486E-04  2.0658E-04  2.1963E-04  2.1677E-04  2.0754E-04  2.0404E-04  2.2600E-04  2.0754E-04  2.1327E-04  2.1231E-04
       2.0181E-04  2.1709E-04  2.0467E-04  2.0913E-04  1.9863E-04  2.0881E-04  2.0817E-04  2.0022E-04  2.0563E-04  1.9258E-04
       1.8780E-04  1.8144E-04  1.8844E-04  2.0308E-04  1.9703E-04  1.9130E-04  2.0117E-04  1.6679E-04  1.7794E-04  1.8207E-04
       1.8048E-04  1.7443E-04  1.7985E-04  1.7412E-04  1.7603E-04  1.6488E-04  1.8303E-04  1.7189E-04  1.6425E-04  1.7412E-04
       1.6998E-04  1.7539E-04  1.6616E-04  1.4642E-04  1.5438E-04  1.4865E-04  1.5088E-04  1.4037E-04  1.3783E-04  1.4101E-04
       1.3337E-04  1.2764E-04  1.2319E-04  1.1905E-04  1.1459E-04  1.1714E-04  1.1077E-04  9.8039E-05  9.7403E-05  8.8490E-05
       8.4989E-05  8.4670E-05  8.5625E-05  8.4670E-05  7.8623E-05  8.3079E-05  7.7986E-05  8.7217E-05  8.0851E-05  7.8623E-05
       8.4989E-05  8.5307E-05  7.7668E-05  8.9763E-05  9.8358E-05  9.8358E-05  1.1809E-04  1.1395E-04  1.2096E-04  1.2064E-04
       1.3401E-04  1.4610E-04  1.5343E-04  1.6266E-04  1.7093E-04  1.8016E-04  1.8271E-04  1.7412E-04  1.8653E-04  1.9926E-04
       2.0372E-04  2.3619E-04  3.3645E-04  5.3317E-04  8.9445E-04  1.6568E-03  3.0758E-03  5.7041E-03  1.0518E-02  1.8783E-02
       3.2503E-02  5.4139E-02  8.6296E-02  1.3263E-01  1.9292E-01  2.6922E-01  3.5881E-01  4.5522E-01  5.4942E-01  6.3110E-01
       6.8877E-01  7.1207E-01  6.9793E-01  6.4796E-01  5.7075E-01  4.7531E-01  3.7335E-01  2.7730E-01  1.9375E-01  1.2783E-01
       7.9342E-02  4.6587E-02  2.5681E-02  1.3318E-02  6.4626E-03  2.9915E-03  1.2799E-03  5.0006E-04  2.0340E-04  7.3211E-05
       2.2600E-05  6.6845E-06  2.2282E-06  9.5493E-07  0.0000E+00  0.0000E+00  0.0000E+00  0.0000E+00  0.0000E+00  0.0000E+00
       0.0000E+00  0.0000E+00  0.0000E+00  0.0000E+00  0.0000E+00  0.0000E+00  0.0000E+00  0.0000E+00  0.0000E+00  0.0000E+00
       0.0000E+00  0.0000E+00  0.0000E+00  0.0000E+00  0.0000E+00  0.0000E+00  0.0000E+00  0.0000E+00  0.0000E+00  0.0000E+00
       0.0000E+00  0.0000E+00  0.0000E+00  0.0000E+00  0.0000E+00  0.0000E+00  0.0000E+00  0.0000E+00  0.0000E+00  0.0000E+00
       0.0000E+00  0.0000E+00  0.0000E+00  0.0000E+00  0.0000E+00  0.0000E+00  0.0000E+00  0.0000E+00  0.0000E+00  0.0000E+00
       0.0000E+00  0.0000E+00  0.0000E+00  0.0000E+00  0.0000E+00  0.0000E+00  0.0000E+00  0.0000E+00  0.0000E+00  0.0000E+00
       0.0000E+00  0.0000E+00  0.0000E+00  0.0000E+00  0.0000E+00  0.0000E+00  0.0000E+00  0.0000E+00  0.0000E+00  0.0000E+00
       0.0000E+00  0.0000E+00  0.0000E+00  0.0000E+00  0.0000E+00  0.0000E+00  0.0000E+00  0.0000E+00  0.0000E+00  0.0000E+00
       0.0000E+00  0.0000E+00  0.0000E+00  0.0000E+00  0.0000E+00  0.0000E+00  0.0000E+00  0.0000E+00  0.0000E+00  0.0000E+00
       0.0000E+00  0.0000E+00  0.0000E+00  0.0000E+00  0.0000E+00  0.0000E+00  0.0000E+00  0.0000E+00  0.0000E+00  0.0000E+00
       0.0000E+00  0.0000E+00  0.0000E+00  0.0000E+00  0.0000E+00  0.0000E+00  0.0000E+00  0.0000E+00  0.0000E+00  0.0000E+00
       0.0000E+00  0.0000E+00  0.0000E+00  0.0000E+00  0.0000E+00  0.0000E+00  0.0000E+00  0.0000E+00  0.0000E+00  0.0000E+00
       0.0000E+00  0.0000E+00  0.0000E+00  0.0000E+00  0.0000E+00  0.0000E+00  0.0000E+00  0.0000E+00  0.0000E+00  0.0000E+00
       0.0000E+00  0.0000E+00  0.0000E+00  0.0000E+00  0.0000E+00  0.0000E+00  0.0000E+00  0.0000E+00  0.0000E+00  0.0000E+00
       0.0000E+00  0.0000E+00  0.0000E+00  0.0000E+00  0.0000E+00  0.0000E+00  0.0000E+00  0.0000E+00  0.0000E+00  0.0000E+00
       0.0000E+00  0.0000E+00  0.0000E+00  0.0000E+00  0.0000E+00  0.0000E+00  0.0000E+00  0.0000E+00  0.0000E+00  0.0000E+00
       0.0000E+00  0.0000E+00  0.0000E+00  0.0000E+00  0.0000E+00  0.0000E+00  0.0000E+00  0.0000E+00  0.0000E+00  0.0000E+00
       0.0000E+00  0.0000E+00  0.0000E+00  0.0000E+00  0.0000E+00  0.0000E+00  0.0000E+00  0.0000E+00  0.0000E+00  0.0000E+00
       0.0000E+00  0.0000E+00  0.0000E+00  0.0000E+00  0.0000E+00  0.0000E+00  0.0000E+00  0.0000E+00  0.0000E+00  0.0000E+00
       0.0000E+00  0.0000E+00  0.0000E+00  0.0000E+00  0.0000E+00  0.0000E+00  0.0000E+00  0.0000E+00  0.0000E+00  0.0000E+00
       0.0000E+00  0.0000E+00  0.0000E+00  0.0000E+00  0.0000E+00  0.0000E+00  0.0000E+00  0.0000E+00  0.0000E+00  0.0000E+00
       0.0000E+00  0.0000E+00  0.0000E+00  0.0000E+00  0.0000E+00  0.0000E+00  0.0000E+00  0.0000E+00  0.0000E+00  0.0000E+00
       0.0000E+00  0.0000E+00  0.0000E+00  0.0000E+00  0.0000E+00  0.0000E+00  0.0000E+00  0.0000E+00  0.0000E+00  0.0000E+00
       0.0000E+00  0.0000E+00  0.0000E+00  0.0000E+00  0.0000E+00  0.0000E+00  0.0000E+00  0.0000E+00  0.0000E+00  0.0000E+00
       0.0000E+00  0.0000E+00  0.0000E+00  0.0000E+00  0.0000E+00  0.0000E+00  0.0000E+00  0.0000E+00  0.0000E+00  0.0000E+00
       0.0000E+00  0.0000E+00  0.0000E+00  0.0000E+00  0.0000E+00  0.0000E+00  0.0000E+00  0.0000E+00  0.0000E+00  0.0000E+00
       0.0000E+00  0.0000E+00  0.0000E+00  0.0000E+00  0.0000E+00  0.0000E+00  0.0000E+00  0.0000E+00  0.0000E+00  0.0000E+00
       0.0000E+00  0.0000E+00  0.0000E+00  0.0000E+00  0.0000E+00  0.0000E+00  0.0000E+00  0.0000E+00  0.0000E+00  0.0000E+00
       0.0000E+00  0.0000E+00  0.0000E+00  0.0000E+00  0.0000E+00  0.0000E+00  0.0000E+00  0.0000E+00  0.0000E+00  0.0000E+00
