
 *****  Protons in Lexan (0.23GeV, 1.0cm)                                                 *****

           DATE: 12/13/18,  TIME:  4:14:43

          Total number of particles followed        1000000, for a total weight of  1.0000E+06

1

   Res. nuclei n.   1  "Ian       " ,  all         products, region n.     5
      detector volume:  1.0000E+00 cm**3
      Max. Z:  10, Max. N-Z:  11 Min. N-Z: -4
      Data follow in a matrix A(z,n-z-k), k: -5 format (1(5x,1p,10(1x,e11.4)))

       0.0000E+00  0.0000E+00  0.0000E+00  0.0000E+00  0.0000E+00  0.0000E+00  0.0000E+00  0.0000E+00  0.0000E+00  0.0000E+00
       0.0000E+00  0.0000E+00  0.0000E+00  0.0000E+00  0.0000E+00  9.0000E-05  0.0000E+00  2.2000E-05  0.0000E+00  0.0000E+00
       0.0000E+00  0.0000E+00  0.0000E+00  0.0000E+00  7.2400E-04  1.3050E-03  2.7900E-04  2.0110E-03  0.0000E+00  0.0000E+00
       5.2753E+00  1.7728E-02  0.0000E+00  5.8210E-03  0.0000E+00  1.5575E-02  3.3140E-03  5.7874E-02  2.0000E-06  0.0000E+00
       3.8326E+00  2.3834E-01  1.4719E-02  0.0000E+00  8.7590E-03  5.3777E-02  2.8606E-02  7.6745E-02  1.1000E-05  1.5000E-05
       9.4402E-03  0.0000E+00  4.8950E-03  2.9124E-03  1.3610E-02  1.4457E-02  4.3565E-02  1.0567E-04  0.0000E+00  0.0000E+00
       0.0000E+00  4.0100E-04  6.5400E-04  1.6330E-03  4.9900E-04  3.7520E-03  3.0341E-04  1.0400E-04  0.0000E+00  0.0000E+00
       0.0000E+00  0.0000E+00  6.7000E-05  2.4000E-05  8.2000E-05  1.2000E-05  4.6000E-05  0.0000E+00  0.0000E+00  0.0000E+00
       0.0000E+00  1.0000E-06  0.0000E+00  1.0000E-06  1.0000E-06  0.0000E+00  2.0000E-06  0.0000E+00  0.0000E+00  0.0000E+00
       0.0000E+00  0.0000E+00  0.0000E+00  0.0000E+00  0.0000E+00  0.0000E+00  0.0000E+00  0.0000E+00  0.0000E+00  0.0000E+00
       0.0000E+00  0.0000E+00  0.0000E+00  0.0000E+00  0.0000E+00  0.0000E+00  0.0000E+00  0.0000E+00  0.0000E+00  0.0000E+00
       0.0000E+00  0.0000E+00  0.0000E+00  0.0000E+00  0.0000E+00  0.0000E+00  0.0000E+00  0.0000E+00  0.0000E+00  0.0000E+00
       0.0000E+00  0.0000E+00  0.0000E+00  0.0000E+00  0.0000E+00  0.0000E+00  0.0000E+00  0.0000E+00  0.0000E+00  0.0000E+00
       0.0000E+00  0.0000E+00  0.0000E+00  0.0000E+00  0.0000E+00  0.0000E+00  0.0000E+00  0.0000E+00  0.0000E+00  0.0000E+00
       0.0000E+00  0.0000E+00  0.0000E+00  0.0000E+00  0.0000E+00  0.0000E+00  0.0000E+00  0.0000E+00  0.0000E+00  0.0000E+00
       0.0000E+00  0.0000E+00  0.0000E+00  0.0000E+00  0.0000E+00  0.0000E+00  0.0000E+00  0.0000E+00  0.0000E+00  0.0000E+00
