
 *****  Protons in Lexan (0.24GeV, 0cm)                                                   *****

           DATE: 12/21/18,  TIME:  1:41:14

          Total number of particles followed       50000000, for a total weight of  5.0000E+07

1

   Bdrx n.   4  "ocurrent  " , generalized particle n.    1, from region n.     5 to region n.     4
      detector area:  1.0000E+02 cm**2
      this is a one way only estimator
      this is a current like estimator
      linear energy binning from   1.6000E-01 to  2.9000E-01 GeV,   650 bins ( 2.0000E-04 GeV wide)
      linear angular binning from  0.0000E+00 to  6.2832E+00 sr ,     1 bins ( 6.2832E+00 sr wide )
      Data follow in a matrix A(ie,ia), format (1(5x,1p,10(1x,e11.4)))

       1.0727E-04  1.1921E-04  1.0393E-04  1.0807E-04  1.0584E-04  1.1300E-04  1.1077E-04  1.0313E-04  1.0600E-04  1.0441E-04
       1.0011E-04  1.0679E-04  1.1698E-04  1.0679E-04  1.0886E-04  1.0520E-04  1.0106E-04  1.0393E-04  1.0552E-04  1.0377E-04
       1.1332E-04  1.0170E-04  1.0870E-04  1.0313E-04  1.0043E-04  1.1061E-04  1.0377E-04  1.1236E-04  1.0647E-04  1.0727E-04
       1.0409E-04  1.0600E-04  1.0854E-04  1.1125E-04  1.0695E-04  1.0695E-04  1.0934E-04  1.0711E-04  1.0138E-04  1.1618E-04
       1.0202E-04  1.0584E-04  1.0345E-04  1.1459E-04  9.9313E-05  1.0823E-04  1.0759E-04  1.0425E-04  1.0218E-04  1.0313E-04
       1.0043E-04  1.0075E-04  1.0488E-04  9.9154E-05  1.0695E-04  1.1157E-04  9.9790E-05  1.0345E-04  1.0823E-04  1.1809E-04
       1.0584E-04  9.8676E-05  1.1061E-04  1.0552E-04  1.0297E-04  1.0918E-04  1.0870E-04  1.0138E-04  9.6289E-05  1.0584E-04
       1.0775E-04  1.1268E-04  1.0998E-04  1.0711E-04  1.1189E-04  1.0552E-04  1.1300E-04  1.1252E-04  1.1014E-04  1.0393E-04
       1.0711E-04  1.0854E-04  1.0425E-04  1.0504E-04  1.0918E-04  1.0090E-04  1.0329E-04  1.0186E-04  1.0759E-04  1.0854E-04
       1.0743E-04  1.1061E-04  1.0950E-04  1.0600E-04  1.0218E-04  1.0870E-04  1.0090E-04  1.0552E-04  1.1698E-04  1.0409E-04
       1.0361E-04  1.1348E-04  1.0695E-04  1.0281E-04  9.8835E-05  1.0472E-04  1.0934E-04  1.0202E-04  1.1014E-04  1.0265E-04
       1.0886E-04  1.1205E-04  1.0011E-04  1.0616E-04  1.0409E-04  1.0663E-04  1.1316E-04  1.0393E-04  1.0743E-04  1.0727E-04
       1.1109E-04  1.0886E-04  1.0584E-04  1.0663E-04  1.1014E-04  1.0250E-04  1.0823E-04  1.0679E-04  1.0520E-04  1.0425E-04
       1.0138E-04  9.7721E-05  1.0186E-04  1.1507E-04  1.0584E-04  1.0409E-04  9.6448E-05  1.0393E-04  1.0281E-04  1.0743E-04
       1.0329E-04  1.1236E-04  1.0711E-04  1.0441E-04  1.0345E-04  1.0250E-04  1.0584E-04  1.0807E-04  1.1014E-04  1.0854E-04
       1.1236E-04  1.0584E-04  1.0568E-04  1.0632E-04  9.8676E-05  1.0472E-04  1.1252E-04  1.0966E-04  1.0043E-04  9.8676E-05
       1.1125E-04  1.0823E-04  1.0600E-04  1.0711E-04  9.8835E-05  1.1093E-04  1.1220E-04  1.0552E-04  1.0488E-04  1.0807E-04
       1.1268E-04  1.0043E-04  1.1125E-04  1.0870E-04  1.0122E-04  1.0918E-04  1.1093E-04  1.1364E-04  1.1045E-04  1.0218E-04
       1.0122E-04  1.0361E-04  1.0313E-04  9.9949E-05  9.8039E-05  1.0647E-04  1.1189E-04  1.0711E-04  1.0075E-04  1.0345E-04
       1.0361E-04  1.0918E-04  9.9790E-05  1.0059E-04  1.0234E-04  1.0297E-04  1.0568E-04  9.8039E-05  9.9313E-05  1.0966E-04
       1.0154E-04  9.6289E-05  1.0854E-04  9.6130E-05  9.9631E-05  1.0870E-04  1.0138E-04  1.0186E-04  9.8358E-05  1.0823E-04
       9.5334E-05  1.0393E-04  9.9472E-05  1.0186E-04  9.9313E-05  9.3901E-05  9.7244E-05  1.0075E-04  9.7880E-05  9.5493E-05
       9.8835E-05  1.0377E-04  9.0241E-05  9.8676E-05  1.0536E-04  9.8517E-05  9.1355E-05  9.6289E-05  9.3742E-05  9.7085E-05
       9.4220E-05  9.6925E-05  9.9313E-05  9.5811E-05  9.7403E-05  9.4061E-05  9.5493E-05  9.1196E-05  9.0718E-05  8.8968E-05
       9.0559E-05  8.7217E-05  8.9604E-05  9.3901E-05  8.8808E-05  9.4220E-05  9.1992E-05  8.5148E-05  8.5625E-05  8.6739E-05
       9.5016E-05  8.0851E-05  8.1965E-05  8.3397E-05  8.5625E-05  8.6899E-05  9.0559E-05  8.4034E-05  8.0692E-05  7.7986E-05
       8.0532E-05  8.5307E-05  8.7854E-05  7.7349E-05  8.7058E-05  8.3716E-05  8.0851E-05  7.9418E-05  8.1328E-05  8.1487E-05
       7.8463E-05  7.4007E-05  8.1010E-05  7.6076E-05  7.6872E-05  7.7508E-05  7.7349E-05  7.2097E-05  7.5121E-05  7.8145E-05
       7.8623E-05  7.7190E-05  7.6394E-05  8.0692E-05  7.5280E-05  7.8782E-05  7.6394E-05  7.3211E-05  7.0346E-05  7.0187E-05
       6.8596E-05  6.6527E-05  7.4803E-05  6.9073E-05  6.8437E-05  6.7004E-05  7.0983E-05  6.3185E-05  6.3025E-05  6.2070E-05
       5.7932E-05  6.3980E-05  6.7959E-05  5.7773E-05  6.2866E-05  6.3025E-05  5.7614E-05  6.0479E-05  5.6500E-05  5.8251E-05
       5.5227E-05  5.0134E-05  5.8092E-05  4.8701E-05  5.2680E-05  4.7269E-05  4.8542E-05  4.6632E-05  4.5200E-05  4.6792E-05
       3.9470E-05  3.7401E-05  4.2813E-05  3.5014E-05  3.4696E-05  3.6287E-05  3.6606E-05  3.3900E-05  2.8170E-05  3.0399E-05
       3.3104E-05  2.9285E-05  3.0080E-05  3.0876E-05  3.2627E-05  2.5783E-05  3.4218E-05  3.5332E-05  2.8011E-05  3.7720E-05
       3.0558E-05  4.0266E-05  4.4245E-05  3.7401E-05  4.5677E-05  4.9338E-05  5.2362E-05  5.1407E-05  5.0770E-05  6.1434E-05
       6.4776E-05  6.0638E-05  7.0665E-05  8.9604E-05  1.2732E-04  2.1852E-04  3.7465E-04  6.9201E-04  1.2957E-03  2.3520E-03
       4.2490E-03  7.4598E-03  1.2731E-02  2.1059E-02  3.3629E-02  5.1966E-02  7.7958E-02  1.1251E-01  1.5683E-01  2.1093E-01
       2.7404E-01  3.4316E-01  4.1390E-01  4.8172E-01  5.3957E-01  5.8245E-01  6.0555E-01  6.0655E-01  5.8482E-01  5.4208E-01
       4.8396E-01  4.1649E-01  3.4412E-01  2.7340E-01  2.0927E-01  1.5418E-01  1.0862E-01  7.4082E-02  4.8329E-02  3.0334E-02
       1.8447E-02  1.0533E-02  5.8921E-03  3.1946E-03  1.6441E-03  8.0883E-04  3.7624E-04  1.7921E-04  7.7986E-05  3.0558E-05
       1.3051E-05  8.1169E-06  1.5915E-06  3.1831E-07  4.7746E-07  1.5915E-07  0.0000E+00  0.0000E+00  0.0000E+00  0.0000E+00
       0.0000E+00  0.0000E+00  0.0000E+00  0.0000E+00  0.0000E+00  0.0000E+00  0.0000E+00  0.0000E+00  0.0000E+00  0.0000E+00
       0.0000E+00  0.0000E+00  0.0000E+00  0.0000E+00  0.0000E+00  0.0000E+00  0.0000E+00  0.0000E+00  0.0000E+00  0.0000E+00
       0.0000E+00  0.0000E+00  0.0000E+00  0.0000E+00  0.0000E+00  0.0000E+00  0.0000E+00  0.0000E+00  0.0000E+00  0.0000E+00
       0.0000E+00  0.0000E+00  0.0000E+00  0.0000E+00  0.0000E+00  0.0000E+00  0.0000E+00  0.0000E+00  0.0000E+00  0.0000E+00
       0.0000E+00  0.0000E+00  0.0000E+00  0.0000E+00  0.0000E+00  0.0000E+00  0.0000E+00  0.0000E+00  0.0000E+00  0.0000E+00
       0.0000E+00  0.0000E+00  0.0000E+00  0.0000E+00  0.0000E+00  0.0000E+00  0.0000E+00  0.0000E+00  0.0000E+00  0.0000E+00
       0.0000E+00  0.0000E+00  0.0000E+00  0.0000E+00  0.0000E+00  0.0000E+00  0.0000E+00  0.0000E+00  0.0000E+00  0.0000E+00
       0.0000E+00  0.0000E+00  0.0000E+00  0.0000E+00  0.0000E+00  0.0000E+00  0.0000E+00  0.0000E+00  0.0000E+00  0.0000E+00
       0.0000E+00  0.0000E+00  0.0000E+00  0.0000E+00  0.0000E+00  0.0000E+00  0.0000E+00  0.0000E+00  0.0000E+00  0.0000E+00
       0.0000E+00  0.0000E+00  0.0000E+00  0.0000E+00  0.0000E+00  0.0000E+00  0.0000E+00  0.0000E+00  0.0000E+00  0.0000E+00
       0.0000E+00  0.0000E+00  0.0000E+00  0.0000E+00  0.0000E+00  0.0000E+00  0.0000E+00  0.0000E+00  0.0000E+00  0.0000E+00
       0.0000E+00  0.0000E+00  0.0000E+00  0.0000E+00  0.0000E+00  0.0000E+00  0.0000E+00  0.0000E+00  0.0000E+00  0.0000E+00
       0.0000E+00  0.0000E+00  0.0000E+00  0.0000E+00  0.0000E+00  0.0000E+00  0.0000E+00  0.0000E+00  0.0000E+00  0.0000E+00
       0.0000E+00  0.0000E+00  0.0000E+00  0.0000E+00  0.0000E+00  0.0000E+00  0.0000E+00  0.0000E+00  0.0000E+00  0.0000E+00
       0.0000E+00  0.0000E+00  0.0000E+00  0.0000E+00  0.0000E+00  0.0000E+00  0.0000E+00  0.0000E+00  0.0000E+00  0.0000E+00
       0.0000E+00  0.0000E+00  0.0000E+00  0.0000E+00  0.0000E+00  0.0000E+00  0.0000E+00  0.0000E+00  0.0000E+00  0.0000E+00
       0.0000E+00  0.0000E+00  0.0000E+00  0.0000E+00  0.0000E+00  0.0000E+00  0.0000E+00  0.0000E+00  0.0000E+00  0.0000E+00
       0.0000E+00  0.0000E+00  0.0000E+00  0.0000E+00  0.0000E+00  0.0000E+00  0.0000E+00  0.0000E+00  0.0000E+00  0.0000E+00
       0.0000E+00  0.0000E+00  0.0000E+00  0.0000E+00  0.0000E+00  0.0000E+00  0.0000E+00  0.0000E+00  0.0000E+00  0.0000E+00
       0.0000E+00  0.0000E+00  0.0000E+00  0.0000E+00  0.0000E+00  0.0000E+00  0.0000E+00  0.0000E+00  0.0000E+00  0.0000E+00
       0.0000E+00  0.0000E+00  0.0000E+00  0.0000E+00  0.0000E+00  0.0000E+00  0.0000E+00  0.0000E+00  0.0000E+00  0.0000E+00
       0.0000E+00  0.0000E+00  0.0000E+00  0.0000E+00  0.0000E+00  0.0000E+00  0.0000E+00  0.0000E+00  0.0000E+00  0.0000E+00
       0.0000E+00  0.0000E+00  0.0000E+00  0.0000E+00  0.0000E+00  0.0000E+00  0.0000E+00  0.0000E+00  0.0000E+00  0.0000E+00
       0.0000E+00  0.0000E+00  0.0000E+00  0.0000E+00  0.0000E+00  0.0000E+00  0.0000E+00  0.0000E+00  0.0000E+00  0.0000E+00
