
 *****  Protons in Lexan (0.24GeV, 0cm)                                                   *****

           DATE: 12/21/18,  TIME:  1:41:14

          Total number of particles followed       50000000, for a total weight of  5.0000E+07

1

   Res. nuclei n.   1  "Ian       " ,  all         products, region n.     5
      detector volume:  1.0000E+00 cm**3
      Max. Z:  10, Max. N-Z:  11 Min. N-Z: -4
      Data follow in a matrix A(z,n-z-k), k: -5 format (1(5x,1p,10(1x,e11.4)))

       0.0000E+00  0.0000E+00  0.0000E+00  0.0000E+00  0.0000E+00  0.0000E+00  0.0000E+00  0.0000E+00  0.0000E+00  0.0000E+00
       0.0000E+00  0.0000E+00  0.0000E+00  0.0000E+00  0.0000E+00  7.4200E-06  0.0000E+00  4.6000E-07  0.0000E+00  0.0000E+00
       0.0000E+00  0.0000E+00  0.0000E+00  0.0000E+00  5.1260E-05  1.1132E-04  1.0880E-05  2.5320E-05  0.0000E+00  0.0000E+00
       8.7627E-03  1.3946E-03  0.0000E+00  6.6216E-04  0.0000E+00  2.0456E-03  2.8740E-05  5.0056E-04  0.0000E+00  0.0000E+00
       2.2767E-03  1.0963E-02  9.1006E-04  0.0000E+00  7.2706E-04  2.1824E-03  2.4184E-04  2.4944E-04  4.0000E-08  8.0000E-08
       7.6354E-04  0.0000E+00  5.3220E-04  1.4692E-04  1.3981E-03  1.2288E-04  3.5084E-04  5.2000E-07  0.0000E+00  0.0000E+00
       0.0000E+00  3.2580E-05  4.4140E-05  1.0146E-04  1.4840E-05  3.4740E-05  3.8000E-07  3.0000E-07  0.0000E+00  0.0000E+00
       0.0000E+00  0.0000E+00  4.1200E-06  5.2000E-07  9.6000E-07  2.0000E-08  3.2000E-07  0.0000E+00  0.0000E+00  0.0000E+00
       0.0000E+00  1.0000E-07  0.0000E+00  8.0000E-08  0.0000E+00  0.0000E+00  0.0000E+00  0.0000E+00  0.0000E+00  0.0000E+00
       0.0000E+00  0.0000E+00  0.0000E+00  0.0000E+00  0.0000E+00  0.0000E+00  0.0000E+00  0.0000E+00  0.0000E+00  0.0000E+00
       0.0000E+00  0.0000E+00  0.0000E+00  0.0000E+00  0.0000E+00  0.0000E+00  0.0000E+00  0.0000E+00  0.0000E+00  0.0000E+00
       0.0000E+00  0.0000E+00  0.0000E+00  0.0000E+00  0.0000E+00  0.0000E+00  0.0000E+00  0.0000E+00  0.0000E+00  0.0000E+00
       0.0000E+00  0.0000E+00  0.0000E+00  0.0000E+00  0.0000E+00  0.0000E+00  0.0000E+00  0.0000E+00  0.0000E+00  0.0000E+00
       0.0000E+00  0.0000E+00  0.0000E+00  0.0000E+00  0.0000E+00  0.0000E+00  0.0000E+00  0.0000E+00  0.0000E+00  0.0000E+00
       0.0000E+00  0.0000E+00  0.0000E+00  0.0000E+00  0.0000E+00  0.0000E+00  0.0000E+00  0.0000E+00  0.0000E+00  0.0000E+00
       0.0000E+00  0.0000E+00  0.0000E+00  0.0000E+00  0.0000E+00  0.0000E+00  0.0000E+00  0.0000E+00  0.0000E+00  0.0000E+00
