
 *****  Protons in Lexan (0.07GeV, 1.0cm)                                                 *****

           DATE: 11/30/18,  TIME: 23:16:10

          Total number of particles followed       10000000, for a total weight of  1.0000E+07

1

   Bdrx n.   4  "ocurrent  " , generalized particle n.    1, from region n.     5 to region n.     4
      detector area:  1.0000E+02 cm**2
      this is a one way only estimator
      this is a current like estimator
      linear energy binning from   0.0000E+00 to  1.2000E-01 GeV,   650 bins ( 1.8462E-04 GeV wide)
      linear angular binning from  0.0000E+00 to  6.2832E+00 sr ,     1 bins ( 6.2832E+00 sr wide )
      Data follow in a matrix A(ie,ia), format (1(5x,1p,10(1x,e11.4)))

       2.0690E-05  1.7242E-05  3.1035E-05  3.0173E-05  4.4829E-05  5.0001E-05  6.5519E-05  5.0863E-05  5.7760E-05  7.5002E-05
       6.3795E-05  7.1553E-05  7.8450E-05  9.1381E-05  7.9312E-05  1.0259E-04  9.8278E-05  9.3968E-05  9.5692E-05  1.1466E-04
       1.1552E-04  1.1638E-04  1.0604E-04  1.1121E-04  1.2673E-04  1.2759E-04  1.3535E-04  1.3449E-04  1.3449E-04  1.4828E-04
       1.3190E-04  1.1897E-04  1.4828E-04  1.3018E-04  1.4138E-04  1.3362E-04  1.4914E-04  1.6725E-04  1.6552E-04  1.9052E-04
       1.6552E-04  1.6811E-04  1.5345E-04  1.7242E-04  1.7931E-04  1.6725E-04  1.7156E-04  1.7069E-04  1.7931E-04  1.9138E-04
       1.8104E-04  1.7759E-04  2.0432E-04  2.1207E-04  1.9914E-04  2.0345E-04  1.9225E-04  2.0949E-04  2.2845E-04  2.1552E-04
       2.1811E-04  2.2501E-04  2.2587E-04  2.3018E-04  2.2932E-04  2.4742E-04  2.1983E-04  2.2587E-04  2.2069E-04  2.3018E-04
       2.4311E-04  2.4225E-04  2.6121E-04  2.2414E-04  2.6294E-04  2.3707E-04  2.4397E-04  2.5949E-04  2.4483E-04  2.4397E-04
       2.6035E-04  2.7070E-04  2.6380E-04  2.5776E-04  2.5259E-04  2.8104E-04  2.8018E-04  2.6552E-04  2.5690E-04  2.7587E-04
       2.9225E-04  2.5432E-04  3.0173E-04  2.8018E-04  3.1208E-04  2.8104E-04  3.0949E-04  2.7673E-04  2.6035E-04  2.7156E-04
       2.5776E-04  2.8018E-04  3.0259E-04  2.9225E-04  2.9656E-04  3.2673E-04  2.9828E-04  3.0777E-04  2.8966E-04  3.2587E-04
       2.9139E-04  3.1208E-04  3.0087E-04  3.0346E-04  3.0777E-04  2.8104E-04  2.9742E-04  3.0518E-04  3.1984E-04  3.0432E-04
       3.2242E-04  3.2587E-04  2.9311E-04  3.2328E-04  3.1897E-04  3.2070E-04  3.2501E-04  3.2501E-04  3.1897E-04  3.1294E-04
       3.5001E-04  3.4570E-04  3.3535E-04  3.3277E-04  2.9656E-04  3.0173E-04  3.3880E-04  3.6035E-04  3.1725E-04  2.9570E-04
       3.2328E-04  3.4397E-04  3.4915E-04  3.4742E-04  3.5949E-04  3.1897E-04  3.2328E-04  3.3449E-04  3.3277E-04  3.2932E-04
       3.7242E-04  3.4397E-04  3.0001E-04  3.4742E-04  3.1984E-04  3.2673E-04  3.4225E-04  3.5777E-04  3.4742E-04  3.3708E-04
       3.8104E-04  3.5432E-04  3.5087E-04  3.5346E-04  3.5863E-04  3.3104E-04  3.4742E-04  3.3535E-04  3.4915E-04  3.7070E-04
       3.5604E-04  3.5087E-04  3.5259E-04  3.3621E-04  3.3018E-04  3.4397E-04  3.2932E-04  3.4484E-04  3.3621E-04  3.3880E-04
       3.7846E-04  3.3708E-04  3.3277E-04  3.5001E-04  3.2070E-04  3.5259E-04  3.6380E-04  3.4828E-04  3.5949E-04  3.6035E-04
       3.6639E-04  3.5949E-04  3.6725E-04  3.7846E-04  3.2501E-04  3.4742E-04  3.6466E-04  3.6208E-04  3.5518E-04  3.8622E-04
       3.4139E-04  3.3621E-04  3.4656E-04  3.7242E-04  3.4053E-04  3.5690E-04  3.3104E-04  3.4225E-04  3.5777E-04  3.5863E-04
       3.4139E-04  3.2846E-04  3.8449E-04  3.4742E-04  3.2759E-04  3.5604E-04  3.3104E-04  3.4915E-04  3.3794E-04  3.4915E-04
       3.3708E-04  3.3104E-04  3.5863E-04  3.6035E-04  3.4225E-04  3.4828E-04  3.2587E-04  3.2932E-04  3.2846E-04  3.5949E-04
       3.1552E-04  2.9397E-04  3.2415E-04  3.1811E-04  3.2070E-04  3.1897E-04  2.9914E-04  2.8535E-04  2.8966E-04  2.9914E-04
       3.2156E-04  2.9311E-04  2.8708E-04  2.7328E-04  2.7932E-04  2.6983E-04  2.6897E-04  2.5001E-04  2.6897E-04  2.7070E-04
       2.3621E-04  2.1811E-04  2.0604E-04  2.1121E-04  2.3104E-04  1.8276E-04  1.6207E-04  1.8276E-04  1.8707E-04  1.6121E-04
       1.7069E-04  1.9138E-04  1.6811E-04  1.6380E-04  1.7242E-04  1.8018E-04  1.7759E-04  1.8018E-04  1.7328E-04  1.8104E-04
       2.0776E-04  1.8966E-04  1.9225E-04  2.0776E-04  2.2932E-04  2.5001E-04  2.2414E-04  2.4742E-04  3.2242E-04  2.8794E-04
       2.8363E-04  3.0777E-04  3.3966E-04  3.9053E-04  4.0691E-04  3.6639E-04  4.5346E-04  4.9398E-04  4.4742E-04  4.7156E-04
       4.5346E-04  4.4053E-04  4.8018E-04  4.0346E-04  5.0001E-04  5.2587E-04  6.4398E-04  7.4571E-04  8.6899E-04  1.0923E-03
       1.3509E-03  1.6492E-03  1.9975E-03  2.6664E-03  3.5259E-03  5.2562E-03  8.8312E-03  1.7236E-02  3.8214E-02  8.4326E-02
       1.7649E-01  3.3570E-01  5.7067E-01  8.5499E-01  1.1190E+00  1.2752E+00  1.2550E+00  1.0618E+00  7.6764E-01  4.7073E-01
       2.4294E-01  1.0605E-01  3.8930E-02  1.1774E-02  2.8992E-03  5.7070E-04  8.8795E-05  1.8104E-05  8.6209E-07  0.0000E+00
       0.0000E+00  0.0000E+00  0.0000E+00  0.0000E+00  0.0000E+00  0.0000E+00  0.0000E+00  0.0000E+00  0.0000E+00  0.0000E+00
       0.0000E+00  0.0000E+00  0.0000E+00  0.0000E+00  0.0000E+00  0.0000E+00  0.0000E+00  0.0000E+00  0.0000E+00  0.0000E+00
       0.0000E+00  0.0000E+00  0.0000E+00  0.0000E+00  0.0000E+00  0.0000E+00  0.0000E+00  0.0000E+00  0.0000E+00  0.0000E+00
       0.0000E+00  0.0000E+00  0.0000E+00  0.0000E+00  0.0000E+00  0.0000E+00  0.0000E+00  0.0000E+00  0.0000E+00  0.0000E+00
       0.0000E+00  0.0000E+00  0.0000E+00  0.0000E+00  0.0000E+00  0.0000E+00  0.0000E+00  0.0000E+00  0.0000E+00  0.0000E+00
       0.0000E+00  0.0000E+00  0.0000E+00  0.0000E+00  0.0000E+00  0.0000E+00  0.0000E+00  0.0000E+00  0.0000E+00  0.0000E+00
       0.0000E+00  0.0000E+00  0.0000E+00  0.0000E+00  0.0000E+00  0.0000E+00  0.0000E+00  0.0000E+00  0.0000E+00  0.0000E+00
       0.0000E+00  0.0000E+00  0.0000E+00  0.0000E+00  0.0000E+00  0.0000E+00  0.0000E+00  0.0000E+00  0.0000E+00  0.0000E+00
       0.0000E+00  0.0000E+00  0.0000E+00  0.0000E+00  0.0000E+00  0.0000E+00  0.0000E+00  0.0000E+00  0.0000E+00  0.0000E+00
       0.0000E+00  0.0000E+00  0.0000E+00  0.0000E+00  0.0000E+00  0.0000E+00  0.0000E+00  0.0000E+00  0.0000E+00  0.0000E+00
       0.0000E+00  0.0000E+00  0.0000E+00  0.0000E+00  0.0000E+00  0.0000E+00  0.0000E+00  0.0000E+00  0.0000E+00  0.0000E+00
       0.0000E+00  0.0000E+00  0.0000E+00  0.0000E+00  0.0000E+00  0.0000E+00  0.0000E+00  0.0000E+00  0.0000E+00  0.0000E+00
       0.0000E+00  0.0000E+00  0.0000E+00  0.0000E+00  0.0000E+00  0.0000E+00  0.0000E+00  0.0000E+00  0.0000E+00  0.0000E+00
       0.0000E+00  0.0000E+00  0.0000E+00  0.0000E+00  0.0000E+00  0.0000E+00  0.0000E+00  0.0000E+00  0.0000E+00  0.0000E+00
       0.0000E+00  0.0000E+00  0.0000E+00  0.0000E+00  0.0000E+00  0.0000E+00  0.0000E+00  0.0000E+00  0.0000E+00  0.0000E+00
       0.0000E+00  0.0000E+00  0.0000E+00  0.0000E+00  0.0000E+00  0.0000E+00  0.0000E+00  0.0000E+00  0.0000E+00  0.0000E+00
       0.0000E+00  0.0000E+00  0.0000E+00  0.0000E+00  0.0000E+00  0.0000E+00  0.0000E+00  0.0000E+00  0.0000E+00  0.0000E+00
       0.0000E+00  0.0000E+00  0.0000E+00  0.0000E+00  0.0000E+00  0.0000E+00  0.0000E+00  0.0000E+00  0.0000E+00  0.0000E+00
       0.0000E+00  0.0000E+00  0.0000E+00  0.0000E+00  0.0000E+00  0.0000E+00  0.0000E+00  0.0000E+00  0.0000E+00  0.0000E+00
       0.0000E+00  0.0000E+00  0.0000E+00  0.0000E+00  0.0000E+00  0.0000E+00  0.0000E+00  0.0000E+00  0.0000E+00  0.0000E+00
       0.0000E+00  0.0000E+00  0.0000E+00  0.0000E+00  0.0000E+00  0.0000E+00  0.0000E+00  0.0000E+00  0.0000E+00  0.0000E+00
       0.0000E+00  0.0000E+00  0.0000E+00  0.0000E+00  0.0000E+00  0.0000E+00  0.0000E+00  0.0000E+00  0.0000E+00  0.0000E+00
       0.0000E+00  0.0000E+00  0.0000E+00  0.0000E+00  0.0000E+00  0.0000E+00  0.0000E+00  0.0000E+00  0.0000E+00  0.0000E+00
       0.0000E+00  0.0000E+00  0.0000E+00  0.0000E+00  0.0000E+00  0.0000E+00  0.0000E+00  0.0000E+00  0.0000E+00  0.0000E+00
       0.0000E+00  0.0000E+00  0.0000E+00  0.0000E+00  0.0000E+00  0.0000E+00  0.0000E+00  0.0000E+00  0.0000E+00  0.0000E+00
       0.0000E+00  0.0000E+00  0.0000E+00  0.0000E+00  0.0000E+00  0.0000E+00  0.0000E+00  0.0000E+00  0.0000E+00  0.0000E+00
       0.0000E+00  0.0000E+00  0.0000E+00  0.0000E+00  0.0000E+00  0.0000E+00  0.0000E+00  0.0000E+00  0.0000E+00  0.0000E+00
       0.0000E+00  0.0000E+00  0.0000E+00  0.0000E+00  0.0000E+00  0.0000E+00  0.0000E+00  0.0000E+00  0.0000E+00  0.0000E+00
       0.0000E+00  0.0000E+00  0.0000E+00  0.0000E+00  0.0000E+00  0.0000E+00  0.0000E+00  0.0000E+00  0.0000E+00  0.0000E+00
       0.0000E+00  0.0000E+00  0.0000E+00  0.0000E+00  0.0000E+00  0.0000E+00  0.0000E+00  0.0000E+00  0.0000E+00  0.0000E+00
       0.0000E+00  0.0000E+00  0.0000E+00  0.0000E+00  0.0000E+00  0.0000E+00  0.0000E+00  0.0000E+00  0.0000E+00  0.0000E+00
       0.0000E+00  0.0000E+00  0.0000E+00  0.0000E+00  0.0000E+00  0.0000E+00  0.0000E+00  0.0000E+00  0.0000E+00  0.0000E+00
