
 *****  Protons in Lexan (70MeV, 1cm)                                                     *****

           DATE: 11/15/18,  TIME: 16:30:58

          Total number of particles followed       10000000, for a total weight of  1.0000E+07

1

   Res. nuclei n.   1  "Ian       " ,  all         products, region n.     5
      detector volume:  1.0000E+00 cm**3
      Max. Z:  10, Max. N-Z:  11 Min. N-Z: -4
      Data follow in a matrix A(z,n-z-k), k: -5 format (1(5x,1p,10(1x,e11.4)))

       0.0000E+00  0.0000E+00  0.0000E+00  0.0000E+00  0.0000E+00  0.0000E+00  0.0000E+00  0.0000E+00  0.0000E+00  0.0000E+00
       0.0000E+00  0.0000E+00  0.0000E+00  0.0000E+00  0.0000E+00  3.3000E-06  0.0000E+00  2.0000E-07  0.0000E+00  0.0000E+00
       0.0000E+00  0.0000E+00  0.0000E+00  0.0000E+00  7.2100E-05  5.8100E-05  1.8100E-05  8.6000E-06  0.0000E+00  0.0000E+00
       1.4872E-02  1.4586E-03  0.0000E+00  9.4840E-04  0.0000E+00  2.5044E-03  2.2300E-05  5.6480E-04  0.0000E+00  0.0000E+00
       3.1419E-03  2.0014E-02  1.2195E-03  0.0000E+00  7.2880E-04  1.1985E-02  3.1160E-04  1.2669E-03  0.0000E+00  1.0000E-07
       6.0120E-04  0.0000E+00  6.3310E-04  1.4875E-04  1.6380E-03  2.3261E-04  4.2138E-04  1.6025E-06  0.0000E+00  0.0000E+00
       0.0000E+00  1.2300E-05  1.8700E-05  4.5600E-05  6.7492E-06  3.5700E-05  2.2450E-07  1.6000E-06  0.0000E+00  0.0000E+00
       0.0000E+00  0.0000E+00  2.0000E-07  0.0000E+00  2.0000E-07  0.0000E+00  2.0000E-07  0.0000E+00  0.0000E+00  0.0000E+00
       0.0000E+00  0.0000E+00  0.0000E+00  0.0000E+00  0.0000E+00  0.0000E+00  0.0000E+00  0.0000E+00  0.0000E+00  0.0000E+00
       0.0000E+00  0.0000E+00  0.0000E+00  0.0000E+00  0.0000E+00  0.0000E+00  0.0000E+00  0.0000E+00  0.0000E+00  0.0000E+00
       0.0000E+00  0.0000E+00  0.0000E+00  0.0000E+00  0.0000E+00  0.0000E+00  0.0000E+00  0.0000E+00  0.0000E+00  0.0000E+00
       0.0000E+00  0.0000E+00  0.0000E+00  0.0000E+00  0.0000E+00  0.0000E+00  0.0000E+00  0.0000E+00  0.0000E+00  0.0000E+00
       0.0000E+00  0.0000E+00  0.0000E+00  0.0000E+00  0.0000E+00  0.0000E+00  0.0000E+00  0.0000E+00  0.0000E+00  0.0000E+00
       0.0000E+00  0.0000E+00  0.0000E+00  0.0000E+00  0.0000E+00  0.0000E+00  0.0000E+00  0.0000E+00  0.0000E+00  0.0000E+00
       0.0000E+00  0.0000E+00  0.0000E+00  0.0000E+00  0.0000E+00  0.0000E+00  0.0000E+00  0.0000E+00  0.0000E+00  0.0000E+00
       0.0000E+00  0.0000E+00  0.0000E+00  0.0000E+00  0.0000E+00  0.0000E+00  0.0000E+00  0.0000E+00  0.0000E+00  0.0000E+00
