
 *****  Protons in Lexan (0.07GeV, 5.0cm)                                                 *****

           DATE: 11/21/18,  TIME:  2:10:32

          Total number of particles followed       10000000, for a total weight of  1.0000E+07

1

   Res. nuclei n.   1  "Ian       " ,  all         products, region n.     5
      detector volume:  1.0000E+00 cm**3
      Max. Z:  10, Max. N-Z:  11 Min. N-Z: -4
      Data follow in a matrix A(z,n-z-k), k: -5 format (1(5x,1p,10(1x,e11.4)))

       0.0000E+00  0.0000E+00  0.0000E+00  0.0000E+00  0.0000E+00  0.0000E+00  0.0000E+00  0.0000E+00  0.0000E+00  0.0000E+00
       0.0000E+00  0.0000E+00  0.0000E+00  0.0000E+00  0.0000E+00  3.6000E-06  0.0000E+00  0.0000E+00  0.0000E+00  0.0000E+00
       0.0000E+00  0.0000E+00  0.0000E+00  0.0000E+00  2.2890E-04  1.3970E-04  8.0400E-05  1.3800E-05  0.0000E+00  0.0000E+00
       9.9003E-01  3.6198E-03  0.0000E+00  2.4215E-03  0.0000E+00  7.4131E-03  1.2450E-04  1.6964E-03  0.0000E+00  0.0000E+00
       1.6454E-02  9.7793E-02  2.9948E-03  0.0000E+00  1.9285E-03  5.8766E-02  7.7884E-04  5.8195E-03  1.1000E-06  7.0000E-07
       1.2799E-03  0.0000E+00  1.5598E-03  4.2671E-04  5.3871E-03  8.1567E-04  1.7041E-03  6.0383E-06  0.0000E+00  0.0000E+00
       0.0000E+00  2.0300E-05  2.8200E-05  8.0200E-05  2.4244E-05  9.5600E-05  3.4361E-06  8.3000E-06  0.0000E+00  0.0000E+00
       0.0000E+00  0.0000E+00  1.0000E-07  1.0000E-07  5.0000E-07  0.0000E+00  5.0000E-07  0.0000E+00  0.0000E+00  0.0000E+00
       0.0000E+00  0.0000E+00  0.0000E+00  0.0000E+00  0.0000E+00  0.0000E+00  0.0000E+00  0.0000E+00  0.0000E+00  0.0000E+00
       0.0000E+00  0.0000E+00  0.0000E+00  0.0000E+00  0.0000E+00  0.0000E+00  0.0000E+00  0.0000E+00  0.0000E+00  0.0000E+00
       0.0000E+00  0.0000E+00  0.0000E+00  0.0000E+00  0.0000E+00  0.0000E+00  0.0000E+00  0.0000E+00  0.0000E+00  0.0000E+00
       0.0000E+00  0.0000E+00  0.0000E+00  0.0000E+00  0.0000E+00  0.0000E+00  0.0000E+00  0.0000E+00  0.0000E+00  0.0000E+00
       0.0000E+00  0.0000E+00  0.0000E+00  0.0000E+00  0.0000E+00  0.0000E+00  0.0000E+00  0.0000E+00  0.0000E+00  0.0000E+00
       0.0000E+00  0.0000E+00  0.0000E+00  0.0000E+00  0.0000E+00  0.0000E+00  0.0000E+00  0.0000E+00  0.0000E+00  0.0000E+00
       0.0000E+00  0.0000E+00  0.0000E+00  0.0000E+00  0.0000E+00  0.0000E+00  0.0000E+00  0.0000E+00  0.0000E+00  0.0000E+00
       0.0000E+00  0.0000E+00  0.0000E+00  0.0000E+00  0.0000E+00  0.0000E+00  0.0000E+00  0.0000E+00  0.0000E+00  0.0000E+00
