
 *****  Protons in Lexan (0.12GeV, 3cm)                                                   *****

           DATE: 12/18/18,  TIME:  1:42:42

          Total number of particles followed       10000000, for a total weight of  1.0000E+07

1

   Bdrx n.   2  "ofluence  " , generalized particle n.    1, from region n.     5 to region n.     4
      detector area:  1.0000E+02 cm**2
      this is a one way only estimator
      this is a fluence like estimator
      linear energy binning from   4.0000E-02 to  1.7000E-01 GeV,   650 bins ( 2.0000E-04 GeV wide)
      linear angular binning from  0.0000E+00 to  6.2832E+00 sr ,     1 bins ( 6.2832E+00 sr wide )
      Data follow in a matrix A(ie,ia), format (1(5x,1p,10(1x,e11.4)))

       8.0499E-04  9.0905E-04  8.9707E-04  8.7230E-04  8.4050E-04  8.7417E-04  8.0264E-04  8.5893E-04  8.5089E-04  8.9780E-04
       8.2409E-04  8.1170E-04  8.3645E-04  8.3901E-04  8.6315E-04  8.5862E-04  8.2611E-04  8.7458E-04  8.4933E-04  8.4655E-04
       8.5723E-04  8.5406E-04  8.7361E-04  8.4503E-04  8.5711E-04  8.6348E-04  7.9715E-04  8.5510E-04  8.9968E-04  8.8346E-04
       8.2955E-04  8.8496E-04  8.5859E-04  8.2601E-04  8.7945E-04  8.3073E-04  9.1005E-04  8.3421E-04  8.7174E-04  8.9601E-04
       8.4828E-04  7.7784E-04  8.2423E-04  8.7439E-04  8.8660E-04  8.5445E-04  8.4990E-04  8.3670E-04  7.9031E-04  8.1436E-04
       8.3088E-04  8.0726E-04  8.2947E-04  8.4554E-04  8.4453E-04  8.3561E-04  7.9891E-04  7.9740E-04  7.9942E-04  8.5020E-04
       8.2672E-04  8.2952E-04  8.6406E-04  7.6653E-04  8.2204E-04  7.6209E-04  8.1740E-04  7.8336E-04  7.9548E-04  7.8736E-04
       7.9390E-04  8.4020E-04  7.8658E-04  8.1025E-04  8.3050E-04  8.0464E-04  7.2776E-04  7.4738E-04  7.7165E-04  7.5554E-04
       7.9308E-04  7.4946E-04  7.7359E-04  7.8923E-04  7.7553E-04  7.3408E-04  7.3018E-04  7.9270E-04  7.4420E-04  7.7814E-04
       7.1213E-04  7.3101E-04  7.4019E-04  7.0732E-04  7.1243E-04  7.7020E-04  7.4824E-04  6.9308E-04  7.1569E-04  7.0163E-04
       7.3063E-04  7.0374E-04  6.8498E-04  7.0616E-04  6.7440E-04  6.9426E-04  6.1191E-04  6.5495E-04  6.2859E-04  6.2494E-04
       6.7487E-04  5.9591E-04  6.0034E-04  6.3420E-04  5.9542E-04  5.7004E-04  5.9710E-04  6.0639E-04  5.7695E-04  5.5285E-04
       5.6364E-04  5.3588E-04  5.2568E-04  5.4220E-04  5.5040E-04  5.4344E-04  4.7610E-04  5.4316E-04  5.2527E-04  4.7171E-04
       4.6010E-04  5.1441E-04  4.5279E-04  4.8774E-04  4.7473E-04  5.2534E-04  4.7491E-04  4.8696E-04  4.8762E-04  5.2187E-04
       4.8933E-04  5.3964E-04  5.3366E-04  5.4723E-04  5.6690E-04  5.7467E-04  6.3733E-04  7.3091E-04  7.2301E-04  7.4349E-04
       7.7956E-04  8.2097E-04  9.1481E-04  8.9894E-04  9.9417E-04  1.0980E-03  1.1119E-03  1.2344E-03  1.2934E-03  1.3922E-03
       1.5774E-03  1.6965E-03  1.7886E-03  2.0673E-03  2.2484E-03  2.5736E-03  2.9728E-03  3.4510E-03  4.2885E-03  5.2979E-03
       6.7449E-03  9.0003E-03  1.1934E-02  1.6301E-02  2.2458E-02  3.1655E-02  4.4007E-02  6.0783E-02  8.2936E-02  1.1105E-01
       1.4515E-01  1.8558E-01  2.3191E-01  2.8259E-01  3.3656E-01  3.8759E-01  4.3676E-01  4.7554E-01  5.0305E-01  5.1725E-01
       5.1531E-01  4.9493E-01  4.6070E-01  4.1462E-01  3.6292E-01  3.0469E-01  2.4752E-01  1.9412E-01  1.4650E-01  1.0706E-01
       7.5094E-02  5.0185E-02  3.2713E-02  2.0454E-02  1.2250E-02  7.2460E-03  3.8514E-03  2.1114E-03  9.8916E-04  5.0171E-04
       2.3334E-04  1.1151E-04  4.4595E-05  1.5930E-05  4.7759E-06  2.3889E-06  3.1842E-06  0.0000E+00  0.0000E+00  0.0000E+00
       0.0000E+00  0.0000E+00  0.0000E+00  0.0000E+00  0.0000E+00  0.0000E+00  0.0000E+00  0.0000E+00  0.0000E+00  0.0000E+00
       0.0000E+00  0.0000E+00  0.0000E+00  0.0000E+00  0.0000E+00  8.4871E-07  0.0000E+00  0.0000E+00  0.0000E+00  0.0000E+00
       0.0000E+00  0.0000E+00  0.0000E+00  0.0000E+00  0.0000E+00  0.0000E+00  0.0000E+00  0.0000E+00  0.0000E+00  0.0000E+00
       0.0000E+00  0.0000E+00  0.0000E+00  0.0000E+00  0.0000E+00  0.0000E+00  0.0000E+00  0.0000E+00  0.0000E+00  0.0000E+00
       0.0000E+00  0.0000E+00  0.0000E+00  0.0000E+00  0.0000E+00  0.0000E+00  0.0000E+00  0.0000E+00  0.0000E+00  0.0000E+00
       0.0000E+00  0.0000E+00  0.0000E+00  0.0000E+00  0.0000E+00  0.0000E+00  0.0000E+00  0.0000E+00  0.0000E+00  0.0000E+00
       0.0000E+00  0.0000E+00  0.0000E+00  0.0000E+00  0.0000E+00  0.0000E+00  0.0000E+00  0.0000E+00  0.0000E+00  0.0000E+00
       0.0000E+00  0.0000E+00  0.0000E+00  0.0000E+00  0.0000E+00  0.0000E+00  0.0000E+00  0.0000E+00  0.0000E+00  0.0000E+00
       0.0000E+00  0.0000E+00  0.0000E+00  0.0000E+00  0.0000E+00  0.0000E+00  0.0000E+00  0.0000E+00  0.0000E+00  0.0000E+00
       0.0000E+00  0.0000E+00  0.0000E+00  0.0000E+00  0.0000E+00  0.0000E+00  0.0000E+00  0.0000E+00  0.0000E+00  0.0000E+00
       0.0000E+00  0.0000E+00  0.0000E+00  0.0000E+00  0.0000E+00  0.0000E+00  0.0000E+00  0.0000E+00  0.0000E+00  0.0000E+00
       0.0000E+00  0.0000E+00  0.0000E+00  0.0000E+00  0.0000E+00  0.0000E+00  0.0000E+00  0.0000E+00  0.0000E+00  0.0000E+00
       0.0000E+00  0.0000E+00  0.0000E+00  0.0000E+00  0.0000E+00  0.0000E+00  0.0000E+00  0.0000E+00  0.0000E+00  0.0000E+00
       0.0000E+00  0.0000E+00  0.0000E+00  0.0000E+00  0.0000E+00  0.0000E+00  0.0000E+00  0.0000E+00  0.0000E+00  0.0000E+00
       0.0000E+00  0.0000E+00  0.0000E+00  0.0000E+00  0.0000E+00  0.0000E+00  0.0000E+00  0.0000E+00  0.0000E+00  0.0000E+00
       0.0000E+00  0.0000E+00  0.0000E+00  0.0000E+00  0.0000E+00  0.0000E+00  0.0000E+00  0.0000E+00  0.0000E+00  0.0000E+00
       0.0000E+00  0.0000E+00  0.0000E+00  0.0000E+00  0.0000E+00  0.0000E+00  0.0000E+00  0.0000E+00  0.0000E+00  0.0000E+00
       0.0000E+00  0.0000E+00  0.0000E+00  0.0000E+00  0.0000E+00  0.0000E+00  0.0000E+00  0.0000E+00  0.0000E+00  0.0000E+00
       0.0000E+00  0.0000E+00  0.0000E+00  0.0000E+00  0.0000E+00  0.0000E+00  0.0000E+00  0.0000E+00  0.0000E+00  0.0000E+00
       0.0000E+00  0.0000E+00  0.0000E+00  0.0000E+00  0.0000E+00  0.0000E+00  0.0000E+00  0.0000E+00  0.0000E+00  0.0000E+00
       0.0000E+00  0.0000E+00  0.0000E+00  0.0000E+00  0.0000E+00  0.0000E+00  0.0000E+00  0.0000E+00  0.0000E+00  0.0000E+00
       0.0000E+00  0.0000E+00  0.0000E+00  0.0000E+00  0.0000E+00  0.0000E+00  0.0000E+00  0.0000E+00  0.0000E+00  0.0000E+00
       0.0000E+00  0.0000E+00  0.0000E+00  0.0000E+00  0.0000E+00  0.0000E+00  0.0000E+00  0.0000E+00  0.0000E+00  0.0000E+00
       0.0000E+00  0.0000E+00  0.0000E+00  0.0000E+00  0.0000E+00  0.0000E+00  0.0000E+00  0.0000E+00  0.0000E+00  0.0000E+00
       0.0000E+00  0.0000E+00  0.0000E+00  0.0000E+00  0.0000E+00  0.0000E+00  0.0000E+00  0.0000E+00  0.0000E+00  0.0000E+00
       0.0000E+00  0.0000E+00  0.0000E+00  0.0000E+00  0.0000E+00  0.0000E+00  0.0000E+00  0.0000E+00  0.0000E+00  0.0000E+00
       0.0000E+00  0.0000E+00  0.0000E+00  0.0000E+00  0.0000E+00  0.0000E+00  0.0000E+00  0.0000E+00  0.0000E+00  0.0000E+00
       0.0000E+00  0.0000E+00  0.0000E+00  0.0000E+00  0.0000E+00  0.0000E+00  0.0000E+00  0.0000E+00  0.0000E+00  0.0000E+00
       0.0000E+00  0.0000E+00  0.0000E+00  0.0000E+00  0.0000E+00  0.0000E+00  0.0000E+00  0.0000E+00  0.0000E+00  0.0000E+00
       0.0000E+00  0.0000E+00  0.0000E+00  0.0000E+00  0.0000E+00  0.0000E+00  0.0000E+00  0.0000E+00  0.0000E+00  0.0000E+00
       0.0000E+00  0.0000E+00  0.0000E+00  0.0000E+00  0.0000E+00  0.0000E+00  0.0000E+00  0.0000E+00  0.0000E+00  0.0000E+00
       0.0000E+00  0.0000E+00  0.0000E+00  0.0000E+00  0.0000E+00  0.0000E+00  0.0000E+00  0.0000E+00  0.0000E+00  0.0000E+00
       0.0000E+00  0.0000E+00  0.0000E+00  0.0000E+00  0.0000E+00  0.0000E+00  0.0000E+00  0.0000E+00  0.0000E+00  0.0000E+00
       0.0000E+00  0.0000E+00  0.0000E+00  0.0000E+00  0.0000E+00  0.0000E+00  0.0000E+00  0.0000E+00  0.0000E+00  0.0000E+00
       0.0000E+00  0.0000E+00  0.0000E+00  0.0000E+00  0.0000E+00  0.0000E+00  0.0000E+00  0.0000E+00  0.0000E+00  0.0000E+00
       0.0000E+00  0.0000E+00  0.0000E+00  0.0000E+00  0.0000E+00  0.0000E+00  0.0000E+00  0.0000E+00  0.0000E+00  0.0000E+00
       0.0000E+00  0.0000E+00  0.0000E+00  0.0000E+00  0.0000E+00  0.0000E+00  0.0000E+00  0.0000E+00  0.0000E+00  0.0000E+00
       0.0000E+00  0.0000E+00  0.0000E+00  0.0000E+00  0.0000E+00  0.0000E+00  0.0000E+00  0.0000E+00  0.0000E+00  0.0000E+00
       0.0000E+00  0.0000E+00  0.0000E+00  0.0000E+00  0.0000E+00  0.0000E+00  0.0000E+00  0.0000E+00  0.0000E+00  0.0000E+00
       0.0000E+00  0.0000E+00  0.0000E+00  0.0000E+00  0.0000E+00  0.0000E+00  0.0000E+00  0.0000E+00  0.0000E+00  0.0000E+00
       0.0000E+00  0.0000E+00  0.0000E+00  0.0000E+00  0.0000E+00  0.0000E+00  0.0000E+00  0.0000E+00  0.0000E+00  0.0000E+00
       0.0000E+00  0.0000E+00  0.0000E+00  0.0000E+00  0.0000E+00  0.0000E+00  0.0000E+00  0.0000E+00  0.0000E+00  0.0000E+00
       0.0000E+00  0.0000E+00  0.0000E+00  0.0000E+00  0.0000E+00  0.0000E+00  0.0000E+00  0.0000E+00  0.0000E+00  0.0000E+00
1

   Bdrx n.   6  "ofluence  " , generalized particle n.    1, from region n.     5 to region n.     4
      detector area:  1.0000E+02 cm**2
      this is a one way only estimator
      this is a fluence like estimator
      linear energy binning from   0.0000E+00 to  3.0000E+02 GeV,     1 bins ( 3.0000E+02 GeV wide)
      linear angular binning from  0.0000E+00 to  6.2832E+00 sr ,     1 bins ( 6.2832E+00 sr wide )
      Data follow in a matrix A(ie,ia), format (1(5x,1p,10(1x,e11.4)))

       5.0799E-06
