
 *****  Protons in Lexan (0.12GeV, 3cm)                                                   *****

           DATE: 12/18/18,  TIME:  1:42:42

          Total number of particles followed       10000000, for a total weight of  1.0000E+07

1

   Res. nuclei n.   1  "Ian       " ,  all         products, region n.     5
      detector volume:  1.0000E+00 cm**3
      Max. Z:  10, Max. N-Z:  11 Min. N-Z: -4
      Data follow in a matrix A(z,n-z-k), k: -5 format (1(5x,1p,10(1x,e11.4)))

       0.0000E+00  0.0000E+00  0.0000E+00  0.0000E+00  0.0000E+00  0.0000E+00  0.0000E+00  0.0000E+00  0.0000E+00  0.0000E+00
       0.0000E+00  0.0000E+00  0.0000E+00  0.0000E+00  0.0000E+00  2.8400E-05  0.0000E+00  1.1000E-06  0.0000E+00  0.0000E+00
       0.0000E+00  0.0000E+00  0.0000E+00  0.0000E+00  2.9450E-04  3.8990E-04  8.1000E-05  6.0600E-05  0.0000E+00  0.0000E+00
       1.0395E-01  8.1452E-03  0.0000E+00  4.2364E-03  0.0000E+00  1.1111E-02  1.2620E-04  2.5449E-03  2.0000E-07  0.0000E+00
       2.9022E-02  7.6651E-02  5.8071E-03  0.0000E+00  3.4866E-03  3.2959E-02  1.3621E-03  3.7530E-03  3.0000E-07  6.0000E-07
       3.8113E-03  0.0000E+00  2.8419E-03  7.8417E-04  6.6682E-03  9.1777E-04  1.6957E-03  4.2955E-06  2.0000E-07  0.0000E+00
       0.0000E+00  1.2650E-04  2.0360E-04  3.4780E-04  7.1871E-05  1.4450E-04  6.9894E-06  7.0000E-06  0.0000E+00  0.0000E+00
       0.0000E+00  0.0000E+00  4.4000E-06  1.0000E-06  2.3000E-06  2.0000E-07  1.3000E-06  0.0000E+00  0.0000E+00  0.0000E+00
       0.0000E+00  0.0000E+00  0.0000E+00  0.0000E+00  0.0000E+00  0.0000E+00  0.0000E+00  0.0000E+00  0.0000E+00  0.0000E+00
       0.0000E+00  0.0000E+00  0.0000E+00  0.0000E+00  0.0000E+00  0.0000E+00  0.0000E+00  0.0000E+00  0.0000E+00  0.0000E+00
       0.0000E+00  0.0000E+00  0.0000E+00  0.0000E+00  0.0000E+00  0.0000E+00  0.0000E+00  0.0000E+00  0.0000E+00  0.0000E+00
       0.0000E+00  0.0000E+00  0.0000E+00  0.0000E+00  0.0000E+00  0.0000E+00  0.0000E+00  0.0000E+00  0.0000E+00  0.0000E+00
       0.0000E+00  0.0000E+00  0.0000E+00  0.0000E+00  0.0000E+00  0.0000E+00  0.0000E+00  0.0000E+00  0.0000E+00  0.0000E+00
       0.0000E+00  0.0000E+00  0.0000E+00  0.0000E+00  0.0000E+00  0.0000E+00  0.0000E+00  0.0000E+00  0.0000E+00  0.0000E+00
       0.0000E+00  0.0000E+00  0.0000E+00  0.0000E+00  0.0000E+00  0.0000E+00  0.0000E+00  0.0000E+00  0.0000E+00  0.0000E+00
       0.0000E+00  0.0000E+00  0.0000E+00  0.0000E+00  0.0000E+00  0.0000E+00  0.0000E+00  0.0000E+00  0.0000E+00  0.0000E+00
