
 *****  Protons in Lexan (0.12GeV, 3cm)                                                   *****

           DATE: 12/18/18,  TIME:  1:42:42

          Total number of particles followed       10000000, for a total weight of  1.0000E+07

1

   Bdrx n.   4  "ocurrent  " , generalized particle n.    1, from region n.     5 to region n.     4
      detector area:  1.0000E+02 cm**2
      this is a one way only estimator
      this is a current like estimator
      linear energy binning from   4.0000E-02 to  1.7000E-01 GeV,   650 bins ( 2.0000E-04 GeV wide)
      linear angular binning from  0.0000E+00 to  6.2832E+00 sr ,     1 bins ( 6.2832E+00 sr wide )
      Data follow in a matrix A(ie,ia), format (1(5x,1p,10(1x,e11.4)))

       6.7880E-04  7.5599E-04  7.4882E-04  7.2495E-04  7.1301E-04  7.3530E-04  6.8755E-04  7.2415E-04  7.2654E-04  7.5678E-04
       6.9949E-04  6.8596E-04  7.1142E-04  7.2177E-04  7.2177E-04  7.2734E-04  7.0824E-04  7.4007E-04  7.1858E-04  7.1699E-04
       7.2973E-04  7.2018E-04  7.3689E-04  7.1938E-04  7.2893E-04  7.3370E-04  6.8516E-04  7.3291E-04  7.5360E-04  7.5758E-04
       7.0506E-04  7.5042E-04  7.3052E-04  7.0665E-04  7.5837E-04  7.1938E-04  7.6872E-04  7.2575E-04  7.4087E-04  7.6792E-04
       7.3450E-04  6.6765E-04  7.1620E-04  7.2734E-04  7.6076E-04  7.3768E-04  7.3450E-04  7.3052E-04  6.7880E-04  7.1063E-04
       7.3052E-04  6.9551E-04  7.2097E-04  7.3211E-04  7.3689E-04  7.3370E-04  6.9551E-04  6.9471E-04  7.0108E-04  7.3927E-04
       7.2336E-04  7.2575E-04  7.4564E-04  6.6208E-04  7.1699E-04  6.6208E-04  7.1540E-04  6.8437E-04  7.0426E-04  6.8835E-04
       7.0108E-04  7.3609E-04  6.8994E-04  7.1063E-04  7.3530E-04  7.0983E-04  6.4617E-04  6.5731E-04  6.8596E-04  6.6765E-04
       6.9869E-04  6.6049E-04  6.8835E-04  7.0585E-04  6.9073E-04  6.4935E-04  6.4060E-04  7.0426E-04  6.6447E-04  6.9232E-04
       6.3742E-04  6.5254E-04  6.5890E-04  6.2946E-04  6.3742E-04  6.7561E-04  6.6845E-04  6.2230E-04  6.3582E-04  6.2389E-04
       6.4617E-04  6.3025E-04  6.1354E-04  6.3264E-04  6.0877E-04  6.1434E-04  5.5147E-04  5.8251E-04  5.6420E-04  5.4272E-04
       5.9683E-04  5.3476E-04  5.3954E-04  5.6500E-04  5.3396E-04  5.0213E-04  5.2521E-04  5.4033E-04  5.1646E-04  4.8940E-04
       4.9895E-04  4.7110E-04  4.6553E-04  4.7906E-04  4.8383E-04  4.7587E-04  4.1937E-04  4.5916E-04  4.5996E-04  4.0823E-04
       4.0027E-04  4.4245E-04  3.8754E-04  4.2335E-04  4.1301E-04  4.5757E-04  4.1062E-04  4.1778E-04  4.1778E-04  4.4723E-04
       4.2256E-04  4.6075E-04  4.6473E-04  4.7587E-04  4.9895E-04  5.0452E-04  5.5068E-04  6.4060E-04  6.4139E-04  6.6765E-04
       6.8357E-04  7.1858E-04  8.1885E-04  8.0453E-04  8.9843E-04  9.9154E-04  1.0051E-03  1.1149E-03  1.1738E-03  1.2677E-03
       1.4316E-03  1.5541E-03  1.6369E-03  1.8963E-03  2.0698E-03  2.3865E-03  2.7661E-03  3.2269E-03  4.0354E-03  5.0253E-03
       6.4585E-03  8.6684E-03  1.1577E-02  1.5904E-02  2.2037E-02  3.1186E-02  4.3490E-02  6.0222E-02  8.2315E-02  1.1037E-01
       1.4441E-01  1.8478E-01  2.3107E-01  2.8172E-01  3.3567E-01  3.8668E-01  4.3584E-01  4.7463E-01  5.0217E-01  5.1641E-01
       5.1454E-01  4.9423E-01  4.6010E-01  4.1411E-01  3.6249E-01  3.0435E-01  2.4726E-01  1.9392E-01  1.4635E-01  1.0696E-01
       7.5023E-02  5.0138E-02  3.2684E-02  2.0436E-02  1.2240E-02  7.2400E-03  3.8484E-03  2.1096E-03  9.8835E-04  5.0134E-04
       2.3316E-04  1.1141E-04  4.4563E-05  1.5915E-05  4.7746E-06  2.3873E-06  3.1831E-06  0.0000E+00  0.0000E+00  0.0000E+00
       0.0000E+00  0.0000E+00  0.0000E+00  0.0000E+00  0.0000E+00  0.0000E+00  0.0000E+00  0.0000E+00  0.0000E+00  0.0000E+00
       0.0000E+00  0.0000E+00  0.0000E+00  0.0000E+00  0.0000E+00  7.9577E-07  0.0000E+00  0.0000E+00  0.0000E+00  0.0000E+00
       0.0000E+00  0.0000E+00  0.0000E+00  0.0000E+00  0.0000E+00  0.0000E+00  0.0000E+00  0.0000E+00  0.0000E+00  0.0000E+00
       0.0000E+00  0.0000E+00  0.0000E+00  0.0000E+00  0.0000E+00  0.0000E+00  0.0000E+00  0.0000E+00  0.0000E+00  0.0000E+00
       0.0000E+00  0.0000E+00  0.0000E+00  0.0000E+00  0.0000E+00  0.0000E+00  0.0000E+00  0.0000E+00  0.0000E+00  0.0000E+00
       0.0000E+00  0.0000E+00  0.0000E+00  0.0000E+00  0.0000E+00  0.0000E+00  0.0000E+00  0.0000E+00  0.0000E+00  0.0000E+00
       0.0000E+00  0.0000E+00  0.0000E+00  0.0000E+00  0.0000E+00  0.0000E+00  0.0000E+00  0.0000E+00  0.0000E+00  0.0000E+00
       0.0000E+00  0.0000E+00  0.0000E+00  0.0000E+00  0.0000E+00  0.0000E+00  0.0000E+00  0.0000E+00  0.0000E+00  0.0000E+00
       0.0000E+00  0.0000E+00  0.0000E+00  0.0000E+00  0.0000E+00  0.0000E+00  0.0000E+00  0.0000E+00  0.0000E+00  0.0000E+00
       0.0000E+00  0.0000E+00  0.0000E+00  0.0000E+00  0.0000E+00  0.0000E+00  0.0000E+00  0.0000E+00  0.0000E+00  0.0000E+00
       0.0000E+00  0.0000E+00  0.0000E+00  0.0000E+00  0.0000E+00  0.0000E+00  0.0000E+00  0.0000E+00  0.0000E+00  0.0000E+00
       0.0000E+00  0.0000E+00  0.0000E+00  0.0000E+00  0.0000E+00  0.0000E+00  0.0000E+00  0.0000E+00  0.0000E+00  0.0000E+00
       0.0000E+00  0.0000E+00  0.0000E+00  0.0000E+00  0.0000E+00  0.0000E+00  0.0000E+00  0.0000E+00  0.0000E+00  0.0000E+00
       0.0000E+00  0.0000E+00  0.0000E+00  0.0000E+00  0.0000E+00  0.0000E+00  0.0000E+00  0.0000E+00  0.0000E+00  0.0000E+00
       0.0000E+00  0.0000E+00  0.0000E+00  0.0000E+00  0.0000E+00  0.0000E+00  0.0000E+00  0.0000E+00  0.0000E+00  0.0000E+00
       0.0000E+00  0.0000E+00  0.0000E+00  0.0000E+00  0.0000E+00  0.0000E+00  0.0000E+00  0.0000E+00  0.0000E+00  0.0000E+00
       0.0000E+00  0.0000E+00  0.0000E+00  0.0000E+00  0.0000E+00  0.0000E+00  0.0000E+00  0.0000E+00  0.0000E+00  0.0000E+00
       0.0000E+00  0.0000E+00  0.0000E+00  0.0000E+00  0.0000E+00  0.0000E+00  0.0000E+00  0.0000E+00  0.0000E+00  0.0000E+00
       0.0000E+00  0.0000E+00  0.0000E+00  0.0000E+00  0.0000E+00  0.0000E+00  0.0000E+00  0.0000E+00  0.0000E+00  0.0000E+00
       0.0000E+00  0.0000E+00  0.0000E+00  0.0000E+00  0.0000E+00  0.0000E+00  0.0000E+00  0.0000E+00  0.0000E+00  0.0000E+00
       0.0000E+00  0.0000E+00  0.0000E+00  0.0000E+00  0.0000E+00  0.0000E+00  0.0000E+00  0.0000E+00  0.0000E+00  0.0000E+00
       0.0000E+00  0.0000E+00  0.0000E+00  0.0000E+00  0.0000E+00  0.0000E+00  0.0000E+00  0.0000E+00  0.0000E+00  0.0000E+00
       0.0000E+00  0.0000E+00  0.0000E+00  0.0000E+00  0.0000E+00  0.0000E+00  0.0000E+00  0.0000E+00  0.0000E+00  0.0000E+00
       0.0000E+00  0.0000E+00  0.0000E+00  0.0000E+00  0.0000E+00  0.0000E+00  0.0000E+00  0.0000E+00  0.0000E+00  0.0000E+00
       0.0000E+00  0.0000E+00  0.0000E+00  0.0000E+00  0.0000E+00  0.0000E+00  0.0000E+00  0.0000E+00  0.0000E+00  0.0000E+00
       0.0000E+00  0.0000E+00  0.0000E+00  0.0000E+00  0.0000E+00  0.0000E+00  0.0000E+00  0.0000E+00  0.0000E+00  0.0000E+00
       0.0000E+00  0.0000E+00  0.0000E+00  0.0000E+00  0.0000E+00  0.0000E+00  0.0000E+00  0.0000E+00  0.0000E+00  0.0000E+00
       0.0000E+00  0.0000E+00  0.0000E+00  0.0000E+00  0.0000E+00  0.0000E+00  0.0000E+00  0.0000E+00  0.0000E+00  0.0000E+00
       0.0000E+00  0.0000E+00  0.0000E+00  0.0000E+00  0.0000E+00  0.0000E+00  0.0000E+00  0.0000E+00  0.0000E+00  0.0000E+00
       0.0000E+00  0.0000E+00  0.0000E+00  0.0000E+00  0.0000E+00  0.0000E+00  0.0000E+00  0.0000E+00  0.0000E+00  0.0000E+00
       0.0000E+00  0.0000E+00  0.0000E+00  0.0000E+00  0.0000E+00  0.0000E+00  0.0000E+00  0.0000E+00  0.0000E+00  0.0000E+00
       0.0000E+00  0.0000E+00  0.0000E+00  0.0000E+00  0.0000E+00  0.0000E+00  0.0000E+00  0.0000E+00  0.0000E+00  0.0000E+00
       0.0000E+00  0.0000E+00  0.0000E+00  0.0000E+00  0.0000E+00  0.0000E+00  0.0000E+00  0.0000E+00  0.0000E+00  0.0000E+00
       0.0000E+00  0.0000E+00  0.0000E+00  0.0000E+00  0.0000E+00  0.0000E+00  0.0000E+00  0.0000E+00  0.0000E+00  0.0000E+00
       0.0000E+00  0.0000E+00  0.0000E+00  0.0000E+00  0.0000E+00  0.0000E+00  0.0000E+00  0.0000E+00  0.0000E+00  0.0000E+00
       0.0000E+00  0.0000E+00  0.0000E+00  0.0000E+00  0.0000E+00  0.0000E+00  0.0000E+00  0.0000E+00  0.0000E+00  0.0000E+00
       0.0000E+00  0.0000E+00  0.0000E+00  0.0000E+00  0.0000E+00  0.0000E+00  0.0000E+00  0.0000E+00  0.0000E+00  0.0000E+00
       0.0000E+00  0.0000E+00  0.0000E+00  0.0000E+00  0.0000E+00  0.0000E+00  0.0000E+00  0.0000E+00  0.0000E+00  0.0000E+00
       0.0000E+00  0.0000E+00  0.0000E+00  0.0000E+00  0.0000E+00  0.0000E+00  0.0000E+00  0.0000E+00  0.0000E+00  0.0000E+00
       0.0000E+00  0.0000E+00  0.0000E+00  0.0000E+00  0.0000E+00  0.0000E+00  0.0000E+00  0.0000E+00  0.0000E+00  0.0000E+00
       0.0000E+00  0.0000E+00  0.0000E+00  0.0000E+00  0.0000E+00  0.0000E+00  0.0000E+00  0.0000E+00  0.0000E+00  0.0000E+00
       0.0000E+00  0.0000E+00  0.0000E+00  0.0000E+00  0.0000E+00  0.0000E+00  0.0000E+00  0.0000E+00  0.0000E+00  0.0000E+00
       0.0000E+00  0.0000E+00  0.0000E+00  0.0000E+00  0.0000E+00  0.0000E+00  0.0000E+00  0.0000E+00  0.0000E+00  0.0000E+00
