
 *****  Protons in Lexan (0.23GeV, 2cm)                                                   *****

           DATE: 12/19/18,  TIME: 15:36:15

          Total number of particles followed       16666666, for a total weight of  1.6667E+07

1

   Bdrx n.   2  "ofluence  " , generalized particle n.    1, from region n.     5 to region n.     4
      detector area:  1.0000E+02 cm**2
      this is a one way only estimator
      this is a fluence like estimator
      linear energy binning from   1.5000E-01 to  2.8000E-01 GeV,   650 bins ( 2.0000E-04 GeV wide)
      linear angular binning from  0.0000E+00 to  6.2832E+00 sr ,     1 bins ( 6.2832E+00 sr wide )
      Data follow in a matrix A(ie,ia), format (1(5x,1p,10(1x,e11.4)))

       3.7841E-04  3.6806E-04  3.9334E-04  3.8482E-04  3.4728E-04  3.9200E-04  3.7921E-04  3.6185E-04  3.7607E-04  3.6547E-04
       3.8388E-04  3.6331E-04  3.5202E-04  3.6864E-04  3.8712E-04  3.8467E-04  3.7267E-04  3.5595E-04  3.8452E-04  3.2616E-04
       3.8125E-04  3.4642E-04  3.7758E-04  3.5694E-04  3.8418E-04  3.4774E-04  3.7173E-04  3.6564E-04  3.5654E-04  3.6992E-04
       3.7857E-04  3.7424E-04  3.6287E-04  4.0786E-04  3.5874E-04  3.6793E-04  3.6339E-04  3.7574E-04  3.5420E-04  3.6756E-04
       3.6738E-04  3.5905E-04  3.6699E-04  3.7238E-04  3.6666E-04  3.3765E-04  3.8389E-04  3.7801E-04  3.6219E-04  3.5064E-04
       3.6427E-04  3.7014E-04  3.7819E-04  3.8016E-04  3.6825E-04  3.6319E-04  3.5642E-04  3.4633E-04  3.5438E-04  3.4975E-04
       3.4207E-04  3.6513E-04  3.6806E-04  3.6397E-04  3.8483E-04  3.6872E-04  3.5809E-04  3.5530E-04  3.6076E-04  3.7682E-04
       3.6750E-04  3.7967E-04  3.4059E-04  3.6610E-04  3.4315E-04  3.7906E-04  3.4603E-04  3.5581E-04  3.4581E-04  3.4932E-04
       3.5823E-04  3.6217E-04  3.7346E-04  3.7633E-04  3.5688E-04  3.5862E-04  3.5643E-04  3.6858E-04  3.9731E-04  3.8047E-04
       3.5331E-04  3.4822E-04  3.5527E-04  3.6932E-04  3.4546E-04  3.5580E-04  3.4489E-04  3.6529E-04  3.4340E-04  3.7181E-04
       3.6352E-04  3.7005E-04  3.6466E-04  3.7213E-04  3.6586E-04  3.8463E-04  3.6587E-04  3.6676E-04  3.7410E-04  3.4415E-04
       3.5879E-04  3.6750E-04  3.2948E-04  3.5892E-04  3.5023E-04  3.4789E-04  3.5897E-04  3.5916E-04  3.5300E-04  3.4591E-04
       3.6925E-04  3.3499E-04  3.4123E-04  3.5774E-04  3.3661E-04  3.3157E-04  3.5116E-04  3.4984E-04  3.5761E-04  3.5589E-04
       3.3091E-04  3.4973E-04  3.4929E-04  3.1752E-04  3.3788E-04  3.2663E-04  3.5589E-04  3.4881E-04  3.5265E-04  3.0695E-04
       3.2479E-04  3.2937E-04  3.2866E-04  3.4720E-04  3.4356E-04  3.2773E-04  3.4655E-04  3.4756E-04  3.1665E-04  3.3059E-04
       3.2899E-04  3.3609E-04  3.4728E-04  3.1604E-04  3.1525E-04  3.1888E-04  3.1809E-04  3.3094E-04  3.3656E-04  3.2788E-04
       3.3074E-04  3.2088E-04  3.1989E-04  3.2883E-04  3.1316E-04  3.1580E-04  3.1572E-04  2.9214E-04  3.0874E-04  3.0546E-04
       3.0901E-04  3.2946E-04  3.0430E-04  3.0404E-04  3.1671E-04  3.0650E-04  3.2530E-04  2.8940E-04  2.9496E-04  2.8610E-04
       3.1055E-04  3.0030E-04  2.8293E-04  3.0024E-04  2.7735E-04  2.9829E-04  2.6236E-04  2.9785E-04  3.0142E-04  2.9332E-04
       2.6901E-04  3.0619E-04  2.9757E-04  2.9606E-04  2.9143E-04  2.9502E-04  3.0440E-04  2.8901E-04  3.0167E-04  2.6703E-04
       2.6409E-04  2.8813E-04  2.9355E-04  2.8786E-04  2.8341E-04  2.6684E-04  2.5744E-04  2.9478E-04  2.7014E-04  2.5338E-04
       2.8758E-04  2.5658E-04  2.5191E-04  2.4665E-04  2.6166E-04  2.6174E-04  2.5686E-04  2.7087E-04  2.4205E-04  2.5201E-04
       2.3386E-04  2.5856E-04  2.4849E-04  2.4418E-04  2.4685E-04  2.4217E-04  2.4435E-04  2.4016E-04  2.2948E-04  2.4008E-04
       2.3022E-04  2.4356E-04  2.3878E-04  2.3828E-04  2.4988E-04  2.1948E-04  2.1650E-04  2.2144E-04  2.2275E-04  2.3707E-04
       2.2300E-04  2.2707E-04  2.3012E-04  2.2352E-04  2.1713E-04  2.0741E-04  2.1246E-04  1.9617E-04  2.0483E-04  2.1836E-04
       1.8885E-04  2.0321E-04  1.8814E-04  1.9438E-04  2.0955E-04  1.9208E-04  1.8586E-04  1.9346E-04  1.9453E-04  1.9244E-04
       1.6977E-04  1.6664E-04  1.6205E-04  1.4718E-04  1.6380E-04  1.6167E-04  1.4922E-04  1.4742E-04  1.4763E-04  1.5144E-04
       1.4312E-04  1.2120E-04  1.1786E-04  1.2185E-04  1.2246E-04  9.8862E-05  1.1257E-04  9.6190E-05  1.0583E-04  1.0457E-04
       9.8102E-05  1.1333E-04  1.1505E-04  1.0424E-04  1.0679E-04  1.0398E-04  1.1220E-04  1.1941E-04  1.0800E-04  1.0511E-04
       1.1581E-04  1.1207E-04  1.0980E-04  1.3725E-04  1.3706E-04  1.4900E-04  1.5301E-04  1.7151E-04  1.5594E-04  1.7596E-04
       1.9156E-04  2.0214E-04  2.3752E-04  3.0133E-04  3.9745E-04  6.2036E-04  9.5512E-04  1.4115E-03  2.3293E-03  3.8386E-03
       6.1200E-03  9.6887E-03  1.5094E-02  2.3023E-02  3.4091E-02  4.9571E-02  7.0443E-02  9.7115E-02  1.3060E-01  1.7058E-01
       2.1739E-01  2.6933E-01  3.2446E-01  3.8063E-01  4.3171E-01  4.7706E-01  5.1086E-01  5.2974E-01  5.3567E-01  5.2320E-01
       4.9563E-01  4.5493E-01  4.0326E-01  3.4655E-01  2.8936E-01  2.3187E-01  1.8096E-01  1.3648E-01  9.8648E-02  6.9527E-02
       4.7057E-02  3.0796E-02  1.9594E-02  1.2122E-02  7.2398E-03  4.0026E-03  2.2272E-03  1.1952E-03  6.0262E-04  3.1755E-04
       1.3466E-04  6.3986E-05  2.9128E-05  1.4325E-05  1.9100E-06  1.9101E-06  1.9100E-06  0.0000E+00  0.0000E+00  0.0000E+00
       0.0000E+00  0.0000E+00  0.0000E+00  0.0000E+00  0.0000E+00  0.0000E+00  0.0000E+00  0.0000E+00  0.0000E+00  0.0000E+00
       0.0000E+00  0.0000E+00  0.0000E+00  0.0000E+00  0.0000E+00  0.0000E+00  0.0000E+00  0.0000E+00  0.0000E+00  0.0000E+00
       0.0000E+00  0.0000E+00  0.0000E+00  0.0000E+00  0.0000E+00  0.0000E+00  0.0000E+00  0.0000E+00  0.0000E+00  0.0000E+00
       0.0000E+00  0.0000E+00  0.0000E+00  0.0000E+00  0.0000E+00  0.0000E+00  0.0000E+00  0.0000E+00  0.0000E+00  0.0000E+00
       0.0000E+00  0.0000E+00  0.0000E+00  0.0000E+00  0.0000E+00  0.0000E+00  0.0000E+00  0.0000E+00  0.0000E+00  0.0000E+00
       0.0000E+00  0.0000E+00  0.0000E+00  0.0000E+00  0.0000E+00  0.0000E+00  0.0000E+00  0.0000E+00  0.0000E+00  0.0000E+00
       0.0000E+00  0.0000E+00  0.0000E+00  0.0000E+00  0.0000E+00  0.0000E+00  0.0000E+00  0.0000E+00  0.0000E+00  0.0000E+00
       0.0000E+00  0.0000E+00  0.0000E+00  0.0000E+00  0.0000E+00  0.0000E+00  0.0000E+00  0.0000E+00  0.0000E+00  0.0000E+00
       0.0000E+00  0.0000E+00  0.0000E+00  0.0000E+00  0.0000E+00  0.0000E+00  0.0000E+00  0.0000E+00  0.0000E+00  0.0000E+00
       0.0000E+00  0.0000E+00  0.0000E+00  0.0000E+00  0.0000E+00  0.0000E+00  0.0000E+00  0.0000E+00  0.0000E+00  0.0000E+00
       0.0000E+00  0.0000E+00  0.0000E+00  0.0000E+00  0.0000E+00  0.0000E+00  0.0000E+00  0.0000E+00  0.0000E+00  0.0000E+00
       0.0000E+00  0.0000E+00  0.0000E+00  0.0000E+00  0.0000E+00  0.0000E+00  0.0000E+00  0.0000E+00  0.0000E+00  0.0000E+00
       0.0000E+00  0.0000E+00  0.0000E+00  0.0000E+00  0.0000E+00  0.0000E+00  0.0000E+00  0.0000E+00  0.0000E+00  0.0000E+00
       0.0000E+00  0.0000E+00  0.0000E+00  0.0000E+00  0.0000E+00  0.0000E+00  0.0000E+00  0.0000E+00  0.0000E+00  0.0000E+00
       0.0000E+00  0.0000E+00  0.0000E+00  0.0000E+00  0.0000E+00  0.0000E+00  0.0000E+00  0.0000E+00  0.0000E+00  0.0000E+00
       0.0000E+00  0.0000E+00  0.0000E+00  0.0000E+00  0.0000E+00  0.0000E+00  0.0000E+00  0.0000E+00  0.0000E+00  0.0000E+00
       0.0000E+00  0.0000E+00  0.0000E+00  0.0000E+00  0.0000E+00  0.0000E+00  0.0000E+00  0.0000E+00  0.0000E+00  0.0000E+00
       0.0000E+00  0.0000E+00  0.0000E+00  0.0000E+00  0.0000E+00  0.0000E+00  0.0000E+00  0.0000E+00  0.0000E+00  0.0000E+00
       0.0000E+00  0.0000E+00  0.0000E+00  0.0000E+00  0.0000E+00  0.0000E+00  0.0000E+00  0.0000E+00  0.0000E+00  0.0000E+00
       0.0000E+00  0.0000E+00  0.0000E+00  0.0000E+00  0.0000E+00  0.0000E+00  0.0000E+00  0.0000E+00  0.0000E+00  0.0000E+00
       0.0000E+00  0.0000E+00  0.0000E+00  0.0000E+00  0.0000E+00  0.0000E+00  0.0000E+00  0.0000E+00  0.0000E+00  0.0000E+00
       0.0000E+00  0.0000E+00  0.0000E+00  0.0000E+00  0.0000E+00  0.0000E+00  0.0000E+00  0.0000E+00  0.0000E+00  0.0000E+00
       0.0000E+00  0.0000E+00  0.0000E+00  0.0000E+00  0.0000E+00  0.0000E+00  0.0000E+00  0.0000E+00  0.0000E+00  0.0000E+00
       0.0000E+00  0.0000E+00  0.0000E+00  0.0000E+00  0.0000E+00  0.0000E+00  0.0000E+00  0.0000E+00  0.0000E+00  0.0000E+00
       0.0000E+00  0.0000E+00  0.0000E+00  0.0000E+00  0.0000E+00  0.0000E+00  0.0000E+00  0.0000E+00  0.0000E+00  0.0000E+00
       0.0000E+00  0.0000E+00  0.0000E+00  0.0000E+00  0.0000E+00  0.0000E+00  0.0000E+00  0.0000E+00  0.0000E+00  0.0000E+00
       0.0000E+00  0.0000E+00  0.0000E+00  0.0000E+00  0.0000E+00  0.0000E+00  0.0000E+00  0.0000E+00  0.0000E+00  0.0000E+00
       0.0000E+00  0.0000E+00  0.0000E+00  0.0000E+00  0.0000E+00  0.0000E+00  0.0000E+00  0.0000E+00  0.0000E+00  0.0000E+00
       0.0000E+00  0.0000E+00  0.0000E+00  0.0000E+00  0.0000E+00  0.0000E+00  0.0000E+00  0.0000E+00  0.0000E+00  0.0000E+00
1

   Bdrx n.   6  "ofluence  " , generalized particle n.    1, from region n.     5 to region n.     4
      detector area:  1.0000E+02 cm**2
      this is a one way only estimator
      this is a fluence like estimator
      linear energy binning from   0.0000E+00 to  3.0000E+02 GeV,     1 bins ( 3.0000E+02 GeV wide)
      linear angular binning from  0.0000E+00 to  6.2832E+00 sr ,     1 bins ( 6.2832E+00 sr wide )
      Data follow in a matrix A(ie,ia), format (1(5x,1p,10(1x,e11.4)))

       5.3489E-06
