
 *****  Protons in Lexan (0.23GeV, 2cm)                                                   *****

           DATE: 12/19/18,  TIME: 15:36:15

          Total number of particles followed       16666666, for a total weight of  1.6667E+07

1

   Res. nuclei n.   1  "Ian       " ,  all         products, region n.     5
      detector volume:  1.0000E+00 cm**3
      Max. Z:  10, Max. N-Z:  11 Min. N-Z: -4
      Data follow in a matrix A(z,n-z-k), k: -5 format (1(5x,1p,10(1x,e11.4)))

       0.0000E+00  0.0000E+00  0.0000E+00  0.0000E+00  0.0000E+00  0.0000E+00  0.0000E+00  0.0000E+00  0.0000E+00  0.0000E+00
       0.0000E+00  0.0000E+00  0.0000E+00  0.0000E+00  0.0000E+00  2.0100E-05  0.0000E+00  1.2600E-06  0.0000E+00  0.0000E+00
       0.0000E+00  0.0000E+00  0.0000E+00  0.0000E+00  1.5570E-04  3.2760E-04  3.4440E-05  7.2420E-05  0.0000E+00  0.0000E+00
       3.8452E-02  4.2824E-03  0.0000E+00  2.0506E-03  0.0000E+00  6.1991E-03  8.5680E-05  1.5043E-03  0.0000E+00  0.0000E+00
       9.3210E-03  3.4152E-02  2.8081E-03  0.0000E+00  2.1928E-03  7.4868E-03  7.3658E-04  8.7532E-04  6.0000E-08  3.0000E-07
       2.3412E-03  0.0000E+00  1.5960E-03  4.5634E-04  4.1821E-03  3.9373E-04  1.0448E-03  1.2843E-06  0.0000E+00  0.0000E+00
       0.0000E+00  9.8280E-05  1.3248E-04  2.9658E-04  4.6917E-05  1.0482E-04  3.1857E-06  1.7400E-06  0.0000E+00  0.0000E+00
       0.0000E+00  0.0000E+00  1.0920E-05  1.5600E-06  2.2200E-06  3.0000E-07  1.3200E-06  0.0000E+00  0.0000E+00  0.0000E+00
       0.0000E+00  2.4000E-07  0.0000E+00  6.0000E-08  0.0000E+00  1.2000E-07  0.0000E+00  0.0000E+00  0.0000E+00  0.0000E+00
       0.0000E+00  0.0000E+00  0.0000E+00  0.0000E+00  0.0000E+00  0.0000E+00  0.0000E+00  0.0000E+00  0.0000E+00  0.0000E+00
       0.0000E+00  0.0000E+00  0.0000E+00  0.0000E+00  0.0000E+00  0.0000E+00  0.0000E+00  0.0000E+00  0.0000E+00  0.0000E+00
       0.0000E+00  0.0000E+00  0.0000E+00  0.0000E+00  0.0000E+00  0.0000E+00  0.0000E+00  0.0000E+00  0.0000E+00  0.0000E+00
       0.0000E+00  0.0000E+00  0.0000E+00  0.0000E+00  0.0000E+00  0.0000E+00  0.0000E+00  0.0000E+00  0.0000E+00  0.0000E+00
       0.0000E+00  0.0000E+00  0.0000E+00  0.0000E+00  0.0000E+00  0.0000E+00  0.0000E+00  0.0000E+00  0.0000E+00  0.0000E+00
       0.0000E+00  0.0000E+00  0.0000E+00  0.0000E+00  0.0000E+00  0.0000E+00  0.0000E+00  0.0000E+00  0.0000E+00  0.0000E+00
       0.0000E+00  0.0000E+00  0.0000E+00  0.0000E+00  0.0000E+00  0.0000E+00  0.0000E+00  0.0000E+00  0.0000E+00  0.0000E+00
