
 *****  Protons in Lexan (0.23GeV, 2cm)                                                   *****

           DATE: 12/19/18,  TIME: 15:36:15

          Total number of particles followed       16666666, for a total weight of  1.6667E+07

1

   Bdrx n.   4  "ocurrent  " , generalized particle n.    1, from region n.     5 to region n.     4
      detector area:  1.0000E+02 cm**2
      this is a one way only estimator
      this is a current like estimator
      linear energy binning from   1.5000E-01 to  2.8000E-01 GeV,   650 bins ( 2.0000E-04 GeV wide)
      linear angular binning from  0.0000E+00 to  6.2832E+00 sr ,     1 bins ( 6.2832E+00 sr wide )
      Data follow in a matrix A(ie,ia), format (1(5x,1p,10(1x,e11.4)))

       3.1799E-04  3.0892E-04  3.2945E-04  3.2229E-04  2.9030E-04  3.2754E-04  3.1847E-04  3.0080E-04  3.1799E-04  3.0271E-04
       3.1847E-04  3.0701E-04  2.9746E-04  3.1035E-04  3.2372E-04  3.2659E-04  3.1560E-04  3.0319E-04  3.2420E-04  2.7645E-04
       3.2468E-04  2.9603E-04  3.1847E-04  3.0224E-04  3.2324E-04  2.9221E-04  3.1035E-04  3.1083E-04  3.0176E-04  3.1274E-04
       3.2372E-04  3.1990E-04  3.0749E-04  3.5046E-04  3.0605E-04  3.1704E-04  3.1131E-04  3.2468E-04  3.0319E-04  3.1417E-04
       3.1417E-04  3.0558E-04  3.1369E-04  3.1608E-04  3.1751E-04  2.8934E-04  3.2897E-04  3.2277E-04  3.1131E-04  3.0080E-04
       3.1369E-04  3.1560E-04  3.2611E-04  3.2754E-04  3.1608E-04  3.1178E-04  3.0271E-04  2.9889E-04  3.0605E-04  3.0176E-04
       2.9316E-04  3.1322E-04  3.1942E-04  3.1465E-04  3.3184E-04  3.2038E-04  3.0844E-04  3.0749E-04  3.1178E-04  3.2372E-04
       3.1513E-04  3.3136E-04  2.9794E-04  3.1847E-04  2.9794E-04  3.3136E-04  2.9985E-04  3.0940E-04  2.9985E-04  3.0367E-04
       3.1131E-04  3.1465E-04  3.2754E-04  3.3088E-04  3.1322E-04  3.1513E-04  3.1035E-04  3.2229E-04  3.4425E-04  3.3423E-04
       3.1083E-04  3.0558E-04  3.1226E-04  3.2611E-04  3.0462E-04  3.1322E-04  3.0415E-04  3.2277E-04  3.0224E-04  3.2850E-04
       3.2133E-04  3.2611E-04  3.2372E-04  3.2706E-04  3.2277E-04  3.4091E-04  3.2229E-04  3.2324E-04  3.2945E-04  3.0319E-04
       3.1608E-04  3.2468E-04  2.9173E-04  3.1895E-04  3.1083E-04  3.0987E-04  3.1895E-04  3.1895E-04  3.1656E-04  3.0749E-04
       3.2897E-04  2.9842E-04  3.0558E-04  3.1990E-04  2.9937E-04  2.9794E-04  3.1178E-04  3.1274E-04  3.1942E-04  3.1513E-04
       2.9842E-04  3.1274E-04  3.1417E-04  2.8552E-04  3.0128E-04  2.9316E-04  3.1895E-04  3.1178E-04  3.1513E-04  2.7550E-04
       2.9316E-04  2.9555E-04  2.9698E-04  3.1513E-04  3.0892E-04  2.9555E-04  3.1369E-04  3.1465E-04  2.8696E-04  2.9937E-04
       2.9030E-04  3.0080E-04  3.1322E-04  2.8839E-04  2.8552E-04  2.8887E-04  2.8648E-04  2.9937E-04  3.0605E-04  2.9794E-04
       2.9937E-04  2.9221E-04  2.9125E-04  3.0080E-04  2.8600E-04  2.8743E-04  2.8648E-04  2.6547E-04  2.8123E-04  2.7979E-04
       2.8266E-04  3.0128E-04  2.7788E-04  2.7741E-04  2.8791E-04  2.7979E-04  2.9937E-04  2.6643E-04  2.6929E-04  2.6308E-04
       2.8457E-04  2.7454E-04  2.5974E-04  2.7359E-04  2.5497E-04  2.7359E-04  2.4112E-04  2.7454E-04  2.7788E-04  2.6738E-04
       2.4924E-04  2.7979E-04  2.7406E-04  2.7359E-04  2.6977E-04  2.7263E-04  2.8075E-04  2.6690E-04  2.7693E-04  2.4733E-04
       2.4446E-04  2.6595E-04  2.7120E-04  2.6690E-04  2.6261E-04  2.4637E-04  2.3825E-04  2.7168E-04  2.4971E-04  2.3491E-04
       2.6786E-04  2.3778E-04  2.3348E-04  2.3062E-04  2.4207E-04  2.4494E-04  2.3969E-04  2.5115E-04  2.2536E-04  2.3587E-04
       2.1868E-04  2.4160E-04  2.3348E-04  2.2823E-04  2.3062E-04  2.2727E-04  2.2775E-04  2.2584E-04  2.1629E-04  2.2250E-04
       2.1581E-04  2.2823E-04  2.2536E-04  2.2298E-04  2.3539E-04  2.0674E-04  2.0483E-04  2.0817E-04  2.0722E-04  2.2202E-04
       2.1152E-04  2.0865E-04  2.1725E-04  2.1199E-04  2.0579E-04  1.9624E-04  1.9910E-04  1.8239E-04  1.9433E-04  2.0770E-04
       1.7905E-04  1.9385E-04  1.7857E-04  1.8478E-04  1.9910E-04  1.8144E-04  1.7762E-04  1.7857E-04  1.8335E-04  1.8335E-04
       1.6138E-04  1.5900E-04  1.5422E-04  1.4037E-04  1.5518E-04  1.5327E-04  1.4228E-04  1.4037E-04  1.4085E-04  1.4467E-04
       1.3608E-04  1.1555E-04  1.1220E-04  1.1555E-04  1.1555E-04  9.3106E-05  1.0552E-04  9.0718E-05  1.0027E-04  9.6925E-05
       9.1196E-05  1.0504E-04  9.5016E-05  9.7403E-05  9.7880E-05  9.7403E-05  1.0456E-04  1.1173E-04  1.0075E-04  9.6925E-05
       1.0838E-04  1.0409E-04  1.0361E-04  1.2796E-04  1.2939E-04  1.4276E-04  1.4515E-04  1.6329E-04  1.4754E-04  1.6855E-04
       1.8382E-04  1.9481E-04  2.3014E-04  2.9364E-04  3.8818E-04  6.1116E-04  9.4299E-04  1.3990E-03  2.3152E-03  3.8221E-03
       6.1010E-03  9.6677E-03  1.5068E-02  2.2990E-02  3.4056E-02  4.9529E-02  7.0394E-02  9.7057E-02  1.3053E-01  1.7050E-01
       2.1730E-01  2.6924E-01  3.2436E-01  3.8052E-01  4.3160E-01  4.7694E-01  5.1074E-01  5.2963E-01  5.3556E-01  5.2310E-01
       4.9554E-01  4.5486E-01  4.0319E-01  3.4650E-01  2.8931E-01  2.3184E-01  1.8093E-01  1.3646E-01  9.8633E-02  6.9517E-02
       4.7050E-02  3.0792E-02  1.9591E-02  1.2121E-02  7.2388E-03  4.0021E-03  2.2269E-03  1.1951E-03  6.0256E-04  3.1751E-04
       1.3465E-04  6.3980E-05  2.9125E-05  1.4324E-05  1.9099E-06  1.9099E-06  1.9099E-06  0.0000E+00  0.0000E+00  0.0000E+00
       0.0000E+00  0.0000E+00  0.0000E+00  0.0000E+00  0.0000E+00  0.0000E+00  0.0000E+00  0.0000E+00  0.0000E+00  0.0000E+00
       0.0000E+00  0.0000E+00  0.0000E+00  0.0000E+00  0.0000E+00  0.0000E+00  0.0000E+00  0.0000E+00  0.0000E+00  0.0000E+00
       0.0000E+00  0.0000E+00  0.0000E+00  0.0000E+00  0.0000E+00  0.0000E+00  0.0000E+00  0.0000E+00  0.0000E+00  0.0000E+00
       0.0000E+00  0.0000E+00  0.0000E+00  0.0000E+00  0.0000E+00  0.0000E+00  0.0000E+00  0.0000E+00  0.0000E+00  0.0000E+00
       0.0000E+00  0.0000E+00  0.0000E+00  0.0000E+00  0.0000E+00  0.0000E+00  0.0000E+00  0.0000E+00  0.0000E+00  0.0000E+00
       0.0000E+00  0.0000E+00  0.0000E+00  0.0000E+00  0.0000E+00  0.0000E+00  0.0000E+00  0.0000E+00  0.0000E+00  0.0000E+00
       0.0000E+00  0.0000E+00  0.0000E+00  0.0000E+00  0.0000E+00  0.0000E+00  0.0000E+00  0.0000E+00  0.0000E+00  0.0000E+00
       0.0000E+00  0.0000E+00  0.0000E+00  0.0000E+00  0.0000E+00  0.0000E+00  0.0000E+00  0.0000E+00  0.0000E+00  0.0000E+00
       0.0000E+00  0.0000E+00  0.0000E+00  0.0000E+00  0.0000E+00  0.0000E+00  0.0000E+00  0.0000E+00  0.0000E+00  0.0000E+00
       0.0000E+00  0.0000E+00  0.0000E+00  0.0000E+00  0.0000E+00  0.0000E+00  0.0000E+00  0.0000E+00  0.0000E+00  0.0000E+00
       0.0000E+00  0.0000E+00  0.0000E+00  0.0000E+00  0.0000E+00  0.0000E+00  0.0000E+00  0.0000E+00  0.0000E+00  0.0000E+00
       0.0000E+00  0.0000E+00  0.0000E+00  0.0000E+00  0.0000E+00  0.0000E+00  0.0000E+00  0.0000E+00  0.0000E+00  0.0000E+00
       0.0000E+00  0.0000E+00  0.0000E+00  0.0000E+00  0.0000E+00  0.0000E+00  0.0000E+00  0.0000E+00  0.0000E+00  0.0000E+00
       0.0000E+00  0.0000E+00  0.0000E+00  0.0000E+00  0.0000E+00  0.0000E+00  0.0000E+00  0.0000E+00  0.0000E+00  0.0000E+00
       0.0000E+00  0.0000E+00  0.0000E+00  0.0000E+00  0.0000E+00  0.0000E+00  0.0000E+00  0.0000E+00  0.0000E+00  0.0000E+00
       0.0000E+00  0.0000E+00  0.0000E+00  0.0000E+00  0.0000E+00  0.0000E+00  0.0000E+00  0.0000E+00  0.0000E+00  0.0000E+00
       0.0000E+00  0.0000E+00  0.0000E+00  0.0000E+00  0.0000E+00  0.0000E+00  0.0000E+00  0.0000E+00  0.0000E+00  0.0000E+00
       0.0000E+00  0.0000E+00  0.0000E+00  0.0000E+00  0.0000E+00  0.0000E+00  0.0000E+00  0.0000E+00  0.0000E+00  0.0000E+00
       0.0000E+00  0.0000E+00  0.0000E+00  0.0000E+00  0.0000E+00  0.0000E+00  0.0000E+00  0.0000E+00  0.0000E+00  0.0000E+00
       0.0000E+00  0.0000E+00  0.0000E+00  0.0000E+00  0.0000E+00  0.0000E+00  0.0000E+00  0.0000E+00  0.0000E+00  0.0000E+00
       0.0000E+00  0.0000E+00  0.0000E+00  0.0000E+00  0.0000E+00  0.0000E+00  0.0000E+00  0.0000E+00  0.0000E+00  0.0000E+00
       0.0000E+00  0.0000E+00  0.0000E+00  0.0000E+00  0.0000E+00  0.0000E+00  0.0000E+00  0.0000E+00  0.0000E+00  0.0000E+00
       0.0000E+00  0.0000E+00  0.0000E+00  0.0000E+00  0.0000E+00  0.0000E+00  0.0000E+00  0.0000E+00  0.0000E+00  0.0000E+00
       0.0000E+00  0.0000E+00  0.0000E+00  0.0000E+00  0.0000E+00  0.0000E+00  0.0000E+00  0.0000E+00  0.0000E+00  0.0000E+00
       0.0000E+00  0.0000E+00  0.0000E+00  0.0000E+00  0.0000E+00  0.0000E+00  0.0000E+00  0.0000E+00  0.0000E+00  0.0000E+00
       0.0000E+00  0.0000E+00  0.0000E+00  0.0000E+00  0.0000E+00  0.0000E+00  0.0000E+00  0.0000E+00  0.0000E+00  0.0000E+00
       0.0000E+00  0.0000E+00  0.0000E+00  0.0000E+00  0.0000E+00  0.0000E+00  0.0000E+00  0.0000E+00  0.0000E+00  0.0000E+00
       0.0000E+00  0.0000E+00  0.0000E+00  0.0000E+00  0.0000E+00  0.0000E+00  0.0000E+00  0.0000E+00  0.0000E+00  0.0000E+00
       0.0000E+00  0.0000E+00  0.0000E+00  0.0000E+00  0.0000E+00  0.0000E+00  0.0000E+00  0.0000E+00  0.0000E+00  0.0000E+00
