
 *****  Protons in Lexan (0.12GeV, 0cm)                                                   *****

           DATE: 12/18/18,  TIME: 10:23:50

          Total number of particles followed       50000000, for a total weight of  5.0000E+07

1

   Res. nuclei n.   1  "Ian       " ,  all         products, region n.     5
      detector volume:  1.0000E+00 cm**3
      Max. Z:  10, Max. N-Z:  11 Min. N-Z: -4
      Data follow in a matrix A(z,n-z-k), k: -5 format (1(5x,1p,10(1x,e11.4)))

       0.0000E+00  0.0000E+00  0.0000E+00  0.0000E+00  0.0000E+00  0.0000E+00  0.0000E+00  0.0000E+00  0.0000E+00  0.0000E+00
       0.0000E+00  0.0000E+00  0.0000E+00  0.0000E+00  0.0000E+00  7.3600E-06  0.0000E+00  2.0000E-07  0.0000E+00  0.0000E+00
       0.0000E+00  0.0000E+00  0.0000E+00  0.0000E+00  5.9800E-05  8.9660E-05  1.3640E-05  1.5520E-05  0.0000E+00  0.0000E+00
       1.0615E-02  1.6239E-03  0.0000E+00  8.1226E-04  0.0000E+00  2.1785E-03  2.8100E-05  5.0404E-04  0.0000E+00  0.0000E+00
       2.6307E-03  1.3672E-02  1.1123E-03  0.0000E+00  6.9356E-04  4.8757E-03  2.5406E-04  5.7908E-04  2.0000E-08  1.8000E-07
       7.4499E-04  0.0000E+00  5.3992E-04  1.4124E-04  1.2400E-03  1.6184E-04  3.0740E-04  7.0249E-07  0.0000E+00  0.0000E+00
       0.0000E+00  2.8880E-05  4.0680E-05  7.7620E-05  1.0879E-05  2.8340E-05  6.4609E-07  9.2000E-07  0.0000E+00  0.0000E+00
       0.0000E+00  0.0000E+00  1.5600E-06  2.6000E-07  7.0000E-07  6.0000E-08  3.0000E-07  0.0000E+00  0.0000E+00  0.0000E+00
       0.0000E+00  0.0000E+00  0.0000E+00  2.0000E-08  0.0000E+00  0.0000E+00  0.0000E+00  0.0000E+00  0.0000E+00  0.0000E+00
       0.0000E+00  0.0000E+00  0.0000E+00  0.0000E+00  0.0000E+00  0.0000E+00  0.0000E+00  0.0000E+00  0.0000E+00  0.0000E+00
       0.0000E+00  0.0000E+00  0.0000E+00  0.0000E+00  0.0000E+00  0.0000E+00  0.0000E+00  0.0000E+00  0.0000E+00  0.0000E+00
       0.0000E+00  0.0000E+00  0.0000E+00  0.0000E+00  0.0000E+00  0.0000E+00  0.0000E+00  0.0000E+00  0.0000E+00  0.0000E+00
       0.0000E+00  0.0000E+00  0.0000E+00  0.0000E+00  0.0000E+00  0.0000E+00  0.0000E+00  0.0000E+00  0.0000E+00  0.0000E+00
       0.0000E+00  0.0000E+00  0.0000E+00  0.0000E+00  0.0000E+00  0.0000E+00  0.0000E+00  0.0000E+00  0.0000E+00  0.0000E+00
       0.0000E+00  0.0000E+00  0.0000E+00  0.0000E+00  0.0000E+00  0.0000E+00  0.0000E+00  0.0000E+00  0.0000E+00  0.0000E+00
       0.0000E+00  0.0000E+00  0.0000E+00  0.0000E+00  0.0000E+00  0.0000E+00  0.0000E+00  0.0000E+00  0.0000E+00  0.0000E+00
