
 *****  Protons in Lexan (0.12GeV, 0cm)                                                   *****

           DATE: 12/18/18,  TIME: 10:23:50

          Total number of particles followed       50000000, for a total weight of  5.0000E+07

1

   Bdrx n.   4  "ocurrent  " , generalized particle n.    1, from region n.     5 to region n.     4
      detector area:  1.0000E+02 cm**2
      this is a one way only estimator
      this is a current like estimator
      linear energy binning from   4.0000E-02 to  1.7000E-01 GeV,   650 bins ( 2.0000E-04 GeV wide)
      linear angular binning from  0.0000E+00 to  6.2832E+00 sr ,     1 bins ( 6.2832E+00 sr wide )
      Data follow in a matrix A(ie,ia), format (1(5x,1p,10(1x,e11.4)))

       1.8048E-04  1.7221E-04  1.7618E-04  1.6807E-04  1.8064E-04  1.8128E-04  1.7427E-04  1.7427E-04  1.7603E-04  1.7300E-04
       1.6791E-04  1.8000E-04  1.7348E-04  1.7634E-04  1.7778E-04  1.7523E-04  1.7157E-04  1.8064E-04  1.7412E-04  1.7507E-04
       1.8382E-04  1.8032E-04  1.8685E-04  1.7587E-04  1.8287E-04  1.9528E-04  1.8924E-04  1.7841E-04  1.8112E-04  1.7698E-04
       1.7125E-04  1.8446E-04  1.8669E-04  1.9258E-04  1.9321E-04  1.8796E-04  1.9099E-04  1.8191E-04  1.8239E-04  1.8510E-04
       1.8589E-04  1.8271E-04  1.8414E-04  1.7953E-04  1.7985E-04  1.8319E-04  1.7603E-04  1.8589E-04  1.8621E-04  1.8876E-04
       1.8335E-04  1.8335E-04  1.7650E-04  1.8796E-04  1.9751E-04  1.8255E-04  1.8160E-04  1.9130E-04  1.9290E-04  1.9544E-04
       1.9608E-04  1.8796E-04  1.9162E-04  1.8128E-04  1.9274E-04  1.9958E-04  1.8685E-04  1.9242E-04  1.9337E-04  1.8908E-04
       1.7857E-04  1.9608E-04  1.8573E-04  1.9401E-04  1.9321E-04  1.9099E-04  1.9735E-04  1.9274E-04  1.9305E-04  1.8526E-04
       1.9449E-04  1.7698E-04  1.9672E-04  1.9401E-04  1.9115E-04  1.9194E-04  2.0022E-04  1.9703E-04  1.8812E-04  1.8844E-04
       2.0022E-04  1.9942E-04  1.9496E-04  1.8701E-04  1.8987E-04  1.9162E-04  1.9242E-04  1.8796E-04  1.9576E-04  2.0356E-04
       1.8955E-04  1.9672E-04  1.9083E-04  1.9894E-04  1.9433E-04  2.0292E-04  1.9640E-04  1.9656E-04  1.9035E-04  2.0197E-04
       2.0038E-04  2.0420E-04  1.9815E-04  1.9194E-04  1.9910E-04  1.9178E-04  1.9560E-04  2.0181E-04  1.9305E-04  1.9926E-04
       1.9735E-04  1.9337E-04  2.0531E-04  2.0595E-04  2.0420E-04  1.9847E-04  1.9528E-04  1.9592E-04  2.0817E-04  2.0038E-04
       2.0865E-04  2.0499E-04  1.8876E-04  2.1375E-04  2.0404E-04  2.0229E-04  2.1263E-04  2.0435E-04  2.0658E-04  2.0213E-04
       2.0802E-04  2.1231E-04  2.0770E-04  1.9465E-04  2.1741E-04  2.1263E-04  2.0404E-04  2.1406E-04  2.1565E-04  2.0308E-04
       2.0961E-04  1.9767E-04  2.1120E-04  2.0849E-04  2.0754E-04  2.1518E-04  2.0722E-04  2.1597E-04  1.9162E-04  2.2345E-04
       2.0722E-04  2.1390E-04  1.9449E-04  2.0181E-04  2.0420E-04  2.0340E-04  2.1104E-04  1.9958E-04  2.0595E-04  2.0865E-04
       2.1645E-04  2.0197E-04  2.1820E-04  2.1470E-04  2.0897E-04  2.0340E-04  2.0451E-04  2.0547E-04  2.1024E-04  2.2266E-04
       2.0499E-04  2.0770E-04  2.0308E-04  2.0611E-04  2.1756E-04  2.1613E-04  2.0276E-04  2.1645E-04  2.0690E-04  2.0611E-04
       2.0563E-04  2.0738E-04  2.0945E-04  2.0229E-04  2.0276E-04  1.9576E-04  1.9608E-04  2.0531E-04  1.9942E-04  2.1375E-04
       1.9481E-04  2.0069E-04  2.0260E-04  1.9544E-04  1.9767E-04  1.9465E-04  1.8701E-04  1.8939E-04  1.8987E-04  1.9019E-04
       2.0213E-04  1.9417E-04  1.8892E-04  1.9274E-04  1.9910E-04  1.8860E-04  1.8589E-04  1.9831E-04  1.9274E-04  1.8812E-04
       1.8764E-04  1.8955E-04  1.9337E-04  1.8462E-04  1.8971E-04  1.8908E-04  1.8573E-04  1.8589E-04  1.9496E-04  1.8382E-04
       1.7698E-04  1.7555E-04  1.7985E-04  1.7825E-04  1.7077E-04  1.7603E-04  1.8080E-04  1.7173E-04  1.8175E-04  1.7937E-04
       1.8096E-04  1.6886E-04  1.7045E-04  1.7666E-04  1.7459E-04  1.7618E-04  1.7109E-04  1.7125E-04  1.7268E-04  1.6982E-04
       1.6600E-04  1.5995E-04  1.7857E-04  1.6886E-04  1.7125E-04  1.7571E-04  1.6409E-04  1.7014E-04  1.7189E-04  1.6839E-04
       1.6027E-04  1.6664E-04  1.7364E-04  1.5995E-04  1.6313E-04  1.6329E-04  1.5900E-04  1.5470E-04  1.4801E-04  1.6393E-04
       1.5327E-04  1.5629E-04  1.5884E-04  1.4785E-04  1.4770E-04  1.5183E-04  1.4817E-04  1.5565E-04  1.5056E-04  1.4324E-04
       1.5215E-04  1.4897E-04  1.4085E-04  1.3958E-04  1.4197E-04  1.4069E-04  1.3878E-04  1.4053E-04  1.3544E-04  1.3433E-04
       1.3560E-04  1.3305E-04  1.3114E-04  1.2732E-04  1.2732E-04  1.2828E-04  1.2064E-04  1.2716E-04  1.2732E-04  1.1571E-04
       1.1268E-04  1.1380E-04  1.0934E-04  9.8358E-05  1.0520E-04  1.0568E-04  9.1673E-05  8.5307E-05  8.0692E-05  7.9577E-05
       7.3052E-05  6.9869E-05  6.4139E-05  6.3025E-05  6.2548E-05  6.5731E-05  5.9365E-05  6.0797E-05  6.3025E-05  6.2548E-05
       6.1911E-05  6.0638E-05  6.4935E-05  6.4458E-05  6.7323E-05  7.2097E-05  8.2920E-05  7.7827E-05  8.4989E-05  8.5307E-05
       9.2310E-05  1.1014E-04  1.1443E-04  1.2159E-04  1.3576E-04  1.4213E-04  1.5709E-04  1.6377E-04  1.6393E-04  1.6234E-04
       1.6011E-04  1.3687E-04  1.2701E-04  1.3226E-04  1.4404E-04  1.5295E-04  1.9512E-04  2.6149E-04  3.7385E-04  5.9588E-04
       1.1516E-03  2.5503E-03  5.9360E-03  1.3944E-02  3.1618E-02  6.6940E-02  1.3121E-01  2.3530E-01  3.8544E-01  5.7273E-01
       7.7010E-01  9.3590E-01  1.0224E+00  1.0032E+00  8.8213E-01  6.9190E-01  4.8442E-01  3.0120E-01  1.6668E-01  8.1338E-02
       3.5278E-02  1.3520E-02  4.5730E-03  1.3527E-03  3.4027E-04  8.2124E-05  1.5756E-05  2.7056E-06  1.5915E-07  0.0000E+00
       0.0000E+00  0.0000E+00  0.0000E+00  0.0000E+00  0.0000E+00  0.0000E+00  0.0000E+00  0.0000E+00  0.0000E+00  0.0000E+00
       0.0000E+00  0.0000E+00  0.0000E+00  0.0000E+00  0.0000E+00  0.0000E+00  0.0000E+00  0.0000E+00  0.0000E+00  0.0000E+00
       0.0000E+00  0.0000E+00  0.0000E+00  0.0000E+00  0.0000E+00  0.0000E+00  0.0000E+00  0.0000E+00  0.0000E+00  0.0000E+00
       0.0000E+00  0.0000E+00  0.0000E+00  0.0000E+00  0.0000E+00  0.0000E+00  0.0000E+00  0.0000E+00  0.0000E+00  0.0000E+00
       0.0000E+00  0.0000E+00  0.0000E+00  0.0000E+00  0.0000E+00  0.0000E+00  0.0000E+00  0.0000E+00  0.0000E+00  0.0000E+00
       0.0000E+00  0.0000E+00  0.0000E+00  0.0000E+00  0.0000E+00  0.0000E+00  0.0000E+00  0.0000E+00  0.0000E+00  0.0000E+00
       0.0000E+00  0.0000E+00  0.0000E+00  0.0000E+00  0.0000E+00  0.0000E+00  0.0000E+00  0.0000E+00  0.0000E+00  0.0000E+00
       0.0000E+00  0.0000E+00  0.0000E+00  0.0000E+00  0.0000E+00  0.0000E+00  0.0000E+00  0.0000E+00  0.0000E+00  0.0000E+00
       0.0000E+00  0.0000E+00  0.0000E+00  0.0000E+00  0.0000E+00  0.0000E+00  0.0000E+00  0.0000E+00  0.0000E+00  0.0000E+00
       0.0000E+00  0.0000E+00  0.0000E+00  0.0000E+00  0.0000E+00  0.0000E+00  0.0000E+00  0.0000E+00  0.0000E+00  0.0000E+00
       0.0000E+00  0.0000E+00  0.0000E+00  0.0000E+00  0.0000E+00  0.0000E+00  0.0000E+00  0.0000E+00  0.0000E+00  0.0000E+00
       0.0000E+00  0.0000E+00  0.0000E+00  0.0000E+00  0.0000E+00  0.0000E+00  0.0000E+00  0.0000E+00  0.0000E+00  0.0000E+00
       0.0000E+00  0.0000E+00  0.0000E+00  0.0000E+00  0.0000E+00  0.0000E+00  0.0000E+00  0.0000E+00  0.0000E+00  0.0000E+00
       0.0000E+00  0.0000E+00  0.0000E+00  0.0000E+00  0.0000E+00  0.0000E+00  0.0000E+00  0.0000E+00  0.0000E+00  0.0000E+00
       0.0000E+00  0.0000E+00  0.0000E+00  0.0000E+00  0.0000E+00  0.0000E+00  0.0000E+00  0.0000E+00  0.0000E+00  0.0000E+00
       0.0000E+00  0.0000E+00  0.0000E+00  0.0000E+00  0.0000E+00  0.0000E+00  0.0000E+00  0.0000E+00  0.0000E+00  0.0000E+00
       0.0000E+00  0.0000E+00  0.0000E+00  0.0000E+00  0.0000E+00  0.0000E+00  0.0000E+00  0.0000E+00  0.0000E+00  0.0000E+00
       0.0000E+00  0.0000E+00  0.0000E+00  0.0000E+00  0.0000E+00  0.0000E+00  0.0000E+00  0.0000E+00  0.0000E+00  0.0000E+00
       0.0000E+00  0.0000E+00  0.0000E+00  0.0000E+00  0.0000E+00  0.0000E+00  0.0000E+00  0.0000E+00  0.0000E+00  0.0000E+00
       0.0000E+00  0.0000E+00  0.0000E+00  0.0000E+00  0.0000E+00  0.0000E+00  0.0000E+00  0.0000E+00  0.0000E+00  0.0000E+00
       0.0000E+00  0.0000E+00  0.0000E+00  0.0000E+00  0.0000E+00  0.0000E+00  0.0000E+00  0.0000E+00  0.0000E+00  0.0000E+00
       0.0000E+00  0.0000E+00  0.0000E+00  0.0000E+00  0.0000E+00  0.0000E+00  0.0000E+00  0.0000E+00  0.0000E+00  0.0000E+00
       0.0000E+00  0.0000E+00  0.0000E+00  0.0000E+00  0.0000E+00  0.0000E+00  0.0000E+00  0.0000E+00  0.0000E+00  0.0000E+00
       0.0000E+00  0.0000E+00  0.0000E+00  0.0000E+00  0.0000E+00  0.0000E+00  0.0000E+00  0.0000E+00  0.0000E+00  0.0000E+00
       0.0000E+00  0.0000E+00  0.0000E+00  0.0000E+00  0.0000E+00  0.0000E+00  0.0000E+00  0.0000E+00  0.0000E+00  0.0000E+00
       0.0000E+00  0.0000E+00  0.0000E+00  0.0000E+00  0.0000E+00  0.0000E+00  0.0000E+00  0.0000E+00  0.0000E+00  0.0000E+00
       0.0000E+00  0.0000E+00  0.0000E+00  0.0000E+00  0.0000E+00  0.0000E+00  0.0000E+00  0.0000E+00  0.0000E+00  0.0000E+00
