
 *****  Protons in Lexan (0.12GeV, 0cm)                                                   *****

           DATE: 12/18/18,  TIME: 10:23:50

          Total number of particles followed       50000000, for a total weight of  5.0000E+07

1

   Bdrx n.   2  "ofluence  " , generalized particle n.    1, from region n.     5 to region n.     4
      detector area:  1.0000E+02 cm**2
      this is a one way only estimator
      this is a fluence like estimator
      linear energy binning from   4.0000E-02 to  1.7000E-01 GeV,   650 bins ( 2.0000E-04 GeV wide)
      linear angular binning from  0.0000E+00 to  6.2832E+00 sr ,     1 bins ( 6.2832E+00 sr wide )
      Data follow in a matrix A(ie,ia), format (1(5x,1p,10(1x,e11.4)))

       2.8527E-04  2.6229E-04  2.7468E-04  2.5187E-04  2.7139E-04  2.7918E-04  2.6645E-04  2.6593E-04  2.6828E-04  2.6030E-04
       2.5390E-04  2.6650E-04  2.5809E-04  2.5941E-04  2.6501E-04  2.6747E-04  2.4954E-04  2.7905E-04  2.7220E-04  2.6622E-04
       2.7637E-04  2.6733E-04  2.7505E-04  2.6258E-04  2.6867E-04  2.8826E-04  2.7418E-04  2.7655E-04  2.6468E-04  2.5944E-04
       2.5483E-04  2.8009E-04  2.6777E-04  2.8342E-04  2.8500E-04  2.7161E-04  2.7379E-04  2.7190E-04  2.6110E-04  2.7508E-04
       2.7478E-04  2.6567E-04  2.6519E-04  2.5680E-04  2.5581E-04  2.6435E-04  2.5348E-04  2.7097E-04  2.6890E-04  2.6865E-04
       2.6779E-04  2.5765E-04  2.5289E-04  2.6950E-04  2.7862E-04  2.6192E-04  2.6332E-04  2.7936E-04  2.7392E-04  2.7247E-04
       2.7836E-04  2.6922E-04  2.7016E-04  2.5160E-04  2.7134E-04  2.8181E-04  2.6243E-04  2.7054E-04  2.7577E-04  2.6529E-04
       2.4539E-04  2.7388E-04  2.5141E-04  2.6668E-04  2.6265E-04  2.6359E-04  2.7462E-04  2.7077E-04  2.8125E-04  2.5900E-04
       2.6818E-04  2.3897E-04  2.6954E-04  2.6075E-04  2.6053E-04  2.6172E-04  2.6934E-04  2.7086E-04  2.5241E-04  2.5194E-04
       2.7480E-04  2.6612E-04  2.6543E-04  2.5446E-04  2.5044E-04  2.5601E-04  2.5924E-04  2.5087E-04  2.6977E-04  2.7222E-04
       2.5744E-04  2.6095E-04  2.5365E-04  2.7512E-04  2.6067E-04  2.7130E-04  2.6857E-04  2.6206E-04  2.5138E-04  2.6588E-04
       2.6867E-04  2.7268E-04  2.6791E-04  2.5164E-04  2.5939E-04  2.5149E-04  2.5405E-04  2.6265E-04  2.5315E-04  2.6340E-04
       2.6074E-04  2.5272E-04  2.6888E-04  2.6474E-04  2.6781E-04  2.6288E-04  2.5546E-04  2.5188E-04  2.6889E-04  2.5971E-04
       2.6660E-04  2.7401E-04  2.4542E-04  2.7706E-04  2.6071E-04  2.5711E-04  2.7367E-04  2.5840E-04  2.6318E-04  2.5797E-04
       2.6834E-04  2.6781E-04  2.6000E-04  2.4905E-04  2.7133E-04  2.6699E-04  2.5899E-04  2.7002E-04  2.6859E-04  2.5730E-04
       2.6118E-04  2.4563E-04  2.6579E-04  2.6144E-04  2.5850E-04  2.6413E-04  2.5820E-04  2.7377E-04  2.4057E-04  2.7307E-04
       2.5759E-04  2.6913E-04  2.4266E-04  2.4743E-04  2.5109E-04  2.5359E-04  2.6451E-04  2.4663E-04  2.5414E-04  2.5363E-04
       2.6432E-04  2.4863E-04  2.6509E-04  2.6361E-04  2.5413E-04  2.4879E-04  2.4401E-04  2.4955E-04  2.6065E-04  2.7089E-04
       2.4739E-04  2.5417E-04  2.4643E-04  2.4894E-04  2.6221E-04  2.6127E-04  2.4648E-04  2.6215E-04  2.4858E-04  2.4832E-04
       2.4728E-04  2.4621E-04  2.4857E-04  2.4414E-04  2.4184E-04  2.3451E-04  2.3093E-04  2.5615E-04  2.3983E-04  2.5777E-04
       2.3649E-04  2.3994E-04  2.4233E-04  2.3134E-04  2.3618E-04  2.2871E-04  2.1874E-04  2.2478E-04  2.2659E-04  2.2218E-04
       2.4084E-04  2.2907E-04  2.2221E-04  2.2607E-04  2.3660E-04  2.2445E-04  2.1958E-04  2.3200E-04  2.2622E-04  2.2037E-04
       2.2057E-04  2.2084E-04  2.2435E-04  2.1590E-04  2.2371E-04  2.1940E-04  2.1457E-04  2.1535E-04  2.2441E-04  2.1304E-04
       2.0489E-04  2.1939E-04  2.0784E-04  2.0459E-04  1.9837E-04  2.0300E-04  2.0820E-04  1.9678E-04  2.0630E-04  2.0904E-04
       2.0737E-04  1.9284E-04  1.9698E-04  2.0067E-04  1.9919E-04  2.0068E-04  1.9444E-04  1.9454E-04  1.9899E-04  1.9294E-04
       1.8821E-04  1.8435E-04  2.0251E-04  1.9160E-04  1.9529E-04  1.9791E-04  1.8493E-04  1.9486E-04  1.9407E-04  1.9003E-04
       1.8004E-04  1.8990E-04  1.9482E-04  1.7784E-04  1.8137E-04  1.8099E-04  1.7740E-04  1.7495E-04  1.6425E-04  1.8356E-04
       1.7063E-04  1.7367E-04  1.7693E-04  1.6519E-04  1.6532E-04  1.6786E-04  1.6587E-04  1.7070E-04  1.6803E-04  1.6288E-04
       1.7079E-04  1.6323E-04  1.5657E-04  1.5452E-04  1.5534E-04  1.5699E-04  1.5339E-04  1.5398E-04  1.4860E-04  1.4686E-04
       1.4915E-04  1.4612E-04  1.4392E-04  1.4020E-04  1.4092E-04  1.4046E-04  1.3414E-04  1.4184E-04  1.3849E-04  1.2754E-04
       1.2447E-04  1.2740E-04  1.2381E-04  1.0942E-04  1.1721E-04  1.1882E-04  1.0223E-04  9.5714E-05  9.1544E-05  9.2983E-05
       8.6252E-05  8.1168E-05  7.6418E-05  7.4524E-05  7.4790E-05  7.7375E-05  7.0143E-05  7.1186E-05  7.6109E-05  7.4438E-05
       7.4402E-05  7.3513E-05  7.6831E-05  7.6528E-05  7.9559E-05  8.4182E-05  9.7292E-05  9.2445E-05  9.8653E-05  9.6973E-05
       1.1000E-04  1.2466E-04  1.2935E-04  1.3510E-04  1.4842E-04  1.5608E-04  1.7085E-04  1.7884E-04  1.7929E-04  1.7590E-04
       1.7747E-04  1.5117E-04  1.4181E-04  1.4880E-04  1.6194E-04  1.7305E-04  2.2018E-04  2.8778E-04  4.0642E-04  6.3451E-04
       1.1995E-03  2.6088E-03  6.0092E-03  1.4033E-02  3.1729E-02  6.7072E-02  1.3137E-01  2.3548E-01  3.8566E-01  5.7297E-01
       7.7035E-01  9.3615E-01  1.0226E+00  1.0034E+00  8.8230E-01  6.9202E-01  4.8450E-01  3.0124E-01  1.6671E-01  8.1349E-02
       3.5283E-02  1.3522E-02  4.5736E-03  1.3528E-03  3.4031E-04  8.2133E-05  1.5759E-05  2.7058E-06  1.5916E-07  0.0000E+00
       0.0000E+00  0.0000E+00  0.0000E+00  0.0000E+00  0.0000E+00  0.0000E+00  0.0000E+00  0.0000E+00  0.0000E+00  0.0000E+00
       0.0000E+00  0.0000E+00  0.0000E+00  0.0000E+00  0.0000E+00  0.0000E+00  0.0000E+00  0.0000E+00  0.0000E+00  0.0000E+00
       0.0000E+00  0.0000E+00  0.0000E+00  0.0000E+00  0.0000E+00  0.0000E+00  0.0000E+00  0.0000E+00  0.0000E+00  0.0000E+00
       0.0000E+00  0.0000E+00  0.0000E+00  0.0000E+00  0.0000E+00  0.0000E+00  0.0000E+00  0.0000E+00  0.0000E+00  0.0000E+00
       0.0000E+00  0.0000E+00  0.0000E+00  0.0000E+00  0.0000E+00  0.0000E+00  0.0000E+00  0.0000E+00  0.0000E+00  0.0000E+00
       0.0000E+00  0.0000E+00  0.0000E+00  0.0000E+00  0.0000E+00  0.0000E+00  0.0000E+00  0.0000E+00  0.0000E+00  0.0000E+00
       0.0000E+00  0.0000E+00  0.0000E+00  0.0000E+00  0.0000E+00  0.0000E+00  0.0000E+00  0.0000E+00  0.0000E+00  0.0000E+00
       0.0000E+00  0.0000E+00  0.0000E+00  0.0000E+00  0.0000E+00  0.0000E+00  0.0000E+00  0.0000E+00  0.0000E+00  0.0000E+00
       0.0000E+00  0.0000E+00  0.0000E+00  0.0000E+00  0.0000E+00  0.0000E+00  0.0000E+00  0.0000E+00  0.0000E+00  0.0000E+00
       0.0000E+00  0.0000E+00  0.0000E+00  0.0000E+00  0.0000E+00  0.0000E+00  0.0000E+00  0.0000E+00  0.0000E+00  0.0000E+00
       0.0000E+00  0.0000E+00  0.0000E+00  0.0000E+00  0.0000E+00  0.0000E+00  0.0000E+00  0.0000E+00  0.0000E+00  0.0000E+00
       0.0000E+00  0.0000E+00  0.0000E+00  0.0000E+00  0.0000E+00  0.0000E+00  0.0000E+00  0.0000E+00  0.0000E+00  0.0000E+00
       0.0000E+00  0.0000E+00  0.0000E+00  0.0000E+00  0.0000E+00  0.0000E+00  0.0000E+00  0.0000E+00  0.0000E+00  0.0000E+00
       0.0000E+00  0.0000E+00  0.0000E+00  0.0000E+00  0.0000E+00  0.0000E+00  0.0000E+00  0.0000E+00  0.0000E+00  0.0000E+00
       0.0000E+00  0.0000E+00  0.0000E+00  0.0000E+00  0.0000E+00  0.0000E+00  0.0000E+00  0.0000E+00  0.0000E+00  0.0000E+00
       0.0000E+00  0.0000E+00  0.0000E+00  0.0000E+00  0.0000E+00  0.0000E+00  0.0000E+00  0.0000E+00  0.0000E+00  0.0000E+00
       0.0000E+00  0.0000E+00  0.0000E+00  0.0000E+00  0.0000E+00  0.0000E+00  0.0000E+00  0.0000E+00  0.0000E+00  0.0000E+00
       0.0000E+00  0.0000E+00  0.0000E+00  0.0000E+00  0.0000E+00  0.0000E+00  0.0000E+00  0.0000E+00  0.0000E+00  0.0000E+00
       0.0000E+00  0.0000E+00  0.0000E+00  0.0000E+00  0.0000E+00  0.0000E+00  0.0000E+00  0.0000E+00  0.0000E+00  0.0000E+00
       0.0000E+00  0.0000E+00  0.0000E+00  0.0000E+00  0.0000E+00  0.0000E+00  0.0000E+00  0.0000E+00  0.0000E+00  0.0000E+00
       0.0000E+00  0.0000E+00  0.0000E+00  0.0000E+00  0.0000E+00  0.0000E+00  0.0000E+00  0.0000E+00  0.0000E+00  0.0000E+00
       0.0000E+00  0.0000E+00  0.0000E+00  0.0000E+00  0.0000E+00  0.0000E+00  0.0000E+00  0.0000E+00  0.0000E+00  0.0000E+00
       0.0000E+00  0.0000E+00  0.0000E+00  0.0000E+00  0.0000E+00  0.0000E+00  0.0000E+00  0.0000E+00  0.0000E+00  0.0000E+00
       0.0000E+00  0.0000E+00  0.0000E+00  0.0000E+00  0.0000E+00  0.0000E+00  0.0000E+00  0.0000E+00  0.0000E+00  0.0000E+00
       0.0000E+00  0.0000E+00  0.0000E+00  0.0000E+00  0.0000E+00  0.0000E+00  0.0000E+00  0.0000E+00  0.0000E+00  0.0000E+00
       0.0000E+00  0.0000E+00  0.0000E+00  0.0000E+00  0.0000E+00  0.0000E+00  0.0000E+00  0.0000E+00  0.0000E+00  0.0000E+00
       0.0000E+00  0.0000E+00  0.0000E+00  0.0000E+00  0.0000E+00  0.0000E+00  0.0000E+00  0.0000E+00  0.0000E+00  0.0000E+00
1

   Bdrx n.   6  "ofluence  " , generalized particle n.    1, from region n.     5 to region n.     4
      detector area:  1.0000E+02 cm**2
      this is a one way only estimator
      this is a fluence like estimator
      linear energy binning from   0.0000E+00 to  3.0000E+02 GeV,     1 bins ( 3.0000E+02 GeV wide)
      linear angular binning from  0.0000E+00 to  6.2832E+00 sr ,     1 bins ( 6.2832E+00 sr wide )
      Data follow in a matrix A(ie,ia), format (1(5x,1p,10(1x,e11.4)))

       5.3089E-06
