
 *****  Protons in Lexan (70MeV, 1cm)                                                     *****

           DATE: 11/18/18,  TIME: 13:37:27

          Total number of particles followed       10000000, for a total weight of  1.0000E+07

1

   Res. nuclei n.   1  "Ian       " ,  all         products, region n.     5
      detector volume:  1.0000E+00 cm**3
      Max. Z:  10, Max. N-Z:  11 Min. N-Z: -4
      Data follow in a matrix A(z,n-z-k), k: -5 format (1(5x,1p,10(1x,e11.4)))

       0.0000E+00  0.0000E+00  0.0000E+00  0.0000E+00  0.0000E+00  0.0000E+00  0.0000E+00  0.0000E+00  0.0000E+00  0.0000E+00
       0.0000E+00  0.0000E+00  0.0000E+00  0.0000E+00  0.0000E+00  1.3700E-05  0.0000E+00  9.0000E-07  0.0000E+00  0.0000E+00
       0.0000E+00  0.0000E+00  0.0000E+00  0.0000E+00  1.0120E-04  2.1820E-04  2.2500E-05  5.2500E-05  0.0000E+00  0.0000E+00
       2.2052E-02  2.8655E-03  0.0000E+00  1.3928E-03  0.0000E+00  4.0855E-03  6.0800E-05  1.0217E-03  0.0000E+00  0.0000E+00
       5.3203E-03  2.2564E-02  1.8498E-03  0.0000E+00  1.4469E-03  4.8679E-03  4.8930E-04  5.7303E-04  1.0000E-07  2.0000E-07
       1.5793E-03  0.0000E+00  1.0768E-03  2.9935E-04  2.7951E-03  2.5667E-04  6.8423E-04  1.0123E-06  0.0000E+00  0.0000E+00
       0.0000E+00  6.8000E-05  8.7600E-05  2.0050E-04  3.1833E-05  6.7000E-05  1.5578E-06  8.0000E-07  0.0000E+00  0.0000E+00
       0.0000E+00  0.0000E+00  5.7000E-06  1.2000E-06  1.6000E-06  1.0000E-07  5.0000E-07  0.0000E+00  0.0000E+00  0.0000E+00
       0.0000E+00  1.0000E-07  0.0000E+00  0.0000E+00  0.0000E+00  0.0000E+00  0.0000E+00  0.0000E+00  0.0000E+00  0.0000E+00
       0.0000E+00  0.0000E+00  0.0000E+00  0.0000E+00  0.0000E+00  0.0000E+00  0.0000E+00  0.0000E+00  0.0000E+00  0.0000E+00
       0.0000E+00  0.0000E+00  0.0000E+00  0.0000E+00  0.0000E+00  0.0000E+00  0.0000E+00  0.0000E+00  0.0000E+00  0.0000E+00
       0.0000E+00  0.0000E+00  0.0000E+00  0.0000E+00  0.0000E+00  0.0000E+00  0.0000E+00  0.0000E+00  0.0000E+00  0.0000E+00
       0.0000E+00  0.0000E+00  0.0000E+00  0.0000E+00  0.0000E+00  0.0000E+00  0.0000E+00  0.0000E+00  0.0000E+00  0.0000E+00
       0.0000E+00  0.0000E+00  0.0000E+00  0.0000E+00  0.0000E+00  0.0000E+00  0.0000E+00  0.0000E+00  0.0000E+00  0.0000E+00
       0.0000E+00  0.0000E+00  0.0000E+00  0.0000E+00  0.0000E+00  0.0000E+00  0.0000E+00  0.0000E+00  0.0000E+00  0.0000E+00
       0.0000E+00  0.0000E+00  0.0000E+00  0.0000E+00  0.0000E+00  0.0000E+00  0.0000E+00  0.0000E+00  0.0000E+00  0.0000E+00
