
 *****  Protons in Lexan (0.20GeV, 1.0cm)                                                 *****

           DATE: 11/30/18,  TIME: 23:57: 1

          Total number of particles followed       10000000, for a total weight of  1.0000E+07

1

   Bdrx n.   2  "ofluence  " , generalized particle n.    1, from region n.     5 to region n.     4
      detector area:  1.0000E+02 cm**2
      this is a one way only estimator
      this is a fluence like estimator
      linear energy binning from   1.2000E-01 to  2.5000E-01 GeV,   650 bins ( 2.0000E-04 GeV wide)
      linear angular binning from  0.0000E+00 to  6.2832E+00 sr ,     1 bins ( 6.2832E+00 sr wide )
      Data follow in a matrix A(ie,ia), format (1(5x,1p,10(1x,e11.4)))

       1.5387E-04  1.5956E-04  1.6091E-04  1.7693E-04  1.4990E-04  1.7403E-04  1.6159E-04  1.5369E-04  1.5923E-04  1.6749E-04
       1.7209E-04  1.6741E-04  1.6091E-04  1.3068E-04  1.6982E-04  1.6799E-04  1.7338E-04  1.9683E-04  1.5919E-04  1.5709E-04
       1.4633E-04  1.4664E-04  1.3283E-04  1.2327E-04  1.4453E-04  1.6461E-04  1.5519E-04  1.5590E-04  1.7082E-04  1.6290E-04
       1.6318E-04  1.6586E-04  1.5957E-04  1.7244E-04  1.7377E-04  1.3160E-04  1.5378E-04  1.6036E-04  1.3656E-04  1.5416E-04
       1.5326E-04  1.6111E-04  1.3491E-04  1.4935E-04  1.6735E-04  1.4365E-04  1.7329E-04  1.5203E-04  1.6033E-04  1.6210E-04
       1.4155E-04  1.4313E-04  1.6159E-04  1.5756E-04  1.2263E-04  1.5210E-04  1.4004E-04  1.8058E-04  1.6738E-04  1.4633E-04
       1.5455E-04  1.4843E-04  1.5432E-04  1.2160E-04  1.3474E-04  1.6870E-04  1.5615E-04  1.4248E-04  1.8373E-04  1.5799E-04
       1.2984E-04  1.4857E-04  1.5158E-04  1.6206E-04  1.7321E-04  1.6366E-04  1.6028E-04  1.4439E-04  1.6045E-04  1.5194E-04
       1.5626E-04  1.4307E-04  1.4454E-04  1.3828E-04  1.3696E-04  1.4000E-04  1.7204E-04  1.8196E-04  1.6545E-04  1.5086E-04
       1.5536E-04  1.5216E-04  1.4266E-04  1.6056E-04  1.5633E-04  1.4755E-04  1.4903E-04  1.3766E-04  1.5453E-04  1.3442E-04
       1.5669E-04  1.3908E-04  1.4170E-04  1.4705E-04  1.8004E-04  1.6090E-04  1.6173E-04  1.6753E-04  1.3962E-04  1.3769E-04
       1.4146E-04  1.3713E-04  1.3530E-04  1.5671E-04  1.3443E-04  1.2803E-04  1.4944E-04  1.5479E-04  1.5968E-04  1.4089E-04
       1.4654E-04  1.3021E-04  1.3448E-04  1.4704E-04  1.5593E-04  1.5464E-04  1.6095E-04  1.4823E-04  1.3280E-04  1.2535E-04
       1.3879E-04  1.7055E-04  1.6568E-04  1.2003E-04  1.4789E-04  1.4828E-04  1.4215E-04  1.5138E-04  1.2946E-04  1.4146E-04
       1.3859E-04  1.4671E-04  1.3751E-04  1.5882E-04  1.6229E-04  1.3921E-04  1.6964E-04  1.2138E-04  1.3920E-04  1.6114E-04
       1.3809E-04  1.3387E-04  1.3644E-04  1.4057E-04  1.4636E-04  1.5358E-04  1.3909E-04  1.4555E-04  1.3689E-04  1.5111E-04
       1.2481E-04  1.4526E-04  1.4954E-04  1.3839E-04  1.6913E-04  1.5117E-04  1.4421E-04  1.4553E-04  1.4339E-04  1.3770E-04
       1.5242E-04  1.2847E-04  1.3247E-04  1.2246E-04  1.4534E-04  1.3014E-04  1.4216E-04  1.5110E-04  1.4898E-04  1.4111E-04
       1.2781E-04  1.4470E-04  1.5151E-04  1.2819E-04  1.3036E-04  1.1685E-04  1.4064E-04  1.3622E-04  1.2564E-04  1.3669E-04
       1.3184E-04  1.5181E-04  1.5344E-04  1.4726E-04  1.3647E-04  1.3178E-04  1.2137E-04  1.3051E-04  1.2281E-04  1.2262E-04
       1.2823E-04  1.3514E-04  1.3944E-04  1.0848E-04  1.3082E-04  1.3074E-04  1.2019E-04  1.3036E-04  1.2122E-04  1.3514E-04
       1.4502E-04  1.2629E-04  1.4859E-04  1.0264E-04  1.1439E-04  1.2478E-04  1.0226E-04  1.3225E-04  1.3222E-04  1.2922E-04
       1.2027E-04  1.1903E-04  1.2279E-04  1.0108E-04  1.2386E-04  1.2699E-04  1.2496E-04  1.1913E-04  1.2938E-04  1.2927E-04
       1.3742E-04  9.3505E-05  1.1131E-04  1.3150E-04  1.2520E-04  1.2075E-04  1.2594E-04  1.3436E-04  1.1186E-04  1.0761E-04
       1.2003E-04  1.1480E-04  1.1131E-04  1.1284E-04  1.1092E-04  1.1382E-04  1.0642E-04  1.1827E-04  1.3022E-04  1.1052E-04
       1.0088E-04  1.2560E-04  1.0666E-04  1.2129E-04  1.1590E-04  1.2226E-04  1.0652E-04  1.0512E-04  1.0590E-04  9.3910E-05
       1.0078E-04  1.0350E-04  9.2593E-05  1.0847E-04  1.0036E-04  1.1256E-04  1.0608E-04  1.0381E-04  1.1322E-04  9.1982E-05
       1.0042E-04  8.8092E-05  1.0651E-04  1.0528E-04  9.7051E-05  1.0316E-04  9.3961E-05  1.1064E-04  9.5996E-05  9.1872E-05
       9.8459E-05  1.0210E-04  1.0281E-04  8.9338E-05  9.4012E-05  9.5571E-05  1.0317E-04  7.3516E-05  1.0181E-04  9.1918E-05
       8.8925E-05  9.0999E-05  7.8463E-05  8.0215E-05  7.7020E-05  9.1145E-05  8.0200E-05  8.1261E-05  8.2885E-05  6.4387E-05
       6.5358E-05  7.6225E-05  7.9557E-05  7.6138E-05  6.9067E-05  6.2962E-05  7.2403E-05  6.8556E-05  6.9470E-05  7.7237E-05
       6.1180E-05  6.2268E-05  5.9100E-05  5.8853E-05  5.9497E-05  5.6055E-05  5.9443E-05  4.8152E-05  6.1293E-05  4.6642E-05
       5.2764E-05  4.9938E-05  3.3963E-05  3.9880E-05  5.2670E-05  2.9988E-05  4.0038E-05  3.3837E-05  3.4554E-05  3.7872E-05
       4.2164E-05  3.6231E-05  4.5600E-05  4.1688E-05  3.7523E-05  4.5559E-05  4.7899E-05  4.8801E-05  6.6111E-05  4.0740E-05
       5.5224E-05  5.9376E-05  5.9925E-05  5.1150E-05  5.9721E-05  6.1885E-05  6.4224E-05  5.0738E-05  6.4645E-05  8.6624E-05
       6.1272E-05  8.9967E-05  8.0097E-05  9.3695E-05  1.5311E-04  2.3125E-04  4.4942E-04  9.4545E-04  1.8738E-03  3.7114E-03
       7.2118E-03  1.3452E-02  2.4016E-02  4.1600E-02  6.7823E-02  1.0601E-01  1.5954E-01  2.2939E-01  3.1171E-01  4.0521E-01
       5.0170E-01  5.8957E-01  6.6045E-01  7.0160E-01  7.0993E-01  6.8022E-01  6.1970E-01  5.3459E-01  4.3644E-01  3.4111E-01
       2.5077E-01  1.7471E-01  1.1540E-01  7.2280E-02  4.3339E-02  2.4253E-02  1.2979E-02  6.4094E-03  3.0862E-03  1.3664E-03
       5.8571E-04  2.3716E-04  8.2763E-05  3.1036E-05  7.1622E-06  3.9789E-06  7.9578E-07  7.9578E-07  0.0000E+00  0.0000E+00
       0.0000E+00  0.0000E+00  0.0000E+00  0.0000E+00  0.0000E+00  0.0000E+00  0.0000E+00  0.0000E+00  0.0000E+00  0.0000E+00
       0.0000E+00  0.0000E+00  0.0000E+00  0.0000E+00  0.0000E+00  0.0000E+00  0.0000E+00  0.0000E+00  0.0000E+00  0.0000E+00
       0.0000E+00  0.0000E+00  0.0000E+00  0.0000E+00  0.0000E+00  0.0000E+00  0.0000E+00  0.0000E+00  0.0000E+00  0.0000E+00
       0.0000E+00  0.0000E+00  0.0000E+00  0.0000E+00  0.0000E+00  0.0000E+00  0.0000E+00  0.0000E+00  0.0000E+00  0.0000E+00
       0.0000E+00  0.0000E+00  0.0000E+00  0.0000E+00  0.0000E+00  0.0000E+00  0.0000E+00  0.0000E+00  0.0000E+00  0.0000E+00
       0.0000E+00  0.0000E+00  0.0000E+00  0.0000E+00  0.0000E+00  0.0000E+00  0.0000E+00  0.0000E+00  0.0000E+00  0.0000E+00
       0.0000E+00  0.0000E+00  0.0000E+00  0.0000E+00  0.0000E+00  0.0000E+00  0.0000E+00  0.0000E+00  0.0000E+00  0.0000E+00
       0.0000E+00  0.0000E+00  0.0000E+00  0.0000E+00  0.0000E+00  0.0000E+00  0.0000E+00  0.0000E+00  0.0000E+00  0.0000E+00
       0.0000E+00  0.0000E+00  0.0000E+00  0.0000E+00  0.0000E+00  0.0000E+00  0.0000E+00  0.0000E+00  0.0000E+00  0.0000E+00
       0.0000E+00  0.0000E+00  0.0000E+00  0.0000E+00  0.0000E+00  0.0000E+00  0.0000E+00  0.0000E+00  0.0000E+00  0.0000E+00
       0.0000E+00  0.0000E+00  0.0000E+00  0.0000E+00  0.0000E+00  0.0000E+00  0.0000E+00  0.0000E+00  0.0000E+00  0.0000E+00
       0.0000E+00  0.0000E+00  0.0000E+00  0.0000E+00  0.0000E+00  0.0000E+00  0.0000E+00  0.0000E+00  0.0000E+00  0.0000E+00
       0.0000E+00  0.0000E+00  0.0000E+00  0.0000E+00  0.0000E+00  0.0000E+00  0.0000E+00  0.0000E+00  0.0000E+00  0.0000E+00
       0.0000E+00  0.0000E+00  0.0000E+00  0.0000E+00  0.0000E+00  0.0000E+00  0.0000E+00  0.0000E+00  0.0000E+00  0.0000E+00
       0.0000E+00  0.0000E+00  0.0000E+00  0.0000E+00  0.0000E+00  0.0000E+00  0.0000E+00  0.0000E+00  0.0000E+00  0.0000E+00
       0.0000E+00  0.0000E+00  0.0000E+00  0.0000E+00  0.0000E+00  0.0000E+00  0.0000E+00  0.0000E+00  0.0000E+00  0.0000E+00
       0.0000E+00  0.0000E+00  0.0000E+00  0.0000E+00  0.0000E+00  0.0000E+00  0.0000E+00  0.0000E+00  0.0000E+00  0.0000E+00
       0.0000E+00  0.0000E+00  0.0000E+00  0.0000E+00  0.0000E+00  0.0000E+00  0.0000E+00  0.0000E+00  0.0000E+00  0.0000E+00
       0.0000E+00  0.0000E+00  0.0000E+00  0.0000E+00  0.0000E+00  0.0000E+00  0.0000E+00  0.0000E+00  0.0000E+00  0.0000E+00
       0.0000E+00  0.0000E+00  0.0000E+00  0.0000E+00  0.0000E+00  0.0000E+00  0.0000E+00  0.0000E+00  0.0000E+00  0.0000E+00
       0.0000E+00  0.0000E+00  0.0000E+00  0.0000E+00  0.0000E+00  0.0000E+00  0.0000E+00  0.0000E+00  0.0000E+00  0.0000E+00
       0.0000E+00  0.0000E+00  0.0000E+00  0.0000E+00  0.0000E+00  0.0000E+00  0.0000E+00  0.0000E+00  0.0000E+00  0.0000E+00
       0.0000E+00  0.0000E+00  0.0000E+00  0.0000E+00  0.0000E+00  0.0000E+00  0.0000E+00  0.0000E+00  0.0000E+00  0.0000E+00
       0.0000E+00  0.0000E+00  0.0000E+00  0.0000E+00  0.0000E+00  0.0000E+00  0.0000E+00  0.0000E+00  0.0000E+00  0.0000E+00
       0.0000E+00  0.0000E+00  0.0000E+00  0.0000E+00  0.0000E+00  0.0000E+00  0.0000E+00  0.0000E+00  0.0000E+00  0.0000E+00
1

   Bdrx n.   6  "ofluence  " , generalized particle n.    1, from region n.     5 to region n.     4
      detector area:  1.0000E+02 cm**2
      this is a one way only estimator
      this is a fluence like estimator
      linear energy binning from   0.0000E+00 to  3.0000E+02 GeV,     1 bins ( 3.0000E+02 GeV wide)
      linear angular binning from  0.0000E+00 to  6.2832E+00 sr ,     1 bins ( 6.2832E+00 sr wide )
      Data follow in a matrix A(ie,ia), format (1(5x,1p,10(1x,e11.4)))

       5.3374E-06
