
 *****  Protons in Lexan (70MeV, 1cm)                                                     *****

           DATE: 11/15/18,  TIME: 17: 0:39

          Total number of particles followed       10000000, for a total weight of  1.0000E+07

1

   Res. nuclei n.   1  "Ian       " ,  all         products, region n.     5
      detector volume:  1.0000E+00 cm**3
      Max. Z:  10, Max. N-Z:  11 Min. N-Z: -4
      Data follow in a matrix A(z,n-z-k), k: -5 format (1(5x,1p,10(1x,e11.4)))

       0.0000E+00  0.0000E+00  0.0000E+00  0.0000E+00  0.0000E+00  0.0000E+00  0.0000E+00  0.0000E+00  0.0000E+00  0.0000E+00
       0.0000E+00  0.0000E+00  0.0000E+00  0.0000E+00  0.0000E+00  6.9000E-06  0.0000E+00  7.0000E-07  0.0000E+00  0.0000E+00
       0.0000E+00  0.0000E+00  0.0000E+00  0.0000E+00  5.2500E-05  1.0400E-04  1.2800E-05  2.5800E-05  0.0000E+00  0.0000E+00
       9.1437E-03  1.4422E-03  0.0000E+00  6.8530E-04  0.0000E+00  2.0568E-03  2.8400E-05  5.0390E-04  0.0000E+00  0.0000E+00
       2.3664E-03  1.1293E-02  9.5170E-04  0.0000E+00  7.1770E-04  2.5053E-03  2.4520E-04  3.0083E-04  1.0000E-07  1.0000E-07
       7.5740E-04  0.0000E+00  5.2530E-04  1.3754E-04  1.3132E-03  1.2975E-04  3.1932E-04  4.0241E-07  0.0000E+00  0.0000E+00
       0.0000E+00  3.3200E-05  4.3000E-05  9.2300E-05  1.3977E-05  3.0300E-05  8.6686E-07  4.0000E-07  0.0000E+00  0.0000E+00
       0.0000E+00  0.0000E+00  2.9000E-06  1.0000E-07  7.0000E-07  0.0000E+00  4.0000E-07  0.0000E+00  0.0000E+00  0.0000E+00
       0.0000E+00  2.0000E-07  0.0000E+00  0.0000E+00  0.0000E+00  0.0000E+00  0.0000E+00  0.0000E+00  0.0000E+00  0.0000E+00
       0.0000E+00  0.0000E+00  0.0000E+00  0.0000E+00  0.0000E+00  0.0000E+00  0.0000E+00  0.0000E+00  0.0000E+00  0.0000E+00
       0.0000E+00  0.0000E+00  0.0000E+00  0.0000E+00  0.0000E+00  0.0000E+00  0.0000E+00  0.0000E+00  0.0000E+00  0.0000E+00
       0.0000E+00  0.0000E+00  0.0000E+00  0.0000E+00  0.0000E+00  0.0000E+00  0.0000E+00  0.0000E+00  0.0000E+00  0.0000E+00
       0.0000E+00  0.0000E+00  0.0000E+00  0.0000E+00  0.0000E+00  0.0000E+00  0.0000E+00  0.0000E+00  0.0000E+00  0.0000E+00
       0.0000E+00  0.0000E+00  0.0000E+00  0.0000E+00  0.0000E+00  0.0000E+00  0.0000E+00  0.0000E+00  0.0000E+00  0.0000E+00
       0.0000E+00  0.0000E+00  0.0000E+00  0.0000E+00  0.0000E+00  0.0000E+00  0.0000E+00  0.0000E+00  0.0000E+00  0.0000E+00
       0.0000E+00  0.0000E+00  0.0000E+00  0.0000E+00  0.0000E+00  0.0000E+00  0.0000E+00  0.0000E+00  0.0000E+00  0.0000E+00
