
 *****  Protons in Lexan (0.20GeV, 1.0cm)                                                 *****

           DATE: 11/30/18,  TIME: 23:57: 1

          Total number of particles followed       10000000, for a total weight of  1.0000E+07

1

   Bdrx n.   4  "ocurrent  " , generalized particle n.    1, from region n.     5 to region n.     4
      detector area:  1.0000E+02 cm**2
      this is a one way only estimator
      this is a current like estimator
      linear energy binning from   1.2000E-01 to  2.5000E-01 GeV,   650 bins ( 2.0000E-04 GeV wide)
      linear angular binning from  0.0000E+00 to  6.2832E+00 sr ,     1 bins ( 6.2832E+00 sr wide )
      Data follow in a matrix A(ie,ia), format (1(5x,1p,10(1x,e11.4)))

       1.1937E-04  1.2573E-04  1.2653E-04  1.3528E-04  1.1857E-04  1.3687E-04  1.2812E-04  1.2255E-04  1.2812E-04  1.2732E-04
       1.4006E-04  1.3130E-04  1.2812E-04  1.0265E-04  1.3369E-04  1.3289E-04  1.3289E-04  1.5358E-04  1.2573E-04  1.2573E-04
       1.1698E-04  1.2016E-04  1.0823E-04  1.0027E-04  1.1061E-04  1.3369E-04  1.2335E-04  1.2335E-04  1.3051E-04  1.2812E-04
       1.3289E-04  1.2892E-04  1.2732E-04  1.3449E-04  1.4006E-04  1.0425E-04  1.1698E-04  1.3051E-04  1.0982E-04  1.2414E-04
       1.2494E-04  1.2812E-04  1.0584E-04  1.2335E-04  1.3130E-04  1.1618E-04  1.4324E-04  1.2175E-04  1.3051E-04  1.3051E-04
       1.1618E-04  1.1539E-04  1.2812E-04  1.2732E-04  1.0106E-04  1.2414E-04  1.1220E-04  1.4722E-04  1.3369E-04  1.1857E-04
       1.2573E-04  1.2096E-04  1.2335E-04  1.0106E-04  1.1300E-04  1.3846E-04  1.2732E-04  1.1698E-04  1.4563E-04  1.2812E-04
       1.0743E-04  1.2494E-04  1.2573E-04  1.3289E-04  1.4006E-04  1.3289E-04  1.2971E-04  1.1857E-04  1.3051E-04  1.2573E-04
       1.2732E-04  1.1459E-04  1.1937E-04  1.1141E-04  1.1300E-04  1.1857E-04  1.4483E-04  1.5040E-04  1.3289E-04  1.2175E-04
       1.2653E-04  1.2732E-04  1.1937E-04  1.3369E-04  1.3130E-04  1.2494E-04  1.2335E-04  1.1539E-04  1.2732E-04  1.1300E-04
       1.2812E-04  1.1618E-04  1.1857E-04  1.2414E-04  1.5279E-04  1.3369E-04  1.3289E-04  1.3767E-04  1.1618E-04  1.1777E-04
       1.2175E-04  1.1539E-04  1.1061E-04  1.3289E-04  1.1380E-04  1.0743E-04  1.2573E-04  1.2971E-04  1.3210E-04  1.2016E-04
       1.2494E-04  1.1300E-04  1.1459E-04  1.2175E-04  1.3289E-04  1.3528E-04  1.3449E-04  1.2573E-04  1.1141E-04  1.0584E-04
       1.1777E-04  1.4483E-04  1.3926E-04  1.0345E-04  1.2573E-04  1.2494E-04  1.2255E-04  1.3051E-04  1.1141E-04  1.2175E-04
       1.1777E-04  1.2414E-04  1.2016E-04  1.3369E-04  1.3926E-04  1.1937E-04  1.4085E-04  1.0345E-04  1.2016E-04  1.4006E-04
       1.2096E-04  1.1618E-04  1.2016E-04  1.2016E-04  1.2732E-04  1.3130E-04  1.2414E-04  1.2494E-04  1.1539E-04  1.3289E-04
       1.0982E-04  1.2494E-04  1.3051E-04  1.2096E-04  1.4722E-04  1.3289E-04  1.2494E-04  1.2573E-04  1.2494E-04  1.2016E-04
       1.3289E-04  1.1300E-04  1.1459E-04  1.0584E-04  1.2732E-04  1.1618E-04  1.2414E-04  1.3130E-04  1.3210E-04  1.2335E-04
       1.1141E-04  1.2653E-04  1.2971E-04  1.1300E-04  1.1459E-04  1.0425E-04  1.2414E-04  1.1777E-04  1.1220E-04  1.1937E-04
       1.1539E-04  1.3289E-04  1.3289E-04  1.3130E-04  1.2096E-04  1.1698E-04  1.0902E-04  1.1618E-04  1.0823E-04  1.1061E-04
       1.1539E-04  1.1857E-04  1.2255E-04  9.4697E-05  1.1380E-04  1.1698E-04  1.0425E-04  1.1618E-04  1.0902E-04  1.1937E-04
       1.3051E-04  1.1300E-04  1.3289E-04  9.3106E-05  1.0345E-04  1.1300E-04  9.3106E-05  1.1937E-04  1.1698E-04  1.1539E-04
       1.0902E-04  1.0743E-04  1.1220E-04  9.1514E-05  1.1220E-04  1.1539E-04  1.1141E-04  1.0743E-04  1.1618E-04  1.1698E-04
       1.2414E-04  8.3556E-05  1.0106E-04  1.1937E-04  1.1380E-04  1.0982E-04  1.1459E-04  1.2096E-04  1.0027E-04  9.7880E-05
       1.0823E-04  1.0186E-04  1.0186E-04  1.0265E-04  1.0106E-04  9.9472E-05  9.7880E-05  1.0902E-04  1.1857E-04  1.0106E-04
       9.2310E-05  1.1459E-04  9.7880E-05  1.1141E-04  1.0584E-04  1.0902E-04  9.7880E-05  9.7880E-05  9.7880E-05  8.6739E-05
       9.3901E-05  9.5493E-05  8.5944E-05  9.9472E-05  9.1514E-05  1.0504E-04  9.7880E-05  9.6289E-05  1.0504E-04  8.5944E-05
       9.3106E-05  8.1169E-05  9.7880E-05  9.8676E-05  9.0718E-05  9.5493E-05  8.6739E-05  1.0345E-04  8.9923E-05  8.5944E-05
       9.0718E-05  8.8331E-05  9.4697E-05  8.2761E-05  8.8331E-05  8.9923E-05  9.6289E-05  6.9232E-05  9.5493E-05  8.6739E-05
       8.2761E-05  8.5148E-05  7.3211E-05  7.6394E-05  7.3211E-05  8.5944E-05  7.5599E-05  7.5599E-05  7.8782E-05  6.1275E-05
       6.2070E-05  7.2415E-05  7.5599E-05  7.0824E-05  6.6049E-05  5.9683E-05  6.9232E-05  6.6049E-05  6.6845E-05  7.3211E-05
       5.8092E-05  5.9683E-05  5.6500E-05  5.5704E-05  5.4908E-05  5.2521E-05  5.5704E-05  4.6155E-05  5.4908E-05  4.3768E-05
       4.9338E-05  4.7746E-05  3.1831E-05  3.7401E-05  5.0134E-05  2.7852E-05  3.7401E-05  3.1831E-05  3.1831E-05  3.4218E-05
       3.8197E-05  2.9444E-05  3.9789E-05  3.8197E-05  3.2627E-05  4.2176E-05  4.5359E-05  4.6155E-05  6.2070E-05  3.6606E-05
       5.1725E-05  5.4908E-05  5.7296E-05  4.7746E-05  5.6500E-05  5.8887E-05  6.2070E-05  4.8542E-05  6.2070E-05  8.3556E-05
       5.7296E-05  8.6739E-05  7.6394E-05  8.9923E-05  1.4722E-04  2.2759E-04  4.4245E-04  9.3742E-04  1.8661E-03  3.7027E-03
       7.2026E-03  1.3438E-02  2.4000E-02  4.1578E-02  6.7799E-02  1.0598E-01  1.5950E-01  2.2934E-01  3.1166E-01  4.0516E-01
       5.0163E-01  5.8950E-01  6.6039E-01  7.0154E-01  7.0987E-01  6.8016E-01  6.1965E-01  5.3455E-01  4.3641E-01  3.4109E-01
       2.5075E-01  1.7469E-01  1.1539E-01  7.2275E-02  4.3336E-02  2.4251E-02  1.2978E-02  6.4092E-03  3.0860E-03  1.3663E-03
       5.8569E-04  2.3714E-04  8.2761E-05  3.1035E-05  7.1620E-06  3.9789E-06  7.9577E-07  7.9577E-07  0.0000E+00  0.0000E+00
       0.0000E+00  0.0000E+00  0.0000E+00  0.0000E+00  0.0000E+00  0.0000E+00  0.0000E+00  0.0000E+00  0.0000E+00  0.0000E+00
       0.0000E+00  0.0000E+00  0.0000E+00  0.0000E+00  0.0000E+00  0.0000E+00  0.0000E+00  0.0000E+00  0.0000E+00  0.0000E+00
       0.0000E+00  0.0000E+00  0.0000E+00  0.0000E+00  0.0000E+00  0.0000E+00  0.0000E+00  0.0000E+00  0.0000E+00  0.0000E+00
       0.0000E+00  0.0000E+00  0.0000E+00  0.0000E+00  0.0000E+00  0.0000E+00  0.0000E+00  0.0000E+00  0.0000E+00  0.0000E+00
       0.0000E+00  0.0000E+00  0.0000E+00  0.0000E+00  0.0000E+00  0.0000E+00  0.0000E+00  0.0000E+00  0.0000E+00  0.0000E+00
       0.0000E+00  0.0000E+00  0.0000E+00  0.0000E+00  0.0000E+00  0.0000E+00  0.0000E+00  0.0000E+00  0.0000E+00  0.0000E+00
       0.0000E+00  0.0000E+00  0.0000E+00  0.0000E+00  0.0000E+00  0.0000E+00  0.0000E+00  0.0000E+00  0.0000E+00  0.0000E+00
       0.0000E+00  0.0000E+00  0.0000E+00  0.0000E+00  0.0000E+00  0.0000E+00  0.0000E+00  0.0000E+00  0.0000E+00  0.0000E+00
       0.0000E+00  0.0000E+00  0.0000E+00  0.0000E+00  0.0000E+00  0.0000E+00  0.0000E+00  0.0000E+00  0.0000E+00  0.0000E+00
       0.0000E+00  0.0000E+00  0.0000E+00  0.0000E+00  0.0000E+00  0.0000E+00  0.0000E+00  0.0000E+00  0.0000E+00  0.0000E+00
       0.0000E+00  0.0000E+00  0.0000E+00  0.0000E+00  0.0000E+00  0.0000E+00  0.0000E+00  0.0000E+00  0.0000E+00  0.0000E+00
       0.0000E+00  0.0000E+00  0.0000E+00  0.0000E+00  0.0000E+00  0.0000E+00  0.0000E+00  0.0000E+00  0.0000E+00  0.0000E+00
       0.0000E+00  0.0000E+00  0.0000E+00  0.0000E+00  0.0000E+00  0.0000E+00  0.0000E+00  0.0000E+00  0.0000E+00  0.0000E+00
       0.0000E+00  0.0000E+00  0.0000E+00  0.0000E+00  0.0000E+00  0.0000E+00  0.0000E+00  0.0000E+00  0.0000E+00  0.0000E+00
       0.0000E+00  0.0000E+00  0.0000E+00  0.0000E+00  0.0000E+00  0.0000E+00  0.0000E+00  0.0000E+00  0.0000E+00  0.0000E+00
       0.0000E+00  0.0000E+00  0.0000E+00  0.0000E+00  0.0000E+00  0.0000E+00  0.0000E+00  0.0000E+00  0.0000E+00  0.0000E+00
       0.0000E+00  0.0000E+00  0.0000E+00  0.0000E+00  0.0000E+00  0.0000E+00  0.0000E+00  0.0000E+00  0.0000E+00  0.0000E+00
       0.0000E+00  0.0000E+00  0.0000E+00  0.0000E+00  0.0000E+00  0.0000E+00  0.0000E+00  0.0000E+00  0.0000E+00  0.0000E+00
       0.0000E+00  0.0000E+00  0.0000E+00  0.0000E+00  0.0000E+00  0.0000E+00  0.0000E+00  0.0000E+00  0.0000E+00  0.0000E+00
       0.0000E+00  0.0000E+00  0.0000E+00  0.0000E+00  0.0000E+00  0.0000E+00  0.0000E+00  0.0000E+00  0.0000E+00  0.0000E+00
       0.0000E+00  0.0000E+00  0.0000E+00  0.0000E+00  0.0000E+00  0.0000E+00  0.0000E+00  0.0000E+00  0.0000E+00  0.0000E+00
       0.0000E+00  0.0000E+00  0.0000E+00  0.0000E+00  0.0000E+00  0.0000E+00  0.0000E+00  0.0000E+00  0.0000E+00  0.0000E+00
       0.0000E+00  0.0000E+00  0.0000E+00  0.0000E+00  0.0000E+00  0.0000E+00  0.0000E+00  0.0000E+00  0.0000E+00  0.0000E+00
       0.0000E+00  0.0000E+00  0.0000E+00  0.0000E+00  0.0000E+00  0.0000E+00  0.0000E+00  0.0000E+00  0.0000E+00  0.0000E+00
       0.0000E+00  0.0000E+00  0.0000E+00  0.0000E+00  0.0000E+00  0.0000E+00  0.0000E+00  0.0000E+00  0.0000E+00  0.0000E+00
