
 *****  Protons in Lexan (0.10GeV, 3.0cm)                                                 *****

           DATE: 11/21/18,  TIME:  3:42:43

          Total number of particles followed       10000000, for a total weight of  1.0000E+07

1

   Res. nuclei n.   1  "Ian       " ,  all         products, region n.     5
      detector volume:  1.0000E+00 cm**3
      Max. Z:  10, Max. N-Z:  11 Min. N-Z: -4
      Data follow in a matrix A(z,n-z-k), k: -5 format (1(5x,1p,10(1x,e11.4)))

       0.0000E+00  0.0000E+00  0.0000E+00  0.0000E+00  0.0000E+00  0.0000E+00  0.0000E+00  0.0000E+00  0.0000E+00  0.0000E+00
       0.0000E+00  0.0000E+00  0.0000E+00  0.0000E+00  0.0000E+00  1.5300E-05  0.0000E+00  1.1000E-06  0.0000E+00  0.0000E+00
       0.0000E+00  0.0000E+00  0.0000E+00  0.0000E+00  1.8660E-04  2.1150E-04  5.1500E-05  3.4200E-05  0.0000E+00  0.0000E+00
       5.3925E-02  4.8241E-03  0.0000E+00  2.7071E-03  0.0000E+00  6.9907E-03  7.8800E-05  1.5964E-03  0.0000E+00  0.0000E+00
       1.2512E-02  5.0509E-02  3.6049E-03  0.0000E+00  2.1477E-03  2.4891E-02  8.7880E-04  2.7663E-03  3.0000E-07  2.0000E-07
       2.1571E-03  0.0000E+00  1.7742E-03  4.6376E-04  4.2628E-03  6.1052E-04  1.0896E-03  2.6283E-06  1.0000E-07  0.0000E+00
       0.0000E+00  6.5900E-05  9.7900E-05  1.9680E-04  3.6000E-05  8.5500E-05  2.7827E-06  3.5000E-06  0.0000E+00  0.0000E+00
       0.0000E+00  0.0000E+00  1.1000E-06  4.0000E-07  1.9000E-06  0.0000E+00  9.0000E-07  0.0000E+00  0.0000E+00  0.0000E+00
       0.0000E+00  0.0000E+00  0.0000E+00  0.0000E+00  0.0000E+00  0.0000E+00  0.0000E+00  0.0000E+00  0.0000E+00  0.0000E+00
       0.0000E+00  0.0000E+00  0.0000E+00  0.0000E+00  0.0000E+00  0.0000E+00  0.0000E+00  0.0000E+00  0.0000E+00  0.0000E+00
       0.0000E+00  0.0000E+00  0.0000E+00  0.0000E+00  0.0000E+00  0.0000E+00  0.0000E+00  0.0000E+00  0.0000E+00  0.0000E+00
       0.0000E+00  0.0000E+00  0.0000E+00  0.0000E+00  0.0000E+00  0.0000E+00  0.0000E+00  0.0000E+00  0.0000E+00  0.0000E+00
       0.0000E+00  0.0000E+00  0.0000E+00  0.0000E+00  0.0000E+00  0.0000E+00  0.0000E+00  0.0000E+00  0.0000E+00  0.0000E+00
       0.0000E+00  0.0000E+00  0.0000E+00  0.0000E+00  0.0000E+00  0.0000E+00  0.0000E+00  0.0000E+00  0.0000E+00  0.0000E+00
       0.0000E+00  0.0000E+00  0.0000E+00  0.0000E+00  0.0000E+00  0.0000E+00  0.0000E+00  0.0000E+00  0.0000E+00  0.0000E+00
       0.0000E+00  0.0000E+00  0.0000E+00  0.0000E+00  0.0000E+00  0.0000E+00  0.0000E+00  0.0000E+00  0.0000E+00  0.0000E+00
