
 *****  Protons in Lexan (0.22GeV, 0cm)                                                   *****

           DATE: 12/21/18,  TIME:  7:59:17

          Total number of particles followed       50000000, for a total weight of  5.0000E+07

1

   Bdrx n.   2  "ofluence  " , generalized particle n.    1, from region n.     5 to region n.     4
      detector area:  1.0000E+02 cm**2
      this is a one way only estimator
      this is a fluence like estimator
      linear energy binning from   1.4000E-01 to  2.7000E-01 GeV,   650 bins ( 2.0000E-04 GeV wide)
      linear angular binning from  0.0000E+00 to  6.2832E+00 sr ,     1 bins ( 6.2832E+00 sr wide )
      Data follow in a matrix A(ie,ia), format (1(5x,1p,10(1x,e11.4)))

       1.5265E-04  1.3986E-04  1.3850E-04  1.4233E-04  1.4032E-04  1.4335E-04  1.4347E-04  1.4201E-04  1.4659E-04  1.4975E-04
       1.3557E-04  1.4362E-04  1.3657E-04  1.5252E-04  1.4875E-04  1.4323E-04  1.4893E-04  1.4690E-04  1.4082E-04  1.4247E-04
       1.3900E-04  1.3373E-04  1.4529E-04  1.2948E-04  1.3978E-04  1.4541E-04  1.4863E-04  1.3065E-04  1.3885E-04  1.3514E-04
       1.4587E-04  1.3892E-04  1.4000E-04  1.3858E-04  1.3489E-04  1.4185E-04  1.4527E-04  1.4129E-04  1.3451E-04  1.4309E-04
       1.3440E-04  1.4057E-04  1.3660E-04  1.3654E-04  1.3627E-04  1.4732E-04  1.4498E-04  1.3247E-04  1.2799E-04  1.3467E-04
       1.2832E-04  1.3557E-04  1.4507E-04  1.3910E-04  1.3278E-04  1.4033E-04  1.4324E-04  1.4914E-04  1.4296E-04  1.3742E-04
       1.3452E-04  1.3627E-04  1.4094E-04  1.3661E-04  1.3315E-04  1.3612E-04  1.3459E-04  1.3072E-04  1.3434E-04  1.2706E-04
       1.3740E-04  1.3621E-04  1.3394E-04  1.3134E-04  1.3658E-04  1.4805E-04  1.3864E-04  1.3225E-04  1.3477E-04  1.3613E-04
       1.3424E-04  1.2808E-04  1.4455E-04  1.3938E-04  1.3839E-04  1.4150E-04  1.3963E-04  1.3812E-04  1.4041E-04  1.3397E-04
       1.3471E-04  1.3561E-04  1.3666E-04  1.3113E-04  1.3628E-04  1.3687E-04  1.3534E-04  1.3039E-04  1.3550E-04  1.3353E-04
       1.2065E-04  1.2988E-04  1.2425E-04  1.3244E-04  1.3710E-04  1.4476E-04  1.3804E-04  1.3244E-04  1.3302E-04  1.2645E-04
       1.2900E-04  1.2262E-04  1.4312E-04  1.3082E-04  1.3759E-04  1.3564E-04  1.2799E-04  1.3440E-04  1.3797E-04  1.4459E-04
       1.3340E-04  1.2898E-04  1.3449E-04  1.3147E-04  1.3458E-04  1.3229E-04  1.2171E-04  1.2674E-04  1.3007E-04  1.2635E-04
       1.3573E-04  1.2973E-04  1.2051E-04  1.2657E-04  1.3155E-04  1.3063E-04  1.2961E-04  1.3637E-04  1.2856E-04  1.3135E-04
       1.2181E-04  1.2535E-04  1.2512E-04  1.2675E-04  1.3601E-04  1.3423E-04  1.2874E-04  1.3096E-04  1.2497E-04  1.2492E-04
       1.2604E-04  1.3604E-04  1.4015E-04  1.2355E-04  1.2968E-04  1.3140E-04  1.3276E-04  1.2576E-04  1.3221E-04  1.2648E-04
       1.4014E-04  1.3778E-04  1.3710E-04  1.2572E-04  1.2990E-04  1.3291E-04  1.3025E-04  1.2854E-04  1.3231E-04  1.3409E-04
       1.4604E-04  1.2888E-04  1.2483E-04  1.2340E-04  1.2584E-04  1.2697E-04  1.2997E-04  1.2890E-04  1.2951E-04  1.3200E-04
       1.2745E-04  1.3251E-04  1.2257E-04  1.2940E-04  1.2426E-04  1.3085E-04  1.2422E-04  1.1914E-04  1.2945E-04  1.2810E-04
       1.3204E-04  1.2858E-04  1.2725E-04  1.2798E-04  1.1940E-04  1.2326E-04  1.2501E-04  1.2065E-04  1.2011E-04  1.2569E-04
       1.3190E-04  1.2064E-04  1.2695E-04  1.2213E-04  1.0861E-04  1.2062E-04  1.2587E-04  1.1002E-04  1.1835E-04  1.2352E-04
       1.1453E-04  1.1945E-04  1.2059E-04  1.1107E-04  1.2147E-04  1.1775E-04  1.1895E-04  1.1913E-04  1.0933E-04  1.1492E-04
       1.1922E-04  1.1220E-04  1.1209E-04  1.1332E-04  1.1284E-04  1.1295E-04  1.1198E-04  1.0967E-04  1.1262E-04  1.0987E-04
       1.1007E-04  1.0846E-04  1.0987E-04  1.0599E-04  1.1619E-04  1.0568E-04  1.0525E-04  1.0428E-04  1.0909E-04  1.0660E-04
       1.0385E-04  1.1533E-04  1.0382E-04  1.0017E-04  1.1465E-04  9.8787E-05  1.0031E-04  1.0253E-04  9.9177E-05  1.0370E-04
       9.9193E-05  1.0712E-04  1.0177E-04  9.4552E-05  1.0055E-04  9.6077E-05  9.7792E-05  1.0002E-04  9.3738E-05  9.5711E-05
       9.1775E-05  9.8188E-05  8.4857E-05  9.4655E-05  9.0223E-05  9.6235E-05  9.1737E-05  9.0122E-05  9.4536E-05  9.2248E-05
       9.2815E-05  1.0025E-04  1.0018E-04  8.6606E-05  8.8190E-05  8.5126E-05  8.8022E-05  8.4728E-05  9.2417E-05  8.4642E-05
       9.0437E-05  8.6571E-05  8.4781E-05  8.2102E-05  8.0388E-05  8.0569E-05  8.1037E-05  8.3205E-05  8.5363E-05  7.5543E-05
       7.7442E-05  7.4666E-05  8.3636E-05  8.1540E-05  7.3270E-05  7.5534E-05  7.3961E-05  7.0153E-05  7.2866E-05  7.3408E-05
       7.8002E-05  7.7172E-05  6.1578E-05  7.0252E-05  6.9222E-05  6.9326E-05  6.3676E-05  6.3466E-05  6.2902E-05  6.2578E-05
       6.4166E-05  6.0029E-05  5.8047E-05  5.5461E-05  5.6219E-05  5.5554E-05  5.7308E-05  5.0664E-05  4.9542E-05  4.8168E-05
       4.4442E-05  4.0453E-05  4.1486E-05  3.3076E-05  3.8695E-05  3.7401E-05  3.4950E-05  3.3734E-05  2.8274E-05  3.6262E-05
       3.0250E-05  3.6367E-05  3.3478E-05  3.4190E-05  3.5768E-05  3.7251E-05  4.3484E-05  3.9815E-05  4.1589E-05  3.7794E-05
       4.1098E-05  4.4253E-05  5.2373E-05  5.5481E-05  5.5134E-05  5.5305E-05  6.8038E-05  5.8687E-05  6.6711E-05  6.8088E-05
       7.1042E-05  7.3862E-05  7.2938E-05  9.6387E-05  1.2398E-04  2.0546E-04  3.8456E-04  7.2135E-04  1.3999E-03  2.6693E-03
       4.9931E-03  9.0979E-03  1.5916E-02  2.7051E-02  4.4215E-02  6.9474E-02  1.0470E-01  1.5155E-01  2.1137E-01  2.8197E-01
       3.6169E-01  4.4282E-01  5.2110E-01  5.8784E-01  6.3454E-01  6.5543E-01  6.4805E-01  6.1272E-01  5.5504E-01  4.7988E-01
       3.9685E-01  3.1413E-01  2.3719E-01  1.7104E-01  1.1791E-01  7.7800E-02  4.8875E-02  2.9465E-02  1.6796E-02  9.2040E-03
       4.8088E-03  2.3967E-03  1.1418E-03  5.1329E-04  2.3444E-04  9.5660E-05  3.7085E-05  1.2255E-05  4.6156E-06  7.9580E-07
       1.1141E-06  0.0000E+00  1.5916E-07  0.0000E+00  0.0000E+00  0.0000E+00  0.0000E+00  0.0000E+00  0.0000E+00  0.0000E+00
       0.0000E+00  0.0000E+00  0.0000E+00  0.0000E+00  0.0000E+00  0.0000E+00  0.0000E+00  0.0000E+00  0.0000E+00  0.0000E+00
       0.0000E+00  0.0000E+00  0.0000E+00  0.0000E+00  0.0000E+00  0.0000E+00  0.0000E+00  0.0000E+00  0.0000E+00  0.0000E+00
       0.0000E+00  0.0000E+00  0.0000E+00  0.0000E+00  0.0000E+00  0.0000E+00  0.0000E+00  0.0000E+00  0.0000E+00  0.0000E+00
       0.0000E+00  0.0000E+00  0.0000E+00  0.0000E+00  0.0000E+00  0.0000E+00  0.0000E+00  0.0000E+00  0.0000E+00  0.0000E+00
       0.0000E+00  0.0000E+00  0.0000E+00  0.0000E+00  0.0000E+00  0.0000E+00  0.0000E+00  0.0000E+00  0.0000E+00  0.0000E+00
       0.0000E+00  0.0000E+00  0.0000E+00  0.0000E+00  0.0000E+00  0.0000E+00  0.0000E+00  0.0000E+00  0.0000E+00  0.0000E+00
       0.0000E+00  0.0000E+00  0.0000E+00  0.0000E+00  0.0000E+00  0.0000E+00  0.0000E+00  0.0000E+00  0.0000E+00  0.0000E+00
       0.0000E+00  0.0000E+00  0.0000E+00  0.0000E+00  0.0000E+00  0.0000E+00  0.0000E+00  0.0000E+00  0.0000E+00  0.0000E+00
       0.0000E+00  0.0000E+00  0.0000E+00  0.0000E+00  0.0000E+00  0.0000E+00  0.0000E+00  0.0000E+00  0.0000E+00  0.0000E+00
       0.0000E+00  0.0000E+00  0.0000E+00  0.0000E+00  0.0000E+00  0.0000E+00  0.0000E+00  0.0000E+00  0.0000E+00  0.0000E+00
       0.0000E+00  0.0000E+00  0.0000E+00  0.0000E+00  0.0000E+00  0.0000E+00  0.0000E+00  0.0000E+00  0.0000E+00  0.0000E+00
       0.0000E+00  0.0000E+00  0.0000E+00  0.0000E+00  0.0000E+00  0.0000E+00  0.0000E+00  0.0000E+00  0.0000E+00  0.0000E+00
       0.0000E+00  0.0000E+00  0.0000E+00  0.0000E+00  0.0000E+00  0.0000E+00  0.0000E+00  0.0000E+00  0.0000E+00  0.0000E+00
       0.0000E+00  0.0000E+00  0.0000E+00  0.0000E+00  0.0000E+00  0.0000E+00  0.0000E+00  0.0000E+00  0.0000E+00  0.0000E+00
       0.0000E+00  0.0000E+00  0.0000E+00  0.0000E+00  0.0000E+00  0.0000E+00  0.0000E+00  0.0000E+00  0.0000E+00  0.0000E+00
       0.0000E+00  0.0000E+00  0.0000E+00  0.0000E+00  0.0000E+00  0.0000E+00  0.0000E+00  0.0000E+00  0.0000E+00  0.0000E+00
       0.0000E+00  0.0000E+00  0.0000E+00  0.0000E+00  0.0000E+00  0.0000E+00  0.0000E+00  0.0000E+00  0.0000E+00  0.0000E+00
       0.0000E+00  0.0000E+00  0.0000E+00  0.0000E+00  0.0000E+00  0.0000E+00  0.0000E+00  0.0000E+00  0.0000E+00  0.0000E+00
       0.0000E+00  0.0000E+00  0.0000E+00  0.0000E+00  0.0000E+00  0.0000E+00  0.0000E+00  0.0000E+00  0.0000E+00  0.0000E+00
       0.0000E+00  0.0000E+00  0.0000E+00  0.0000E+00  0.0000E+00  0.0000E+00  0.0000E+00  0.0000E+00  0.0000E+00  0.0000E+00
       0.0000E+00  0.0000E+00  0.0000E+00  0.0000E+00  0.0000E+00  0.0000E+00  0.0000E+00  0.0000E+00  0.0000E+00  0.0000E+00
       0.0000E+00  0.0000E+00  0.0000E+00  0.0000E+00  0.0000E+00  0.0000E+00  0.0000E+00  0.0000E+00  0.0000E+00  0.0000E+00
       0.0000E+00  0.0000E+00  0.0000E+00  0.0000E+00  0.0000E+00  0.0000E+00  0.0000E+00  0.0000E+00  0.0000E+00  0.0000E+00
       0.0000E+00  0.0000E+00  0.0000E+00  0.0000E+00  0.0000E+00  0.0000E+00  0.0000E+00  0.0000E+00  0.0000E+00  0.0000E+00
1

   Bdrx n.   6  "ofluence  " , generalized particle n.    1, from region n.     5 to region n.     4
      detector area:  1.0000E+02 cm**2
      this is a one way only estimator
      this is a fluence like estimator
      linear energy binning from   0.0000E+00 to  3.0000E+02 GeV,     1 bins ( 3.0000E+02 GeV wide)
      linear angular binning from  0.0000E+00 to  6.2832E+00 sr ,     1 bins ( 6.2832E+00 sr wide )
      Data follow in a matrix A(ie,ia), format (1(5x,1p,10(1x,e11.4)))

       5.3436E-06
