
 *****  Protons in Lexan (0.22GeV, 0cm)                                                   *****

           DATE: 12/21/18,  TIME:  7:59:17

          Total number of particles followed       50000000, for a total weight of  5.0000E+07

1

   Res. nuclei n.   1  "Ian       " ,  all         products, region n.     5
      detector volume:  1.0000E+00 cm**3
      Max. Z:  10, Max. N-Z:  11 Min. N-Z: -4
      Data follow in a matrix A(z,n-z-k), k: -5 format (1(5x,1p,10(1x,e11.4)))

       0.0000E+00  0.0000E+00  0.0000E+00  0.0000E+00  0.0000E+00  0.0000E+00  0.0000E+00  0.0000E+00  0.0000E+00  0.0000E+00
       0.0000E+00  0.0000E+00  0.0000E+00  0.0000E+00  0.0000E+00  7.9200E-06  0.0000E+00  4.8000E-07  0.0000E+00  0.0000E+00
       0.0000E+00  0.0000E+00  0.0000E+00  0.0000E+00  5.1660E-05  1.0710E-04  1.1360E-05  2.4900E-05  0.0000E+00  0.0000E+00
       8.8875E-03  1.4172E-03  0.0000E+00  6.7534E-04  0.0000E+00  2.0547E-03  2.8980E-05  4.9746E-04  2.0000E-08  0.0000E+00
       2.2823E-03  1.1051E-02  9.1586E-04  0.0000E+00  7.1766E-04  2.2858E-03  2.3944E-04  2.6862E-04  2.0000E-08  1.2000E-07
       7.4880E-04  0.0000E+00  5.1798E-04  1.4102E-04  1.3568E-03  1.2504E-04  3.2986E-04  4.6000E-07  2.0000E-08  0.0000E+00
       0.0000E+00  3.2080E-05  4.3540E-05  9.5660E-05  1.3800E-05  3.3400E-05  5.4000E-07  4.8000E-07  0.0000E+00  0.0000E+00
       0.0000E+00  0.0000E+00  3.2600E-06  6.6000E-07  9.8000E-07  4.0000E-08  3.8000E-07  0.0000E+00  0.0000E+00  0.0000E+00
       0.0000E+00  4.0000E-08  0.0000E+00  4.0000E-08  0.0000E+00  0.0000E+00  0.0000E+00  0.0000E+00  0.0000E+00  0.0000E+00
       0.0000E+00  0.0000E+00  0.0000E+00  0.0000E+00  0.0000E+00  0.0000E+00  0.0000E+00  0.0000E+00  0.0000E+00  0.0000E+00
       0.0000E+00  0.0000E+00  0.0000E+00  0.0000E+00  0.0000E+00  0.0000E+00  0.0000E+00  0.0000E+00  0.0000E+00  0.0000E+00
       0.0000E+00  0.0000E+00  0.0000E+00  0.0000E+00  0.0000E+00  0.0000E+00  0.0000E+00  0.0000E+00  0.0000E+00  0.0000E+00
       0.0000E+00  0.0000E+00  0.0000E+00  0.0000E+00  0.0000E+00  0.0000E+00  0.0000E+00  0.0000E+00  0.0000E+00  0.0000E+00
       0.0000E+00  0.0000E+00  0.0000E+00  0.0000E+00  0.0000E+00  0.0000E+00  0.0000E+00  0.0000E+00  0.0000E+00  0.0000E+00
       0.0000E+00  0.0000E+00  0.0000E+00  0.0000E+00  0.0000E+00  0.0000E+00  0.0000E+00  0.0000E+00  0.0000E+00  0.0000E+00
       0.0000E+00  0.0000E+00  0.0000E+00  0.0000E+00  0.0000E+00  0.0000E+00  0.0000E+00  0.0000E+00  0.0000E+00  0.0000E+00
