
 *****  Protons in Lexan (0.22GeV, 0cm)                                                   *****

           DATE: 12/21/18,  TIME:  7:59:17

          Total number of particles followed       50000000, for a total weight of  5.0000E+07

1

   Bdrx n.   4  "ocurrent  " , generalized particle n.    1, from region n.     5 to region n.     4
      detector area:  1.0000E+02 cm**2
      this is a one way only estimator
      this is a current like estimator
      linear energy binning from   1.4000E-01 to  2.7000E-01 GeV,   650 bins ( 2.0000E-04 GeV wide)
      linear angular binning from  0.0000E+00 to  6.2832E+00 sr ,     1 bins ( 6.2832E+00 sr wide )
      Data follow in a matrix A(ie,ia), format (1(5x,1p,10(1x,e11.4)))

       1.2335E-04  1.1109E-04  1.0966E-04  1.1284E-04  1.1332E-04  1.1507E-04  1.1634E-04  1.1380E-04  1.1730E-04  1.1921E-04
       1.0870E-04  1.1682E-04  1.1125E-04  1.2462E-04  1.2112E-04  1.1634E-04  1.1921E-04  1.1937E-04  1.1427E-04  1.1395E-04
       1.1220E-04  1.0886E-04  1.1650E-04  1.0647E-04  1.1205E-04  1.1777E-04  1.2223E-04  1.0695E-04  1.1523E-04  1.1077E-04
       1.1953E-04  1.1443E-04  1.1380E-04  1.1348E-04  1.1014E-04  1.1586E-04  1.1841E-04  1.1634E-04  1.0902E-04  1.1571E-04
       1.1189E-04  1.1459E-04  1.1332E-04  1.1173E-04  1.1125E-04  1.2048E-04  1.1937E-04  1.0918E-04  1.0568E-04  1.1220E-04
       1.0759E-04  1.1205E-04  1.1316E-04  1.1539E-04  1.1093E-04  1.1491E-04  1.1841E-04  1.2303E-04  1.1746E-04  1.1411E-04
       1.1205E-04  1.1284E-04  1.1650E-04  1.1300E-04  1.1189E-04  1.1411E-04  1.1220E-04  1.0982E-04  1.1252E-04  1.0568E-04
       1.1443E-04  1.1459E-04  1.1157E-04  1.0950E-04  1.1427E-04  1.2335E-04  1.1730E-04  1.1077E-04  1.1268E-04  1.1205E-04
       1.1173E-04  1.0743E-04  1.2255E-04  1.1666E-04  1.1618E-04  1.1921E-04  1.1857E-04  1.1618E-04  1.1793E-04  1.1316E-04
       1.1364E-04  1.1650E-04  1.1523E-04  1.1077E-04  1.1491E-04  1.1507E-04  1.1268E-04  1.1173E-04  1.1427E-04  1.1332E-04
       1.0154E-04  1.1109E-04  1.0472E-04  1.1284E-04  1.1618E-04  1.2271E-04  1.1762E-04  1.1236E-04  1.1205E-04  1.0823E-04
       1.1077E-04  1.0552E-04  1.2191E-04  1.1077E-04  1.1762E-04  1.1507E-04  1.0902E-04  1.1555E-04  1.1809E-04  1.2462E-04
       1.1602E-04  1.1045E-04  1.1602E-04  1.1236E-04  1.1634E-04  1.1364E-04  1.0568E-04  1.0950E-04  1.1173E-04  1.0886E-04
       1.1602E-04  1.1173E-04  1.0441E-04  1.0918E-04  1.1395E-04  1.1332E-04  1.1125E-04  1.1777E-04  1.1173E-04  1.1364E-04
       1.0632E-04  1.0934E-04  1.0918E-04  1.1109E-04  1.1809E-04  1.1682E-04  1.1252E-04  1.1443E-04  1.0902E-04  1.0823E-04
       1.1077E-04  1.1873E-04  1.2271E-04  1.0807E-04  1.1380E-04  1.1475E-04  1.1571E-04  1.0966E-04  1.1602E-04  1.1125E-04
       1.2350E-04  1.2016E-04  1.2064E-04  1.1093E-04  1.1459E-04  1.1666E-04  1.1459E-04  1.1316E-04  1.1634E-04  1.1793E-04
       1.2828E-04  1.1411E-04  1.1014E-04  1.0918E-04  1.1189E-04  1.1189E-04  1.1618E-04  1.1459E-04  1.1459E-04  1.1666E-04
       1.1380E-04  1.1825E-04  1.0902E-04  1.1507E-04  1.1109E-04  1.1634E-04  1.1014E-04  1.0520E-04  1.1539E-04  1.1332E-04
       1.1602E-04  1.1475E-04  1.1395E-04  1.1364E-04  1.0743E-04  1.1109E-04  1.1189E-04  1.0823E-04  1.0791E-04  1.1300E-04
       1.1841E-04  1.0838E-04  1.1427E-04  1.1014E-04  9.8517E-05  1.0886E-04  1.1332E-04  9.8676E-05  1.0679E-04  1.1125E-04
       1.0425E-04  1.0663E-04  1.0886E-04  1.0059E-04  1.0950E-04  1.0632E-04  1.0743E-04  1.0775E-04  9.9154E-05  1.0377E-04
       1.0807E-04  1.0202E-04  1.0138E-04  1.0297E-04  1.0297E-04  1.0234E-04  1.0170E-04  9.9631E-05  1.0281E-04  9.9790E-05
       1.0011E-04  9.8835E-05  1.0011E-04  9.6607E-05  1.0600E-04  9.6925E-05  9.6766E-05  9.5175E-05  9.9790E-05  9.7562E-05
       9.5493E-05  1.0568E-04  9.5175E-05  9.2151E-05  1.0536E-04  9.0877E-05  9.2151E-05  9.4697E-05  9.1037E-05  9.4697E-05
       9.1673E-05  9.8199E-05  9.3583E-05  8.6899E-05  9.2310E-05  8.8808E-05  9.0082E-05  9.1832E-05  8.6739E-05  8.8649E-05
       8.4830E-05  9.0877E-05  7.9100E-05  8.7217E-05  8.3716E-05  8.9286E-05  8.5148E-05  8.4193E-05  8.7535E-05  8.5944E-05
       8.6739E-05  9.2469E-05  9.3583E-05  8.1010E-05  8.1169E-05  7.9259E-05  8.2442E-05  7.9577E-05  8.6899E-05  7.9259E-05
       8.4670E-05  8.0851E-05  7.9418E-05  7.7031E-05  7.5439E-05  7.5280E-05  7.6394E-05  7.5121E-05  8.0055E-05  7.1301E-05
       7.2893E-05  7.0346E-05  7.8941E-05  7.7349E-05  6.9551E-05  7.1620E-05  7.0028E-05  6.6686E-05  6.8755E-05  6.9710E-05
       7.3848E-05  7.2415E-05  5.8251E-05  6.6845E-05  6.5890E-05  6.5094E-05  6.0638E-05  5.9842E-05  5.9683E-05  5.9683E-05
       6.0797E-05  5.7137E-05  5.5068E-05  5.2839E-05  5.2044E-05  5.2839E-05  5.4590E-05  4.8224E-05  4.7110E-05  4.5677E-05
       4.1062E-05  3.8197E-05  3.8675E-05  3.1194E-05  3.5969E-05  3.4696E-05  3.2627E-05  3.1354E-05  2.6579E-05  3.3104E-05
       2.8170E-05  3.3423E-05  3.1354E-05  3.1672E-05  3.3104E-05  3.4218E-05  4.0585E-05  3.6128E-05  3.8834E-05  3.5651E-05
       3.8675E-05  4.1221E-05  4.9815E-05  5.2521E-05  5.1725E-05  5.2999E-05  5.8410E-05  5.6500E-05  6.3503E-05  6.4776E-05
       6.7800E-05  7.0983E-05  7.0187E-05  9.3106E-05  1.2016E-04  2.0229E-04  3.7990E-04  7.1588E-04  1.3950E-03  2.6620E-03
       4.9839E-03  9.0884E-03  1.5905E-02  2.7038E-02  4.4197E-02  6.9453E-02  1.0467E-01  1.5153E-01  2.1134E-01  2.8193E-01
       3.6165E-01  4.4277E-01  5.2105E-01  5.8779E-01  6.3449E-01  6.5538E-01  6.4800E-01  6.1268E-01  5.5500E-01  4.7985E-01
       3.9683E-01  3.1412E-01  2.3718E-01  1.7103E-01  1.1790E-01  7.7796E-02  4.8873E-02  2.9464E-02  1.6796E-02  9.2036E-03
       4.8085E-03  2.3966E-03  1.1418E-03  5.1327E-04  2.3444E-04  9.5652E-05  3.7083E-05  1.2255E-05  4.6155E-06  7.9577E-07
       1.1141E-06  0.0000E+00  1.5915E-07  0.0000E+00  0.0000E+00  0.0000E+00  0.0000E+00  0.0000E+00  0.0000E+00  0.0000E+00
       0.0000E+00  0.0000E+00  0.0000E+00  0.0000E+00  0.0000E+00  0.0000E+00  0.0000E+00  0.0000E+00  0.0000E+00  0.0000E+00
       0.0000E+00  0.0000E+00  0.0000E+00  0.0000E+00  0.0000E+00  0.0000E+00  0.0000E+00  0.0000E+00  0.0000E+00  0.0000E+00
       0.0000E+00  0.0000E+00  0.0000E+00  0.0000E+00  0.0000E+00  0.0000E+00  0.0000E+00  0.0000E+00  0.0000E+00  0.0000E+00
       0.0000E+00  0.0000E+00  0.0000E+00  0.0000E+00  0.0000E+00  0.0000E+00  0.0000E+00  0.0000E+00  0.0000E+00  0.0000E+00
       0.0000E+00  0.0000E+00  0.0000E+00  0.0000E+00  0.0000E+00  0.0000E+00  0.0000E+00  0.0000E+00  0.0000E+00  0.0000E+00
       0.0000E+00  0.0000E+00  0.0000E+00  0.0000E+00  0.0000E+00  0.0000E+00  0.0000E+00  0.0000E+00  0.0000E+00  0.0000E+00
       0.0000E+00  0.0000E+00  0.0000E+00  0.0000E+00  0.0000E+00  0.0000E+00  0.0000E+00  0.0000E+00  0.0000E+00  0.0000E+00
       0.0000E+00  0.0000E+00  0.0000E+00  0.0000E+00  0.0000E+00  0.0000E+00  0.0000E+00  0.0000E+00  0.0000E+00  0.0000E+00
       0.0000E+00  0.0000E+00  0.0000E+00  0.0000E+00  0.0000E+00  0.0000E+00  0.0000E+00  0.0000E+00  0.0000E+00  0.0000E+00
       0.0000E+00  0.0000E+00  0.0000E+00  0.0000E+00  0.0000E+00  0.0000E+00  0.0000E+00  0.0000E+00  0.0000E+00  0.0000E+00
       0.0000E+00  0.0000E+00  0.0000E+00  0.0000E+00  0.0000E+00  0.0000E+00  0.0000E+00  0.0000E+00  0.0000E+00  0.0000E+00
       0.0000E+00  0.0000E+00  0.0000E+00  0.0000E+00  0.0000E+00  0.0000E+00  0.0000E+00  0.0000E+00  0.0000E+00  0.0000E+00
       0.0000E+00  0.0000E+00  0.0000E+00  0.0000E+00  0.0000E+00  0.0000E+00  0.0000E+00  0.0000E+00  0.0000E+00  0.0000E+00
       0.0000E+00  0.0000E+00  0.0000E+00  0.0000E+00  0.0000E+00  0.0000E+00  0.0000E+00  0.0000E+00  0.0000E+00  0.0000E+00
       0.0000E+00  0.0000E+00  0.0000E+00  0.0000E+00  0.0000E+00  0.0000E+00  0.0000E+00  0.0000E+00  0.0000E+00  0.0000E+00
       0.0000E+00  0.0000E+00  0.0000E+00  0.0000E+00  0.0000E+00  0.0000E+00  0.0000E+00  0.0000E+00  0.0000E+00  0.0000E+00
       0.0000E+00  0.0000E+00  0.0000E+00  0.0000E+00  0.0000E+00  0.0000E+00  0.0000E+00  0.0000E+00  0.0000E+00  0.0000E+00
       0.0000E+00  0.0000E+00  0.0000E+00  0.0000E+00  0.0000E+00  0.0000E+00  0.0000E+00  0.0000E+00  0.0000E+00  0.0000E+00
       0.0000E+00  0.0000E+00  0.0000E+00  0.0000E+00  0.0000E+00  0.0000E+00  0.0000E+00  0.0000E+00  0.0000E+00  0.0000E+00
       0.0000E+00  0.0000E+00  0.0000E+00  0.0000E+00  0.0000E+00  0.0000E+00  0.0000E+00  0.0000E+00  0.0000E+00  0.0000E+00
       0.0000E+00  0.0000E+00  0.0000E+00  0.0000E+00  0.0000E+00  0.0000E+00  0.0000E+00  0.0000E+00  0.0000E+00  0.0000E+00
       0.0000E+00  0.0000E+00  0.0000E+00  0.0000E+00  0.0000E+00  0.0000E+00  0.0000E+00  0.0000E+00  0.0000E+00  0.0000E+00
       0.0000E+00  0.0000E+00  0.0000E+00  0.0000E+00  0.0000E+00  0.0000E+00  0.0000E+00  0.0000E+00  0.0000E+00  0.0000E+00
       0.0000E+00  0.0000E+00  0.0000E+00  0.0000E+00  0.0000E+00  0.0000E+00  0.0000E+00  0.0000E+00  0.0000E+00  0.0000E+00
