
 *****  Protons in Lexan (0.10GeV, 0cm)                                                   *****

           DATE: 12/18/18,  TIME: 20:44: 6

          Total number of particles followed       50000000, for a total weight of  5.0000E+07

1

   Res. nuclei n.   1  "Ian       " ,  all         products, region n.     5
      detector volume:  1.0000E+00 cm**3
      Max. Z:  10, Max. N-Z:  11 Min. N-Z: -4
      Data follow in a matrix A(z,n-z-k), k: -5 format (1(5x,1p,10(1x,e11.4)))

       0.0000E+00  0.0000E+00  0.0000E+00  0.0000E+00  0.0000E+00  0.0000E+00  0.0000E+00  0.0000E+00  0.0000E+00  0.0000E+00
       0.0000E+00  0.0000E+00  0.0000E+00  0.0000E+00  0.0000E+00  6.7400E-06  0.0000E+00  3.4000E-07  0.0000E+00  0.0000E+00
       0.0000E+00  0.0000E+00  0.0000E+00  0.0000E+00  5.8960E-05  8.1260E-05  1.6000E-05  1.1900E-05  0.0000E+00  0.0000E+00
       1.1611E-02  1.6361E-03  0.0000E+00  8.7650E-04  0.0000E+00  2.2691E-03  2.5740E-05  5.1676E-04  2.0000E-08  0.0000E+00
       2.7618E-03  1.5345E-02  1.2079E-03  0.0000E+00  7.0912E-04  6.6438E-03  2.8160E-04  7.6002E-04  2.0000E-08  2.0000E-07
       7.3216E-04  0.0000E+00  5.7268E-04  1.4675E-04  1.3384E-03  1.8392E-04  3.3289E-04  6.8273E-07  0.0000E+00  0.0000E+00
       0.0000E+00  2.4820E-05  3.9980E-05  7.0600E-05  1.0525E-05  3.1020E-05  5.5253E-07  1.0200E-06  0.0000E+00  0.0000E+00
       0.0000E+00  0.0000E+00  7.4000E-07  1.8000E-07  4.8000E-07  4.0000E-08  3.6000E-07  0.0000E+00  0.0000E+00  0.0000E+00
       0.0000E+00  0.0000E+00  0.0000E+00  0.0000E+00  0.0000E+00  0.0000E+00  0.0000E+00  0.0000E+00  0.0000E+00  0.0000E+00
       0.0000E+00  0.0000E+00  0.0000E+00  0.0000E+00  0.0000E+00  0.0000E+00  0.0000E+00  0.0000E+00  0.0000E+00  0.0000E+00
       0.0000E+00  0.0000E+00  0.0000E+00  0.0000E+00  0.0000E+00  0.0000E+00  0.0000E+00  0.0000E+00  0.0000E+00  0.0000E+00
       0.0000E+00  0.0000E+00  0.0000E+00  0.0000E+00  0.0000E+00  0.0000E+00  0.0000E+00  0.0000E+00  0.0000E+00  0.0000E+00
       0.0000E+00  0.0000E+00  0.0000E+00  0.0000E+00  0.0000E+00  0.0000E+00  0.0000E+00  0.0000E+00  0.0000E+00  0.0000E+00
       0.0000E+00  0.0000E+00  0.0000E+00  0.0000E+00  0.0000E+00  0.0000E+00  0.0000E+00  0.0000E+00  0.0000E+00  0.0000E+00
       0.0000E+00  0.0000E+00  0.0000E+00  0.0000E+00  0.0000E+00  0.0000E+00  0.0000E+00  0.0000E+00  0.0000E+00  0.0000E+00
       0.0000E+00  0.0000E+00  0.0000E+00  0.0000E+00  0.0000E+00  0.0000E+00  0.0000E+00  0.0000E+00  0.0000E+00  0.0000E+00
