
 *****  Protons in Lexan (0.10GeV, 0cm)                                                   *****

           DATE: 12/18/18,  TIME: 20:44: 6

          Total number of particles followed       50000000, for a total weight of  5.0000E+07

1

   Bdrx n.   4  "ocurrent  " , generalized particle n.    1, from region n.     5 to region n.     4
      detector area:  1.0000E+02 cm**2
      this is a one way only estimator
      this is a current like estimator
      linear energy binning from   2.0000E-02 to  1.5000E-01 GeV,   650 bins ( 2.0000E-04 GeV wide)
      linear angular binning from  0.0000E+00 to  6.2832E+00 sr ,     1 bins ( 6.2832E+00 sr wide )
      Data follow in a matrix A(ie,ia), format (1(5x,1p,10(1x,e11.4)))

       1.5613E-04  1.6043E-04  1.7268E-04  1.6154E-04  1.6441E-04  1.6855E-04  1.6297E-04  1.6807E-04  1.6584E-04  1.6584E-04
       1.8064E-04  1.8239E-04  1.8207E-04  1.6218E-04  1.7252E-04  1.7205E-04  1.6552E-04  1.8430E-04  1.6966E-04  1.7873E-04
       1.7778E-04  1.6568E-04  1.8685E-04  1.7236E-04  1.7794E-04  1.7189E-04  1.8096E-04  1.6982E-04  1.7985E-04  1.8287E-04
       1.8462E-04  1.8080E-04  1.8144E-04  1.8701E-04  1.8048E-04  1.8319E-04  1.8462E-04  1.8144E-04  1.8239E-04  1.9258E-04
       1.8446E-04  1.7857E-04  1.9449E-04  1.9878E-04  1.9130E-04  1.8669E-04  1.9290E-04  1.8892E-04  1.9305E-04  1.7714E-04
       1.9926E-04  1.9719E-04  1.9512E-04  1.9608E-04  1.9290E-04  1.9465E-04  1.9767E-04  1.8255E-04  2.0483E-04  1.9735E-04
       2.0722E-04  1.9337E-04  2.0038E-04  1.9910E-04  2.0881E-04  2.0738E-04  1.9401E-04  2.0101E-04  2.0754E-04  2.0229E-04
       2.1215E-04  2.1040E-04  2.1581E-04  2.2138E-04  2.0977E-04  2.0786E-04  2.0674E-04  2.0722E-04  2.0738E-04  1.9353E-04
       2.1947E-04  2.1168E-04  2.1454E-04  2.0897E-04  2.1120E-04  2.1916E-04  2.1152E-04  2.0833E-04  2.0817E-04  2.1247E-04
       2.1677E-04  2.2552E-04  2.1502E-04  2.2584E-04  2.1725E-04  2.0754E-04  2.1072E-04  2.1454E-04  2.2520E-04  2.1741E-04
       2.1008E-04  2.1295E-04  2.2266E-04  2.1836E-04  2.2266E-04  2.3444E-04  2.0897E-04  2.1693E-04  2.1231E-04  2.3650E-04
       2.2982E-04  2.2934E-04  2.2918E-04  2.2680E-04  2.2393E-04  2.2123E-04  2.2282E-04  2.2314E-04  2.3284E-04  2.2123E-04
       2.3062E-04  2.4001E-04  2.3030E-04  2.3650E-04  2.4733E-04  2.3109E-04  2.3300E-04  2.3825E-04  2.4223E-04  2.4335E-04
       2.3985E-04  2.4510E-04  2.3603E-04  2.2871E-04  2.3825E-04  2.4589E-04  2.4685E-04  2.5210E-04  2.3619E-04  2.3682E-04
       2.3762E-04  2.4542E-04  2.4955E-04  2.4287E-04  2.4733E-04  2.5385E-04  2.4908E-04  2.5783E-04  2.5337E-04  2.5481E-04
       2.5274E-04  2.5131E-04  2.5656E-04  2.4605E-04  2.5099E-04  2.5115E-04  2.3046E-04  2.4462E-04  2.4717E-04  2.4780E-04
       2.5194E-04  2.4876E-04  2.5385E-04  2.6786E-04  2.5767E-04  2.4255E-04  2.5003E-04  2.5035E-04  2.4367E-04  2.5513E-04
       2.6611E-04  2.3985E-04  2.5146E-04  2.5847E-04  2.5003E-04  2.5067E-04  2.6133E-04  2.4844E-04  2.5624E-04  2.4176E-04
       2.4637E-04  2.4526E-04  2.5449E-04  2.6117E-04  2.5385E-04  2.4414E-04  2.4335E-04  2.5353E-04  2.4032E-04  2.5799E-04
       2.5831E-04  2.5226E-04  2.4812E-04  2.4637E-04  2.4733E-04  2.4398E-04  2.4733E-04  2.4589E-04  2.4383E-04  2.5162E-04
       2.4876E-04  2.3698E-04  2.5353E-04  2.4669E-04  2.4589E-04  2.4335E-04  2.4462E-04  2.4526E-04  2.5290E-04  2.3491E-04
       2.4255E-04  2.4446E-04  2.4796E-04  2.4176E-04  2.4494E-04  2.3332E-04  2.3841E-04  2.3603E-04  2.4924E-04  2.3428E-04
       2.4653E-04  2.3141E-04  2.2855E-04  2.4685E-04  2.3284E-04  2.3857E-04  2.3619E-04  2.3825E-04  2.3109E-04  2.3412E-04
       2.3077E-04  2.1995E-04  2.2298E-04  2.3253E-04  2.3284E-04  2.2982E-04  2.2505E-04  2.4064E-04  2.2393E-04  2.2584E-04
       2.2489E-04  2.2425E-04  2.3507E-04  2.1916E-04  2.1359E-04  2.1693E-04  2.1518E-04  2.3014E-04  2.0642E-04  2.2027E-04
       2.1343E-04  2.0802E-04  2.1804E-04  2.2425E-04  2.1375E-04  2.1375E-04  2.2011E-04  2.1581E-04  2.0563E-04  2.1136E-04
       2.0213E-04  1.9863E-04  2.0197E-04  1.9863E-04  2.0642E-04  2.0658E-04  2.1661E-04  2.0340E-04  2.0706E-04  2.0849E-04
       1.9481E-04  1.9099E-04  1.9815E-04  1.9528E-04  2.0022E-04  1.9290E-04  1.9560E-04  1.8382E-04  1.9449E-04  1.8462E-04
       1.8144E-04  1.8016E-04  1.7985E-04  1.7618E-04  1.7316E-04  1.8112E-04  1.7300E-04  1.7077E-04  1.6902E-04  1.7985E-04
       1.7794E-04  1.6043E-04  1.5136E-04  1.5454E-04  1.4897E-04  1.4467E-04  1.4913E-04  1.4069E-04  1.3640E-04  1.2828E-04
       1.2048E-04  1.1189E-04  1.0918E-04  1.0536E-04  9.5175E-05  8.7694E-05  8.2601E-05  8.2920E-05  8.5466E-05  7.5758E-05
       7.9418E-05  8.5148E-05  7.8145E-05  8.8013E-05  8.7217E-05  7.9418E-05  8.8808E-05  9.5016E-05  9.5493E-05  9.6607E-05
       1.1189E-04  1.2175E-04  1.1300E-04  1.1077E-04  1.3369E-04  1.4324E-04  1.6329E-04  1.6982E-04  1.8780E-04  2.0165E-04
       2.1565E-04  2.1772E-04  2.2871E-04  2.1247E-04  2.0833E-04  1.9942E-04  1.9003E-04  1.9401E-04  1.9942E-04  2.2727E-04
       2.8918E-04  3.4202E-04  4.3943E-04  5.9381E-04  8.5578E-04  1.4201E-03  2.8019E-03  6.2640E-03  1.5089E-02  3.5729E-02
       8.0102E-02  1.6375E-01  3.0363E-01  5.0283E-01  7.4167E-01  9.6786E-01  1.1127E+00  1.1212E+00  9.8870E-01  7.5829E-01
       5.0417E-01  2.8968E-01  1.4295E-01  6.0920E-02  2.2144E-02  6.8537E-03  1.7946E-03  3.9327E-04  7.3848E-05  8.2761E-06
       1.7507E-06  4.7746E-07  0.0000E+00  0.0000E+00  0.0000E+00  0.0000E+00  0.0000E+00  0.0000E+00  0.0000E+00  0.0000E+00
       0.0000E+00  0.0000E+00  0.0000E+00  0.0000E+00  0.0000E+00  0.0000E+00  0.0000E+00  0.0000E+00  0.0000E+00  0.0000E+00
       0.0000E+00  0.0000E+00  0.0000E+00  0.0000E+00  0.0000E+00  0.0000E+00  0.0000E+00  0.0000E+00  0.0000E+00  0.0000E+00
       0.0000E+00  0.0000E+00  0.0000E+00  0.0000E+00  0.0000E+00  0.0000E+00  0.0000E+00  0.0000E+00  0.0000E+00  0.0000E+00
       0.0000E+00  0.0000E+00  0.0000E+00  0.0000E+00  0.0000E+00  0.0000E+00  0.0000E+00  0.0000E+00  0.0000E+00  0.0000E+00
       0.0000E+00  0.0000E+00  0.0000E+00  0.0000E+00  0.0000E+00  0.0000E+00  0.0000E+00  0.0000E+00  0.0000E+00  0.0000E+00
       0.0000E+00  0.0000E+00  0.0000E+00  0.0000E+00  0.0000E+00  0.0000E+00  0.0000E+00  0.0000E+00  0.0000E+00  0.0000E+00
       0.0000E+00  0.0000E+00  0.0000E+00  0.0000E+00  0.0000E+00  0.0000E+00  0.0000E+00  0.0000E+00  0.0000E+00  0.0000E+00
       0.0000E+00  0.0000E+00  0.0000E+00  0.0000E+00  0.0000E+00  0.0000E+00  0.0000E+00  0.0000E+00  0.0000E+00  0.0000E+00
       0.0000E+00  0.0000E+00  0.0000E+00  0.0000E+00  0.0000E+00  0.0000E+00  0.0000E+00  0.0000E+00  0.0000E+00  0.0000E+00
       0.0000E+00  0.0000E+00  0.0000E+00  0.0000E+00  0.0000E+00  0.0000E+00  0.0000E+00  0.0000E+00  0.0000E+00  0.0000E+00
       0.0000E+00  0.0000E+00  0.0000E+00  0.0000E+00  0.0000E+00  0.0000E+00  0.0000E+00  0.0000E+00  0.0000E+00  0.0000E+00
       0.0000E+00  0.0000E+00  0.0000E+00  0.0000E+00  0.0000E+00  0.0000E+00  0.0000E+00  0.0000E+00  0.0000E+00  0.0000E+00
       0.0000E+00  0.0000E+00  0.0000E+00  0.0000E+00  0.0000E+00  0.0000E+00  0.0000E+00  0.0000E+00  0.0000E+00  0.0000E+00
       0.0000E+00  0.0000E+00  0.0000E+00  0.0000E+00  0.0000E+00  0.0000E+00  0.0000E+00  0.0000E+00  0.0000E+00  0.0000E+00
       0.0000E+00  0.0000E+00  0.0000E+00  0.0000E+00  0.0000E+00  0.0000E+00  0.0000E+00  0.0000E+00  0.0000E+00  0.0000E+00
       0.0000E+00  0.0000E+00  0.0000E+00  0.0000E+00  0.0000E+00  0.0000E+00  0.0000E+00  0.0000E+00  0.0000E+00  0.0000E+00
       0.0000E+00  0.0000E+00  0.0000E+00  0.0000E+00  0.0000E+00  0.0000E+00  0.0000E+00  0.0000E+00  0.0000E+00  0.0000E+00
       0.0000E+00  0.0000E+00  0.0000E+00  0.0000E+00  0.0000E+00  0.0000E+00  0.0000E+00  0.0000E+00  0.0000E+00  0.0000E+00
       0.0000E+00  0.0000E+00  0.0000E+00  0.0000E+00  0.0000E+00  0.0000E+00  0.0000E+00  0.0000E+00  0.0000E+00  0.0000E+00
       0.0000E+00  0.0000E+00  0.0000E+00  0.0000E+00  0.0000E+00  0.0000E+00  0.0000E+00  0.0000E+00  0.0000E+00  0.0000E+00
       0.0000E+00  0.0000E+00  0.0000E+00  0.0000E+00  0.0000E+00  0.0000E+00  0.0000E+00  0.0000E+00  0.0000E+00  0.0000E+00
       0.0000E+00  0.0000E+00  0.0000E+00  0.0000E+00  0.0000E+00  0.0000E+00  0.0000E+00  0.0000E+00  0.0000E+00  0.0000E+00
       0.0000E+00  0.0000E+00  0.0000E+00  0.0000E+00  0.0000E+00  0.0000E+00  0.0000E+00  0.0000E+00  0.0000E+00  0.0000E+00
       0.0000E+00  0.0000E+00  0.0000E+00  0.0000E+00  0.0000E+00  0.0000E+00  0.0000E+00  0.0000E+00  0.0000E+00  0.0000E+00
       0.0000E+00  0.0000E+00  0.0000E+00  0.0000E+00  0.0000E+00  0.0000E+00  0.0000E+00  0.0000E+00  0.0000E+00  0.0000E+00
       0.0000E+00  0.0000E+00  0.0000E+00  0.0000E+00  0.0000E+00  0.0000E+00  0.0000E+00  0.0000E+00  0.0000E+00  0.0000E+00
       0.0000E+00  0.0000E+00  0.0000E+00  0.0000E+00  0.0000E+00  0.0000E+00  0.0000E+00  0.0000E+00  0.0000E+00  0.0000E+00
