
 *****  Protons in Lexan (0.10GeV, 0cm)                                                   *****

           DATE: 12/18/18,  TIME: 20:44: 6

          Total number of particles followed       50000000, for a total weight of  5.0000E+07

1

   Bdrx n.   2  "ofluence  " , generalized particle n.    1, from region n.     5 to region n.     4
      detector area:  1.0000E+02 cm**2
      this is a one way only estimator
      this is a fluence like estimator
      linear energy binning from   2.0000E-02 to  1.5000E-01 GeV,   650 bins ( 2.0000E-04 GeV wide)
      linear angular binning from  0.0000E+00 to  6.2832E+00 sr ,     1 bins ( 6.2832E+00 sr wide )
      Data follow in a matrix A(ie,ia), format (1(5x,1p,10(1x,e11.4)))

       2.4971E-04  2.5611E-04  2.7571E-04  2.6329E-04  2.6550E-04  2.7260E-04  2.5684E-04  2.5858E-04  2.6938E-04  2.7072E-04
       2.9032E-04  2.8667E-04  2.9036E-04  2.6419E-04  2.7309E-04  2.6851E-04  2.6668E-04  3.0700E-04  2.6747E-04  2.8458E-04
       2.8886E-04  2.6110E-04  2.8988E-04  2.8004E-04  2.7500E-04  2.7129E-04  2.8982E-04  2.6376E-04  2.8269E-04  2.7915E-04
       2.9048E-04  2.8566E-04  2.7881E-04  2.8455E-04  2.7852E-04  2.8059E-04  2.7531E-04  2.7853E-04  2.9057E-04  2.8912E-04
       2.8747E-04  2.7710E-04  2.9251E-04  3.1242E-04  2.9176E-04  2.8248E-04  2.9668E-04  2.9370E-04  2.8662E-04  2.6319E-04
       3.0695E-04  3.2078E-04  3.0031E-04  2.9837E-04  2.9033E-04  3.0270E-04  2.9700E-04  2.6049E-04  3.1212E-04  2.9531E-04
       3.1702E-04  3.0192E-04  2.9977E-04  3.0049E-04  3.0383E-04  3.0887E-04  2.7991E-04  3.0282E-04  3.1028E-04  2.9885E-04
       3.3758E-04  3.0095E-04  3.1761E-04  3.2882E-04  2.9969E-04  3.0441E-04  3.2374E-04  2.9813E-04  3.0204E-04  2.8238E-04
       3.2084E-04  3.0507E-04  3.1240E-04  3.1064E-04  3.0631E-04  3.1298E-04  3.0822E-04  2.9502E-04  2.9594E-04  3.0011E-04
       3.1006E-04  3.1320E-04  3.1394E-04  3.1753E-04  3.1798E-04  2.9523E-04  3.0388E-04  3.0929E-04  3.2120E-04  3.1217E-04
       2.9044E-04  2.9682E-04  3.1278E-04  3.0034E-04  3.0784E-04  3.3034E-04  2.9220E-04  2.9971E-04  2.9969E-04  3.2522E-04
       3.2668E-04  3.1666E-04  3.1502E-04  3.1153E-04  3.2744E-04  3.0612E-04  3.0228E-04  2.9883E-04  3.1247E-04  3.0536E-04
       3.1399E-04  3.2847E-04  3.1558E-04  3.2998E-04  3.3248E-04  3.0277E-04  3.1470E-04  3.2272E-04  3.2500E-04  3.2547E-04
       3.2681E-04  3.2904E-04  3.2395E-04  3.0914E-04  3.2911E-04  3.2920E-04  3.2461E-04  3.3275E-04  3.1109E-04  3.2218E-04
       3.0925E-04  3.2197E-04  3.2367E-04  3.2139E-04  3.2847E-04  3.3389E-04  3.2450E-04  3.3307E-04  3.3485E-04  3.3316E-04
       3.3102E-04  3.2041E-04  3.3248E-04  3.1438E-04  3.2990E-04  3.3013E-04  2.9292E-04  3.2243E-04  3.1890E-04  3.1939E-04
       3.2469E-04  3.1665E-04  3.2224E-04  3.3954E-04  3.3355E-04  3.0412E-04  3.1913E-04  3.1848E-04  3.1228E-04  3.1992E-04
       3.3548E-04  3.0066E-04  3.1785E-04  3.2069E-04  3.1273E-04  3.1025E-04  3.2451E-04  3.0568E-04  3.1809E-04  3.0176E-04
       3.1237E-04  3.0960E-04  3.1211E-04  3.2842E-04  3.2001E-04  3.0079E-04  2.9512E-04  3.1061E-04  2.9686E-04  3.2039E-04
       3.2210E-04  3.0810E-04  3.0162E-04  2.9949E-04  3.0161E-04  2.9471E-04  2.9839E-04  2.9811E-04  2.9369E-04  3.1036E-04
       3.1032E-04  2.8529E-04  3.1775E-04  3.0104E-04  2.9641E-04  2.9823E-04  2.9308E-04  2.9476E-04  3.0522E-04  2.8395E-04
       2.8979E-04  2.9052E-04  2.9754E-04  2.9127E-04  2.9196E-04  2.7853E-04  2.8578E-04  2.8079E-04  2.9793E-04  2.7981E-04
       2.9169E-04  2.7723E-04  2.7154E-04  2.9414E-04  2.7418E-04  2.8342E-04  2.8271E-04  2.8211E-04  2.7129E-04  2.7552E-04
       2.7002E-04  2.5641E-04  2.6099E-04  2.7174E-04  2.7428E-04  2.7370E-04  2.6406E-04  2.8208E-04  2.6532E-04  2.6483E-04
       2.6057E-04  2.5704E-04  2.7745E-04  2.5500E-04  2.5229E-04  2.5248E-04  2.4902E-04  2.6598E-04  2.3662E-04  2.5316E-04
       2.5125E-04  2.4242E-04  2.5067E-04  2.6111E-04  2.4534E-04  2.4612E-04  2.5413E-04  2.4665E-04  2.3486E-04  2.4014E-04
       2.3237E-04  2.2784E-04  2.3206E-04  2.3167E-04  2.3975E-04  2.3985E-04  2.4733E-04  2.3044E-04  2.3663E-04  2.3707E-04
       2.2230E-04  2.1721E-04  2.2551E-04  2.1959E-04  2.2530E-04  2.1938E-04  2.2349E-04  2.0820E-04  2.2159E-04  2.1329E-04
       2.0504E-04  2.0417E-04  2.0366E-04  1.9961E-04  1.9493E-04  2.0387E-04  1.9354E-04  1.9525E-04  1.9013E-04  2.0506E-04
       1.9861E-04  1.8125E-04  1.7056E-04  1.7209E-04  1.7221E-04  1.6436E-04  1.6969E-04  1.5985E-04  1.5627E-04  1.4722E-04
       1.3898E-04  1.3028E-04  1.3050E-04  1.2893E-04  1.1215E-04  1.0745E-04  1.0244E-04  1.0100E-04  1.0822E-04  9.1630E-05
       9.8758E-05  1.0360E-04  9.7167E-05  1.0978E-04  1.1125E-04  1.0114E-04  1.0854E-04  1.1724E-04  1.1747E-04  1.1752E-04
       1.3600E-04  1.4722E-04  1.3536E-04  1.3741E-04  1.6329E-04  1.6791E-04  1.8844E-04  1.9297E-04  2.1085E-04  2.2713E-04
       2.3952E-04  2.4209E-04  2.5290E-04  2.4363E-04  2.3539E-04  2.2533E-04  2.1667E-04  2.3432E-04  2.3229E-04  2.6298E-04
       3.3090E-04  3.8647E-04  4.9489E-04  6.5997E-04  9.3413E-04  1.5153E-03  2.9167E-03  6.4059E-03  1.5263E-02  3.5937E-02
       8.0356E-02  1.6405E-01  3.0397E-01  5.0323E-01  7.4208E-01  9.6827E-01  1.1131E+00  1.1215E+00  9.8897E-01  7.5847E-01
       5.0428E-01  2.8974E-01  1.4298E-01  6.0932E-02  2.2148E-02  6.8549E-03  1.7950E-03  3.9334E-04  7.3860E-05  8.2773E-06
       1.7509E-06  4.7751E-07  0.0000E+00  0.0000E+00  0.0000E+00  0.0000E+00  0.0000E+00  0.0000E+00  0.0000E+00  0.0000E+00
       0.0000E+00  0.0000E+00  0.0000E+00  0.0000E+00  0.0000E+00  0.0000E+00  0.0000E+00  0.0000E+00  0.0000E+00  0.0000E+00
       0.0000E+00  0.0000E+00  0.0000E+00  0.0000E+00  0.0000E+00  0.0000E+00  0.0000E+00  0.0000E+00  0.0000E+00  0.0000E+00
       0.0000E+00  0.0000E+00  0.0000E+00  0.0000E+00  0.0000E+00  0.0000E+00  0.0000E+00  0.0000E+00  0.0000E+00  0.0000E+00
       0.0000E+00  0.0000E+00  0.0000E+00  0.0000E+00  0.0000E+00  0.0000E+00  0.0000E+00  0.0000E+00  0.0000E+00  0.0000E+00
       0.0000E+00  0.0000E+00  0.0000E+00  0.0000E+00  0.0000E+00  0.0000E+00  0.0000E+00  0.0000E+00  0.0000E+00  0.0000E+00
       0.0000E+00  0.0000E+00  0.0000E+00  0.0000E+00  0.0000E+00  0.0000E+00  0.0000E+00  0.0000E+00  0.0000E+00  0.0000E+00
       0.0000E+00  0.0000E+00  0.0000E+00  0.0000E+00  0.0000E+00  0.0000E+00  0.0000E+00  0.0000E+00  0.0000E+00  0.0000E+00
       0.0000E+00  0.0000E+00  0.0000E+00  0.0000E+00  0.0000E+00  0.0000E+00  0.0000E+00  0.0000E+00  0.0000E+00  0.0000E+00
       0.0000E+00  0.0000E+00  0.0000E+00  0.0000E+00  0.0000E+00  0.0000E+00  0.0000E+00  0.0000E+00  0.0000E+00  0.0000E+00
       0.0000E+00  0.0000E+00  0.0000E+00  0.0000E+00  0.0000E+00  0.0000E+00  0.0000E+00  0.0000E+00  0.0000E+00  0.0000E+00
       0.0000E+00  0.0000E+00  0.0000E+00  0.0000E+00  0.0000E+00  0.0000E+00  0.0000E+00  0.0000E+00  0.0000E+00  0.0000E+00
       0.0000E+00  0.0000E+00  0.0000E+00  0.0000E+00  0.0000E+00  0.0000E+00  0.0000E+00  0.0000E+00  0.0000E+00  0.0000E+00
       0.0000E+00  0.0000E+00  0.0000E+00  0.0000E+00  0.0000E+00  0.0000E+00  0.0000E+00  0.0000E+00  0.0000E+00  0.0000E+00
       0.0000E+00  0.0000E+00  0.0000E+00  0.0000E+00  0.0000E+00  0.0000E+00  0.0000E+00  0.0000E+00  0.0000E+00  0.0000E+00
       0.0000E+00  0.0000E+00  0.0000E+00  0.0000E+00  0.0000E+00  0.0000E+00  0.0000E+00  0.0000E+00  0.0000E+00  0.0000E+00
       0.0000E+00  0.0000E+00  0.0000E+00  0.0000E+00  0.0000E+00  0.0000E+00  0.0000E+00  0.0000E+00  0.0000E+00  0.0000E+00
       0.0000E+00  0.0000E+00  0.0000E+00  0.0000E+00  0.0000E+00  0.0000E+00  0.0000E+00  0.0000E+00  0.0000E+00  0.0000E+00
       0.0000E+00  0.0000E+00  0.0000E+00  0.0000E+00  0.0000E+00  0.0000E+00  0.0000E+00  0.0000E+00  0.0000E+00  0.0000E+00
       0.0000E+00  0.0000E+00  0.0000E+00  0.0000E+00  0.0000E+00  0.0000E+00  0.0000E+00  0.0000E+00  0.0000E+00  0.0000E+00
       0.0000E+00  0.0000E+00  0.0000E+00  0.0000E+00  0.0000E+00  0.0000E+00  0.0000E+00  0.0000E+00  0.0000E+00  0.0000E+00
       0.0000E+00  0.0000E+00  0.0000E+00  0.0000E+00  0.0000E+00  0.0000E+00  0.0000E+00  0.0000E+00  0.0000E+00  0.0000E+00
       0.0000E+00  0.0000E+00  0.0000E+00  0.0000E+00  0.0000E+00  0.0000E+00  0.0000E+00  0.0000E+00  0.0000E+00  0.0000E+00
       0.0000E+00  0.0000E+00  0.0000E+00  0.0000E+00  0.0000E+00  0.0000E+00  0.0000E+00  0.0000E+00  0.0000E+00  0.0000E+00
       0.0000E+00  0.0000E+00  0.0000E+00  0.0000E+00  0.0000E+00  0.0000E+00  0.0000E+00  0.0000E+00  0.0000E+00  0.0000E+00
       0.0000E+00  0.0000E+00  0.0000E+00  0.0000E+00  0.0000E+00  0.0000E+00  0.0000E+00  0.0000E+00  0.0000E+00  0.0000E+00
       0.0000E+00  0.0000E+00  0.0000E+00  0.0000E+00  0.0000E+00  0.0000E+00  0.0000E+00  0.0000E+00  0.0000E+00  0.0000E+00
       0.0000E+00  0.0000E+00  0.0000E+00  0.0000E+00  0.0000E+00  0.0000E+00  0.0000E+00  0.0000E+00  0.0000E+00  0.0000E+00
1

   Bdrx n.   6  "ofluence  " , generalized particle n.    1, from region n.     5 to region n.     4
      detector area:  1.0000E+02 cm**2
      this is a one way only estimator
      this is a fluence like estimator
      linear energy binning from   0.0000E+00 to  3.0000E+02 GeV,     1 bins ( 3.0000E+02 GeV wide)
      linear angular binning from  0.0000E+00 to  6.2832E+00 sr ,     1 bins ( 6.2832E+00 sr wide )
      Data follow in a matrix A(ie,ia), format (1(5x,1p,10(1x,e11.4)))

       5.2986E-06
