
 *****  Protons in Lexan (0.07GeV, 1.0cm)                                                 *****

           DATE: 12/13/18,  TIME: 18:18:54

          Total number of particles followed       10000000, for a total weight of  1.0000E+07

1

   Res. nuclei n.   1  "Ian       " ,  all         products, region n.     5
      detector volume:  1.0000E+00 cm**3
      Max. Z:  10, Max. N-Z:  11 Min. N-Z: -4
      Data follow in a matrix A(z,n-z-k), k: -5 format (1(5x,1p,10(1x,e11.4)))

       0.0000E+00  0.0000E+00  0.0000E+00  0.0000E+00  0.0000E+00  0.0000E+00  0.0000E+00  0.0000E+00  0.0000E+00  0.0000E+00
       0.0000E+00  0.0000E+00  0.0000E+00  0.0000E+00  0.0000E+00  2.6000E-06  0.0000E+00  0.0000E+00  0.0000E+00  0.0000E+00
       0.0000E+00  0.0000E+00  0.0000E+00  0.0000E+00  6.9100E-05  6.1700E-05  1.8500E-05  7.9000E-06  0.0000E+00  0.0000E+00
       1.4499E-02  1.5067E-03  0.0000E+00  9.6090E-04  0.0000E+00  2.5309E-03  1.9800E-05  5.4030E-04  0.0000E+00  0.0000E+00
       3.2016E-03  1.9627E-02  1.2803E-03  0.0000E+00  7.2780E-04  1.1856E-02  2.9770E-04  1.2767E-03  2.0000E-07  1.0000E-07
       6.1260E-04  0.0000E+00  6.3180E-04  1.5039E-04  1.6014E-03  2.3234E-04  4.1873E-04  9.0351E-07  1.0000E-07  0.0000E+00
       0.0000E+00  1.3200E-05  1.9800E-05  4.4400E-05  8.0771E-06  3.1500E-05  3.1874E-07  1.4000E-06  0.0000E+00  0.0000E+00
       0.0000E+00  0.0000E+00  1.0000E-07  0.0000E+00  0.0000E+00  0.0000E+00  5.0000E-07  0.0000E+00  0.0000E+00  0.0000E+00
       0.0000E+00  0.0000E+00  0.0000E+00  0.0000E+00  0.0000E+00  0.0000E+00  0.0000E+00  0.0000E+00  0.0000E+00  0.0000E+00
       0.0000E+00  0.0000E+00  0.0000E+00  0.0000E+00  0.0000E+00  0.0000E+00  0.0000E+00  0.0000E+00  0.0000E+00  0.0000E+00
       0.0000E+00  0.0000E+00  0.0000E+00  0.0000E+00  0.0000E+00  0.0000E+00  0.0000E+00  0.0000E+00  0.0000E+00  0.0000E+00
       0.0000E+00  0.0000E+00  0.0000E+00  0.0000E+00  0.0000E+00  0.0000E+00  0.0000E+00  0.0000E+00  0.0000E+00  0.0000E+00
       0.0000E+00  0.0000E+00  0.0000E+00  0.0000E+00  0.0000E+00  0.0000E+00  0.0000E+00  0.0000E+00  0.0000E+00  0.0000E+00
       0.0000E+00  0.0000E+00  0.0000E+00  0.0000E+00  0.0000E+00  0.0000E+00  0.0000E+00  0.0000E+00  0.0000E+00  0.0000E+00
       0.0000E+00  0.0000E+00  0.0000E+00  0.0000E+00  0.0000E+00  0.0000E+00  0.0000E+00  0.0000E+00  0.0000E+00  0.0000E+00
       0.0000E+00  0.0000E+00  0.0000E+00  0.0000E+00  0.0000E+00  0.0000E+00  0.0000E+00  0.0000E+00  0.0000E+00  0.0000E+00
