
 *****  Protons in Lexan (0.16GeV, 3cm)                                                   *****

           DATE: 12/18/18,  TIME: 17: 7:47

          Total number of particles followed       10000000, for a total weight of  1.0000E+07

1

   Bdrx n.   2  "ofluence  " , generalized particle n.    1, from region n.     5 to region n.     4
      detector area:  1.0000E+02 cm**2
      this is a one way only estimator
      this is a fluence like estimator
      linear energy binning from   8.0000E-02 to  2.1000E-01 GeV,   650 bins ( 2.0000E-04 GeV wide)
      linear angular binning from  0.0000E+00 to  6.2832E+00 sr ,     1 bins ( 6.2832E+00 sr wide )
      Data follow in a matrix A(ie,ia), format (1(5x,1p,10(1x,e11.4)))

       7.2266E-04  7.7699E-04  6.8587E-04  7.2164E-04  7.9479E-04  7.7489E-04  7.2707E-04  7.7903E-04  7.8738E-04  7.5103E-04
       7.2682E-04  7.4870E-04  7.6180E-04  8.1646E-04  7.1713E-04  7.5539E-04  7.7359E-04  7.5452E-04  7.2492E-04  7.5879E-04
       7.7015E-04  7.9058E-04  7.4548E-04  7.1772E-04  7.6637E-04  8.0598E-04  7.3720E-04  7.4191E-04  7.7689E-04  7.3874E-04
       7.8709E-04  7.8293E-04  7.2591E-04  7.7425E-04  7.6734E-04  7.5153E-04  7.6341E-04  7.6718E-04  7.6680E-04  6.9995E-04
       7.6906E-04  7.2004E-04  7.4594E-04  7.6196E-04  7.4456E-04  6.9852E-04  7.5500E-04  7.1560E-04  7.2556E-04  7.2604E-04
       7.4297E-04  7.0383E-04  7.1480E-04  7.2617E-04  6.9203E-04  7.0309E-04  7.2491E-04  7.0070E-04  6.9659E-04  7.8819E-04
       6.8545E-04  6.6101E-04  7.3479E-04  7.1377E-04  7.1648E-04  7.4536E-04  6.8829E-04  7.1507E-04  6.9494E-04  6.8123E-04
       7.2730E-04  7.0470E-04  6.7993E-04  6.7418E-04  7.0003E-04  6.9482E-04  6.7278E-04  6.7527E-04  6.5819E-04  6.7022E-04
       6.6482E-04  7.1137E-04  6.9852E-04  6.9775E-04  6.5672E-04  6.5769E-04  6.4496E-04  6.2372E-04  6.9417E-04  7.0371E-04
       7.0982E-04  6.8523E-04  6.7358E-04  6.6534E-04  6.3418E-04  6.3761E-04  6.2487E-04  6.4094E-04  6.6149E-04  5.9405E-04
       6.7497E-04  6.4157E-04  5.9555E-04  6.2823E-04  6.0695E-04  6.3145E-04  6.2624E-04  5.8107E-04  5.9645E-04  6.1237E-04
       5.9571E-04  5.6679E-04  5.6405E-04  5.9612E-04  6.3702E-04  6.0590E-04  5.8194E-04  5.4529E-04  6.1513E-04  5.2813E-04
       5.6827E-04  5.6370E-04  5.6075E-04  5.5848E-04  5.5883E-04  5.7213E-04  5.6230E-04  5.5631E-04  5.7668E-04  5.8403E-04
       5.3617E-04  5.6787E-04  5.6326E-04  5.4453E-04  5.4769E-04  5.3426E-04  5.4457E-04  5.4032E-04  5.0725E-04  5.1941E-04
       5.2150E-04  5.4106E-04  5.1399E-04  5.2086E-04  5.2043E-04  4.9672E-04  4.8317E-04  5.2890E-04  4.8414E-04  4.4593E-04
       4.8639E-04  5.1092E-04  5.2675E-04  4.9005E-04  4.9258E-04  4.7112E-04  4.6287E-04  4.6265E-04  4.5166E-04  4.7853E-04
       4.5887E-04  4.6178E-04  4.2227E-04  4.2710E-04  4.2311E-04  4.1454E-04  4.1296E-04  4.4651E-04  4.0077E-04  4.0550E-04
       3.7914E-04  3.7771E-04  4.0481E-04  3.8396E-04  3.5031E-04  3.5073E-04  3.5216E-04  3.4844E-04  3.0929E-04  3.3627E-04
       3.3169E-04  2.7911E-04  3.0766E-04  2.8360E-04  2.7819E-04  2.8586E-04  2.6772E-04  2.4619E-04  2.6591E-04  2.5369E-04
       2.4485E-04  2.7469E-04  2.5056E-04  2.3018E-04  2.5094E-04  2.9726E-04  2.6798E-04  2.9454E-04  2.8881E-04  2.9179E-04
       3.1634E-04  3.1699E-04  3.4574E-04  3.5034E-04  3.7157E-04  4.3113E-04  4.0539E-04  4.6403E-04  4.8797E-04  4.8869E-04
       5.3842E-04  5.4947E-04  6.6409E-04  7.0846E-04  8.2874E-04  8.4283E-04  1.0830E-03  1.3560E-03  1.7925E-03  2.4717E-03
       3.4912E-03  5.1209E-03  7.6740E-03  1.1600E-02  1.7073E-02  2.5185E-02  3.6630E-02  5.2128E-02  7.3492E-02  1.0046E-01
       1.3412E-01  1.7468E-01  2.2196E-01  2.7359E-01  3.2863E-01  3.8375E-01  4.3400E-01  4.7701E-01  5.0954E-01  5.2639E-01
       5.2690E-01  5.1102E-01  4.7981E-01  4.3412E-01  3.8134E-01  3.2260E-01  2.6298E-01  2.0888E-01  1.5800E-01  1.1592E-01
       8.1977E-02  5.5735E-02  3.6258E-02  2.2987E-02  1.3775E-02  8.0831E-03  4.4064E-03  2.3820E-03  1.2428E-03  6.2176E-04
       2.6670E-04  1.2976E-04  6.4478E-05  2.0702E-05  8.7571E-06  3.1835E-06  7.9617E-07  0.0000E+00  0.0000E+00  0.0000E+00
       0.0000E+00  0.0000E+00  0.0000E+00  0.0000E+00  0.0000E+00  0.0000E+00  0.0000E+00  0.0000E+00  0.0000E+00  0.0000E+00
       0.0000E+00  0.0000E+00  0.0000E+00  0.0000E+00  0.0000E+00  0.0000E+00  0.0000E+00  0.0000E+00  0.0000E+00  0.0000E+00
       0.0000E+00  0.0000E+00  0.0000E+00  0.0000E+00  0.0000E+00  0.0000E+00  0.0000E+00  0.0000E+00  0.0000E+00  0.0000E+00
       0.0000E+00  0.0000E+00  0.0000E+00  0.0000E+00  0.0000E+00  0.0000E+00  0.0000E+00  0.0000E+00  0.0000E+00  0.0000E+00
       0.0000E+00  0.0000E+00  0.0000E+00  0.0000E+00  0.0000E+00  0.0000E+00  0.0000E+00  0.0000E+00  0.0000E+00  0.0000E+00
       0.0000E+00  0.0000E+00  0.0000E+00  0.0000E+00  0.0000E+00  0.0000E+00  0.0000E+00  0.0000E+00  0.0000E+00  0.0000E+00
       0.0000E+00  0.0000E+00  0.0000E+00  0.0000E+00  0.0000E+00  0.0000E+00  0.0000E+00  0.0000E+00  0.0000E+00  0.0000E+00
       0.0000E+00  0.0000E+00  0.0000E+00  0.0000E+00  0.0000E+00  0.0000E+00  0.0000E+00  0.0000E+00  0.0000E+00  0.0000E+00
       0.0000E+00  0.0000E+00  0.0000E+00  0.0000E+00  0.0000E+00  0.0000E+00  0.0000E+00  0.0000E+00  0.0000E+00  0.0000E+00
       0.0000E+00  0.0000E+00  0.0000E+00  0.0000E+00  0.0000E+00  0.0000E+00  0.0000E+00  0.0000E+00  0.0000E+00  0.0000E+00
       0.0000E+00  0.0000E+00  0.0000E+00  0.0000E+00  0.0000E+00  0.0000E+00  0.0000E+00  0.0000E+00  0.0000E+00  0.0000E+00
       0.0000E+00  0.0000E+00  0.0000E+00  0.0000E+00  0.0000E+00  0.0000E+00  0.0000E+00  0.0000E+00  0.0000E+00  0.0000E+00
       0.0000E+00  0.0000E+00  0.0000E+00  0.0000E+00  0.0000E+00  0.0000E+00  0.0000E+00  0.0000E+00  0.0000E+00  0.0000E+00
       0.0000E+00  0.0000E+00  0.0000E+00  0.0000E+00  0.0000E+00  0.0000E+00  0.0000E+00  0.0000E+00  0.0000E+00  0.0000E+00
       0.0000E+00  0.0000E+00  0.0000E+00  0.0000E+00  0.0000E+00  0.0000E+00  0.0000E+00  0.0000E+00  0.0000E+00  0.0000E+00
       0.0000E+00  0.0000E+00  0.0000E+00  0.0000E+00  0.0000E+00  0.0000E+00  0.0000E+00  0.0000E+00  0.0000E+00  0.0000E+00
       0.0000E+00  0.0000E+00  0.0000E+00  0.0000E+00  0.0000E+00  0.0000E+00  0.0000E+00  0.0000E+00  0.0000E+00  0.0000E+00
       0.0000E+00  0.0000E+00  0.0000E+00  0.0000E+00  0.0000E+00  0.0000E+00  0.0000E+00  0.0000E+00  0.0000E+00  0.0000E+00
       0.0000E+00  0.0000E+00  0.0000E+00  0.0000E+00  0.0000E+00  0.0000E+00  0.0000E+00  0.0000E+00  0.0000E+00  0.0000E+00
       0.0000E+00  0.0000E+00  0.0000E+00  0.0000E+00  0.0000E+00  0.0000E+00  0.0000E+00  0.0000E+00  0.0000E+00  0.0000E+00
       0.0000E+00  0.0000E+00  0.0000E+00  0.0000E+00  0.0000E+00  0.0000E+00  0.0000E+00  0.0000E+00  0.0000E+00  0.0000E+00
       0.0000E+00  0.0000E+00  0.0000E+00  0.0000E+00  0.0000E+00  0.0000E+00  0.0000E+00  0.0000E+00  0.0000E+00  0.0000E+00
       0.0000E+00  0.0000E+00  0.0000E+00  0.0000E+00  0.0000E+00  0.0000E+00  0.0000E+00  0.0000E+00  0.0000E+00  0.0000E+00
       0.0000E+00  0.0000E+00  0.0000E+00  0.0000E+00  0.0000E+00  0.0000E+00  0.0000E+00  0.0000E+00  0.0000E+00  0.0000E+00
       0.0000E+00  0.0000E+00  0.0000E+00  0.0000E+00  0.0000E+00  0.0000E+00  0.0000E+00  0.0000E+00  0.0000E+00  0.0000E+00
       0.0000E+00  0.0000E+00  0.0000E+00  0.0000E+00  0.0000E+00  0.0000E+00  0.0000E+00  0.0000E+00  0.0000E+00  0.0000E+00
       0.0000E+00  0.0000E+00  0.0000E+00  0.0000E+00  0.0000E+00  0.0000E+00  0.0000E+00  0.0000E+00  0.0000E+00  0.0000E+00
       0.0000E+00  0.0000E+00  0.0000E+00  0.0000E+00  0.0000E+00  0.0000E+00  0.0000E+00  0.0000E+00  0.0000E+00  0.0000E+00
       0.0000E+00  0.0000E+00  0.0000E+00  0.0000E+00  0.0000E+00  0.0000E+00  0.0000E+00  0.0000E+00  0.0000E+00  0.0000E+00
       0.0000E+00  0.0000E+00  0.0000E+00  0.0000E+00  0.0000E+00  0.0000E+00  0.0000E+00  0.0000E+00  0.0000E+00  0.0000E+00
       0.0000E+00  0.0000E+00  0.0000E+00  0.0000E+00  0.0000E+00  0.0000E+00  0.0000E+00  0.0000E+00  0.0000E+00  0.0000E+00
       0.0000E+00  0.0000E+00  0.0000E+00  0.0000E+00  0.0000E+00  0.0000E+00  0.0000E+00  0.0000E+00  0.0000E+00  0.0000E+00
       0.0000E+00  0.0000E+00  0.0000E+00  0.0000E+00  0.0000E+00  0.0000E+00  0.0000E+00  0.0000E+00  0.0000E+00  0.0000E+00
       0.0000E+00  0.0000E+00  0.0000E+00  0.0000E+00  0.0000E+00  0.0000E+00  0.0000E+00  0.0000E+00  0.0000E+00  0.0000E+00
       0.0000E+00  0.0000E+00  0.0000E+00  0.0000E+00  0.0000E+00  0.0000E+00  0.0000E+00  0.0000E+00  0.0000E+00  0.0000E+00
       0.0000E+00  0.0000E+00  0.0000E+00  0.0000E+00  0.0000E+00  0.0000E+00  0.0000E+00  0.0000E+00  0.0000E+00  0.0000E+00
       0.0000E+00  0.0000E+00  0.0000E+00  0.0000E+00  0.0000E+00  0.0000E+00  0.0000E+00  0.0000E+00  0.0000E+00  0.0000E+00
       0.0000E+00  0.0000E+00  0.0000E+00  0.0000E+00  0.0000E+00  0.0000E+00  0.0000E+00  0.0000E+00  0.0000E+00  0.0000E+00
1

   Bdrx n.   6  "ofluence  " , generalized particle n.    1, from region n.     5 to region n.     4
      detector area:  1.0000E+02 cm**2
      this is a one way only estimator
      this is a fluence like estimator
      linear energy binning from   0.0000E+00 to  3.0000E+02 GeV,     1 bins ( 3.0000E+02 GeV wide)
      linear angular binning from  0.0000E+00 to  6.2832E+00 sr ,     1 bins ( 6.2832E+00 sr wide )
      Data follow in a matrix A(ie,ia), format (1(5x,1p,10(1x,e11.4)))

       5.1942E-06
