
 *****  Protons in Lexan (0.16GeV, 3cm)                                                   *****

           DATE: 12/18/18,  TIME: 17: 7:47

          Total number of particles followed       10000000, for a total weight of  1.0000E+07

1

   Bdrx n.   4  "ocurrent  " , generalized particle n.    1, from region n.     5 to region n.     4
      detector area:  1.0000E+02 cm**2
      this is a one way only estimator
      this is a current like estimator
      linear energy binning from   8.0000E-02 to  2.1000E-01 GeV,   650 bins ( 2.0000E-04 GeV wide)
      linear angular binning from  0.0000E+00 to  6.2832E+00 sr ,     1 bins ( 6.2832E+00 sr wide )
      Data follow in a matrix A(ie,ia), format (1(5x,1p,10(1x,e11.4)))

       6.0718E-04  6.5174E-04  5.8092E-04  6.1673E-04  6.7323E-04  6.5174E-04  6.2230E-04  6.6527E-04  6.5890E-04  6.4139E-04
       6.2389E-04  6.3503E-04  6.4935E-04  6.9630E-04  6.0797E-04  6.4378E-04  6.5174E-04  6.4378E-04  6.1354E-04  6.4776E-04
       6.5492E-04  6.7482E-04  6.3980E-04  6.1115E-04  6.5333E-04  6.8675E-04  6.3821E-04  6.3582E-04  6.7163E-04  6.3344E-04
       6.7720E-04  6.5492E-04  6.2707E-04  6.6606E-04  6.6845E-04  6.4537E-04  6.6288E-04  6.6288E-04  6.5174E-04  6.1195E-04
       6.4776E-04  6.1752E-04  6.5015E-04  6.6288E-04  6.4617E-04  6.1115E-04  6.6208E-04  6.2707E-04  6.3344E-04  6.3423E-04
       6.4856E-04  6.0877E-04  6.2866E-04  6.2946E-04  6.0161E-04  6.1275E-04  6.3662E-04  6.1752E-04  6.1195E-04  6.9073E-04
       5.9842E-04  5.8330E-04  6.4299E-04  6.3264E-04  6.2548E-04  6.5254E-04  6.1195E-04  6.2787E-04  6.0797E-04  6.0558E-04
       6.4617E-04  6.2309E-04  6.0081E-04  5.9365E-04  6.1036E-04  6.1513E-04  6.0081E-04  5.9046E-04  5.8569E-04  5.8649E-04
       5.9444E-04  6.2627E-04  6.0956E-04  6.2309E-04  5.8489E-04  5.8330E-04  5.6977E-04  5.5704E-04  6.1354E-04  6.2627E-04
       6.2866E-04  6.1195E-04  6.0638E-04  5.9444E-04  5.7375E-04  5.6659E-04  5.6023E-04  5.7773E-04  5.9922E-04  5.3476E-04
       6.0001E-04  5.7057E-04  5.4033E-04  5.6500E-04  5.4511E-04  5.6977E-04  5.6580E-04  5.1646E-04  5.3715E-04  5.5465E-04
       5.3954E-04  5.1009E-04  5.0930E-04  5.3874E-04  5.7216E-04  5.4988E-04  5.2680E-04  4.9736E-04  5.5784E-04  4.7826E-04
       5.1566E-04  5.1248E-04  5.1009E-04  5.0850E-04  5.1089E-04  5.2282E-04  5.1248E-04  5.0691E-04  5.2760E-04  5.3078E-04
       4.8542E-04  5.2123E-04  5.1885E-04  4.9577E-04  5.0373E-04  4.9179E-04  5.0293E-04  4.9577E-04  4.6712E-04  4.7906E-04
       4.7189E-04  4.9895E-04  4.7508E-04  4.7906E-04  4.8383E-04  4.5200E-04  4.4643E-04  4.9020E-04  4.4723E-04  4.0585E-04
       4.4882E-04  4.7110E-04  4.8861E-04  4.5200E-04  4.5359E-04  4.3529E-04  4.3290E-04  4.2813E-04  4.2096E-04  4.4404E-04
       4.2733E-04  4.3290E-04  3.9152E-04  3.9311E-04  3.9152E-04  3.8515E-04  3.8595E-04  4.1619E-04  3.7561E-04  3.7163E-04
       3.5492E-04  3.5094E-04  3.7083E-04  3.5810E-04  3.2786E-04  3.2706E-04  3.2468E-04  3.2149E-04  2.8250E-04  3.0876E-04
       3.0080E-04  2.5783E-04  2.8170E-04  2.5704E-04  2.5385E-04  2.6101E-04  2.4032E-04  2.2282E-04  2.3316E-04  2.3077E-04
       2.2202E-04  2.4669E-04  2.2680E-04  2.0690E-04  2.2600E-04  2.6818E-04  2.4112E-04  2.6499E-04  2.5863E-04  2.6420E-04
       2.8887E-04  2.9046E-04  3.1592E-04  3.2547E-04  3.4218E-04  3.9630E-04  3.7322E-04  4.2892E-04  4.5120E-04  4.5518E-04
       5.0373E-04  5.1168E-04  6.2389E-04  6.6686E-04  7.8225E-04  7.9816E-04  1.0281E-03  1.2923E-03  1.7252E-03  2.3969E-03
       3.4075E-03  5.0221E-03  7.5622E-03  1.1470E-02  1.6932E-02  2.5018E-02  3.6446E-02  5.1918E-02  7.3260E-02  1.0020E-01
       1.3383E-01  1.7435E-01  2.2161E-01  2.7321E-01  3.2823E-01  3.8334E-01  4.3358E-01  4.7658E-01  5.0912E-01  5.2599E-01
       5.2652E-01  5.1068E-01  4.7950E-01  4.3385E-01  3.8111E-01  3.2242E-01  2.6284E-01  2.0877E-01  1.5792E-01  1.1587E-01
       8.1937E-02  5.5709E-02  3.6241E-02  2.2976E-02  1.3769E-02  8.0795E-03  4.4046E-03  2.3810E-03  1.2422E-03  6.2150E-04
       2.6658E-04  1.2971E-04  6.4458E-05  2.0690E-05  8.7535E-06  3.1831E-06  7.9577E-07  0.0000E+00  0.0000E+00  0.0000E+00
       0.0000E+00  0.0000E+00  0.0000E+00  0.0000E+00  0.0000E+00  0.0000E+00  0.0000E+00  0.0000E+00  0.0000E+00  0.0000E+00
       0.0000E+00  0.0000E+00  0.0000E+00  0.0000E+00  0.0000E+00  0.0000E+00  0.0000E+00  0.0000E+00  0.0000E+00  0.0000E+00
       0.0000E+00  0.0000E+00  0.0000E+00  0.0000E+00  0.0000E+00  0.0000E+00  0.0000E+00  0.0000E+00  0.0000E+00  0.0000E+00
       0.0000E+00  0.0000E+00  0.0000E+00  0.0000E+00  0.0000E+00  0.0000E+00  0.0000E+00  0.0000E+00  0.0000E+00  0.0000E+00
       0.0000E+00  0.0000E+00  0.0000E+00  0.0000E+00  0.0000E+00  0.0000E+00  0.0000E+00  0.0000E+00  0.0000E+00  0.0000E+00
       0.0000E+00  0.0000E+00  0.0000E+00  0.0000E+00  0.0000E+00  0.0000E+00  0.0000E+00  0.0000E+00  0.0000E+00  0.0000E+00
       0.0000E+00  0.0000E+00  0.0000E+00  0.0000E+00  0.0000E+00  0.0000E+00  0.0000E+00  0.0000E+00  0.0000E+00  0.0000E+00
       0.0000E+00  0.0000E+00  0.0000E+00  0.0000E+00  0.0000E+00  0.0000E+00  0.0000E+00  0.0000E+00  0.0000E+00  0.0000E+00
       0.0000E+00  0.0000E+00  0.0000E+00  0.0000E+00  0.0000E+00  0.0000E+00  0.0000E+00  0.0000E+00  0.0000E+00  0.0000E+00
       0.0000E+00  0.0000E+00  0.0000E+00  0.0000E+00  0.0000E+00  0.0000E+00  0.0000E+00  0.0000E+00  0.0000E+00  0.0000E+00
       0.0000E+00  0.0000E+00  0.0000E+00  0.0000E+00  0.0000E+00  0.0000E+00  0.0000E+00  0.0000E+00  0.0000E+00  0.0000E+00
       0.0000E+00  0.0000E+00  0.0000E+00  0.0000E+00  0.0000E+00  0.0000E+00  0.0000E+00  0.0000E+00  0.0000E+00  0.0000E+00
       0.0000E+00  0.0000E+00  0.0000E+00  0.0000E+00  0.0000E+00  0.0000E+00  0.0000E+00  0.0000E+00  0.0000E+00  0.0000E+00
       0.0000E+00  0.0000E+00  0.0000E+00  0.0000E+00  0.0000E+00  0.0000E+00  0.0000E+00  0.0000E+00  0.0000E+00  0.0000E+00
       0.0000E+00  0.0000E+00  0.0000E+00  0.0000E+00  0.0000E+00  0.0000E+00  0.0000E+00  0.0000E+00  0.0000E+00  0.0000E+00
       0.0000E+00  0.0000E+00  0.0000E+00  0.0000E+00  0.0000E+00  0.0000E+00  0.0000E+00  0.0000E+00  0.0000E+00  0.0000E+00
       0.0000E+00  0.0000E+00  0.0000E+00  0.0000E+00  0.0000E+00  0.0000E+00  0.0000E+00  0.0000E+00  0.0000E+00  0.0000E+00
       0.0000E+00  0.0000E+00  0.0000E+00  0.0000E+00  0.0000E+00  0.0000E+00  0.0000E+00  0.0000E+00  0.0000E+00  0.0000E+00
       0.0000E+00  0.0000E+00  0.0000E+00  0.0000E+00  0.0000E+00  0.0000E+00  0.0000E+00  0.0000E+00  0.0000E+00  0.0000E+00
       0.0000E+00  0.0000E+00  0.0000E+00  0.0000E+00  0.0000E+00  0.0000E+00  0.0000E+00  0.0000E+00  0.0000E+00  0.0000E+00
       0.0000E+00  0.0000E+00  0.0000E+00  0.0000E+00  0.0000E+00  0.0000E+00  0.0000E+00  0.0000E+00  0.0000E+00  0.0000E+00
       0.0000E+00  0.0000E+00  0.0000E+00  0.0000E+00  0.0000E+00  0.0000E+00  0.0000E+00  0.0000E+00  0.0000E+00  0.0000E+00
       0.0000E+00  0.0000E+00  0.0000E+00  0.0000E+00  0.0000E+00  0.0000E+00  0.0000E+00  0.0000E+00  0.0000E+00  0.0000E+00
       0.0000E+00  0.0000E+00  0.0000E+00  0.0000E+00  0.0000E+00  0.0000E+00  0.0000E+00  0.0000E+00  0.0000E+00  0.0000E+00
       0.0000E+00  0.0000E+00  0.0000E+00  0.0000E+00  0.0000E+00  0.0000E+00  0.0000E+00  0.0000E+00  0.0000E+00  0.0000E+00
       0.0000E+00  0.0000E+00  0.0000E+00  0.0000E+00  0.0000E+00  0.0000E+00  0.0000E+00  0.0000E+00  0.0000E+00  0.0000E+00
       0.0000E+00  0.0000E+00  0.0000E+00  0.0000E+00  0.0000E+00  0.0000E+00  0.0000E+00  0.0000E+00  0.0000E+00  0.0000E+00
       0.0000E+00  0.0000E+00  0.0000E+00  0.0000E+00  0.0000E+00  0.0000E+00  0.0000E+00  0.0000E+00  0.0000E+00  0.0000E+00
       0.0000E+00  0.0000E+00  0.0000E+00  0.0000E+00  0.0000E+00  0.0000E+00  0.0000E+00  0.0000E+00  0.0000E+00  0.0000E+00
       0.0000E+00  0.0000E+00  0.0000E+00  0.0000E+00  0.0000E+00  0.0000E+00  0.0000E+00  0.0000E+00  0.0000E+00  0.0000E+00
       0.0000E+00  0.0000E+00  0.0000E+00  0.0000E+00  0.0000E+00  0.0000E+00  0.0000E+00  0.0000E+00  0.0000E+00  0.0000E+00
       0.0000E+00  0.0000E+00  0.0000E+00  0.0000E+00  0.0000E+00  0.0000E+00  0.0000E+00  0.0000E+00  0.0000E+00  0.0000E+00
       0.0000E+00  0.0000E+00  0.0000E+00  0.0000E+00  0.0000E+00  0.0000E+00  0.0000E+00  0.0000E+00  0.0000E+00  0.0000E+00
       0.0000E+00  0.0000E+00  0.0000E+00  0.0000E+00  0.0000E+00  0.0000E+00  0.0000E+00  0.0000E+00  0.0000E+00  0.0000E+00
       0.0000E+00  0.0000E+00  0.0000E+00  0.0000E+00  0.0000E+00  0.0000E+00  0.0000E+00  0.0000E+00  0.0000E+00  0.0000E+00
       0.0000E+00  0.0000E+00  0.0000E+00  0.0000E+00  0.0000E+00  0.0000E+00  0.0000E+00  0.0000E+00  0.0000E+00  0.0000E+00
       0.0000E+00  0.0000E+00  0.0000E+00  0.0000E+00  0.0000E+00  0.0000E+00  0.0000E+00  0.0000E+00  0.0000E+00  0.0000E+00
       0.0000E+00  0.0000E+00  0.0000E+00  0.0000E+00  0.0000E+00  0.0000E+00  0.0000E+00  0.0000E+00  0.0000E+00  0.0000E+00
