
 *****  Protons in Lexan (0.16GeV, 3cm)                                                   *****

           DATE: 12/18/18,  TIME: 17: 7:47

          Total number of particles followed       10000000, for a total weight of  1.0000E+07

1

   Res. nuclei n.   1  "Ian       " ,  all         products, region n.     5
      detector volume:  1.0000E+00 cm**3
      Max. Z:  10, Max. N-Z:  11 Min. N-Z: -4
      Data follow in a matrix A(z,n-z-k), k: -5 format (1(5x,1p,10(1x,e11.4)))

       0.0000E+00  0.0000E+00  0.0000E+00  0.0000E+00  0.0000E+00  0.0000E+00  0.0000E+00  0.0000E+00  0.0000E+00  0.0000E+00
       0.0000E+00  0.0000E+00  0.0000E+00  0.0000E+00  0.0000E+00  3.4200E-05  0.0000E+00  1.6000E-06  0.0000E+00  0.0000E+00
       0.0000E+00  0.0000E+00  0.0000E+00  0.0000E+00  2.7600E-04  4.7380E-04  6.5800E-05  8.9500E-05  0.0000E+00  0.0000E+00
       9.1087E-02  7.9784E-03  0.0000E+00  3.7309E-03  0.0000E+00  1.0634E-02  1.3820E-04  2.5186E-03  1.0000E-07  1.0000E-07
       2.5169E-02  6.4489E-02  5.1458E-03  0.0000E+00  3.4626E-03  1.9868E-02  1.2018E-03  2.3214E-03  1.0000E-07  7.0000E-07
       4.0032E-03  0.0000E+00  2.6606E-03  7.5630E-04  6.3118E-03  7.5484E-04  1.5773E-03  2.5976E-06  1.0000E-07  0.0000E+00
       0.0000E+00  1.4760E-04  2.2130E-04  4.1500E-04  7.5236E-05  1.4540E-04  5.7510E-06  2.9000E-06  0.0000E+00  0.0000E+00
       0.0000E+00  0.0000E+00  1.2500E-05  1.4000E-06  3.4000E-06  3.0000E-07  1.0000E-06  0.0000E+00  0.0000E+00  0.0000E+00
       0.0000E+00  1.0000E-07  0.0000E+00  0.0000E+00  0.0000E+00  1.0000E-07  0.0000E+00  0.0000E+00  0.0000E+00  0.0000E+00
       0.0000E+00  0.0000E+00  0.0000E+00  0.0000E+00  0.0000E+00  0.0000E+00  0.0000E+00  0.0000E+00  0.0000E+00  0.0000E+00
       0.0000E+00  0.0000E+00  0.0000E+00  0.0000E+00  0.0000E+00  0.0000E+00  0.0000E+00  0.0000E+00  0.0000E+00  0.0000E+00
       0.0000E+00  0.0000E+00  0.0000E+00  0.0000E+00  0.0000E+00  0.0000E+00  0.0000E+00  0.0000E+00  0.0000E+00  0.0000E+00
       0.0000E+00  0.0000E+00  0.0000E+00  0.0000E+00  0.0000E+00  0.0000E+00  0.0000E+00  0.0000E+00  0.0000E+00  0.0000E+00
       0.0000E+00  0.0000E+00  0.0000E+00  0.0000E+00  0.0000E+00  0.0000E+00  0.0000E+00  0.0000E+00  0.0000E+00  0.0000E+00
       0.0000E+00  0.0000E+00  0.0000E+00  0.0000E+00  0.0000E+00  0.0000E+00  0.0000E+00  0.0000E+00  0.0000E+00  0.0000E+00
       0.0000E+00  0.0000E+00  0.0000E+00  0.0000E+00  0.0000E+00  0.0000E+00  0.0000E+00  0.0000E+00  0.0000E+00  0.0000E+00
