
 *****  Protons in Lexan (0.23GeV, 5.0cm)                                                 *****

           DATE: 11/21/18,  TIME:  6:21:34

          Total number of particles followed       10000000, for a total weight of  1.0000E+07

1

   Res. nuclei n.   1  "Ian       " ,  all         products, region n.     5
      detector volume:  1.0000E+00 cm**3
      Max. Z:  10, Max. N-Z:  11 Min. N-Z: -4
      Data follow in a matrix A(z,n-z-k), k: -5 format (1(5x,1p,10(1x,e11.4)))

       0.0000E+00  0.0000E+00  0.0000E+00  0.0000E+00  0.0000E+00  0.0000E+00  0.0000E+00  0.0000E+00  0.0000E+00  0.0000E+00
       0.0000E+00  0.0000E+00  0.0000E+00  0.0000E+00  0.0000E+00  3.7800E-05  0.0000E+00  2.2000E-06  0.0000E+00  0.0000E+00
       0.0000E+00  0.0000E+00  0.0000E+00  0.0000E+00  2.6550E-04  5.4390E-04  5.8800E-05  1.2390E-04  0.0000E+00  0.0000E+00
       8.4018E-02  7.2564E-03  0.0000E+00  3.4145E-03  0.0000E+00  1.0336E-02  1.4280E-04  2.4958E-03  1.0000E-07  0.0000E+00
       2.4054E-02  5.8763E-02  4.7249E-03  0.0000E+00  3.6781E-03  1.3850E-02  1.2052E-03  1.5965E-03  1.0000E-07  7.0000E-07
       3.9881E-03  0.0000E+00  2.7269E-03  7.8622E-04  7.0219E-03  6.9138E-04  1.7281E-03  2.7905E-06  0.0000E+00  0.0000E+00
       0.0000E+00  1.6410E-04  2.2130E-04  4.9990E-04  8.7105E-05  1.6850E-04  6.6270E-06  2.4000E-06  0.0000E+00  0.0000E+00
       0.0000E+00  0.0000E+00  1.9600E-05  2.1000E-06  5.2000E-06  6.0000E-07  2.1000E-06  0.0000E+00  0.0000E+00  0.0000E+00
       0.0000E+00  6.0000E-07  0.0000E+00  2.0000E-07  0.0000E+00  1.0000E-07  0.0000E+00  0.0000E+00  0.0000E+00  0.0000E+00
       0.0000E+00  0.0000E+00  0.0000E+00  0.0000E+00  0.0000E+00  0.0000E+00  0.0000E+00  0.0000E+00  0.0000E+00  0.0000E+00
       0.0000E+00  0.0000E+00  0.0000E+00  0.0000E+00  0.0000E+00  0.0000E+00  0.0000E+00  0.0000E+00  0.0000E+00  0.0000E+00
       0.0000E+00  0.0000E+00  0.0000E+00  0.0000E+00  0.0000E+00  0.0000E+00  0.0000E+00  0.0000E+00  0.0000E+00  0.0000E+00
       0.0000E+00  0.0000E+00  0.0000E+00  0.0000E+00  0.0000E+00  0.0000E+00  0.0000E+00  0.0000E+00  0.0000E+00  0.0000E+00
       0.0000E+00  0.0000E+00  0.0000E+00  0.0000E+00  0.0000E+00  0.0000E+00  0.0000E+00  0.0000E+00  0.0000E+00  0.0000E+00
       0.0000E+00  0.0000E+00  0.0000E+00  0.0000E+00  0.0000E+00  0.0000E+00  0.0000E+00  0.0000E+00  0.0000E+00  0.0000E+00
       0.0000E+00  0.0000E+00  0.0000E+00  0.0000E+00  0.0000E+00  0.0000E+00  0.0000E+00  0.0000E+00  0.0000E+00  0.0000E+00
