
 *****  Protons in Lexan (0.10GeV, 5.0cm)                                                 *****

           DATE: 12/ 1/18,  TIME:  6: 7:52

          Total number of particles followed       10000000, for a total weight of  1.0000E+07

1

   Bdrx n.   4  "ocurrent  " , generalized particle n.    1, from region n.     5 to region n.     4
      detector area:  1.0000E+02 cm**2
      this is a one way only estimator
      this is a current like estimator
      linear energy binning from   0.0000E+00 to  1.5000E-01 GeV,   650 bins ( 2.3077E-04 GeV wide)
      linear angular binning from  0.0000E+00 to  6.2832E+00 sr ,     1 bins ( 6.2832E+00 sr wide )
      Data follow in a matrix A(ie,ia), format (1(5x,1p,10(1x,e11.4)))

       3.2415E-05  5.1725E-05  7.9312E-05  9.1037E-05  9.7933E-05  1.2069E-04  1.5862E-04  1.4483E-04  1.3931E-04  1.5931E-04
       1.9725E-04  2.0759E-04  2.0138E-04  2.0483E-04  2.1794E-04  2.5449E-04  2.5449E-04  2.7380E-04  2.6001E-04  2.6897E-04
       3.0139E-04  2.9518E-04  3.1794E-04  3.4139E-04  3.5794E-04  3.0621E-04  3.4484E-04  3.5311E-04  3.4415E-04  3.7449E-04
       3.8897E-04  3.7656E-04  4.1173E-04  4.1242E-04  4.2277E-04  3.8001E-04  4.3587E-04  4.6208E-04  4.4346E-04  4.7656E-04
       4.5863E-04  4.6484E-04  4.9174E-04  4.7311E-04  4.7863E-04  4.9380E-04  5.4070E-04  4.8346E-04  4.8484E-04  5.1174E-04
       5.3519E-04  5.2967E-04  5.4415E-04  5.3519E-04  5.5656E-04  5.8070E-04  5.8967E-04  5.7174E-04  5.7657E-04  5.5863E-04
       6.0691E-04  5.9932E-04  5.9105E-04  5.7105E-04  5.9381E-04  6.0208E-04  6.4622E-04  6.3588E-04  6.3036E-04  6.1036E-04
       6.4070E-04  6.4139E-04  6.5726E-04  6.4898E-04  6.3726E-04  6.7105E-04  6.5381E-04  6.6071E-04  6.3657E-04  6.6760E-04
       6.6139E-04  6.8691E-04  7.1243E-04  7.0278E-04  6.9933E-04  7.0760E-04  6.9588E-04  7.4209E-04  7.2140E-04  7.1519E-04
       7.6691E-04  7.1933E-04  7.0898E-04  7.8623E-04  7.2760E-04  7.6140E-04  7.6760E-04  7.2002E-04  7.3450E-04  7.6554E-04
       7.3519E-04  7.3588E-04  7.2553E-04  7.4140E-04  7.4002E-04  7.2829E-04  7.3243E-04  8.1174E-04  7.5657E-04  7.4002E-04
       7.0967E-04  7.3312E-04  7.7726E-04  7.9450E-04  7.6691E-04  6.7450E-04  7.4760E-04  7.3174E-04  7.3519E-04  7.4622E-04
       7.7519E-04  7.4553E-04  8.0140E-04  7.3864E-04  7.3588E-04  7.1795E-04  7.1381E-04  7.1105E-04  7.1105E-04  7.4140E-04
       7.0760E-04  7.3105E-04  7.4209E-04  7.5174E-04  7.4071E-04  7.4967E-04  7.4002E-04  7.2347E-04  7.1657E-04  7.7519E-04
       7.1243E-04  7.3864E-04  7.4071E-04  7.6209E-04  7.2415E-04  7.3243E-04  7.8278E-04  8.4692E-04  7.8760E-04  8.3381E-04
       7.6829E-04  8.3450E-04  8.3795E-04  8.9657E-04  9.2278E-04  8.6692E-04  9.2623E-04  1.0559E-03  1.0249E-03  1.0524E-03
       1.1318E-03  1.1855E-03  1.2483E-03  1.2807E-03  1.4021E-03  1.4787E-03  1.5931E-03  1.7056E-03  1.7849E-03  1.9318E-03
       2.0532E-03  2.2111E-03  2.4780E-03  2.5842E-03  2.7959E-03  2.9856E-03  3.3332E-03  3.6153E-03  3.9622E-03  4.4629E-03
       4.9470E-03  5.5374E-03  6.4022E-03  7.5188E-03  8.8471E-03  1.0639E-02  1.3362E-02  1.7099E-02  2.1785E-02  2.8936E-02
       3.7775E-02  5.0420E-02  6.6951E-02  8.8163E-02  1.1369E-01  1.4460E-01  1.8106E-01  2.2047E-01  2.6325E-01  3.0590E-01
       3.4719E-01  3.8252E-01  4.1140E-01  4.2698E-01  4.3209E-01  4.2347E-01  4.0047E-01  3.6808E-01  3.2651E-01  2.7920E-01
       2.3144E-01  1.8513E-01  1.4200E-01  1.0534E-01  7.5289E-02  5.1930E-02  3.4171E-02  2.1604E-02  1.3322E-02  7.7078E-03
       4.3146E-03  2.3249E-03  1.2028E-03  6.1105E-04  2.8483E-04  1.1586E-04  5.5863E-05  2.4828E-05  4.8277E-06  2.7587E-06
       0.0000E+00  0.0000E+00  0.0000E+00  0.0000E+00  6.8967E-07  6.8967E-07  0.0000E+00  0.0000E+00  0.0000E+00  0.0000E+00
       0.0000E+00  6.8967E-07  0.0000E+00  0.0000E+00  0.0000E+00  0.0000E+00  0.0000E+00  0.0000E+00  0.0000E+00  6.8967E-07
       0.0000E+00  0.0000E+00  0.0000E+00  0.0000E+00  0.0000E+00  0.0000E+00  0.0000E+00  6.8967E-07  0.0000E+00  0.0000E+00
       0.0000E+00  0.0000E+00  6.8967E-07  0.0000E+00  0.0000E+00  0.0000E+00  0.0000E+00  0.0000E+00  0.0000E+00  0.0000E+00
       6.8967E-07  0.0000E+00  0.0000E+00  0.0000E+00  0.0000E+00  0.0000E+00  0.0000E+00  0.0000E+00  0.0000E+00  0.0000E+00
       0.0000E+00  0.0000E+00  0.0000E+00  0.0000E+00  0.0000E+00  0.0000E+00  0.0000E+00  0.0000E+00  0.0000E+00  0.0000E+00
       0.0000E+00  0.0000E+00  0.0000E+00  0.0000E+00  0.0000E+00  0.0000E+00  0.0000E+00  0.0000E+00  0.0000E+00  0.0000E+00
       0.0000E+00  0.0000E+00  0.0000E+00  0.0000E+00  0.0000E+00  0.0000E+00  0.0000E+00  0.0000E+00  0.0000E+00  0.0000E+00
       0.0000E+00  0.0000E+00  0.0000E+00  0.0000E+00  0.0000E+00  0.0000E+00  0.0000E+00  0.0000E+00  0.0000E+00  0.0000E+00
       0.0000E+00  0.0000E+00  0.0000E+00  0.0000E+00  0.0000E+00  0.0000E+00  0.0000E+00  0.0000E+00  0.0000E+00  0.0000E+00
       0.0000E+00  0.0000E+00  0.0000E+00  0.0000E+00  0.0000E+00  0.0000E+00  0.0000E+00  0.0000E+00  0.0000E+00  0.0000E+00
       0.0000E+00  0.0000E+00  0.0000E+00  0.0000E+00  0.0000E+00  0.0000E+00  0.0000E+00  0.0000E+00  0.0000E+00  0.0000E+00
       0.0000E+00  0.0000E+00  0.0000E+00  0.0000E+00  0.0000E+00  0.0000E+00  0.0000E+00  0.0000E+00  0.0000E+00  0.0000E+00
       0.0000E+00  0.0000E+00  0.0000E+00  0.0000E+00  0.0000E+00  0.0000E+00  0.0000E+00  0.0000E+00  0.0000E+00  0.0000E+00
       0.0000E+00  0.0000E+00  0.0000E+00  0.0000E+00  0.0000E+00  0.0000E+00  0.0000E+00  0.0000E+00  0.0000E+00  0.0000E+00
       0.0000E+00  0.0000E+00  0.0000E+00  0.0000E+00  0.0000E+00  0.0000E+00  0.0000E+00  0.0000E+00  0.0000E+00  0.0000E+00
       0.0000E+00  0.0000E+00  0.0000E+00  0.0000E+00  0.0000E+00  0.0000E+00  0.0000E+00  0.0000E+00  0.0000E+00  0.0000E+00
       0.0000E+00  0.0000E+00  0.0000E+00  0.0000E+00  0.0000E+00  0.0000E+00  0.0000E+00  0.0000E+00  0.0000E+00  0.0000E+00
       0.0000E+00  0.0000E+00  0.0000E+00  0.0000E+00  0.0000E+00  0.0000E+00  0.0000E+00  0.0000E+00  0.0000E+00  0.0000E+00
       0.0000E+00  0.0000E+00  0.0000E+00  0.0000E+00  0.0000E+00  0.0000E+00  0.0000E+00  0.0000E+00  0.0000E+00  0.0000E+00
       0.0000E+00  0.0000E+00  0.0000E+00  0.0000E+00  0.0000E+00  0.0000E+00  0.0000E+00  0.0000E+00  0.0000E+00  0.0000E+00
       0.0000E+00  0.0000E+00  0.0000E+00  0.0000E+00  0.0000E+00  0.0000E+00  0.0000E+00  0.0000E+00  0.0000E+00  0.0000E+00
       0.0000E+00  0.0000E+00  0.0000E+00  0.0000E+00  0.0000E+00  0.0000E+00  0.0000E+00  0.0000E+00  0.0000E+00  0.0000E+00
       0.0000E+00  0.0000E+00  0.0000E+00  0.0000E+00  0.0000E+00  0.0000E+00  0.0000E+00  0.0000E+00  0.0000E+00  0.0000E+00
       0.0000E+00  0.0000E+00  0.0000E+00  0.0000E+00  0.0000E+00  0.0000E+00  0.0000E+00  0.0000E+00  0.0000E+00  0.0000E+00
       0.0000E+00  0.0000E+00  0.0000E+00  0.0000E+00  0.0000E+00  0.0000E+00  0.0000E+00  0.0000E+00  0.0000E+00  0.0000E+00
       0.0000E+00  0.0000E+00  0.0000E+00  0.0000E+00  0.0000E+00  0.0000E+00  0.0000E+00  0.0000E+00  0.0000E+00  0.0000E+00
       0.0000E+00  0.0000E+00  0.0000E+00  0.0000E+00  0.0000E+00  0.0000E+00  0.0000E+00  0.0000E+00  0.0000E+00  0.0000E+00
       0.0000E+00  0.0000E+00  0.0000E+00  0.0000E+00  0.0000E+00  0.0000E+00  0.0000E+00  0.0000E+00  0.0000E+00  0.0000E+00
       0.0000E+00  0.0000E+00  0.0000E+00  0.0000E+00  0.0000E+00  0.0000E+00  0.0000E+00  0.0000E+00  0.0000E+00  0.0000E+00
       0.0000E+00  0.0000E+00  0.0000E+00  0.0000E+00  0.0000E+00  0.0000E+00  0.0000E+00  0.0000E+00  0.0000E+00  0.0000E+00
       0.0000E+00  0.0000E+00  0.0000E+00  0.0000E+00  0.0000E+00  0.0000E+00  0.0000E+00  0.0000E+00  0.0000E+00  0.0000E+00
       0.0000E+00  0.0000E+00  0.0000E+00  0.0000E+00  0.0000E+00  0.0000E+00  0.0000E+00  0.0000E+00  0.0000E+00  0.0000E+00
       0.0000E+00  0.0000E+00  0.0000E+00  0.0000E+00  0.0000E+00  0.0000E+00  0.0000E+00  0.0000E+00  0.0000E+00  0.0000E+00
       0.0000E+00  0.0000E+00  0.0000E+00  0.0000E+00  0.0000E+00  0.0000E+00  0.0000E+00  0.0000E+00  0.0000E+00  0.0000E+00
       0.0000E+00  0.0000E+00  0.0000E+00  0.0000E+00  0.0000E+00  0.0000E+00  0.0000E+00  0.0000E+00  0.0000E+00  0.0000E+00
       0.0000E+00  0.0000E+00  0.0000E+00  0.0000E+00  0.0000E+00  0.0000E+00  0.0000E+00  0.0000E+00  0.0000E+00  0.0000E+00
       0.0000E+00  0.0000E+00  0.0000E+00  0.0000E+00  0.0000E+00  0.0000E+00  0.0000E+00  0.0000E+00  0.0000E+00  0.0000E+00
       0.0000E+00  0.0000E+00  0.0000E+00  0.0000E+00  0.0000E+00  0.0000E+00  0.0000E+00  0.0000E+00  0.0000E+00  0.0000E+00
       0.0000E+00  0.0000E+00  0.0000E+00  0.0000E+00  0.0000E+00  0.0000E+00  0.0000E+00  0.0000E+00  0.0000E+00  0.0000E+00
       0.0000E+00  0.0000E+00  0.0000E+00  0.0000E+00  0.0000E+00  0.0000E+00  0.0000E+00  0.0000E+00  0.0000E+00  0.0000E+00
       0.0000E+00  0.0000E+00  0.0000E+00  0.0000E+00  0.0000E+00  0.0000E+00  0.0000E+00  0.0000E+00  0.0000E+00  0.0000E+00
