
 *****  Protons in Lexan (0.16GeV, 0cm)                                                   *****

           DATE: 12/21/18,  TIME:  8:24:57

          Total number of particles followed       50000000, for a total weight of  5.0000E+07

1

   Bdrx n.   2  "ofluence  " , generalized particle n.    1, from region n.     5 to region n.     4
      detector area:  1.0000E+02 cm**2
      this is a one way only estimator
      this is a fluence like estimator
      linear energy binning from   8.0000E-02 to  2.1000E-01 GeV,   650 bins ( 2.0000E-04 GeV wide)
      linear angular binning from  0.0000E+00 to  6.2832E+00 sr ,     1 bins ( 6.2832E+00 sr wide )
      Data follow in a matrix A(ie,ia), format (1(5x,1p,10(1x,e11.4)))

       2.1123E-04  2.1161E-04  2.0111E-04  1.9979E-04  2.0304E-04  2.0846E-04  2.2044E-04  2.0643E-04  2.1104E-04  1.9353E-04
       2.1201E-04  1.9830E-04  2.1266E-04  2.1665E-04  2.1478E-04  2.0923E-04  2.0241E-04  1.9568E-04  2.1195E-04  1.9932E-04
       2.0523E-04  2.1188E-04  1.9322E-04  2.0265E-04  2.0667E-04  2.0309E-04  2.0177E-04  1.9455E-04  2.0072E-04  1.9964E-04
       1.9601E-04  2.0938E-04  2.0092E-04  1.9179E-04  2.0605E-04  1.9552E-04  1.9175E-04  2.0407E-04  2.0668E-04  2.0092E-04
       1.9488E-04  2.0540E-04  1.9605E-04  1.8429E-04  2.0175E-04  1.9282E-04  1.9690E-04  2.1436E-04  2.0336E-04  2.0628E-04
       1.9407E-04  1.9722E-04  1.9095E-04  2.0037E-04  2.0149E-04  1.9676E-04  1.9181E-04  1.9138E-04  1.9162E-04  2.0688E-04
       1.9830E-04  1.9563E-04  1.9987E-04  2.0162E-04  2.0674E-04  1.9721E-04  1.9910E-04  2.0489E-04  1.8628E-04  1.8733E-04
       1.9767E-04  1.9884E-04  2.0022E-04  1.9808E-04  2.0080E-04  1.9739E-04  1.8460E-04  1.8377E-04  1.8929E-04  1.9582E-04
       1.9383E-04  1.8917E-04  1.9165E-04  1.9321E-04  1.8348E-04  1.9491E-04  2.0057E-04  1.8640E-04  1.9077E-04  1.9642E-04
       1.9265E-04  1.9142E-04  1.9385E-04  1.9408E-04  1.8706E-04  1.9418E-04  2.0601E-04  1.9565E-04  1.8654E-04  1.8941E-04
       1.8722E-04  1.8225E-04  1.9367E-04  1.9126E-04  1.8789E-04  1.8663E-04  1.8591E-04  1.8689E-04  1.9694E-04  1.7217E-04
       1.9581E-04  1.8666E-04  1.7937E-04  1.8637E-04  1.9339E-04  1.8960E-04  2.0209E-04  1.8607E-04  1.9980E-04  1.9178E-04
       1.9199E-04  1.9497E-04  1.9452E-04  1.9570E-04  1.8455E-04  1.9122E-04  1.7672E-04  1.8280E-04  1.8350E-04  1.9914E-04
       1.8250E-04  1.7770E-04  1.8749E-04  1.8815E-04  1.8117E-04  1.8719E-04  1.8730E-04  1.8103E-04  1.8092E-04  1.8662E-04
       1.8302E-04  1.8596E-04  1.8190E-04  1.9121E-04  1.7888E-04  1.8854E-04  1.8955E-04  1.7319E-04  1.7941E-04  1.9310E-04
       1.9283E-04  1.9646E-04  1.8232E-04  1.8019E-04  1.9481E-04  1.7918E-04  1.8200E-04  1.8793E-04  1.8494E-04  1.8865E-04
       1.8617E-04  1.8134E-04  1.9332E-04  1.7863E-04  1.7569E-04  1.7951E-04  2.0315E-04  1.8137E-04  1.7849E-04  1.8787E-04
       1.7952E-04  1.7949E-04  1.7618E-04  1.7805E-04  1.7665E-04  1.8367E-04  1.8277E-04  1.7745E-04  1.6610E-04  1.7868E-04
       1.7105E-04  1.8114E-04  1.8131E-04  1.7027E-04  1.7765E-04  1.6942E-04  1.7071E-04  1.7778E-04  1.7209E-04  1.7264E-04
       1.8014E-04  1.7781E-04  1.7815E-04  1.6564E-04  1.6229E-04  1.7919E-04  1.6721E-04  1.6591E-04  1.7367E-04  1.7326E-04
       1.5931E-04  1.6314E-04  1.7169E-04  1.6500E-04  1.5875E-04  1.7523E-04  1.5703E-04  1.6527E-04  1.5987E-04  1.6318E-04
       1.6832E-04  1.6338E-04  1.7227E-04  1.5631E-04  1.6764E-04  1.5786E-04  1.5580E-04  1.6406E-04  1.5422E-04  1.5260E-04
       1.4758E-04  1.5496E-04  1.6755E-04  1.6095E-04  1.6047E-04  1.4422E-04  1.5597E-04  1.5820E-04  1.5602E-04  1.5178E-04
       1.4621E-04  1.4476E-04  1.5181E-04  1.5172E-04  1.3932E-04  1.5523E-04  1.3836E-04  1.4678E-04  1.5045E-04  1.4507E-04
       1.4319E-04  1.4559E-04  1.3793E-04  1.3591E-04  1.4763E-04  1.4152E-04  1.4033E-04  1.3551E-04  1.4061E-04  1.3938E-04
       1.4292E-04  1.3918E-04  1.2726E-04  1.3329E-04  1.3821E-04  1.3634E-04  1.3172E-04  1.3443E-04  1.3045E-04  1.3418E-04
       1.3014E-04  1.3623E-04  1.2751E-04  1.3295E-04  1.3096E-04  1.3124E-04  1.2685E-04  1.2779E-04  1.2250E-04  1.2651E-04
       1.2345E-04  1.2150E-04  1.2874E-04  1.2363E-04  1.2876E-04  1.1693E-04  1.2607E-04  1.3226E-04  1.2596E-04  1.1629E-04
       1.1762E-04  1.0884E-04  1.1547E-04  1.0776E-04  1.1220E-04  1.1083E-04  1.1090E-04  1.0985E-04  1.1362E-04  1.1312E-04
       1.0495E-04  1.0789E-04  1.0076E-04  1.0829E-04  9.9324E-05  9.4962E-05  1.0279E-04  9.6015E-05  9.1346E-05  9.4951E-05
       1.0259E-04  9.3002E-05  9.0949E-05  9.5800E-05  9.3921E-05  8.4129E-05  8.4776E-05  8.3297E-05  8.7850E-05  7.2094E-05
       8.2932E-05  8.1877E-05  7.2792E-05  6.5041E-05  6.7725E-05  5.7240E-05  6.0775E-05  5.4525E-05  5.2788E-05  5.0458E-05
       4.4717E-05  4.7798E-05  4.6249E-05  4.7838E-05  4.5187E-05  4.8015E-05  5.0916E-05  4.8949E-05  5.3611E-05  5.1621E-05
       4.9894E-05  5.2333E-05  4.8459E-05  5.3014E-05  6.1237E-05  6.7180E-05  6.6570E-05  6.9235E-05  7.3228E-05  7.8662E-05
       8.7681E-05  8.9848E-05  9.6569E-05  9.6470E-05  1.0171E-04  1.0655E-04  1.0590E-04  9.7908E-05  9.6237E-05  9.8260E-05
       1.0687E-04  1.1045E-04  1.5129E-04  2.2849E-04  4.4469E-04  9.0622E-04  2.0423E-03  4.4971E-03  9.6190E-03  1.9605E-02
       3.8275E-02  6.9723E-02  1.2038E-01  1.9455E-01  2.9444E-01  4.1721E-01  5.5275E-01  6.8169E-01  7.8453E-01  8.4080E-01
       8.3665E-01  7.7312E-01  6.6403E-01  5.2801E-01  3.8900E-01  2.6536E-01  1.6745E-01  9.7469E-02  5.2481E-02  2.6109E-02
       1.2007E-02  5.0832E-03  1.9885E-03  7.1165E-04  2.4018E-04  7.0350E-05  2.0214E-05  4.4566E-06  1.1143E-06  3.1832E-07
       0.0000E+00  0.0000E+00  0.0000E+00  0.0000E+00  0.0000E+00  0.0000E+00  0.0000E+00  0.0000E+00  0.0000E+00  0.0000E+00
       0.0000E+00  0.0000E+00  0.0000E+00  0.0000E+00  0.0000E+00  0.0000E+00  0.0000E+00  0.0000E+00  0.0000E+00  0.0000E+00
       0.0000E+00  0.0000E+00  0.0000E+00  0.0000E+00  0.0000E+00  0.0000E+00  0.0000E+00  0.0000E+00  0.0000E+00  0.0000E+00
       0.0000E+00  0.0000E+00  0.0000E+00  0.0000E+00  0.0000E+00  0.0000E+00  0.0000E+00  0.0000E+00  0.0000E+00  0.0000E+00
       0.0000E+00  0.0000E+00  0.0000E+00  0.0000E+00  0.0000E+00  0.0000E+00  0.0000E+00  0.0000E+00  0.0000E+00  0.0000E+00
       0.0000E+00  0.0000E+00  0.0000E+00  0.0000E+00  0.0000E+00  0.0000E+00  0.0000E+00  0.0000E+00  0.0000E+00  0.0000E+00
       0.0000E+00  0.0000E+00  0.0000E+00  0.0000E+00  0.0000E+00  0.0000E+00  0.0000E+00  0.0000E+00  0.0000E+00  0.0000E+00
       0.0000E+00  0.0000E+00  0.0000E+00  0.0000E+00  0.0000E+00  0.0000E+00  0.0000E+00  0.0000E+00  0.0000E+00  0.0000E+00
       0.0000E+00  0.0000E+00  0.0000E+00  0.0000E+00  0.0000E+00  0.0000E+00  0.0000E+00  0.0000E+00  0.0000E+00  0.0000E+00
       0.0000E+00  0.0000E+00  0.0000E+00  0.0000E+00  0.0000E+00  0.0000E+00  0.0000E+00  0.0000E+00  0.0000E+00  0.0000E+00
       0.0000E+00  0.0000E+00  0.0000E+00  0.0000E+00  0.0000E+00  0.0000E+00  0.0000E+00  0.0000E+00  0.0000E+00  0.0000E+00
       0.0000E+00  0.0000E+00  0.0000E+00  0.0000E+00  0.0000E+00  0.0000E+00  0.0000E+00  0.0000E+00  0.0000E+00  0.0000E+00
       0.0000E+00  0.0000E+00  0.0000E+00  0.0000E+00  0.0000E+00  0.0000E+00  0.0000E+00  0.0000E+00  0.0000E+00  0.0000E+00
       0.0000E+00  0.0000E+00  0.0000E+00  0.0000E+00  0.0000E+00  0.0000E+00  0.0000E+00  0.0000E+00  0.0000E+00  0.0000E+00
       0.0000E+00  0.0000E+00  0.0000E+00  0.0000E+00  0.0000E+00  0.0000E+00  0.0000E+00  0.0000E+00  0.0000E+00  0.0000E+00
       0.0000E+00  0.0000E+00  0.0000E+00  0.0000E+00  0.0000E+00  0.0000E+00  0.0000E+00  0.0000E+00  0.0000E+00  0.0000E+00
       0.0000E+00  0.0000E+00  0.0000E+00  0.0000E+00  0.0000E+00  0.0000E+00  0.0000E+00  0.0000E+00  0.0000E+00  0.0000E+00
       0.0000E+00  0.0000E+00  0.0000E+00  0.0000E+00  0.0000E+00  0.0000E+00  0.0000E+00  0.0000E+00  0.0000E+00  0.0000E+00
       0.0000E+00  0.0000E+00  0.0000E+00  0.0000E+00  0.0000E+00  0.0000E+00  0.0000E+00  0.0000E+00  0.0000E+00  0.0000E+00
       0.0000E+00  0.0000E+00  0.0000E+00  0.0000E+00  0.0000E+00  0.0000E+00  0.0000E+00  0.0000E+00  0.0000E+00  0.0000E+00
       0.0000E+00  0.0000E+00  0.0000E+00  0.0000E+00  0.0000E+00  0.0000E+00  0.0000E+00  0.0000E+00  0.0000E+00  0.0000E+00
       0.0000E+00  0.0000E+00  0.0000E+00  0.0000E+00  0.0000E+00  0.0000E+00  0.0000E+00  0.0000E+00  0.0000E+00  0.0000E+00
       0.0000E+00  0.0000E+00  0.0000E+00  0.0000E+00  0.0000E+00  0.0000E+00  0.0000E+00  0.0000E+00  0.0000E+00  0.0000E+00
       0.0000E+00  0.0000E+00  0.0000E+00  0.0000E+00  0.0000E+00  0.0000E+00  0.0000E+00  0.0000E+00  0.0000E+00  0.0000E+00
       0.0000E+00  0.0000E+00  0.0000E+00  0.0000E+00  0.0000E+00  0.0000E+00  0.0000E+00  0.0000E+00  0.0000E+00  0.0000E+00
       0.0000E+00  0.0000E+00  0.0000E+00  0.0000E+00  0.0000E+00  0.0000E+00  0.0000E+00  0.0000E+00  0.0000E+00  0.0000E+00
1

   Bdrx n.   6  "ofluence  " , generalized particle n.    1, from region n.     5 to region n.     4
      detector area:  1.0000E+02 cm**2
      this is a one way only estimator
      this is a fluence like estimator
      linear energy binning from   0.0000E+00 to  3.0000E+02 GeV,     1 bins ( 3.0000E+02 GeV wide)
      linear angular binning from  0.0000E+00 to  6.2832E+00 sr ,     1 bins ( 6.2832E+00 sr wide )
      Data follow in a matrix A(ie,ia), format (1(5x,1p,10(1x,e11.4)))

       5.3253E-06
