
 *****  Protons in Lexan (0.16GeV, 0cm)                                                   *****

           DATE: 12/21/18,  TIME:  8:24:57

          Total number of particles followed       50000000, for a total weight of  5.0000E+07

1

   Bdrx n.   4  "ocurrent  " , generalized particle n.    1, from region n.     5 to region n.     4
      detector area:  1.0000E+02 cm**2
      this is a one way only estimator
      this is a current like estimator
      linear energy binning from   8.0000E-02 to  2.1000E-01 GeV,   650 bins ( 2.0000E-04 GeV wide)
      linear angular binning from  0.0000E+00 to  6.2832E+00 sr ,     1 bins ( 6.2832E+00 sr wide )
      Data follow in a matrix A(ie,ia), format (1(5x,1p,10(1x,e11.4)))

       1.4929E-04  1.5120E-04  1.4547E-04  1.4515E-04  1.4881E-04  1.5343E-04  1.5931E-04  1.4945E-04  1.5358E-04  1.4228E-04
       1.5470E-04  1.4101E-04  1.5231E-04  1.5374E-04  1.5279E-04  1.5215E-04  1.5040E-04  1.4499E-04  1.5486E-04  1.4801E-04
       1.5183E-04  1.5565E-04  1.4324E-04  1.4897E-04  1.5167E-04  1.4913E-04  1.4881E-04  1.4372E-04  1.5072E-04  1.4785E-04
       1.4849E-04  1.5088E-04  1.5120E-04  1.4308E-04  1.5088E-04  1.4738E-04  1.4340E-04  1.5056E-04  1.5725E-04  1.4833E-04
       1.4690E-04  1.5788E-04  1.4690E-04  1.4101E-04  1.5104E-04  1.4404E-04  1.4642E-04  1.5597E-04  1.4976E-04  1.5852E-04
       1.4833E-04  1.5136E-04  1.4419E-04  1.4897E-04  1.5486E-04  1.4642E-04  1.4483E-04  1.4388E-04  1.4722E-04  1.5597E-04
       1.5215E-04  1.4961E-04  1.5199E-04  1.5374E-04  1.5995E-04  1.4945E-04  1.5279E-04  1.5279E-04  1.4531E-04  1.4579E-04
       1.4961E-04  1.5358E-04  1.5549E-04  1.5406E-04  1.5263E-04  1.5470E-04  1.4467E-04  1.4419E-04  1.4913E-04  1.5422E-04
       1.5104E-04  1.4722E-04  1.4929E-04  1.5104E-04  1.4451E-04  1.5167E-04  1.5629E-04  1.4722E-04  1.5072E-04  1.5454E-04
       1.5088E-04  1.5040E-04  1.4992E-04  1.5183E-04  1.4706E-04  1.5438E-04  1.6282E-04  1.5645E-04  1.4801E-04  1.4992E-04
       1.4945E-04  1.4690E-04  1.5486E-04  1.5597E-04  1.5231E-04  1.4945E-04  1.4865E-04  1.5120E-04  1.5772E-04  1.4053E-04
       1.5693E-04  1.4881E-04  1.4467E-04  1.5136E-04  1.5772E-04  1.5374E-04  1.6441E-04  1.5358E-04  1.6170E-04  1.5693E-04
       1.5486E-04  1.5740E-04  1.5597E-04  1.5836E-04  1.5279E-04  1.5518E-04  1.4435E-04  1.4961E-04  1.5040E-04  1.6091E-04
       1.5120E-04  1.4483E-04  1.5390E-04  1.5374E-04  1.5008E-04  1.5438E-04  1.5374E-04  1.4754E-04  1.4897E-04  1.5311E-04
       1.5056E-04  1.5406E-04  1.4865E-04  1.5947E-04  1.4817E-04  1.5518E-04  1.5884E-04  1.4451E-04  1.5072E-04  1.6059E-04
       1.5788E-04  1.6250E-04  1.5040E-04  1.4881E-04  1.6218E-04  1.5152E-04  1.5279E-04  1.5756E-04  1.5470E-04  1.5740E-04
       1.5772E-04  1.5279E-04  1.6122E-04  1.5056E-04  1.4785E-04  1.5024E-04  1.6998E-04  1.5406E-04  1.5247E-04  1.5979E-04
       1.5247E-04  1.5231E-04  1.4849E-04  1.5072E-04  1.5104E-04  1.5661E-04  1.5565E-04  1.5056E-04  1.4244E-04  1.5152E-04
       1.4595E-04  1.5629E-04  1.5629E-04  1.4547E-04  1.5358E-04  1.4547E-04  1.4738E-04  1.5343E-04  1.4913E-04  1.4992E-04
       1.5438E-04  1.5454E-04  1.5549E-04  1.4324E-04  1.4101E-04  1.5581E-04  1.4531E-04  1.4372E-04  1.5040E-04  1.4785E-04
       1.3894E-04  1.4181E-04  1.5008E-04  1.4435E-04  1.3735E-04  1.5263E-04  1.3799E-04  1.4451E-04  1.3926E-04  1.4213E-04
       1.4770E-04  1.4483E-04  1.4945E-04  1.3719E-04  1.4706E-04  1.3480E-04  1.3671E-04  1.4085E-04  1.3512E-04  1.3226E-04
       1.3051E-04  1.3703E-04  1.4833E-04  1.4228E-04  1.4213E-04  1.2748E-04  1.3767E-04  1.3894E-04  1.3878E-04  1.3433E-04
       1.2971E-04  1.2907E-04  1.3449E-04  1.3544E-04  1.2494E-04  1.3878E-04  1.2287E-04  1.3130E-04  1.3385E-04  1.2923E-04
       1.2748E-04  1.2907E-04  1.2223E-04  1.2112E-04  1.3258E-04  1.2716E-04  1.2541E-04  1.2159E-04  1.2541E-04  1.2446E-04
       1.2892E-04  1.2446E-04  1.1475E-04  1.1809E-04  1.2541E-04  1.2350E-04  1.1777E-04  1.2239E-04  1.1857E-04  1.2128E-04
       1.1682E-04  1.2303E-04  1.1491E-04  1.2159E-04  1.1793E-04  1.1873E-04  1.1491E-04  1.1634E-04  1.1093E-04  1.1491E-04
       1.1157E-04  1.1061E-04  1.1793E-04  1.1316E-04  1.1762E-04  1.0711E-04  1.1650E-04  1.1921E-04  1.1411E-04  1.0632E-04
       1.0854E-04  1.0011E-04  1.0552E-04  9.8358E-05  1.0441E-04  1.0329E-04  1.0170E-04  1.0090E-04  1.0520E-04  1.0472E-04
       9.5652E-05  1.0043E-04  9.3742E-05  1.0122E-04  9.2469E-05  8.8490E-05  9.6448E-05  8.8808E-05  8.4670E-05  8.9445E-05
       9.5334E-05  8.7058E-05  8.4830E-05  8.9604E-05  8.6739E-05  7.8463E-05  7.9418E-05  7.8145E-05  8.2283E-05  6.7482E-05
       7.6554E-05  7.5599E-05  6.6049E-05  6.0320E-05  6.2070E-05  5.3158E-05  5.5704E-05  4.9656E-05  4.8224E-05  4.3768E-05
       4.0107E-05  4.2654E-05  4.0744E-05  4.2972E-05  4.0425E-05  4.3131E-05  4.6473E-05  4.3290E-05  4.6632E-05  4.3290E-05
       4.5200E-05  4.7110E-05  4.3449E-05  4.8224E-05  5.5545E-05  6.0638E-05  6.0320E-05  6.3662E-05  6.7323E-05  7.1938E-05
       8.0851E-05  8.2442E-05  9.0877E-05  9.1037E-05  9.5652E-05  1.0122E-04  9.9154E-05  9.1196E-05  8.8968E-05  9.1355E-05
       9.9472E-05  1.0281E-04  1.4181E-04  2.1772E-04  4.3338E-04  8.9270E-04  2.0246E-03  4.4758E-03  9.5905E-03  1.9569E-02
       3.8231E-02  6.9672E-02  1.2032E-01  1.9448E-01  2.9435E-01  4.1711E-01  5.5264E-01  6.8158E-01  7.8441E-01  8.4069E-01
       8.3655E-01  7.7304E-01  6.6396E-01  5.2796E-01  3.8897E-01  2.6533E-01  1.6744E-01  9.7461E-02  5.2477E-02  2.6107E-02
       1.2006E-02  5.0828E-03  1.9883E-03  7.1158E-04  2.4016E-04  7.0346E-05  2.0213E-05  4.4563E-06  1.1141E-06  3.1831E-07
       0.0000E+00  0.0000E+00  0.0000E+00  0.0000E+00  0.0000E+00  0.0000E+00  0.0000E+00  0.0000E+00  0.0000E+00  0.0000E+00
       0.0000E+00  0.0000E+00  0.0000E+00  0.0000E+00  0.0000E+00  0.0000E+00  0.0000E+00  0.0000E+00  0.0000E+00  0.0000E+00
       0.0000E+00  0.0000E+00  0.0000E+00  0.0000E+00  0.0000E+00  0.0000E+00  0.0000E+00  0.0000E+00  0.0000E+00  0.0000E+00
       0.0000E+00  0.0000E+00  0.0000E+00  0.0000E+00  0.0000E+00  0.0000E+00  0.0000E+00  0.0000E+00  0.0000E+00  0.0000E+00
       0.0000E+00  0.0000E+00  0.0000E+00  0.0000E+00  0.0000E+00  0.0000E+00  0.0000E+00  0.0000E+00  0.0000E+00  0.0000E+00
       0.0000E+00  0.0000E+00  0.0000E+00  0.0000E+00  0.0000E+00  0.0000E+00  0.0000E+00  0.0000E+00  0.0000E+00  0.0000E+00
       0.0000E+00  0.0000E+00  0.0000E+00  0.0000E+00  0.0000E+00  0.0000E+00  0.0000E+00  0.0000E+00  0.0000E+00  0.0000E+00
       0.0000E+00  0.0000E+00  0.0000E+00  0.0000E+00  0.0000E+00  0.0000E+00  0.0000E+00  0.0000E+00  0.0000E+00  0.0000E+00
       0.0000E+00  0.0000E+00  0.0000E+00  0.0000E+00  0.0000E+00  0.0000E+00  0.0000E+00  0.0000E+00  0.0000E+00  0.0000E+00
       0.0000E+00  0.0000E+00  0.0000E+00  0.0000E+00  0.0000E+00  0.0000E+00  0.0000E+00  0.0000E+00  0.0000E+00  0.0000E+00
       0.0000E+00  0.0000E+00  0.0000E+00  0.0000E+00  0.0000E+00  0.0000E+00  0.0000E+00  0.0000E+00  0.0000E+00  0.0000E+00
       0.0000E+00  0.0000E+00  0.0000E+00  0.0000E+00  0.0000E+00  0.0000E+00  0.0000E+00  0.0000E+00  0.0000E+00  0.0000E+00
       0.0000E+00  0.0000E+00  0.0000E+00  0.0000E+00  0.0000E+00  0.0000E+00  0.0000E+00  0.0000E+00  0.0000E+00  0.0000E+00
       0.0000E+00  0.0000E+00  0.0000E+00  0.0000E+00  0.0000E+00  0.0000E+00  0.0000E+00  0.0000E+00  0.0000E+00  0.0000E+00
       0.0000E+00  0.0000E+00  0.0000E+00  0.0000E+00  0.0000E+00  0.0000E+00  0.0000E+00  0.0000E+00  0.0000E+00  0.0000E+00
       0.0000E+00  0.0000E+00  0.0000E+00  0.0000E+00  0.0000E+00  0.0000E+00  0.0000E+00  0.0000E+00  0.0000E+00  0.0000E+00
       0.0000E+00  0.0000E+00  0.0000E+00  0.0000E+00  0.0000E+00  0.0000E+00  0.0000E+00  0.0000E+00  0.0000E+00  0.0000E+00
       0.0000E+00  0.0000E+00  0.0000E+00  0.0000E+00  0.0000E+00  0.0000E+00  0.0000E+00  0.0000E+00  0.0000E+00  0.0000E+00
       0.0000E+00  0.0000E+00  0.0000E+00  0.0000E+00  0.0000E+00  0.0000E+00  0.0000E+00  0.0000E+00  0.0000E+00  0.0000E+00
       0.0000E+00  0.0000E+00  0.0000E+00  0.0000E+00  0.0000E+00  0.0000E+00  0.0000E+00  0.0000E+00  0.0000E+00  0.0000E+00
       0.0000E+00  0.0000E+00  0.0000E+00  0.0000E+00  0.0000E+00  0.0000E+00  0.0000E+00  0.0000E+00  0.0000E+00  0.0000E+00
       0.0000E+00  0.0000E+00  0.0000E+00  0.0000E+00  0.0000E+00  0.0000E+00  0.0000E+00  0.0000E+00  0.0000E+00  0.0000E+00
       0.0000E+00  0.0000E+00  0.0000E+00  0.0000E+00  0.0000E+00  0.0000E+00  0.0000E+00  0.0000E+00  0.0000E+00  0.0000E+00
       0.0000E+00  0.0000E+00  0.0000E+00  0.0000E+00  0.0000E+00  0.0000E+00  0.0000E+00  0.0000E+00  0.0000E+00  0.0000E+00
       0.0000E+00  0.0000E+00  0.0000E+00  0.0000E+00  0.0000E+00  0.0000E+00  0.0000E+00  0.0000E+00  0.0000E+00  0.0000E+00
       0.0000E+00  0.0000E+00  0.0000E+00  0.0000E+00  0.0000E+00  0.0000E+00  0.0000E+00  0.0000E+00  0.0000E+00  0.0000E+00
