
 *****  Protons in Lexan (0.16GeV, 0cm)                                                   *****

           DATE: 12/21/18,  TIME:  8:24:57

          Total number of particles followed       50000000, for a total weight of  5.0000E+07

1

   Res. nuclei n.   1  "Ian       " ,  all         products, region n.     5
      detector volume:  1.0000E+00 cm**3
      Max. Z:  10, Max. N-Z:  11 Min. N-Z: -4
      Data follow in a matrix A(z,n-z-k), k: -5 format (1(5x,1p,10(1x,e11.4)))

       0.0000E+00  0.0000E+00  0.0000E+00  0.0000E+00  0.0000E+00  0.0000E+00  0.0000E+00  0.0000E+00  0.0000E+00  0.0000E+00
       0.0000E+00  0.0000E+00  0.0000E+00  0.0000E+00  0.0000E+00  7.3000E-06  0.0000E+00  2.8000E-07  0.0000E+00  0.0000E+00
       0.0000E+00  0.0000E+00  0.0000E+00  0.0000E+00  5.4900E-05  1.0208E-04  1.2840E-05  2.0540E-05  0.0000E+00  0.0000E+00
       9.6570E-03  1.5311E-03  0.0000E+00  7.2790E-04  0.0000E+00  2.1069E-03  2.8500E-05  5.0698E-04  2.0000E-08  0.0000E+00
       2.4535E-03  1.1982E-02  9.9082E-04  0.0000E+00  6.8752E-04  3.1744E-03  2.3944E-04  3.7514E-04  4.0000E-08  2.2000E-07
       7.4792E-04  0.0000E+00  5.1516E-04  1.3944E-04  1.2334E-03  1.3848E-04  3.0230E-04  4.4000E-07  2.0000E-08  0.0000E+00
       0.0000E+00  3.0560E-05  4.1400E-05  8.5260E-05  1.1600E-05  2.8640E-05  7.0000E-07  6.4000E-07  0.0000E+00  0.0000E+00
       0.0000E+00  0.0000E+00  2.7400E-06  2.6000E-07  7.4000E-07  6.0000E-08  5.0000E-07  0.0000E+00  0.0000E+00  0.0000E+00
       0.0000E+00  2.0000E-08  0.0000E+00  2.0000E-08  0.0000E+00  4.0000E-08  0.0000E+00  0.0000E+00  0.0000E+00  0.0000E+00
       0.0000E+00  0.0000E+00  0.0000E+00  0.0000E+00  0.0000E+00  0.0000E+00  0.0000E+00  0.0000E+00  0.0000E+00  0.0000E+00
       0.0000E+00  0.0000E+00  0.0000E+00  0.0000E+00  0.0000E+00  0.0000E+00  0.0000E+00  0.0000E+00  0.0000E+00  0.0000E+00
       0.0000E+00  0.0000E+00  0.0000E+00  0.0000E+00  0.0000E+00  0.0000E+00  0.0000E+00  0.0000E+00  0.0000E+00  0.0000E+00
       0.0000E+00  0.0000E+00  0.0000E+00  0.0000E+00  0.0000E+00  0.0000E+00  0.0000E+00  0.0000E+00  0.0000E+00  0.0000E+00
       0.0000E+00  0.0000E+00  0.0000E+00  0.0000E+00  0.0000E+00  0.0000E+00  0.0000E+00  0.0000E+00  0.0000E+00  0.0000E+00
       0.0000E+00  0.0000E+00  0.0000E+00  0.0000E+00  0.0000E+00  0.0000E+00  0.0000E+00  0.0000E+00  0.0000E+00  0.0000E+00
       0.0000E+00  0.0000E+00  0.0000E+00  0.0000E+00  0.0000E+00  0.0000E+00  0.0000E+00  0.0000E+00  0.0000E+00  0.0000E+00
