
 *****  Protons in Lexan (0.14GeV, 3cm)                                                   *****

           DATE: 12/18/18,  TIME: 18:50:39

          Total number of particles followed       10000000, for a total weight of  1.0000E+07

1

   Bdrx n.   4  "ocurrent  " , generalized particle n.    1, from region n.     5 to region n.     4
      detector area:  1.0000E+02 cm**2
      this is a one way only estimator
      this is a current like estimator
      linear energy binning from   6.0000E-02 to  1.9000E-01 GeV,   650 bins ( 2.0000E-04 GeV wide)
      linear angular binning from  0.0000E+00 to  6.2832E+00 sr ,     1 bins ( 6.2832E+00 sr wide )
      Data follow in a matrix A(ie,ia), format (1(5x,1p,10(1x,e11.4)))

       7.0028E-04  6.5890E-04  6.7323E-04  7.1063E-04  6.4378E-04  7.1301E-04  6.8039E-04  6.7163E-04  7.3848E-04  6.5811E-04
       6.6049E-04  6.8835E-04  6.8039E-04  6.5890E-04  6.8357E-04  7.1142E-04  6.8357E-04  6.9153E-04  7.1779E-04  6.8596E-04
       7.1222E-04  6.8835E-04  6.8039E-04  7.3530E-04  7.2018E-04  7.3291E-04  7.5042E-04  6.8994E-04  6.8914E-04  6.9869E-04
       6.5492E-04  6.9551E-04  7.1301E-04  6.5333E-04  7.0744E-04  6.9789E-04  7.2256E-04  7.0744E-04  6.4856E-04  7.1699E-04
       6.7641E-04  6.6208E-04  7.0187E-04  6.8437E-04  6.8914E-04  6.6288E-04  7.0744E-04  6.6845E-04  7.1620E-04  6.7561E-04
       7.0028E-04  6.9392E-04  6.0718E-04  6.7402E-04  6.4935E-04  7.0028E-04  6.4458E-04  6.8357E-04  6.5254E-04  6.8357E-04
       6.9312E-04  6.7880E-04  6.7720E-04  6.6686E-04  6.5174E-04  6.6686E-04  6.7720E-04  6.5572E-04  6.7959E-04  6.5333E-04
       6.4935E-04  6.8277E-04  6.2309E-04  6.4299E-04  6.4856E-04  6.2866E-04  6.6368E-04  6.4139E-04  6.6686E-04  6.3105E-04
       6.8198E-04  6.5811E-04  6.6049E-04  6.2627E-04  6.2548E-04  6.4299E-04  6.0161E-04  6.5492E-04  6.4935E-04  6.6686E-04
       6.0399E-04  5.8092E-04  6.3901E-04  5.9842E-04  6.4935E-04  6.0001E-04  6.0320E-04  6.0161E-04  6.0479E-04  5.6420E-04
       5.6898E-04  6.0479E-04  6.2230E-04  5.8808E-04  5.9922E-04  6.1354E-04  6.2070E-04  5.4590E-04  5.9126E-04  6.0320E-04
       5.8967E-04  5.9126E-04  5.6659E-04  5.6023E-04  5.6500E-04  5.7057E-04  5.4033E-04  5.7773E-04  6.0558E-04  5.3635E-04
       5.4590E-04  5.7455E-04  5.7057E-04  5.4033E-04  5.1089E-04  5.2839E-04  5.3794E-04  5.3874E-04  5.2442E-04  5.5863E-04
       5.2521E-04  5.1487E-04  5.2601E-04  5.2203E-04  5.0850E-04  5.0134E-04  5.1646E-04  5.1566E-04  4.9418E-04  4.5359E-04
       5.2680E-04  4.8065E-04  4.8463E-04  4.7269E-04  4.6871E-04  4.4245E-04  4.2096E-04  4.4961E-04  4.2892E-04  4.0425E-04
       4.1460E-04  4.0187E-04  4.1619E-04  3.6606E-04  3.7242E-04  3.8356E-04  3.5730E-04  3.3820E-04  3.3343E-04  3.4298E-04
       3.4775E-04  3.1990E-04  3.1433E-04  3.0399E-04  3.0001E-04  3.1433E-04  2.7852E-04  2.6658E-04  3.0637E-04  2.7932E-04
       2.8170E-04  3.1911E-04  2.9205E-04  2.8568E-04  3.0478E-04  3.2865E-04  3.5173E-04  3.2945E-04  3.6526E-04  3.6844E-04
       3.6685E-04  3.8913E-04  4.1221E-04  4.8542E-04  4.7030E-04  4.9975E-04  5.6580E-04  5.9206E-04  6.9789E-04  6.7720E-04
       7.7190E-04  8.7456E-04  9.1355E-04  9.8676E-04  1.1093E-03  1.2716E-03  1.4992E-03  1.8024E-03  2.2361E-03  2.9539E-03
       3.9805E-03  5.6062E-03  8.2482E-03  1.1978E-02  1.7525E-02  2.5436E-02  3.6807E-02  5.2538E-02  7.3497E-02  1.0074E-01
       1.3461E-01  1.7631E-01  2.2382E-01  2.7715E-01  3.3340E-01  3.8940E-01  4.4150E-01  4.8425E-01  5.1666E-01  5.3238E-01
       5.3092E-01  5.1275E-01  4.7823E-01  4.3048E-01  3.7485E-01  3.1493E-01  2.5342E-01  1.9694E-01  1.4799E-01  1.0710E-01
       7.4126E-02  4.9428E-02  3.1975E-02  1.9422E-02  1.1508E-02  6.4927E-03  3.5436E-03  1.7897E-03  9.0082E-04  3.9709E-04
       2.0451E-04  6.8437E-05  3.9789E-05  1.3528E-05  6.3662E-06  7.9577E-07  7.9577E-07  0.0000E+00  0.0000E+00  0.0000E+00
       0.0000E+00  0.0000E+00  0.0000E+00  0.0000E+00  0.0000E+00  0.0000E+00  0.0000E+00  0.0000E+00  0.0000E+00  0.0000E+00
       0.0000E+00  0.0000E+00  0.0000E+00  0.0000E+00  0.0000E+00  0.0000E+00  0.0000E+00  0.0000E+00  0.0000E+00  0.0000E+00
       0.0000E+00  0.0000E+00  0.0000E+00  0.0000E+00  0.0000E+00  0.0000E+00  0.0000E+00  0.0000E+00  0.0000E+00  0.0000E+00
       0.0000E+00  0.0000E+00  0.0000E+00  0.0000E+00  0.0000E+00  0.0000E+00  0.0000E+00  0.0000E+00  0.0000E+00  0.0000E+00
       0.0000E+00  0.0000E+00  0.0000E+00  0.0000E+00  0.0000E+00  0.0000E+00  0.0000E+00  0.0000E+00  0.0000E+00  0.0000E+00
       0.0000E+00  0.0000E+00  0.0000E+00  0.0000E+00  0.0000E+00  0.0000E+00  0.0000E+00  0.0000E+00  0.0000E+00  0.0000E+00
       0.0000E+00  0.0000E+00  0.0000E+00  0.0000E+00  0.0000E+00  0.0000E+00  0.0000E+00  0.0000E+00  0.0000E+00  0.0000E+00
       0.0000E+00  0.0000E+00  0.0000E+00  0.0000E+00  0.0000E+00  0.0000E+00  0.0000E+00  0.0000E+00  0.0000E+00  0.0000E+00
       0.0000E+00  0.0000E+00  0.0000E+00  0.0000E+00  0.0000E+00  0.0000E+00  0.0000E+00  0.0000E+00  0.0000E+00  0.0000E+00
       0.0000E+00  0.0000E+00  0.0000E+00  0.0000E+00  0.0000E+00  0.0000E+00  0.0000E+00  0.0000E+00  0.0000E+00  0.0000E+00
       0.0000E+00  0.0000E+00  0.0000E+00  0.0000E+00  0.0000E+00  0.0000E+00  0.0000E+00  0.0000E+00  0.0000E+00  0.0000E+00
       0.0000E+00  0.0000E+00  0.0000E+00  0.0000E+00  0.0000E+00  0.0000E+00  0.0000E+00  0.0000E+00  0.0000E+00  0.0000E+00
       0.0000E+00  0.0000E+00  0.0000E+00  0.0000E+00  0.0000E+00  0.0000E+00  0.0000E+00  0.0000E+00  0.0000E+00  0.0000E+00
       0.0000E+00  0.0000E+00  0.0000E+00  0.0000E+00  0.0000E+00  0.0000E+00  0.0000E+00  0.0000E+00  0.0000E+00  0.0000E+00
       0.0000E+00  0.0000E+00  0.0000E+00  0.0000E+00  0.0000E+00  0.0000E+00  0.0000E+00  0.0000E+00  0.0000E+00  0.0000E+00
       0.0000E+00  0.0000E+00  0.0000E+00  0.0000E+00  0.0000E+00  0.0000E+00  0.0000E+00  0.0000E+00  0.0000E+00  0.0000E+00
       0.0000E+00  0.0000E+00  0.0000E+00  0.0000E+00  0.0000E+00  0.0000E+00  0.0000E+00  0.0000E+00  0.0000E+00  0.0000E+00
       0.0000E+00  0.0000E+00  0.0000E+00  0.0000E+00  0.0000E+00  0.0000E+00  0.0000E+00  0.0000E+00  0.0000E+00  0.0000E+00
       0.0000E+00  0.0000E+00  0.0000E+00  0.0000E+00  0.0000E+00  0.0000E+00  0.0000E+00  0.0000E+00  0.0000E+00  0.0000E+00
       0.0000E+00  0.0000E+00  0.0000E+00  0.0000E+00  0.0000E+00  0.0000E+00  0.0000E+00  0.0000E+00  0.0000E+00  0.0000E+00
       0.0000E+00  0.0000E+00  0.0000E+00  0.0000E+00  0.0000E+00  0.0000E+00  0.0000E+00  0.0000E+00  0.0000E+00  0.0000E+00
       0.0000E+00  0.0000E+00  0.0000E+00  0.0000E+00  0.0000E+00  0.0000E+00  0.0000E+00  0.0000E+00  0.0000E+00  0.0000E+00
       0.0000E+00  0.0000E+00  0.0000E+00  0.0000E+00  0.0000E+00  0.0000E+00  0.0000E+00  0.0000E+00  0.0000E+00  0.0000E+00
       0.0000E+00  0.0000E+00  0.0000E+00  0.0000E+00  0.0000E+00  0.0000E+00  0.0000E+00  0.0000E+00  0.0000E+00  0.0000E+00
       0.0000E+00  0.0000E+00  0.0000E+00  0.0000E+00  0.0000E+00  0.0000E+00  0.0000E+00  0.0000E+00  0.0000E+00  0.0000E+00
       0.0000E+00  0.0000E+00  0.0000E+00  0.0000E+00  0.0000E+00  0.0000E+00  0.0000E+00  0.0000E+00  0.0000E+00  0.0000E+00
       0.0000E+00  0.0000E+00  0.0000E+00  0.0000E+00  0.0000E+00  0.0000E+00  0.0000E+00  0.0000E+00  0.0000E+00  0.0000E+00
       0.0000E+00  0.0000E+00  0.0000E+00  0.0000E+00  0.0000E+00  0.0000E+00  0.0000E+00  0.0000E+00  0.0000E+00  0.0000E+00
       0.0000E+00  0.0000E+00  0.0000E+00  0.0000E+00  0.0000E+00  0.0000E+00  0.0000E+00  0.0000E+00  0.0000E+00  0.0000E+00
       0.0000E+00  0.0000E+00  0.0000E+00  0.0000E+00  0.0000E+00  0.0000E+00  0.0000E+00  0.0000E+00  0.0000E+00  0.0000E+00
       0.0000E+00  0.0000E+00  0.0000E+00  0.0000E+00  0.0000E+00  0.0000E+00  0.0000E+00  0.0000E+00  0.0000E+00  0.0000E+00
       0.0000E+00  0.0000E+00  0.0000E+00  0.0000E+00  0.0000E+00  0.0000E+00  0.0000E+00  0.0000E+00  0.0000E+00  0.0000E+00
       0.0000E+00  0.0000E+00  0.0000E+00  0.0000E+00  0.0000E+00  0.0000E+00  0.0000E+00  0.0000E+00  0.0000E+00  0.0000E+00
       0.0000E+00  0.0000E+00  0.0000E+00  0.0000E+00  0.0000E+00  0.0000E+00  0.0000E+00  0.0000E+00  0.0000E+00  0.0000E+00
       0.0000E+00  0.0000E+00  0.0000E+00  0.0000E+00  0.0000E+00  0.0000E+00  0.0000E+00  0.0000E+00  0.0000E+00  0.0000E+00
       0.0000E+00  0.0000E+00  0.0000E+00  0.0000E+00  0.0000E+00  0.0000E+00  0.0000E+00  0.0000E+00  0.0000E+00  0.0000E+00
       0.0000E+00  0.0000E+00  0.0000E+00  0.0000E+00  0.0000E+00  0.0000E+00  0.0000E+00  0.0000E+00  0.0000E+00  0.0000E+00
       0.0000E+00  0.0000E+00  0.0000E+00  0.0000E+00  0.0000E+00  0.0000E+00  0.0000E+00  0.0000E+00  0.0000E+00  0.0000E+00
       0.0000E+00  0.0000E+00  0.0000E+00  0.0000E+00  0.0000E+00  0.0000E+00  0.0000E+00  0.0000E+00  0.0000E+00  0.0000E+00
       0.0000E+00  0.0000E+00  0.0000E+00  0.0000E+00  0.0000E+00  0.0000E+00  0.0000E+00  0.0000E+00  0.0000E+00  0.0000E+00
