
 *****  Protons in Lexan (0.14GeV, 3cm)                                                   *****

           DATE: 12/18/18,  TIME: 18:50:39

          Total number of particles followed       10000000, for a total weight of  1.0000E+07

1

   Bdrx n.   2  "ofluence  " , generalized particle n.    1, from region n.     5 to region n.     4
      detector area:  1.0000E+02 cm**2
      this is a one way only estimator
      this is a fluence like estimator
      linear energy binning from   6.0000E-02 to  1.9000E-01 GeV,   650 bins ( 2.0000E-04 GeV wide)
      linear angular binning from  0.0000E+00 to  6.2832E+00 sr ,     1 bins ( 6.2832E+00 sr wide )
      Data follow in a matrix A(ie,ia), format (1(5x,1p,10(1x,e11.4)))

       8.2582E-04  7.8773E-04  7.8958E-04  8.5235E-04  7.6601E-04  8.3724E-04  7.9376E-04  7.9347E-04  8.6978E-04  7.7252E-04
       7.8321E-04  8.1370E-04  8.0149E-04  7.7973E-04  8.0450E-04  8.4029E-04  8.0420E-04  8.2451E-04  8.3617E-04  8.0935E-04
       8.2345E-04  8.0685E-04  8.0084E-04  8.6170E-04  8.4466E-04  8.4989E-04  8.7122E-04  7.9463E-04  7.9896E-04  8.1630E-04
       7.6372E-04  8.0465E-04  8.2108E-04  7.6670E-04  8.3463E-04  8.1118E-04  8.3719E-04  8.1042E-04  7.5046E-04  8.3798E-04
       7.8521E-04  7.6318E-04  8.1646E-04  7.9352E-04  7.9980E-04  7.6082E-04  8.0395E-04  7.7085E-04  8.2310E-04  7.7010E-04
       8.0526E-04  7.9274E-04  6.9645E-04  7.6777E-04  7.5630E-04  8.0292E-04  7.4000E-04  7.7616E-04  7.4119E-04  7.8277E-04
       7.8452E-04  7.7501E-04  7.7745E-04  7.5775E-04  7.3705E-04  7.6543E-04  7.7197E-04  7.4489E-04  7.6667E-04  7.4263E-04
       7.4071E-04  7.7675E-04  7.1758E-04  7.3244E-04  7.3874E-04  7.0598E-04  7.5129E-04  7.3116E-04  7.6108E-04  7.0463E-04
       7.6514E-04  7.4705E-04  7.4850E-04  7.1231E-04  7.0107E-04  7.2456E-04  6.8019E-04  7.3182E-04  7.2999E-04  7.4021E-04
       6.7386E-04  6.4962E-04  7.1526E-04  6.6821E-04  7.2584E-04  6.6796E-04  6.7330E-04  6.7324E-04  6.7927E-04  6.3655E-04
       6.3722E-04  6.7559E-04  6.9622E-04  6.5471E-04  6.6460E-04  6.8536E-04  6.9081E-04  6.0418E-04  6.6006E-04  6.7387E-04
       6.4955E-04  6.5112E-04  6.2298E-04  6.1985E-04  6.3227E-04  6.3216E-04  5.9669E-04  6.3102E-04  6.7150E-04  5.9029E-04
       6.0058E-04  6.3729E-04  6.2565E-04  5.9423E-04  5.5712E-04  5.8285E-04  5.9928E-04  5.8575E-04  5.7525E-04  6.1385E-04
       5.7555E-04  5.6001E-04  5.8096E-04  5.6814E-04  5.5537E-04  5.5271E-04  5.6823E-04  5.6176E-04  5.4153E-04  4.9092E-04
       5.8325E-04  5.2480E-04  5.2628E-04  5.1590E-04  5.1826E-04  4.8373E-04  4.5792E-04  4.9435E-04  4.6815E-04  4.4265E-04
       4.5327E-04  4.4222E-04  4.5324E-04  3.9517E-04  4.0731E-04  4.1824E-04  3.8870E-04  3.7120E-04  3.6441E-04  3.8458E-04
       3.8580E-04  3.5738E-04  3.5607E-04  3.5116E-04  3.3509E-04  3.6401E-04  3.1818E-04  3.0219E-04  3.4653E-04  3.1697E-04
       3.1720E-04  3.5707E-04  3.3460E-04  3.2468E-04  3.4914E-04  3.6710E-04  3.9368E-04  3.7066E-04  4.1426E-04  4.1174E-04
       4.0827E-04  4.3227E-04  4.5628E-04  5.3625E-04  5.1225E-04  5.4565E-04  6.1604E-04  6.4840E-04  7.6316E-04  7.3686E-04
       8.3409E-04  9.7393E-04  9.8575E-04  1.0617E-03  1.1897E-03  1.3606E-03  1.5997E-03  1.9155E-03  2.3522E-03  3.0833E-03
       4.1213E-03  5.7697E-03  8.4290E-03  1.2186E-02  1.7759E-02  2.5691E-02  3.7098E-02  5.2862E-02  7.3865E-02  1.0114E-01
       1.3505E-01  1.7679E-01  2.2434E-01  2.7771E-01  3.3398E-01  3.9000E-01  4.4212E-01  4.8485E-01  5.1725E-01  5.3294E-01
       5.3145E-01  5.1322E-01  4.7865E-01  4.3083E-01  3.7515E-01  3.1517E-01  2.5360E-01  1.9708E-01  1.4809E-01  1.0717E-01
       7.4174E-02  4.9459E-02  3.1995E-02  1.9434E-02  1.1515E-02  6.4964E-03  3.5456E-03  1.7906E-03  9.0134E-04  3.9728E-04
       2.0462E-04  6.8468E-05  3.9815E-05  1.3548E-05  6.3679E-06  7.9594E-07  7.9589E-07  0.0000E+00  0.0000E+00  0.0000E+00
       0.0000E+00  0.0000E+00  0.0000E+00  0.0000E+00  0.0000E+00  0.0000E+00  0.0000E+00  0.0000E+00  0.0000E+00  0.0000E+00
       0.0000E+00  0.0000E+00  0.0000E+00  0.0000E+00  0.0000E+00  0.0000E+00  0.0000E+00  0.0000E+00  0.0000E+00  0.0000E+00
       0.0000E+00  0.0000E+00  0.0000E+00  0.0000E+00  0.0000E+00  0.0000E+00  0.0000E+00  0.0000E+00  0.0000E+00  0.0000E+00
       0.0000E+00  0.0000E+00  0.0000E+00  0.0000E+00  0.0000E+00  0.0000E+00  0.0000E+00  0.0000E+00  0.0000E+00  0.0000E+00
       0.0000E+00  0.0000E+00  0.0000E+00  0.0000E+00  0.0000E+00  0.0000E+00  0.0000E+00  0.0000E+00  0.0000E+00  0.0000E+00
       0.0000E+00  0.0000E+00  0.0000E+00  0.0000E+00  0.0000E+00  0.0000E+00  0.0000E+00  0.0000E+00  0.0000E+00  0.0000E+00
       0.0000E+00  0.0000E+00  0.0000E+00  0.0000E+00  0.0000E+00  0.0000E+00  0.0000E+00  0.0000E+00  0.0000E+00  0.0000E+00
       0.0000E+00  0.0000E+00  0.0000E+00  0.0000E+00  0.0000E+00  0.0000E+00  0.0000E+00  0.0000E+00  0.0000E+00  0.0000E+00
       0.0000E+00  0.0000E+00  0.0000E+00  0.0000E+00  0.0000E+00  0.0000E+00  0.0000E+00  0.0000E+00  0.0000E+00  0.0000E+00
       0.0000E+00  0.0000E+00  0.0000E+00  0.0000E+00  0.0000E+00  0.0000E+00  0.0000E+00  0.0000E+00  0.0000E+00  0.0000E+00
       0.0000E+00  0.0000E+00  0.0000E+00  0.0000E+00  0.0000E+00  0.0000E+00  0.0000E+00  0.0000E+00  0.0000E+00  0.0000E+00
       0.0000E+00  0.0000E+00  0.0000E+00  0.0000E+00  0.0000E+00  0.0000E+00  0.0000E+00  0.0000E+00  0.0000E+00  0.0000E+00
       0.0000E+00  0.0000E+00  0.0000E+00  0.0000E+00  0.0000E+00  0.0000E+00  0.0000E+00  0.0000E+00  0.0000E+00  0.0000E+00
       0.0000E+00  0.0000E+00  0.0000E+00  0.0000E+00  0.0000E+00  0.0000E+00  0.0000E+00  0.0000E+00  0.0000E+00  0.0000E+00
       0.0000E+00  0.0000E+00  0.0000E+00  0.0000E+00  0.0000E+00  0.0000E+00  0.0000E+00  0.0000E+00  0.0000E+00  0.0000E+00
       0.0000E+00  0.0000E+00  0.0000E+00  0.0000E+00  0.0000E+00  0.0000E+00  0.0000E+00  0.0000E+00  0.0000E+00  0.0000E+00
       0.0000E+00  0.0000E+00  0.0000E+00  0.0000E+00  0.0000E+00  0.0000E+00  0.0000E+00  0.0000E+00  0.0000E+00  0.0000E+00
       0.0000E+00  0.0000E+00  0.0000E+00  0.0000E+00  0.0000E+00  0.0000E+00  0.0000E+00  0.0000E+00  0.0000E+00  0.0000E+00
       0.0000E+00  0.0000E+00  0.0000E+00  0.0000E+00  0.0000E+00  0.0000E+00  0.0000E+00  0.0000E+00  0.0000E+00  0.0000E+00
       0.0000E+00  0.0000E+00  0.0000E+00  0.0000E+00  0.0000E+00  0.0000E+00  0.0000E+00  0.0000E+00  0.0000E+00  0.0000E+00
       0.0000E+00  0.0000E+00  0.0000E+00  0.0000E+00  0.0000E+00  0.0000E+00  0.0000E+00  0.0000E+00  0.0000E+00  0.0000E+00
       0.0000E+00  0.0000E+00  0.0000E+00  0.0000E+00  0.0000E+00  0.0000E+00  0.0000E+00  0.0000E+00  0.0000E+00  0.0000E+00
       0.0000E+00  0.0000E+00  0.0000E+00  0.0000E+00  0.0000E+00  0.0000E+00  0.0000E+00  0.0000E+00  0.0000E+00  0.0000E+00
       0.0000E+00  0.0000E+00  0.0000E+00  0.0000E+00  0.0000E+00  0.0000E+00  0.0000E+00  0.0000E+00  0.0000E+00  0.0000E+00
       0.0000E+00  0.0000E+00  0.0000E+00  0.0000E+00  0.0000E+00  0.0000E+00  0.0000E+00  0.0000E+00  0.0000E+00  0.0000E+00
       0.0000E+00  0.0000E+00  0.0000E+00  0.0000E+00  0.0000E+00  0.0000E+00  0.0000E+00  0.0000E+00  0.0000E+00  0.0000E+00
       0.0000E+00  0.0000E+00  0.0000E+00  0.0000E+00  0.0000E+00  0.0000E+00  0.0000E+00  0.0000E+00  0.0000E+00  0.0000E+00
       0.0000E+00  0.0000E+00  0.0000E+00  0.0000E+00  0.0000E+00  0.0000E+00  0.0000E+00  0.0000E+00  0.0000E+00  0.0000E+00
       0.0000E+00  0.0000E+00  0.0000E+00  0.0000E+00  0.0000E+00  0.0000E+00  0.0000E+00  0.0000E+00  0.0000E+00  0.0000E+00
       0.0000E+00  0.0000E+00  0.0000E+00  0.0000E+00  0.0000E+00  0.0000E+00  0.0000E+00  0.0000E+00  0.0000E+00  0.0000E+00
       0.0000E+00  0.0000E+00  0.0000E+00  0.0000E+00  0.0000E+00  0.0000E+00  0.0000E+00  0.0000E+00  0.0000E+00  0.0000E+00
       0.0000E+00  0.0000E+00  0.0000E+00  0.0000E+00  0.0000E+00  0.0000E+00  0.0000E+00  0.0000E+00  0.0000E+00  0.0000E+00
       0.0000E+00  0.0000E+00  0.0000E+00  0.0000E+00  0.0000E+00  0.0000E+00  0.0000E+00  0.0000E+00  0.0000E+00  0.0000E+00
       0.0000E+00  0.0000E+00  0.0000E+00  0.0000E+00  0.0000E+00  0.0000E+00  0.0000E+00  0.0000E+00  0.0000E+00  0.0000E+00
       0.0000E+00  0.0000E+00  0.0000E+00  0.0000E+00  0.0000E+00  0.0000E+00  0.0000E+00  0.0000E+00  0.0000E+00  0.0000E+00
       0.0000E+00  0.0000E+00  0.0000E+00  0.0000E+00  0.0000E+00  0.0000E+00  0.0000E+00  0.0000E+00  0.0000E+00  0.0000E+00
       0.0000E+00  0.0000E+00  0.0000E+00  0.0000E+00  0.0000E+00  0.0000E+00  0.0000E+00  0.0000E+00  0.0000E+00  0.0000E+00
       0.0000E+00  0.0000E+00  0.0000E+00  0.0000E+00  0.0000E+00  0.0000E+00  0.0000E+00  0.0000E+00  0.0000E+00  0.0000E+00
       0.0000E+00  0.0000E+00  0.0000E+00  0.0000E+00  0.0000E+00  0.0000E+00  0.0000E+00  0.0000E+00  0.0000E+00  0.0000E+00
       0.0000E+00  0.0000E+00  0.0000E+00  0.0000E+00  0.0000E+00  0.0000E+00  0.0000E+00  0.0000E+00  0.0000E+00  0.0000E+00
1

   Bdrx n.   6  "ofluence  " , generalized particle n.    1, from region n.     5 to region n.     4
      detector area:  1.0000E+02 cm**2
      this is a one way only estimator
      this is a fluence like estimator
      linear energy binning from   0.0000E+00 to  3.0000E+02 GeV,     1 bins ( 3.0000E+02 GeV wide)
      linear angular binning from  0.0000E+00 to  6.2832E+00 sr ,     1 bins ( 6.2832E+00 sr wide )
      Data follow in a matrix A(ie,ia), format (1(5x,1p,10(1x,e11.4)))

       5.1463E-06
