
 *****  Protons in Lexan (0.14GeV, 3cm)                                                   *****

           DATE: 12/18/18,  TIME: 18:50:39

          Total number of particles followed       10000000, for a total weight of  1.0000E+07

1

   Res. nuclei n.   1  "Ian       " ,  all         products, region n.     5
      detector volume:  1.0000E+00 cm**3
      Max. Z:  10, Max. N-Z:  11 Min. N-Z: -4
      Data follow in a matrix A(z,n-z-k), k: -5 format (1(5x,1p,10(1x,e11.4)))

       0.0000E+00  0.0000E+00  0.0000E+00  0.0000E+00  0.0000E+00  0.0000E+00  0.0000E+00  0.0000E+00  0.0000E+00  0.0000E+00
       0.0000E+00  0.0000E+00  0.0000E+00  0.0000E+00  0.0000E+00  3.1300E-05  0.0000E+00  1.9000E-06  0.0000E+00  0.0000E+00
       0.0000E+00  0.0000E+00  0.0000E+00  0.0000E+00  2.8200E-04  4.5200E-04  7.3300E-05  8.1700E-05  0.0000E+00  0.0000E+00
       9.6328E-02  8.0722E-03  0.0000E+00  3.9134E-03  0.0000E+00  1.0859E-02  1.3480E-04  2.5173E-03  1.0000E-07  1.0000E-07
       2.7047E-02  6.8710E-02  5.4347E-03  0.0000E+00  3.4461E-03  2.4603E-02  1.2686E-03  2.8611E-03  1.0000E-07  1.1000E-06
       3.9476E-03  0.0000E+00  2.6869E-03  7.7455E-04  6.3355E-03  8.2612E-04  1.6058E-03  3.0617E-06  1.0000E-07  0.0000E+00
       0.0000E+00  1.4540E-04  2.0060E-04  3.9210E-04  7.2950E-05  1.5300E-04  6.0098E-06  4.4000E-06  0.0000E+00  0.0000E+00
       0.0000E+00  0.0000E+00  7.4000E-06  1.2000E-06  3.7000E-06  2.0000E-07  1.4000E-06  0.0000E+00  0.0000E+00  0.0000E+00
       0.0000E+00  1.0000E-07  0.0000E+00  1.0000E-07  0.0000E+00  1.0000E-07  0.0000E+00  0.0000E+00  0.0000E+00  0.0000E+00
       0.0000E+00  0.0000E+00  0.0000E+00  0.0000E+00  0.0000E+00  0.0000E+00  0.0000E+00  0.0000E+00  0.0000E+00  0.0000E+00
       0.0000E+00  0.0000E+00  0.0000E+00  0.0000E+00  0.0000E+00  0.0000E+00  0.0000E+00  0.0000E+00  0.0000E+00  0.0000E+00
       0.0000E+00  0.0000E+00  0.0000E+00  0.0000E+00  0.0000E+00  0.0000E+00  0.0000E+00  0.0000E+00  0.0000E+00  0.0000E+00
       0.0000E+00  0.0000E+00  0.0000E+00  0.0000E+00  0.0000E+00  0.0000E+00  0.0000E+00  0.0000E+00  0.0000E+00  0.0000E+00
       0.0000E+00  0.0000E+00  0.0000E+00  0.0000E+00  0.0000E+00  0.0000E+00  0.0000E+00  0.0000E+00  0.0000E+00  0.0000E+00
       0.0000E+00  0.0000E+00  0.0000E+00  0.0000E+00  0.0000E+00  0.0000E+00  0.0000E+00  0.0000E+00  0.0000E+00  0.0000E+00
       0.0000E+00  0.0000E+00  0.0000E+00  0.0000E+00  0.0000E+00  0.0000E+00  0.0000E+00  0.0000E+00  0.0000E+00  0.0000E+00
