
 *****  Protons in Lexan (0.18GeV, 1cm)                                                   *****

           DATE: 12/18/18,  TIME:  8:56: 0

          Total number of particles followed       25000000, for a total weight of  2.5000E+07

1

   Bdrx n.   4  "ocurrent  " , generalized particle n.    1, from region n.     5 to region n.     4
      detector area:  1.0000E+02 cm**2
      this is a one way only estimator
      this is a current like estimator
      linear energy binning from   1.0000E-01 to  2.3000E-01 GeV,   650 bins ( 2.0000E-04 GeV wide)
      linear angular binning from  0.0000E+00 to  6.2832E+00 sr ,     1 bins ( 6.2832E+00 sr wide )
      Data follow in a matrix A(ie,ia), format (1(5x,1p,10(1x,e11.4)))

       2.4542E-04  2.6929E-04  2.6929E-04  2.6611E-04  2.7916E-04  2.5146E-04  2.4414E-04  2.4605E-04  2.5083E-04  2.4574E-04
       2.4860E-04  2.5497E-04  2.4669E-04  2.4032E-04  2.3587E-04  2.5942E-04  2.5433E-04  2.3810E-04  2.6770E-04  2.7534E-04
       2.6038E-04  2.6547E-04  2.7311E-04  2.5242E-04  2.6611E-04  2.6834E-04  2.5592E-04  2.5401E-04  2.7375E-04  2.5497E-04
       2.5242E-04  2.6706E-04  2.6547E-04  2.6483E-04  2.8170E-04  2.4860E-04  2.6197E-04  2.4796E-04  2.7820E-04  2.6356E-04
       2.8139E-04  2.5592E-04  2.4892E-04  2.6547E-04  2.5783E-04  2.7343E-04  2.7215E-04  2.6133E-04  2.6452E-04  2.5274E-04
       2.7343E-04  2.5942E-04  2.6547E-04  2.7279E-04  2.4605E-04  2.6261E-04  2.6993E-04  2.6165E-04  2.6929E-04  2.7215E-04
       2.6006E-04  2.6292E-04  2.5337E-04  2.6674E-04  2.5719E-04  2.7343E-04  2.6961E-04  2.5974E-04  2.6547E-04  2.7534E-04
       2.6420E-04  2.6961E-04  2.5688E-04  2.6706E-04  2.4924E-04  2.7056E-04  2.5274E-04  2.6865E-04  2.6356E-04  2.5242E-04
       2.7025E-04  2.4733E-04  2.8266E-04  2.5815E-04  2.6038E-04  2.8903E-04  2.6834E-04  2.6452E-04  2.6324E-04  2.7438E-04
       2.7502E-04  2.7948E-04  2.7852E-04  2.5465E-04  2.5560E-04  2.7247E-04  2.5242E-04  2.5751E-04  2.5274E-04  2.5433E-04
       2.5465E-04  2.7757E-04  2.6133E-04  2.7279E-04  2.5178E-04  2.7375E-04  2.6165E-04  2.7597E-04  2.6897E-04  2.5465E-04
       2.4478E-04  2.6770E-04  2.6897E-04  2.8170E-04  2.6101E-04  2.6038E-04  2.8743E-04  2.7184E-04  2.4955E-04  2.5783E-04
       2.6738E-04  2.7470E-04  2.7056E-04  2.6483E-04  2.6706E-04  2.6261E-04  2.5656E-04  2.6070E-04  2.5465E-04  2.5210E-04
       2.6006E-04  2.6611E-04  2.5210E-04  2.6611E-04  2.6547E-04  2.5974E-04  2.6770E-04  2.6388E-04  2.6929E-04  2.7120E-04
       2.5656E-04  2.6802E-04  2.5274E-04  2.6929E-04  2.4478E-04  2.8361E-04  2.5879E-04  2.6070E-04  2.6515E-04  2.4574E-04
       2.7534E-04  2.5528E-04  2.5019E-04  2.4542E-04  2.4828E-04  2.6101E-04  2.6674E-04  2.6388E-04  2.5656E-04  2.4796E-04
       2.6579E-04  2.4733E-04  2.6802E-04  2.4319E-04  2.3459E-04  2.4955E-04  2.5242E-04  2.7056E-04  2.6579E-04  2.5178E-04
       2.4383E-04  2.5306E-04  2.4223E-04  2.4987E-04  2.4351E-04  2.5306E-04  2.4351E-04  2.4223E-04  2.4733E-04  2.5051E-04
       2.3810E-04  2.4860E-04  2.4669E-04  2.4096E-04  2.5719E-04  2.4669E-04  2.4096E-04  2.2441E-04  2.4383E-04  2.3587E-04
       2.3459E-04  2.1836E-04  2.3650E-04  2.4064E-04  2.4223E-04  2.4001E-04  2.3332E-04  2.3969E-04  2.4255E-04  2.3682E-04
       2.2059E-04  2.1900E-04  2.2218E-04  2.2473E-04  2.3332E-04  2.2123E-04  2.1550E-04  2.1327E-04  2.2664E-04  2.2186E-04
       2.3109E-04  2.2473E-04  2.1868E-04  2.0817E-04  2.1995E-04  2.1613E-04  2.1390E-04  2.0786E-04  2.1581E-04  2.1104E-04
       2.2505E-04  2.1741E-04  1.9703E-04  2.0117E-04  2.0467E-04  2.3428E-04  2.1995E-04  2.1231E-04  1.9481E-04  2.0913E-04
       2.0881E-04  2.2154E-04  2.1263E-04  2.1518E-04  2.1390E-04  2.0308E-04  2.2186E-04  2.0595E-04  1.9799E-04  2.0117E-04
       2.0213E-04  1.8589E-04  1.8462E-04  2.0054E-04  1.9385E-04  1.9544E-04  1.8462E-04  1.8653E-04  1.8303E-04  2.0022E-04
       1.9130E-04  1.9417E-04  1.7730E-04  1.8621E-04  1.8080E-04  1.8016E-04  1.9608E-04  1.7921E-04  1.7284E-04  1.6648E-04
       1.7189E-04  1.5979E-04  1.9544E-04  1.4961E-04  1.7507E-04  1.6839E-04  1.6743E-04  1.6361E-04  1.5056E-04  1.5629E-04
       1.6488E-04  1.5183E-04  1.4547E-04  1.4292E-04  1.5629E-04  1.4706E-04  1.5088E-04  1.3655E-04  1.3846E-04  1.3687E-04
       1.2764E-04  1.2955E-04  1.3624E-04  1.2319E-04  1.1682E-04  1.0441E-04  1.1364E-04  9.7721E-05  1.0441E-04  9.9631E-05
       8.9445E-05  8.8808E-05  8.2761E-05  7.9896E-05  7.5758E-05  7.4803E-05  7.3211E-05  7.2256E-05  7.6076E-05  6.7800E-05
       7.8941E-05  7.0665E-05  7.5121E-05  8.1487E-05  8.5625E-05  8.4670E-05  8.8490E-05  9.2628E-05  9.1355E-05  1.1332E-04
       1.0568E-04  1.2287E-04  1.3051E-04  1.3305E-04  1.3974E-04  1.5374E-04  1.5374E-04  1.6870E-04  1.7380E-04  1.5915E-04
       1.7985E-04  1.7889E-04  1.9640E-04  2.3523E-04  3.4441E-04  5.2298E-04  9.4124E-04  1.7338E-03  3.2165E-03  5.9970E-03
       1.0809E-02  1.9013E-02  3.2567E-02  5.2981E-02  8.2609E-02  1.2505E-01  1.8066E-01  2.5118E-01  3.3357E-01  4.2251E-01
       5.1186E-01  5.9062E-01  6.5116E-01  6.8360E-01  6.8324E-01  6.4813E-01  5.8588E-01  5.0255E-01  4.0892E-01  3.1547E-01
       2.3068E-01  1.5991E-01  1.0516E-01  6.5190E-02  3.8328E-02  2.1272E-02  1.1113E-02  5.4434E-03  2.6117E-03  1.1672E-03
       4.8001E-04  1.8748E-04  7.3848E-05  2.3873E-05  8.2761E-06  3.5014E-06  9.5493E-07  3.1831E-07  3.1831E-07  0.0000E+00
       0.0000E+00  0.0000E+00  0.0000E+00  0.0000E+00  0.0000E+00  0.0000E+00  0.0000E+00  0.0000E+00  0.0000E+00  0.0000E+00
       0.0000E+00  0.0000E+00  0.0000E+00  0.0000E+00  0.0000E+00  0.0000E+00  0.0000E+00  0.0000E+00  0.0000E+00  0.0000E+00
       0.0000E+00  0.0000E+00  0.0000E+00  0.0000E+00  0.0000E+00  0.0000E+00  0.0000E+00  0.0000E+00  0.0000E+00  0.0000E+00
       0.0000E+00  0.0000E+00  0.0000E+00  0.0000E+00  0.0000E+00  0.0000E+00  0.0000E+00  0.0000E+00  0.0000E+00  0.0000E+00
       0.0000E+00  0.0000E+00  0.0000E+00  0.0000E+00  0.0000E+00  0.0000E+00  0.0000E+00  0.0000E+00  0.0000E+00  0.0000E+00
       0.0000E+00  0.0000E+00  0.0000E+00  0.0000E+00  0.0000E+00  0.0000E+00  0.0000E+00  0.0000E+00  0.0000E+00  0.0000E+00
       0.0000E+00  0.0000E+00  0.0000E+00  0.0000E+00  0.0000E+00  0.0000E+00  0.0000E+00  0.0000E+00  0.0000E+00  0.0000E+00
       0.0000E+00  0.0000E+00  0.0000E+00  0.0000E+00  0.0000E+00  0.0000E+00  0.0000E+00  0.0000E+00  0.0000E+00  0.0000E+00
       0.0000E+00  0.0000E+00  0.0000E+00  0.0000E+00  0.0000E+00  0.0000E+00  0.0000E+00  0.0000E+00  0.0000E+00  0.0000E+00
       0.0000E+00  0.0000E+00  0.0000E+00  0.0000E+00  0.0000E+00  0.0000E+00  0.0000E+00  0.0000E+00  0.0000E+00  0.0000E+00
       0.0000E+00  0.0000E+00  0.0000E+00  0.0000E+00  0.0000E+00  0.0000E+00  0.0000E+00  0.0000E+00  0.0000E+00  0.0000E+00
       0.0000E+00  0.0000E+00  0.0000E+00  0.0000E+00  0.0000E+00  0.0000E+00  0.0000E+00  0.0000E+00  0.0000E+00  0.0000E+00
       0.0000E+00  0.0000E+00  0.0000E+00  0.0000E+00  0.0000E+00  0.0000E+00  0.0000E+00  0.0000E+00  0.0000E+00  0.0000E+00
       0.0000E+00  0.0000E+00  0.0000E+00  0.0000E+00  0.0000E+00  0.0000E+00  0.0000E+00  0.0000E+00  0.0000E+00  0.0000E+00
       0.0000E+00  0.0000E+00  0.0000E+00  0.0000E+00  0.0000E+00  0.0000E+00  0.0000E+00  0.0000E+00  0.0000E+00  0.0000E+00
       0.0000E+00  0.0000E+00  0.0000E+00  0.0000E+00  0.0000E+00  0.0000E+00  0.0000E+00  0.0000E+00  0.0000E+00  0.0000E+00
       0.0000E+00  0.0000E+00  0.0000E+00  0.0000E+00  0.0000E+00  0.0000E+00  0.0000E+00  0.0000E+00  0.0000E+00  0.0000E+00
       0.0000E+00  0.0000E+00  0.0000E+00  0.0000E+00  0.0000E+00  0.0000E+00  0.0000E+00  0.0000E+00  0.0000E+00  0.0000E+00
       0.0000E+00  0.0000E+00  0.0000E+00  0.0000E+00  0.0000E+00  0.0000E+00  0.0000E+00  0.0000E+00  0.0000E+00  0.0000E+00
       0.0000E+00  0.0000E+00  0.0000E+00  0.0000E+00  0.0000E+00  0.0000E+00  0.0000E+00  0.0000E+00  0.0000E+00  0.0000E+00
       0.0000E+00  0.0000E+00  0.0000E+00  0.0000E+00  0.0000E+00  0.0000E+00  0.0000E+00  0.0000E+00  0.0000E+00  0.0000E+00
       0.0000E+00  0.0000E+00  0.0000E+00  0.0000E+00  0.0000E+00  0.0000E+00  0.0000E+00  0.0000E+00  0.0000E+00  0.0000E+00
       0.0000E+00  0.0000E+00  0.0000E+00  0.0000E+00  0.0000E+00  0.0000E+00  0.0000E+00  0.0000E+00  0.0000E+00  0.0000E+00
       0.0000E+00  0.0000E+00  0.0000E+00  0.0000E+00  0.0000E+00  0.0000E+00  0.0000E+00  0.0000E+00  0.0000E+00  0.0000E+00
       0.0000E+00  0.0000E+00  0.0000E+00  0.0000E+00  0.0000E+00  0.0000E+00  0.0000E+00  0.0000E+00  0.0000E+00  0.0000E+00
       0.0000E+00  0.0000E+00  0.0000E+00  0.0000E+00  0.0000E+00  0.0000E+00  0.0000E+00  0.0000E+00  0.0000E+00  0.0000E+00
       0.0000E+00  0.0000E+00  0.0000E+00  0.0000E+00  0.0000E+00  0.0000E+00  0.0000E+00  0.0000E+00  0.0000E+00  0.0000E+00
       0.0000E+00  0.0000E+00  0.0000E+00  0.0000E+00  0.0000E+00  0.0000E+00  0.0000E+00  0.0000E+00  0.0000E+00  0.0000E+00
