
 *****  Protons in Lexan (0.18GeV, 1cm)                                                   *****

           DATE: 12/18/18,  TIME:  8:56: 0

          Total number of particles followed       25000000, for a total weight of  2.5000E+07

1

   Res. nuclei n.   1  "Ian       " ,  all         products, region n.     5
      detector volume:  1.0000E+00 cm**3
      Max. Z:  10, Max. N-Z:  11 Min. N-Z: -4
      Data follow in a matrix A(z,n-z-k), k: -5 format (1(5x,1p,10(1x,e11.4)))

       0.0000E+00  0.0000E+00  0.0000E+00  0.0000E+00  0.0000E+00  0.0000E+00  0.0000E+00  0.0000E+00  0.0000E+00  0.0000E+00
       0.0000E+00  0.0000E+00  0.0000E+00  0.0000E+00  0.0000E+00  1.4440E-05  0.0000E+00  9.6000E-07  0.0000E+00  0.0000E+00
       0.0000E+00  0.0000E+00  0.0000E+00  0.0000E+00  1.0700E-04  2.0112E-04  2.4440E-05  4.3920E-05  0.0000E+00  0.0000E+00
       2.3216E-02  3.0142E-03  0.0000E+00  1.4116E-03  0.0000E+00  4.2016E-03  5.9000E-05  1.0089E-03  0.0000E+00  0.0000E+00
       5.5728E-03  2.3528E-02  1.9482E-03  0.0000E+00  1.3963E-03  5.8438E-03  4.6980E-04  6.9826E-04  1.6000E-07  1.6000E-07
       1.5446E-03  0.0000E+00  1.0314E-03  2.8917E-04  2.5392E-03  2.6699E-04  6.3438E-04  9.4721E-07  4.0000E-08  0.0000E+00
       0.0000E+00  6.3640E-05  8.3680E-05  1.7888E-04  2.7317E-05  6.2200E-05  1.6894E-06  1.2000E-06  0.0000E+00  0.0000E+00
       0.0000E+00  0.0000E+00  5.7200E-06  1.1600E-06  1.6800E-06  8.0000E-08  8.0000E-07  0.0000E+00  0.0000E+00  0.0000E+00
       0.0000E+00  4.0000E-08  0.0000E+00  4.0000E-08  0.0000E+00  4.0000E-08  0.0000E+00  0.0000E+00  0.0000E+00  0.0000E+00
       0.0000E+00  0.0000E+00  0.0000E+00  0.0000E+00  0.0000E+00  0.0000E+00  0.0000E+00  0.0000E+00  0.0000E+00  0.0000E+00
       0.0000E+00  0.0000E+00  0.0000E+00  0.0000E+00  0.0000E+00  0.0000E+00  0.0000E+00  0.0000E+00  0.0000E+00  0.0000E+00
       0.0000E+00  0.0000E+00  0.0000E+00  0.0000E+00  0.0000E+00  0.0000E+00  0.0000E+00  0.0000E+00  0.0000E+00  0.0000E+00
       0.0000E+00  0.0000E+00  0.0000E+00  0.0000E+00  0.0000E+00  0.0000E+00  0.0000E+00  0.0000E+00  0.0000E+00  0.0000E+00
       0.0000E+00  0.0000E+00  0.0000E+00  0.0000E+00  0.0000E+00  0.0000E+00  0.0000E+00  0.0000E+00  0.0000E+00  0.0000E+00
       0.0000E+00  0.0000E+00  0.0000E+00  0.0000E+00  0.0000E+00  0.0000E+00  0.0000E+00  0.0000E+00  0.0000E+00  0.0000E+00
       0.0000E+00  0.0000E+00  0.0000E+00  0.0000E+00  0.0000E+00  0.0000E+00  0.0000E+00  0.0000E+00  0.0000E+00  0.0000E+00
