
 *****  Protons in Lexan (0.18GeV, 1cm)                                                   *****

           DATE: 12/18/18,  TIME:  8:56: 0

          Total number of particles followed       25000000, for a total weight of  2.5000E+07

1

   Bdrx n.   2  "ofluence  " , generalized particle n.    1, from region n.     5 to region n.     4
      detector area:  1.0000E+02 cm**2
      this is a one way only estimator
      this is a fluence like estimator
      linear energy binning from   1.0000E-01 to  2.3000E-01 GeV,   650 bins ( 2.0000E-04 GeV wide)
      linear angular binning from  0.0000E+00 to  6.2832E+00 sr ,     1 bins ( 6.2832E+00 sr wide )
      Data follow in a matrix A(ie,ia), format (1(5x,1p,10(1x,e11.4)))

       3.1911E-04  3.4417E-04  3.5101E-04  3.4047E-04  3.5502E-04  3.2577E-04  3.0767E-04  3.2218E-04  3.2043E-04  3.1528E-04
       3.1757E-04  3.2560E-04  3.1855E-04  3.0141E-04  3.0402E-04  3.3469E-04  3.2147E-04  2.9718E-04  3.3995E-04  3.4551E-04
       3.3379E-04  3.3788E-04  3.4474E-04  3.1547E-04  3.3881E-04  3.3570E-04  3.1866E-04  3.1689E-04  3.4246E-04  3.1815E-04
       3.1779E-04  3.4023E-04  3.3635E-04  3.2992E-04  3.4837E-04  3.1110E-04  3.2635E-04  3.0635E-04  3.4783E-04  3.3111E-04
       3.5599E-04  3.1658E-04  3.0697E-04  3.3133E-04  3.1821E-04  3.3927E-04  3.3779E-04  3.2658E-04  3.3093E-04  3.1339E-04
       3.3746E-04  3.2259E-04  3.2738E-04  3.3344E-04  2.9808E-04  3.2189E-04  3.3058E-04  3.1788E-04  3.3050E-04  3.3391E-04
       3.1798E-04  3.1770E-04  3.1263E-04  3.2558E-04  3.1759E-04  3.3000E-04  3.2518E-04  3.1244E-04  3.2564E-04  3.3876E-04
       3.2046E-04  3.2988E-04  3.1218E-04  3.2580E-04  3.0473E-04  3.2793E-04  3.0735E-04  3.2207E-04  3.2719E-04  3.0490E-04
       3.2696E-04  2.9530E-04  3.4070E-04  3.0856E-04  3.1367E-04  3.4591E-04  3.1898E-04  3.1865E-04  3.1921E-04  3.3248E-04
       3.3020E-04  3.3522E-04  3.3498E-04  3.0558E-04  3.0495E-04  3.2689E-04  3.0213E-04  3.0592E-04  3.0449E-04  3.0088E-04
       3.0324E-04  3.3328E-04  3.0725E-04  3.2414E-04  2.9986E-04  3.2214E-04  3.0929E-04  3.2754E-04  3.2028E-04  2.9800E-04
       2.8804E-04  3.1472E-04  3.1609E-04  3.3460E-04  3.0904E-04  3.0291E-04  3.3602E-04  3.1898E-04  2.9531E-04  3.0140E-04
       3.1611E-04  3.2392E-04  3.1555E-04  3.0801E-04  3.1929E-04  3.0861E-04  2.9847E-04  3.0242E-04  2.9832E-04  2.9633E-04
       3.0201E-04  3.0788E-04  2.9262E-04  3.1404E-04  3.0786E-04  2.9980E-04  3.0898E-04  3.0420E-04  3.0854E-04  3.1145E-04
       2.9921E-04  3.0644E-04  2.9413E-04  3.1230E-04  2.8299E-04  3.2782E-04  2.9644E-04  2.9725E-04  3.0455E-04  2.8642E-04
       3.1760E-04  2.8960E-04  2.8626E-04  2.7938E-04  2.8288E-04  2.9939E-04  3.0560E-04  2.9908E-04  2.9433E-04  2.8302E-04
       3.0286E-04  2.8108E-04  3.0624E-04  2.7690E-04  2.6744E-04  2.8616E-04  2.8656E-04  3.0484E-04  2.9934E-04  2.8574E-04
       2.7498E-04  2.8843E-04  2.7327E-04  2.8218E-04  2.7416E-04  2.8640E-04  2.7544E-04  2.7327E-04  2.8024E-04  2.8256E-04
       2.6710E-04  2.7896E-04  2.7854E-04  2.7118E-04  2.8848E-04  2.7801E-04  2.7020E-04  2.5208E-04  2.7278E-04  2.7162E-04
       2.6180E-04  2.4499E-04  2.6349E-04  2.6764E-04  2.7026E-04  2.6706E-04  2.6062E-04  2.6686E-04  2.7187E-04  2.6403E-04
       2.4500E-04  2.4484E-04  2.4806E-04  2.5230E-04  2.6027E-04  2.4526E-04  2.4019E-04  2.3600E-04  2.5043E-04  2.4648E-04
       2.5646E-04  2.4831E-04  2.4190E-04  2.3032E-04  2.4262E-04  2.3824E-04  2.3565E-04  2.2752E-04  2.3560E-04  2.3997E-04
       2.4969E-04  2.3755E-04  2.1736E-04  2.2141E-04  2.2365E-04  2.5825E-04  2.4118E-04  2.3242E-04  2.1284E-04  2.2982E-04
       2.2818E-04  2.4117E-04  2.3192E-04  2.3579E-04  2.3339E-04  2.2323E-04  2.4513E-04  2.2336E-04  2.1417E-04  2.1810E-04
       2.1894E-04  2.0434E-04  2.0025E-04  2.1634E-04  2.1054E-04  2.1129E-04  2.0020E-04  2.0210E-04  1.9707E-04  2.1493E-04
       2.0860E-04  2.1007E-04  1.9288E-04  1.9867E-04  1.9352E-04  1.9470E-04  2.1019E-04  1.9286E-04  1.8645E-04  1.7761E-04
       1.8400E-04  1.7352E-04  2.1134E-04  1.5986E-04  1.8843E-04  1.8021E-04  1.7821E-04  1.7551E-04  1.6297E-04  1.6659E-04
       1.7643E-04  1.6325E-04  1.5425E-04  1.5080E-04  1.6628E-04  1.5623E-04  1.6028E-04  1.4461E-04  1.4811E-04  1.4632E-04
       1.3564E-04  1.3721E-04  1.4671E-04  1.3030E-04  1.2628E-04  1.1252E-04  1.2095E-04  1.0628E-04  1.1192E-04  1.0628E-04
       9.5990E-05  9.6937E-05  8.9378E-05  8.7043E-05  8.3504E-05  8.1878E-05  8.1165E-05  7.9635E-05  8.3659E-05  7.4931E-05
       9.5078E-05  7.7490E-05  8.3302E-05  8.9660E-05  9.3270E-05  9.3547E-05  9.5748E-05  9.9560E-05  1.0025E-04  1.2136E-04
       1.1543E-04  1.3276E-04  1.3913E-04  1.4156E-04  1.4813E-04  1.6309E-04  1.6333E-04  1.7948E-04  1.8339E-04  1.6824E-04
       1.8941E-04  1.8953E-04  2.0653E-04  2.4498E-04  3.5768E-04  5.4047E-04  9.5699E-04  1.7541E-03  3.2412E-03  6.0258E-03
       1.0843E-02  1.9056E-02  3.2619E-02  5.3042E-02  8.2682E-02  1.2514E-01  1.8076E-01  2.5129E-01  3.3370E-01  4.2265E-01
       5.1201E-01  5.9078E-01  6.5131E-01  6.8374E-01  6.8338E-01  6.4825E-01  5.8599E-01  5.0264E-01  4.0899E-01  3.1552E-01
       2.3072E-01  1.5994E-01  1.0517E-01  6.5199E-02  3.8333E-02  2.1275E-02  1.1114E-02  5.4441E-03  2.6121E-03  1.1674E-03
       4.8006E-04  1.8751E-04  7.3856E-05  2.3877E-05  8.2767E-06  3.5017E-06  9.5497E-07  3.1834E-07  3.1834E-07  0.0000E+00
       0.0000E+00  0.0000E+00  0.0000E+00  0.0000E+00  0.0000E+00  0.0000E+00  0.0000E+00  0.0000E+00  0.0000E+00  0.0000E+00
       0.0000E+00  0.0000E+00  0.0000E+00  0.0000E+00  0.0000E+00  0.0000E+00  0.0000E+00  0.0000E+00  0.0000E+00  0.0000E+00
       0.0000E+00  0.0000E+00  0.0000E+00  0.0000E+00  0.0000E+00  0.0000E+00  0.0000E+00  0.0000E+00  0.0000E+00  0.0000E+00
       0.0000E+00  0.0000E+00  0.0000E+00  0.0000E+00  0.0000E+00  0.0000E+00  0.0000E+00  0.0000E+00  0.0000E+00  0.0000E+00
       0.0000E+00  0.0000E+00  0.0000E+00  0.0000E+00  0.0000E+00  0.0000E+00  0.0000E+00  0.0000E+00  0.0000E+00  0.0000E+00
       0.0000E+00  0.0000E+00  0.0000E+00  0.0000E+00  0.0000E+00  0.0000E+00  0.0000E+00  0.0000E+00  0.0000E+00  0.0000E+00
       0.0000E+00  0.0000E+00  0.0000E+00  0.0000E+00  0.0000E+00  0.0000E+00  0.0000E+00  0.0000E+00  0.0000E+00  0.0000E+00
       0.0000E+00  0.0000E+00  0.0000E+00  0.0000E+00  0.0000E+00  0.0000E+00  0.0000E+00  0.0000E+00  0.0000E+00  0.0000E+00
       0.0000E+00  0.0000E+00  0.0000E+00  0.0000E+00  0.0000E+00  0.0000E+00  0.0000E+00  0.0000E+00  0.0000E+00  0.0000E+00
       0.0000E+00  0.0000E+00  0.0000E+00  0.0000E+00  0.0000E+00  0.0000E+00  0.0000E+00  0.0000E+00  0.0000E+00  0.0000E+00
       0.0000E+00  0.0000E+00  0.0000E+00  0.0000E+00  0.0000E+00  0.0000E+00  0.0000E+00  0.0000E+00  0.0000E+00  0.0000E+00
       0.0000E+00  0.0000E+00  0.0000E+00  0.0000E+00  0.0000E+00  0.0000E+00  0.0000E+00  0.0000E+00  0.0000E+00  0.0000E+00
       0.0000E+00  0.0000E+00  0.0000E+00  0.0000E+00  0.0000E+00  0.0000E+00  0.0000E+00  0.0000E+00  0.0000E+00  0.0000E+00
       0.0000E+00  0.0000E+00  0.0000E+00  0.0000E+00  0.0000E+00  0.0000E+00  0.0000E+00  0.0000E+00  0.0000E+00  0.0000E+00
       0.0000E+00  0.0000E+00  0.0000E+00  0.0000E+00  0.0000E+00  0.0000E+00  0.0000E+00  0.0000E+00  0.0000E+00  0.0000E+00
       0.0000E+00  0.0000E+00  0.0000E+00  0.0000E+00  0.0000E+00  0.0000E+00  0.0000E+00  0.0000E+00  0.0000E+00  0.0000E+00
       0.0000E+00  0.0000E+00  0.0000E+00  0.0000E+00  0.0000E+00  0.0000E+00  0.0000E+00  0.0000E+00  0.0000E+00  0.0000E+00
       0.0000E+00  0.0000E+00  0.0000E+00  0.0000E+00  0.0000E+00  0.0000E+00  0.0000E+00  0.0000E+00  0.0000E+00  0.0000E+00
       0.0000E+00  0.0000E+00  0.0000E+00  0.0000E+00  0.0000E+00  0.0000E+00  0.0000E+00  0.0000E+00  0.0000E+00  0.0000E+00
       0.0000E+00  0.0000E+00  0.0000E+00  0.0000E+00  0.0000E+00  0.0000E+00  0.0000E+00  0.0000E+00  0.0000E+00  0.0000E+00
       0.0000E+00  0.0000E+00  0.0000E+00  0.0000E+00  0.0000E+00  0.0000E+00  0.0000E+00  0.0000E+00  0.0000E+00  0.0000E+00
       0.0000E+00  0.0000E+00  0.0000E+00  0.0000E+00  0.0000E+00  0.0000E+00  0.0000E+00  0.0000E+00  0.0000E+00  0.0000E+00
       0.0000E+00  0.0000E+00  0.0000E+00  0.0000E+00  0.0000E+00  0.0000E+00  0.0000E+00  0.0000E+00  0.0000E+00  0.0000E+00
       0.0000E+00  0.0000E+00  0.0000E+00  0.0000E+00  0.0000E+00  0.0000E+00  0.0000E+00  0.0000E+00  0.0000E+00  0.0000E+00
       0.0000E+00  0.0000E+00  0.0000E+00  0.0000E+00  0.0000E+00  0.0000E+00  0.0000E+00  0.0000E+00  0.0000E+00  0.0000E+00
       0.0000E+00  0.0000E+00  0.0000E+00  0.0000E+00  0.0000E+00  0.0000E+00  0.0000E+00  0.0000E+00  0.0000E+00  0.0000E+00
       0.0000E+00  0.0000E+00  0.0000E+00  0.0000E+00  0.0000E+00  0.0000E+00  0.0000E+00  0.0000E+00  0.0000E+00  0.0000E+00
       0.0000E+00  0.0000E+00  0.0000E+00  0.0000E+00  0.0000E+00  0.0000E+00  0.0000E+00  0.0000E+00  0.0000E+00  0.0000E+00
1

   Bdrx n.   6  "ofluence  " , generalized particle n.    1, from region n.     5 to region n.     4
      detector area:  1.0000E+02 cm**2
      this is a one way only estimator
      this is a fluence like estimator
      linear energy binning from   0.0000E+00 to  3.0000E+02 GeV,     1 bins ( 3.0000E+02 GeV wide)
      linear angular binning from  0.0000E+00 to  6.2832E+00 sr ,     1 bins ( 6.2832E+00 sr wide )
      Data follow in a matrix A(ie,ia), format (1(5x,1p,10(1x,e11.4)))

       5.3264E-06
