
 *****  Protons in Lexan (0.23GeV, 1.0cm)                                                 *****

           DATE: 11/29/18,  TIME: 18:34:32

          Total number of particles followed       10000000, for a total weight of  1.0000E+07

1

   Res. nuclei n.   1  "Ian       " ,  all         products, region n.     5
      detector volume:  1.0000E+00 cm**3
      Max. Z:  10, Max. N-Z:  11 Min. N-Z: -4
      Data follow in a matrix A(z,n-z-k), k: -5 format (1(5x,1p,10(1x,e11.4)))

       0.0000E+00  0.0000E+00  0.0000E+00  0.0000E+00  0.0000E+00  0.0000E+00  0.0000E+00  0.0000E+00  0.0000E+00  0.0000E+00
       0.0000E+00  0.0000E+00  0.0000E+00  0.0000E+00  0.0000E+00  5.8000E-06  0.0000E+00  5.0000E-07  0.0000E+00  0.0000E+00
       0.0000E+00  0.0000E+00  0.0000E+00  0.0000E+00  5.5100E-05  1.0980E-04  1.1700E-05  2.6800E-05  0.0000E+00  0.0000E+00
       8.8670E-03  1.4083E-03  0.0000E+00  6.7600E-04  0.0000E+00  2.0625E-03  3.0300E-05  4.8804E-04  0.0000E+00  0.0000E+00
       2.3176E-03  1.0997E-02  8.9980E-04  0.0000E+00  7.2640E-04  2.2361E-03  2.4300E-04  2.7044E-04  2.0000E-07  1.0000E-07
       7.4880E-04  0.0000E+00  5.2870E-04  1.4835E-04  1.3831E-03  1.2449E-04  3.3907E-04  2.0244E-07  0.0000E+00  0.0000E+00
       0.0000E+00  3.3200E-05  4.1600E-05  9.9300E-05  1.3306E-05  3.8400E-05  4.8679E-07  2.0000E-07  0.0000E+00  0.0000E+00
       0.0000E+00  0.0000E+00  3.2000E-06  4.0000E-07  8.0000E-07  0.0000E+00  4.0000E-07  0.0000E+00  0.0000E+00  0.0000E+00
       0.0000E+00  1.0000E-07  0.0000E+00  1.0000E-07  0.0000E+00  0.0000E+00  0.0000E+00  0.0000E+00  0.0000E+00  0.0000E+00
       0.0000E+00  0.0000E+00  0.0000E+00  0.0000E+00  0.0000E+00  0.0000E+00  0.0000E+00  0.0000E+00  0.0000E+00  0.0000E+00
       0.0000E+00  0.0000E+00  0.0000E+00  0.0000E+00  0.0000E+00  0.0000E+00  0.0000E+00  0.0000E+00  0.0000E+00  0.0000E+00
       0.0000E+00  0.0000E+00  0.0000E+00  0.0000E+00  0.0000E+00  0.0000E+00  0.0000E+00  0.0000E+00  0.0000E+00  0.0000E+00
       0.0000E+00  0.0000E+00  0.0000E+00  0.0000E+00  0.0000E+00  0.0000E+00  0.0000E+00  0.0000E+00  0.0000E+00  0.0000E+00
       0.0000E+00  0.0000E+00  0.0000E+00  0.0000E+00  0.0000E+00  0.0000E+00  0.0000E+00  0.0000E+00  0.0000E+00  0.0000E+00
       0.0000E+00  0.0000E+00  0.0000E+00  0.0000E+00  0.0000E+00  0.0000E+00  0.0000E+00  0.0000E+00  0.0000E+00  0.0000E+00
       0.0000E+00  0.0000E+00  0.0000E+00  0.0000E+00  0.0000E+00  0.0000E+00  0.0000E+00  0.0000E+00  0.0000E+00  0.0000E+00
