
 *****  Protons in Lexan (0.24GeV, 3cm)                                                   *****

           DATE: 12/18/18,  TIME:  9: 3:52

          Total number of particles followed       10000000, for a total weight of  1.0000E+07

1

   Bdrx n.   2  "ofluence  " , generalized particle n.    1, from region n.     5 to region n.     4
      detector area:  1.0000E+02 cm**2
      this is a one way only estimator
      this is a fluence like estimator
      linear energy binning from   1.6000E-01 to  2.9000E-01 GeV,   650 bins ( 2.0000E-04 GeV wide)
      linear angular binning from  0.0000E+00 to  6.2832E+00 sr ,     1 bins ( 6.2832E+00 sr wide )
      Data follow in a matrix A(ie,ia), format (1(5x,1p,10(1x,e11.4)))

       5.3667E-04  5.5218E-04  5.6145E-04  5.7849E-04  5.9347E-04  5.2487E-04  5.6751E-04  5.6778E-04  5.0099E-04  5.9793E-04
       5.1327E-04  5.7065E-04  5.4606E-04  5.4626E-04  5.7721E-04  6.1053E-04  5.7717E-04  5.6096E-04  5.5321E-04  5.4975E-04
       5.4282E-04  5.1317E-04  5.6482E-04  5.7557E-04  5.5615E-04  5.3981E-04  5.6242E-04  5.4405E-04  5.3467E-04  5.5990E-04
       5.2612E-04  5.5902E-04  5.3200E-04  5.1708E-04  5.2296E-04  5.4405E-04  5.7492E-04  5.2930E-04  5.5155E-04  5.7735E-04
       5.6611E-04  5.3832E-04  5.5420E-04  5.7581E-04  5.1839E-04  5.6896E-04  5.4832E-04  5.2449E-04  5.6399E-04  5.3961E-04
       5.7435E-04  5.4991E-04  5.2980E-04  5.2307E-04  5.3728E-04  5.4431E-04  5.6812E-04  6.0659E-04  5.5445E-04  5.3027E-04
       5.3112E-04  5.3542E-04  5.3747E-04  5.2053E-04  5.3480E-04  5.7899E-04  5.3937E-04  4.8302E-04  5.5141E-04  5.4192E-04
       5.0821E-04  5.6223E-04  5.7981E-04  5.5860E-04  6.1100E-04  5.2030E-04  5.5486E-04  5.3735E-04  5.6848E-04  4.9704E-04
       5.3831E-04  4.9160E-04  5.3880E-04  5.5693E-04  4.9654E-04  5.4553E-04  5.3677E-04  5.5062E-04  5.0491E-04  5.6002E-04
       4.7924E-04  5.1408E-04  5.4470E-04  5.1822E-04  5.1299E-04  5.0842E-04  4.8142E-04  5.0684E-04  4.8971E-04  5.3976E-04
       5.5633E-04  4.9488E-04  5.1142E-04  4.7800E-04  5.1883E-04  5.4787E-04  5.2990E-04  4.8255E-04  5.3848E-04  4.7915E-04
       5.0102E-04  4.8855E-04  4.9128E-04  4.9541E-04  5.1096E-04  4.9884E-04  5.0685E-04  4.6380E-04  5.1070E-04  5.1415E-04
       4.4644E-04  4.9209E-04  4.6387E-04  4.6449E-04  4.6756E-04  4.7297E-04  4.8202E-04  4.6132E-04  4.5082E-04  4.7054E-04
       4.4468E-04  4.6660E-04  4.5349E-04  4.5223E-04  4.6155E-04  4.8828E-04  4.3126E-04  4.4000E-04  4.5426E-04  4.4996E-04
       4.4033E-04  4.4520E-04  4.4833E-04  4.4736E-04  4.7434E-04  4.2214E-04  4.0323E-04  4.4053E-04  4.4396E-04  4.2011E-04
       4.1223E-04  4.4626E-04  4.5039E-04  4.6341E-04  4.0300E-04  4.4825E-04  4.3162E-04  4.0851E-04  4.1116E-04  3.9887E-04
       3.8420E-04  3.8851E-04  4.0849E-04  3.8602E-04  3.9969E-04  3.7916E-04  4.0548E-04  3.9125E-04  3.9753E-04  4.1002E-04
       4.2453E-04  3.9793E-04  4.0306E-04  3.8397E-04  4.1253E-04  3.6411E-04  3.7442E-04  3.5729E-04  3.6695E-04  3.6784E-04
       3.7044E-04  3.3992E-04  3.7123E-04  3.4553E-04  3.7003E-04  3.6227E-04  3.5177E-04  3.5861E-04  3.4850E-04  3.5140E-04
       3.6386E-04  3.4186E-04  3.4767E-04  3.4282E-04  3.1758E-04  3.0270E-04  3.4135E-04  3.4022E-04  3.3279E-04  3.2784E-04
       3.1689E-04  3.0109E-04  2.9636E-04  2.9195E-04  3.1982E-04  3.0901E-04  2.9623E-04  2.8622E-04  2.9117E-04  2.8067E-04
       2.8226E-04  2.6451E-04  2.6970E-04  2.7474E-04  2.6249E-04  2.6743E-04  2.4482E-04  2.6572E-04  2.2650E-04  2.3772E-04
       2.2121E-04  2.1187E-04  2.1951E-04  1.9433E-04  2.0791E-04  1.9539E-04  1.8192E-04  1.8969E-04  1.6996E-04  1.7324E-04
       1.7443E-04  1.3672E-04  1.6208E-04  1.6291E-04  1.5236E-04  1.5232E-04  1.7313E-04  1.7954E-04  1.5231E-04  1.6972E-04
       1.8259E-04  2.0035E-04  1.9116E-04  1.9029E-04  1.9595E-04  1.9633E-04  2.0949E-04  1.9319E-04  2.0858E-04  2.4842E-04
       2.8877E-04  2.8175E-04  3.3943E-04  3.4994E-04  4.6164E-04  5.9926E-04  8.0707E-04  1.1591E-03  1.6606E-03  2.3863E-03
       3.4819E-03  5.1981E-03  7.8061E-03  1.1120E-02  1.6180E-02  2.2706E-02  3.1796E-02  4.3703E-02  5.9020E-02  7.7920E-02
       1.0075E-01  1.2871E-01  1.6122E-01  1.9603E-01  2.3586E-01  2.7614E-01  3.1739E-01  3.5581E-01  3.9086E-01  4.2007E-01
       4.3971E-01  4.5104E-01  4.5301E-01  4.4440E-01  4.2452E-01  3.9524E-01  3.6186E-01  3.2025E-01  2.7810E-01  2.3473E-01
       1.9286E-01  1.5463E-01  1.2065E-01  9.2034E-02  6.8401E-02  4.9312E-02  3.4443E-02  2.3680E-02  1.5592E-02  1.0288E-02
       6.2433E-03  3.8794E-03  2.3719E-03  1.3157E-03  7.3224E-04  4.1709E-04  2.1649E-04  1.0426E-04  5.8097E-05  2.8652E-05
       1.1142E-05  5.5716E-06  4.7754E-06  0.0000E+00  0.0000E+00  0.0000E+00  0.0000E+00  0.0000E+00  0.0000E+00  0.0000E+00
       0.0000E+00  0.0000E+00  0.0000E+00  0.0000E+00  0.0000E+00  0.0000E+00  0.0000E+00  0.0000E+00  0.0000E+00  0.0000E+00
       0.0000E+00  0.0000E+00  0.0000E+00  0.0000E+00  0.0000E+00  0.0000E+00  0.0000E+00  0.0000E+00  0.0000E+00  0.0000E+00
       0.0000E+00  0.0000E+00  0.0000E+00  0.0000E+00  0.0000E+00  0.0000E+00  0.0000E+00  0.0000E+00  0.0000E+00  0.0000E+00
       0.0000E+00  0.0000E+00  0.0000E+00  0.0000E+00  0.0000E+00  0.0000E+00  0.0000E+00  0.0000E+00  0.0000E+00  0.0000E+00
       0.0000E+00  0.0000E+00  0.0000E+00  0.0000E+00  0.0000E+00  0.0000E+00  0.0000E+00  0.0000E+00  0.0000E+00  0.0000E+00
       0.0000E+00  0.0000E+00  0.0000E+00  0.0000E+00  0.0000E+00  0.0000E+00  0.0000E+00  0.0000E+00  0.0000E+00  0.0000E+00
       0.0000E+00  0.0000E+00  0.0000E+00  0.0000E+00  0.0000E+00  0.0000E+00  0.0000E+00  0.0000E+00  0.0000E+00  0.0000E+00
       0.0000E+00  0.0000E+00  0.0000E+00  0.0000E+00  0.0000E+00  0.0000E+00  0.0000E+00  0.0000E+00  0.0000E+00  0.0000E+00
       0.0000E+00  0.0000E+00  0.0000E+00  0.0000E+00  0.0000E+00  0.0000E+00  0.0000E+00  0.0000E+00  0.0000E+00  0.0000E+00
       0.0000E+00  0.0000E+00  0.0000E+00  0.0000E+00  0.0000E+00  0.0000E+00  0.0000E+00  0.0000E+00  0.0000E+00  0.0000E+00
       0.0000E+00  0.0000E+00  0.0000E+00  0.0000E+00  0.0000E+00  0.0000E+00  0.0000E+00  0.0000E+00  0.0000E+00  0.0000E+00
       0.0000E+00  0.0000E+00  0.0000E+00  0.0000E+00  0.0000E+00  0.0000E+00  0.0000E+00  0.0000E+00  0.0000E+00  0.0000E+00
       0.0000E+00  0.0000E+00  0.0000E+00  0.0000E+00  0.0000E+00  0.0000E+00  0.0000E+00  0.0000E+00  0.0000E+00  0.0000E+00
       0.0000E+00  0.0000E+00  0.0000E+00  0.0000E+00  0.0000E+00  0.0000E+00  0.0000E+00  0.0000E+00  0.0000E+00  0.0000E+00
       0.0000E+00  0.0000E+00  0.0000E+00  0.0000E+00  0.0000E+00  0.0000E+00  0.0000E+00  0.0000E+00  0.0000E+00  0.0000E+00
       0.0000E+00  0.0000E+00  0.0000E+00  0.0000E+00  0.0000E+00  0.0000E+00  0.0000E+00  0.0000E+00  0.0000E+00  0.0000E+00
       0.0000E+00  0.0000E+00  0.0000E+00  0.0000E+00  0.0000E+00  0.0000E+00  0.0000E+00  0.0000E+00  0.0000E+00  0.0000E+00
       0.0000E+00  0.0000E+00  0.0000E+00  0.0000E+00  0.0000E+00  0.0000E+00  0.0000E+00  0.0000E+00  0.0000E+00  0.0000E+00
       0.0000E+00  0.0000E+00  0.0000E+00  0.0000E+00  0.0000E+00  0.0000E+00  0.0000E+00  0.0000E+00  0.0000E+00  0.0000E+00
       0.0000E+00  0.0000E+00  0.0000E+00  0.0000E+00  0.0000E+00  0.0000E+00  0.0000E+00  0.0000E+00  0.0000E+00  0.0000E+00
       0.0000E+00  0.0000E+00  0.0000E+00  0.0000E+00  0.0000E+00  0.0000E+00  0.0000E+00  0.0000E+00  0.0000E+00  0.0000E+00
       0.0000E+00  0.0000E+00  0.0000E+00  0.0000E+00  0.0000E+00  0.0000E+00  0.0000E+00  0.0000E+00  0.0000E+00  0.0000E+00
       0.0000E+00  0.0000E+00  0.0000E+00  0.0000E+00  0.0000E+00  0.0000E+00  0.0000E+00  0.0000E+00  0.0000E+00  0.0000E+00
       0.0000E+00  0.0000E+00  0.0000E+00  0.0000E+00  0.0000E+00  0.0000E+00  0.0000E+00  0.0000E+00  0.0000E+00  0.0000E+00
       0.0000E+00  0.0000E+00  0.0000E+00  0.0000E+00  0.0000E+00  0.0000E+00  0.0000E+00  0.0000E+00  0.0000E+00  0.0000E+00
       0.0000E+00  0.0000E+00  0.0000E+00  0.0000E+00  0.0000E+00  0.0000E+00  0.0000E+00  0.0000E+00  0.0000E+00  0.0000E+00
       0.0000E+00  0.0000E+00  0.0000E+00  0.0000E+00  0.0000E+00  0.0000E+00  0.0000E+00  0.0000E+00  0.0000E+00  0.0000E+00
       0.0000E+00  0.0000E+00  0.0000E+00  0.0000E+00  0.0000E+00  0.0000E+00  0.0000E+00  0.0000E+00  0.0000E+00  0.0000E+00
       0.0000E+00  0.0000E+00  0.0000E+00  0.0000E+00  0.0000E+00  0.0000E+00  0.0000E+00  0.0000E+00  0.0000E+00  0.0000E+00
       0.0000E+00  0.0000E+00  0.0000E+00  0.0000E+00  0.0000E+00  0.0000E+00  0.0000E+00  0.0000E+00  0.0000E+00  0.0000E+00
       0.0000E+00  0.0000E+00  0.0000E+00  0.0000E+00  0.0000E+00  0.0000E+00  0.0000E+00  0.0000E+00  0.0000E+00  0.0000E+00
       0.0000E+00  0.0000E+00  0.0000E+00  0.0000E+00  0.0000E+00  0.0000E+00  0.0000E+00  0.0000E+00  0.0000E+00  0.0000E+00
       0.0000E+00  0.0000E+00  0.0000E+00  0.0000E+00  0.0000E+00  0.0000E+00  0.0000E+00  0.0000E+00  0.0000E+00  0.0000E+00
1

   Bdrx n.   6  "ofluence  " , generalized particle n.    1, from region n.     5 to region n.     4
      detector area:  1.0000E+02 cm**2
      this is a one way only estimator
      this is a fluence like estimator
      linear energy binning from   0.0000E+00 to  3.0000E+02 GeV,     1 bins ( 3.0000E+02 GeV wide)
      linear angular binning from  0.0000E+00 to  6.2832E+00 sr ,     1 bins ( 6.2832E+00 sr wide )
      Data follow in a matrix A(ie,ia), format (1(5x,1p,10(1x,e11.4)))

       5.3186E-06
