
 *****  Protons in Lexan (0.24GeV, 3cm)                                                   *****

           DATE: 12/18/18,  TIME:  9: 3:52

          Total number of particles followed       10000000, for a total weight of  1.0000E+07

1

   Res. nuclei n.   1  "Ian       " ,  all         products, region n.     5
      detector volume:  1.0000E+00 cm**3
      Max. Z:  10, Max. N-Z:  11 Min. N-Z: -4
      Data follow in a matrix A(z,n-z-k), k: -5 format (1(5x,1p,10(1x,e11.4)))

       0.0000E+00  0.0000E+00  0.0000E+00  0.0000E+00  0.0000E+00  0.0000E+00  0.0000E+00  0.0000E+00  0.0000E+00  0.0000E+00
       0.0000E+00  0.0000E+00  0.0000E+00  0.0000E+00  0.0000E+00  3.4300E-05  0.0000E+00  2.2000E-06  0.0000E+00  0.0000E+00
       0.0000E+00  0.0000E+00  0.0000E+00  0.0000E+00  2.5590E-04  5.5220E-04  6.2400E-05  1.2220E-04  0.0000E+00  0.0000E+00
       8.3917E-02  7.1380E-03  0.0000E+00  3.3847E-03  0.0000E+00  1.0428E-02  1.4890E-04  2.5006E-03  0.0000E+00  0.0000E+00
       2.4715E-02  5.8134E-02  4.6391E-03  0.0000E+00  3.6798E-03  1.3299E-02  1.2210E-03  1.5461E-03  2.0000E-07  4.0000E-07
       4.0055E-03  0.0000E+00  2.7166E-03  7.9999E-04  7.1626E-03  6.8436E-04  1.7761E-03  2.7691E-06  2.0000E-07  0.0000E+00
       0.0000E+00  1.6800E-04  2.3470E-04  5.1700E-04  9.4382E-05  1.7230E-04  5.7481E-06  3.1000E-06  0.0000E+00  0.0000E+00
       0.0000E+00  0.0000E+00  1.8700E-05  3.1000E-06  5.5000E-06  6.0000E-07  1.9000E-06  0.0000E+00  0.0000E+00  0.0000E+00
       0.0000E+00  4.0000E-07  0.0000E+00  2.0000E-07  0.0000E+00  1.0000E-07  0.0000E+00  0.0000E+00  0.0000E+00  0.0000E+00
       0.0000E+00  0.0000E+00  0.0000E+00  0.0000E+00  0.0000E+00  0.0000E+00  0.0000E+00  0.0000E+00  0.0000E+00  0.0000E+00
       0.0000E+00  0.0000E+00  0.0000E+00  0.0000E+00  0.0000E+00  0.0000E+00  0.0000E+00  0.0000E+00  0.0000E+00  0.0000E+00
       0.0000E+00  0.0000E+00  0.0000E+00  0.0000E+00  0.0000E+00  0.0000E+00  0.0000E+00  0.0000E+00  0.0000E+00  0.0000E+00
       0.0000E+00  0.0000E+00  0.0000E+00  0.0000E+00  0.0000E+00  0.0000E+00  0.0000E+00  0.0000E+00  0.0000E+00  0.0000E+00
       0.0000E+00  0.0000E+00  0.0000E+00  0.0000E+00  0.0000E+00  0.0000E+00  0.0000E+00  0.0000E+00  0.0000E+00  0.0000E+00
       0.0000E+00  0.0000E+00  0.0000E+00  0.0000E+00  0.0000E+00  0.0000E+00  0.0000E+00  0.0000E+00  0.0000E+00  0.0000E+00
       0.0000E+00  0.0000E+00  0.0000E+00  0.0000E+00  0.0000E+00  0.0000E+00  0.0000E+00  0.0000E+00  0.0000E+00  0.0000E+00
