
 *****  Protons in Lexan (0.24GeV, 3cm)                                                   *****

           DATE: 12/18/18,  TIME:  9: 3:52

          Total number of particles followed       10000000, for a total weight of  1.0000E+07

1

   Bdrx n.   4  "ocurrent  " , generalized particle n.    1, from region n.     5 to region n.     4
      detector area:  1.0000E+02 cm**2
      this is a one way only estimator
      this is a current like estimator
      linear energy binning from   1.6000E-01 to  2.9000E-01 GeV,   650 bins ( 2.0000E-04 GeV wide)
      linear angular binning from  0.0000E+00 to  6.2832E+00 sr ,     1 bins ( 6.2832E+00 sr wide )
      Data follow in a matrix A(ie,ia), format (1(5x,1p,10(1x,e11.4)))

       4.6394E-04  4.7667E-04  4.8861E-04  5.0452E-04  5.1089E-04  4.5598E-04  4.9577E-04  4.9258E-04  4.3608E-04  5.1407E-04
       4.4643E-04  4.9577E-04  4.7349E-04  4.8144E-04  5.0293E-04  5.3237E-04  5.0691E-04  4.8940E-04  4.8224E-04  4.7906E-04
       4.7587E-04  4.5280E-04  4.9736E-04  5.0213E-04  4.8781E-04  4.7428E-04  4.8861E-04  4.8065E-04  4.6871E-04  4.9020E-04
       4.6075E-04  4.9258E-04  4.6792E-04  4.5598E-04  4.5916E-04  4.7906E-04  5.0532E-04  4.6155E-04  4.8383E-04  5.0532E-04
       5.0134E-04  4.7428E-04  4.8781E-04  5.0770E-04  4.6394E-04  5.0611E-04  4.8542E-04  4.6155E-04  4.9815E-04  4.8065E-04
       5.0850E-04  4.8781E-04  4.6951E-04  4.6314E-04  4.7667E-04  4.8383E-04  5.0452E-04  5.4511E-04  4.9418E-04  4.7189E-04
       4.7189E-04  4.7508E-04  4.7746E-04  4.6394E-04  4.8144E-04  5.1327E-04  4.8383E-04  4.2813E-04  4.9497E-04  4.8622E-04
       4.5439E-04  5.0373E-04  5.1566E-04  5.0373E-04  5.4749E-04  4.6632E-04  4.9895E-04  4.8383E-04  5.1168E-04  4.4723E-04
       4.7746E-04  4.4484E-04  4.8304E-04  5.0452E-04  4.4802E-04  4.9497E-04  4.8542E-04  4.9577E-04  4.5677E-04  5.0691E-04
       4.3370E-04  4.6473E-04  4.9497E-04  4.6871E-04  4.6712E-04  4.6155E-04  4.3768E-04  4.5439E-04  4.4404E-04  4.9099E-04
       5.0134E-04  4.4882E-04  4.6394E-04  4.3290E-04  4.6951E-04  4.9815E-04  4.7985E-04  4.3847E-04  4.8861E-04  4.3529E-04
       4.5518E-04  4.4563E-04  4.4643E-04  4.5359E-04  4.6712E-04  4.5518E-04  4.6473E-04  4.2415E-04  4.6235E-04  4.6792E-04
       4.0664E-04  4.5200E-04  4.2335E-04  4.2654E-04  4.2972E-04  4.3370E-04  4.4086E-04  4.2415E-04  4.1539E-04  4.3290E-04
       4.0903E-04  4.2892E-04  4.1539E-04  4.1380E-04  4.2335E-04  4.5041E-04  3.9709E-04  4.0585E-04  4.2096E-04  4.1858E-04
       4.0585E-04  4.1142E-04  4.1301E-04  4.1142E-04  4.3529E-04  3.9073E-04  3.7322E-04  4.0903E-04  4.1062E-04  3.8834E-04
       3.8277E-04  4.1460E-04  4.1539E-04  4.2813E-04  3.7083E-04  4.1619E-04  4.0187E-04  3.8118E-04  3.8197E-04  3.7163E-04
       3.5571E-04  3.6128E-04  3.8038E-04  3.6128E-04  3.7242E-04  3.5253E-04  3.7640E-04  3.6685E-04  3.7163E-04  3.8356E-04
       3.9789E-04  3.7163E-04  3.7879E-04  3.5889E-04  3.8595E-04  3.4139E-04  3.5253E-04  3.3582E-04  3.4537E-04  3.4696E-04
       3.4855E-04  3.1911E-04  3.4935E-04  3.2388E-04  3.4935E-04  3.4059E-04  3.3184E-04  3.3900E-04  3.3025E-04  3.3184E-04
       3.4457E-04  3.2149E-04  3.3025E-04  3.2547E-04  3.0080E-04  2.8807E-04  3.2547E-04  3.2388E-04  3.1433E-04  3.1194E-04
       3.0160E-04  2.8568E-04  2.8170E-04  2.7613E-04  3.0478E-04  2.9285E-04  2.8250E-04  2.7295E-04  2.7852E-04  2.6658E-04
       2.6897E-04  2.5306E-04  2.5624E-04  2.5942E-04  2.5146E-04  2.5624E-04  2.3396E-04  2.5226E-04  2.1645E-04  2.2441E-04
       2.0929E-04  2.0133E-04  2.0770E-04  1.8542E-04  1.9656E-04  1.8701E-04  1.7030E-04  1.7905E-04  1.5995E-04  1.6313E-04
       1.6234E-04  1.2892E-04  1.5438E-04  1.5120E-04  1.4244E-04  1.4324E-04  1.6154E-04  1.6950E-04  1.4244E-04  1.5836E-04
       1.7109E-04  1.8939E-04  1.7905E-04  1.7905E-04  1.8542E-04  1.8462E-04  1.9894E-04  1.8303E-04  1.9815E-04  2.3794E-04
       2.7613E-04  2.7136E-04  3.2627E-04  3.3820E-04  4.4802E-04  5.8569E-04  7.8861E-04  1.1411E-03  1.6401E-03  2.3658E-03
       3.4592E-03  5.1733E-03  7.7771E-03  1.1079E-02  1.6140E-02  2.2663E-02  3.1745E-02  4.3643E-02  5.8953E-02  7.7843E-02
       1.0066E-01  1.2861E-01  1.6111E-01  1.9591E-01  2.3573E-01  2.7600E-01  3.1725E-01  3.5565E-01  3.9071E-01  4.1992E-01
       4.3956E-01  4.5089E-01  4.5287E-01  4.4427E-01  4.2440E-01  3.9513E-01  3.6176E-01  3.2016E-01  2.7803E-01  2.3467E-01
       1.9282E-01  1.5460E-01  1.2062E-01  9.2014E-02  6.8386E-02  4.9301E-02  3.4435E-02  2.3675E-02  1.5588E-02  1.0286E-02
       6.2421E-03  3.8786E-03  2.3714E-03  1.3154E-03  7.3211E-04  4.1699E-04  2.1645E-04  1.0425E-04  5.8092E-05  2.8648E-05
       1.1141E-05  5.5704E-06  4.7746E-06  0.0000E+00  0.0000E+00  0.0000E+00  0.0000E+00  0.0000E+00  0.0000E+00  0.0000E+00
       0.0000E+00  0.0000E+00  0.0000E+00  0.0000E+00  0.0000E+00  0.0000E+00  0.0000E+00  0.0000E+00  0.0000E+00  0.0000E+00
       0.0000E+00  0.0000E+00  0.0000E+00  0.0000E+00  0.0000E+00  0.0000E+00  0.0000E+00  0.0000E+00  0.0000E+00  0.0000E+00
       0.0000E+00  0.0000E+00  0.0000E+00  0.0000E+00  0.0000E+00  0.0000E+00  0.0000E+00  0.0000E+00  0.0000E+00  0.0000E+00
       0.0000E+00  0.0000E+00  0.0000E+00  0.0000E+00  0.0000E+00  0.0000E+00  0.0000E+00  0.0000E+00  0.0000E+00  0.0000E+00
       0.0000E+00  0.0000E+00  0.0000E+00  0.0000E+00  0.0000E+00  0.0000E+00  0.0000E+00  0.0000E+00  0.0000E+00  0.0000E+00
       0.0000E+00  0.0000E+00  0.0000E+00  0.0000E+00  0.0000E+00  0.0000E+00  0.0000E+00  0.0000E+00  0.0000E+00  0.0000E+00
       0.0000E+00  0.0000E+00  0.0000E+00  0.0000E+00  0.0000E+00  0.0000E+00  0.0000E+00  0.0000E+00  0.0000E+00  0.0000E+00
       0.0000E+00  0.0000E+00  0.0000E+00  0.0000E+00  0.0000E+00  0.0000E+00  0.0000E+00  0.0000E+00  0.0000E+00  0.0000E+00
       0.0000E+00  0.0000E+00  0.0000E+00  0.0000E+00  0.0000E+00  0.0000E+00  0.0000E+00  0.0000E+00  0.0000E+00  0.0000E+00
       0.0000E+00  0.0000E+00  0.0000E+00  0.0000E+00  0.0000E+00  0.0000E+00  0.0000E+00  0.0000E+00  0.0000E+00  0.0000E+00
       0.0000E+00  0.0000E+00  0.0000E+00  0.0000E+00  0.0000E+00  0.0000E+00  0.0000E+00  0.0000E+00  0.0000E+00  0.0000E+00
       0.0000E+00  0.0000E+00  0.0000E+00  0.0000E+00  0.0000E+00  0.0000E+00  0.0000E+00  0.0000E+00  0.0000E+00  0.0000E+00
       0.0000E+00  0.0000E+00  0.0000E+00  0.0000E+00  0.0000E+00  0.0000E+00  0.0000E+00  0.0000E+00  0.0000E+00  0.0000E+00
       0.0000E+00  0.0000E+00  0.0000E+00  0.0000E+00  0.0000E+00  0.0000E+00  0.0000E+00  0.0000E+00  0.0000E+00  0.0000E+00
       0.0000E+00  0.0000E+00  0.0000E+00  0.0000E+00  0.0000E+00  0.0000E+00  0.0000E+00  0.0000E+00  0.0000E+00  0.0000E+00
       0.0000E+00  0.0000E+00  0.0000E+00  0.0000E+00  0.0000E+00  0.0000E+00  0.0000E+00  0.0000E+00  0.0000E+00  0.0000E+00
       0.0000E+00  0.0000E+00  0.0000E+00  0.0000E+00  0.0000E+00  0.0000E+00  0.0000E+00  0.0000E+00  0.0000E+00  0.0000E+00
       0.0000E+00  0.0000E+00  0.0000E+00  0.0000E+00  0.0000E+00  0.0000E+00  0.0000E+00  0.0000E+00  0.0000E+00  0.0000E+00
       0.0000E+00  0.0000E+00  0.0000E+00  0.0000E+00  0.0000E+00  0.0000E+00  0.0000E+00  0.0000E+00  0.0000E+00  0.0000E+00
       0.0000E+00  0.0000E+00  0.0000E+00  0.0000E+00  0.0000E+00  0.0000E+00  0.0000E+00  0.0000E+00  0.0000E+00  0.0000E+00
       0.0000E+00  0.0000E+00  0.0000E+00  0.0000E+00  0.0000E+00  0.0000E+00  0.0000E+00  0.0000E+00  0.0000E+00  0.0000E+00
       0.0000E+00  0.0000E+00  0.0000E+00  0.0000E+00  0.0000E+00  0.0000E+00  0.0000E+00  0.0000E+00  0.0000E+00  0.0000E+00
       0.0000E+00  0.0000E+00  0.0000E+00  0.0000E+00  0.0000E+00  0.0000E+00  0.0000E+00  0.0000E+00  0.0000E+00  0.0000E+00
       0.0000E+00  0.0000E+00  0.0000E+00  0.0000E+00  0.0000E+00  0.0000E+00  0.0000E+00  0.0000E+00  0.0000E+00  0.0000E+00
       0.0000E+00  0.0000E+00  0.0000E+00  0.0000E+00  0.0000E+00  0.0000E+00  0.0000E+00  0.0000E+00  0.0000E+00  0.0000E+00
       0.0000E+00  0.0000E+00  0.0000E+00  0.0000E+00  0.0000E+00  0.0000E+00  0.0000E+00  0.0000E+00  0.0000E+00  0.0000E+00
       0.0000E+00  0.0000E+00  0.0000E+00  0.0000E+00  0.0000E+00  0.0000E+00  0.0000E+00  0.0000E+00  0.0000E+00  0.0000E+00
       0.0000E+00  0.0000E+00  0.0000E+00  0.0000E+00  0.0000E+00  0.0000E+00  0.0000E+00  0.0000E+00  0.0000E+00  0.0000E+00
       0.0000E+00  0.0000E+00  0.0000E+00  0.0000E+00  0.0000E+00  0.0000E+00  0.0000E+00  0.0000E+00  0.0000E+00  0.0000E+00
       0.0000E+00  0.0000E+00  0.0000E+00  0.0000E+00  0.0000E+00  0.0000E+00  0.0000E+00  0.0000E+00  0.0000E+00  0.0000E+00
       0.0000E+00  0.0000E+00  0.0000E+00  0.0000E+00  0.0000E+00  0.0000E+00  0.0000E+00  0.0000E+00  0.0000E+00  0.0000E+00
       0.0000E+00  0.0000E+00  0.0000E+00  0.0000E+00  0.0000E+00  0.0000E+00  0.0000E+00  0.0000E+00  0.0000E+00  0.0000E+00
       0.0000E+00  0.0000E+00  0.0000E+00  0.0000E+00  0.0000E+00  0.0000E+00  0.0000E+00  0.0000E+00  0.0000E+00  0.0000E+00
