
 *****  Protons in Lexan (0.10GeV, 1cm)                                                   *****

           DATE: 12/18/18,  TIME: 12:37:11

          Total number of particles followed       25000000, for a total weight of  2.5000E+07

1

   Bdrx n.   4  "ocurrent  " , generalized particle n.    1, from region n.     5 to region n.     4
      detector area:  1.0000E+02 cm**2
      this is a one way only estimator
      this is a current like estimator
      linear energy binning from   2.0000E-02 to  1.5000E-01 GeV,   650 bins ( 2.0000E-04 GeV wide)
      linear angular binning from  0.0000E+00 to  6.2832E+00 sr ,     1 bins ( 6.2832E+00 sr wide )
      Data follow in a matrix A(ie,ia), format (1(5x,1p,10(1x,e11.4)))

       2.8298E-04  2.9157E-04  2.8871E-04  2.9125E-04  2.9412E-04  3.0335E-04  3.0367E-04  3.1449E-04  2.8107E-04  3.1003E-04
       3.1640E-04  3.1481E-04  3.1258E-04  3.1895E-04  3.0876E-04  3.0781E-04  3.0653E-04  3.1926E-04  3.1099E-04  3.3423E-04
       3.0812E-04  3.2308E-04  3.3295E-04  3.3072E-04  3.1131E-04  3.1895E-04  3.2340E-04  3.3932E-04  3.4441E-04  3.3486E-04
       3.3232E-04  3.3391E-04  3.2054E-04  3.4950E-04  3.3136E-04  3.4346E-04  3.3327E-04  3.3900E-04  3.4473E-04  3.6383E-04
       3.5301E-04  3.4823E-04  3.6510E-04  3.4473E-04  3.6224E-04  3.5460E-04  3.6606E-04  3.6446E-04  3.5746E-04  3.5746E-04
       3.5523E-04  3.6001E-04  3.7433E-04  3.7497E-04  3.6765E-04  3.6446E-04  3.6828E-04  3.8484E-04  3.7752E-04  3.7592E-04
       3.9852E-04  3.7656E-04  3.5587E-04  3.8834E-04  3.8547E-04  3.8929E-04  3.7974E-04  3.9502E-04  3.9725E-04  3.7338E-04
       4.0330E-04  3.9598E-04  3.7815E-04  3.9375E-04  3.8261E-04  4.0648E-04  4.1030E-04  4.1635E-04  3.8388E-04  4.0871E-04
       3.7656E-04  4.1221E-04  4.0935E-04  4.1571E-04  4.2399E-04  4.0648E-04  4.2144E-04  4.3035E-04  4.1062E-04  4.0871E-04
       4.2526E-04  4.0394E-04  4.3322E-04  4.1571E-04  4.2717E-04  4.2367E-04  4.1476E-04  4.3322E-04  4.3608E-04  4.4150E-04
       4.4882E-04  4.1794E-04  4.2494E-04  4.4309E-04  4.3290E-04  4.3035E-04  4.2813E-04  4.3640E-04  4.3386E-04  4.4786E-04
       4.4372E-04  4.4213E-04  4.1890E-04  4.3895E-04  4.3990E-04  4.2272E-04  4.3545E-04  4.4054E-04  4.4054E-04  4.3672E-04
       4.4563E-04  4.4245E-04  4.4595E-04  4.4723E-04  4.5359E-04  4.5136E-04  4.4245E-04  4.3067E-04  4.3354E-04  4.4150E-04
       4.3959E-04  4.2463E-04  4.6696E-04  4.3608E-04  4.4882E-04  4.5582E-04  4.7078E-04  4.3640E-04  4.3131E-04  4.6601E-04
       4.6314E-04  4.5996E-04  4.5741E-04  4.4818E-04  4.2876E-04  4.3927E-04  4.4309E-04  4.6187E-04  4.4945E-04  4.4532E-04
       4.3863E-04  4.6187E-04  4.4659E-04  4.5741E-04  4.2972E-04  4.4309E-04  4.2017E-04  4.5041E-04  4.3545E-04  4.4691E-04
       4.4882E-04  4.4595E-04  4.4022E-04  4.3004E-04  4.5136E-04  4.4850E-04  4.3035E-04  4.2876E-04  4.6155E-04  4.4627E-04
       4.3672E-04  4.3386E-04  4.4022E-04  4.3322E-04  4.1539E-04  4.3831E-04  4.2144E-04  4.2622E-04  4.2685E-04  4.3799E-04
       4.3768E-04  4.3577E-04  4.1348E-04  4.3577E-04  4.2972E-04  4.0935E-04  4.2558E-04  4.3226E-04  4.2908E-04  4.2685E-04
       4.2112E-04  4.1476E-04  4.2335E-04  4.3768E-04  4.0807E-04  4.1985E-04  4.0585E-04  4.2813E-04  4.1571E-04  4.2017E-04
       4.1667E-04  4.1285E-04  4.1985E-04  3.9757E-04  4.3099E-04  4.0425E-04  3.8675E-04  3.9343E-04  4.2654E-04  4.1539E-04
       3.9375E-04  4.0425E-04  3.9852E-04  3.8961E-04  4.0521E-04  3.7911E-04  4.0234E-04  3.8993E-04  3.6319E-04  3.7274E-04
       3.8834E-04  3.8866E-04  4.0616E-04  3.6828E-04  3.6956E-04  3.6669E-04  3.7911E-04  3.5842E-04  3.6383E-04  3.6478E-04
       3.4982E-04  3.3709E-04  3.3709E-04  3.5587E-04  3.4855E-04  3.4568E-04  3.3900E-04  3.3614E-04  3.0876E-04  3.2372E-04
       3.1417E-04  3.1926E-04  3.1322E-04  3.1226E-04  2.9857E-04  3.0017E-04  2.8903E-04  2.7757E-04  2.7152E-04  2.5560E-04
       2.6547E-04  2.3141E-04  2.4192E-04  1.9099E-04  2.2473E-04  1.9417E-04  1.9767E-04  1.8748E-04  1.9162E-04  1.6839E-04
       1.8175E-04  1.7443E-04  1.7698E-04  1.8494E-04  1.6998E-04  1.7475E-04  1.8112E-04  2.0276E-04  2.0435E-04  2.0435E-04
       2.0945E-04  2.2632E-04  2.2441E-04  2.3714E-04  2.6165E-04  2.7820E-04  2.8903E-04  3.0685E-04  3.3932E-04  3.7147E-04
       3.9757E-04  3.8961E-04  4.4436E-04  4.6441E-04  4.9943E-04  4.9020E-04  5.2808E-04  5.3763E-04  5.8792E-04  5.8760E-04
       6.6208E-04  7.5312E-04  8.7249E-04  1.0708E-03  1.3515E-03  1.7679E-03  2.4236E-03  3.6848E-03  5.9193E-03  1.0727E-02
       1.9629E-02  3.6171E-02  6.5795E-02  1.1504E-01  1.8983E-01  2.9459E-01  4.2706E-01  5.7523E-01  7.2034E-01  8.3012E-01
       8.8586E-01  8.6726E-01  7.7968E-01  6.4001E-01  4.8081E-01  3.2879E-01  2.0400E-01  1.1447E-01  5.8302E-02  2.6714E-02
       1.0973E-02  4.0941E-03  1.3165E-03  4.1730E-04  1.0313E-04  2.2282E-05  4.1380E-06  0.0000E+00  0.0000E+00  0.0000E+00
       0.0000E+00  0.0000E+00  0.0000E+00  0.0000E+00  0.0000E+00  0.0000E+00  0.0000E+00  0.0000E+00  0.0000E+00  0.0000E+00
       0.0000E+00  0.0000E+00  0.0000E+00  0.0000E+00  0.0000E+00  0.0000E+00  0.0000E+00  0.0000E+00  0.0000E+00  0.0000E+00
       0.0000E+00  0.0000E+00  0.0000E+00  0.0000E+00  0.0000E+00  0.0000E+00  0.0000E+00  0.0000E+00  0.0000E+00  0.0000E+00
       0.0000E+00  0.0000E+00  0.0000E+00  0.0000E+00  0.0000E+00  0.0000E+00  0.0000E+00  0.0000E+00  0.0000E+00  0.0000E+00
       0.0000E+00  0.0000E+00  0.0000E+00  0.0000E+00  0.0000E+00  0.0000E+00  0.0000E+00  0.0000E+00  0.0000E+00  0.0000E+00
       0.0000E+00  0.0000E+00  0.0000E+00  0.0000E+00  0.0000E+00  0.0000E+00  0.0000E+00  0.0000E+00  0.0000E+00  0.0000E+00
       0.0000E+00  0.0000E+00  0.0000E+00  0.0000E+00  0.0000E+00  0.0000E+00  0.0000E+00  0.0000E+00  0.0000E+00  0.0000E+00
       0.0000E+00  0.0000E+00  0.0000E+00  0.0000E+00  0.0000E+00  0.0000E+00  0.0000E+00  0.0000E+00  0.0000E+00  0.0000E+00
       0.0000E+00  0.0000E+00  0.0000E+00  0.0000E+00  0.0000E+00  0.0000E+00  0.0000E+00  0.0000E+00  0.0000E+00  0.0000E+00
       0.0000E+00  0.0000E+00  0.0000E+00  0.0000E+00  0.0000E+00  0.0000E+00  0.0000E+00  0.0000E+00  0.0000E+00  0.0000E+00
       0.0000E+00  0.0000E+00  0.0000E+00  0.0000E+00  0.0000E+00  0.0000E+00  0.0000E+00  0.0000E+00  0.0000E+00  0.0000E+00
       0.0000E+00  0.0000E+00  0.0000E+00  0.0000E+00  0.0000E+00  0.0000E+00  0.0000E+00  0.0000E+00  0.0000E+00  0.0000E+00
       0.0000E+00  0.0000E+00  0.0000E+00  0.0000E+00  0.0000E+00  0.0000E+00  0.0000E+00  0.0000E+00  0.0000E+00  0.0000E+00
       0.0000E+00  0.0000E+00  0.0000E+00  0.0000E+00  0.0000E+00  0.0000E+00  0.0000E+00  0.0000E+00  0.0000E+00  0.0000E+00
       0.0000E+00  0.0000E+00  0.0000E+00  0.0000E+00  0.0000E+00  0.0000E+00  0.0000E+00  0.0000E+00  0.0000E+00  0.0000E+00
       0.0000E+00  0.0000E+00  0.0000E+00  0.0000E+00  0.0000E+00  0.0000E+00  0.0000E+00  0.0000E+00  0.0000E+00  0.0000E+00
       0.0000E+00  0.0000E+00  0.0000E+00  0.0000E+00  0.0000E+00  0.0000E+00  0.0000E+00  0.0000E+00  0.0000E+00  0.0000E+00
       0.0000E+00  0.0000E+00  0.0000E+00  0.0000E+00  0.0000E+00  0.0000E+00  0.0000E+00  0.0000E+00  0.0000E+00  0.0000E+00
       0.0000E+00  0.0000E+00  0.0000E+00  0.0000E+00  0.0000E+00  0.0000E+00  0.0000E+00  0.0000E+00  0.0000E+00  0.0000E+00
       0.0000E+00  0.0000E+00  0.0000E+00  0.0000E+00  0.0000E+00  0.0000E+00  0.0000E+00  0.0000E+00  0.0000E+00  0.0000E+00
       0.0000E+00  0.0000E+00  0.0000E+00  0.0000E+00  0.0000E+00  0.0000E+00  0.0000E+00  0.0000E+00  0.0000E+00  0.0000E+00
       0.0000E+00  0.0000E+00  0.0000E+00  0.0000E+00  0.0000E+00  0.0000E+00  0.0000E+00  0.0000E+00  0.0000E+00  0.0000E+00
       0.0000E+00  0.0000E+00  0.0000E+00  0.0000E+00  0.0000E+00  0.0000E+00  0.0000E+00  0.0000E+00  0.0000E+00  0.0000E+00
       0.0000E+00  0.0000E+00  0.0000E+00  0.0000E+00  0.0000E+00  0.0000E+00  0.0000E+00  0.0000E+00  0.0000E+00  0.0000E+00
       0.0000E+00  0.0000E+00  0.0000E+00  0.0000E+00  0.0000E+00  0.0000E+00  0.0000E+00  0.0000E+00  0.0000E+00  0.0000E+00
       0.0000E+00  0.0000E+00  0.0000E+00  0.0000E+00  0.0000E+00  0.0000E+00  0.0000E+00  0.0000E+00  0.0000E+00  0.0000E+00
       0.0000E+00  0.0000E+00  0.0000E+00  0.0000E+00  0.0000E+00  0.0000E+00  0.0000E+00  0.0000E+00  0.0000E+00  0.0000E+00
       0.0000E+00  0.0000E+00  0.0000E+00  0.0000E+00  0.0000E+00  0.0000E+00  0.0000E+00  0.0000E+00  0.0000E+00  0.0000E+00
       0.0000E+00  0.0000E+00  0.0000E+00  0.0000E+00  0.0000E+00  0.0000E+00  0.0000E+00  0.0000E+00  0.0000E+00  0.0000E+00
       0.0000E+00  0.0000E+00  0.0000E+00  0.0000E+00  0.0000E+00  0.0000E+00  0.0000E+00  0.0000E+00  0.0000E+00  0.0000E+00
       0.0000E+00  0.0000E+00  0.0000E+00  0.0000E+00  0.0000E+00  0.0000E+00  0.0000E+00  0.0000E+00  0.0000E+00  0.0000E+00
       0.0000E+00  0.0000E+00  0.0000E+00  0.0000E+00  0.0000E+00  0.0000E+00  0.0000E+00  0.0000E+00  0.0000E+00  0.0000E+00
