
 *****  Protons in Lexan (0.10GeV, 1cm)                                                   *****

           DATE: 12/18/18,  TIME: 12:37:11

          Total number of particles followed       25000000, for a total weight of  2.5000E+07

1

   Res. nuclei n.   1  "Ian       " ,  all         products, region n.     5
      detector volume:  1.0000E+00 cm**3
      Max. Z:  10, Max. N-Z:  11 Min. N-Z: -4
      Data follow in a matrix A(z,n-z-k), k: -5 format (1(5x,1p,10(1x,e11.4)))

       0.0000E+00  0.0000E+00  0.0000E+00  0.0000E+00  0.0000E+00  0.0000E+00  0.0000E+00  0.0000E+00  0.0000E+00  0.0000E+00
       0.0000E+00  0.0000E+00  0.0000E+00  0.0000E+00  0.0000E+00  1.2240E-05  0.0000E+00  5.6000E-07  0.0000E+00  0.0000E+00
       0.0000E+00  0.0000E+00  0.0000E+00  0.0000E+00  1.1952E-04  1.5156E-04  3.2720E-05  2.0880E-05  0.0000E+00  0.0000E+00
       2.9288E-02  3.2754E-03  0.0000E+00  1.7959E-03  0.0000E+00  4.5626E-03  5.1520E-05  1.0402E-03  4.0000E-08  0.0000E+00
       6.5487E-03  3.1870E-02  2.4113E-03  0.0000E+00  1.4143E-03  1.4568E-02  5.7752E-04  1.6570E-03  0.0000E+00  4.4000E-07
       1.4804E-03  0.0000E+00  1.1814E-03  2.9986E-04  2.7348E-03  3.8916E-04  6.9119E-04  1.4494E-06  4.0000E-08  0.0000E+00
       0.0000E+00  4.4720E-05  7.7560E-05  1.3788E-04  2.0928E-05  6.2720E-05  1.5265E-06  2.4400E-06  0.0000E+00  0.0000E+00
       0.0000E+00  0.0000E+00  1.5200E-06  2.4000E-07  8.0000E-07  8.0000E-08  6.8000E-07  0.0000E+00  0.0000E+00  0.0000E+00
       0.0000E+00  0.0000E+00  0.0000E+00  0.0000E+00  0.0000E+00  0.0000E+00  0.0000E+00  0.0000E+00  0.0000E+00  0.0000E+00
       0.0000E+00  0.0000E+00  0.0000E+00  0.0000E+00  0.0000E+00  0.0000E+00  0.0000E+00  0.0000E+00  0.0000E+00  0.0000E+00
       0.0000E+00  0.0000E+00  0.0000E+00  0.0000E+00  0.0000E+00  0.0000E+00  0.0000E+00  0.0000E+00  0.0000E+00  0.0000E+00
       0.0000E+00  0.0000E+00  0.0000E+00  0.0000E+00  0.0000E+00  0.0000E+00  0.0000E+00  0.0000E+00  0.0000E+00  0.0000E+00
       0.0000E+00  0.0000E+00  0.0000E+00  0.0000E+00  0.0000E+00  0.0000E+00  0.0000E+00  0.0000E+00  0.0000E+00  0.0000E+00
       0.0000E+00  0.0000E+00  0.0000E+00  0.0000E+00  0.0000E+00  0.0000E+00  0.0000E+00  0.0000E+00  0.0000E+00  0.0000E+00
       0.0000E+00  0.0000E+00  0.0000E+00  0.0000E+00  0.0000E+00  0.0000E+00  0.0000E+00  0.0000E+00  0.0000E+00  0.0000E+00
       0.0000E+00  0.0000E+00  0.0000E+00  0.0000E+00  0.0000E+00  0.0000E+00  0.0000E+00  0.0000E+00  0.0000E+00  0.0000E+00
