
 *****  Protons in Lexan (0.10GeV, 1cm)                                                   *****

           DATE: 12/18/18,  TIME: 12:37:11

          Total number of particles followed       25000000, for a total weight of  2.5000E+07

1

   Bdrx n.   2  "ofluence  " , generalized particle n.    1, from region n.     5 to region n.     4
      detector area:  1.0000E+02 cm**2
      this is a one way only estimator
      this is a fluence like estimator
      linear energy binning from   2.0000E-02 to  1.5000E-01 GeV,   650 bins ( 2.0000E-04 GeV wide)
      linear angular binning from  0.0000E+00 to  6.2832E+00 sr ,     1 bins ( 6.2832E+00 sr wide )
      Data follow in a matrix A(ie,ia), format (1(5x,1p,10(1x,e11.4)))

       4.0500E-04  4.2486E-04  4.1409E-04  4.1995E-04  4.2094E-04  4.2830E-04  4.4275E-04  4.5566E-04  4.0167E-04  4.3031E-04
       4.4683E-04  4.4816E-04  4.5092E-04  4.6076E-04  4.3840E-04  4.4923E-04  4.4542E-04  4.4725E-04  4.5663E-04  4.6632E-04
       4.5056E-04  4.6748E-04  4.6000E-04  4.7073E-04  4.4723E-04  4.3474E-04  4.4995E-04  4.7555E-04  4.7240E-04  4.8045E-04
       4.6797E-04  4.6495E-04  4.3383E-04  4.7593E-04  4.7840E-04  4.7878E-04  4.7113E-04  4.7427E-04  4.8165E-04  4.8277E-04
       4.7836E-04  4.7538E-04  4.9844E-04  4.7274E-04  5.0788E-04  4.8461E-04  4.9465E-04  4.8909E-04  4.8664E-04  4.7908E-04
       4.8678E-04  4.7013E-04  5.1761E-04  5.0850E-04  4.9696E-04  4.9239E-04  4.8976E-04  5.3503E-04  5.2161E-04  5.0391E-04
       5.3893E-04  5.0408E-04  4.7788E-04  5.2965E-04  5.1779E-04  5.1674E-04  5.2424E-04  5.3193E-04  5.3600E-04  4.8396E-04
       5.3789E-04  5.2138E-04  5.0277E-04  5.2797E-04  5.0536E-04  5.2595E-04  5.4299E-04  5.4951E-04  5.0624E-04  5.3070E-04
       4.9787E-04  5.4115E-04  5.5207E-04  5.3275E-04  5.4728E-04  5.2506E-04  5.5225E-04  5.5525E-04  5.2294E-04  5.3147E-04
       5.5058E-04  5.2331E-04  5.4781E-04  5.3551E-04  5.5016E-04  5.5575E-04  5.3425E-04  5.5324E-04  5.6012E-04  5.6130E-04
       5.7543E-04  5.3428E-04  5.4879E-04  5.5596E-04  5.4458E-04  5.4347E-04  5.3938E-04  5.4492E-04  5.4561E-04  5.6671E-04
       5.6375E-04  5.5788E-04  5.3462E-04  5.7054E-04  5.4682E-04  5.2990E-04  5.3666E-04  5.5597E-04  5.5468E-04  5.4520E-04
       5.5319E-04  5.4651E-04  5.5558E-04  5.5384E-04  5.8204E-04  5.5288E-04  5.4985E-04  5.2700E-04  5.4339E-04  5.5951E-04
       5.3305E-04  5.1974E-04  5.6843E-04  5.3263E-04  5.5992E-04  5.6162E-04  5.7384E-04  5.3860E-04  5.1806E-04  5.6946E-04
       5.6474E-04  5.4888E-04  5.5354E-04  5.4102E-04  5.2497E-04  5.3220E-04  5.3058E-04  5.5749E-04  5.3981E-04  5.3577E-04
       5.2438E-04  5.5107E-04  5.3783E-04  5.4775E-04  5.1346E-04  5.3147E-04  5.0508E-04  5.3586E-04  5.2048E-04  5.4059E-04
       5.3786E-04  5.3287E-04  5.2170E-04  5.1333E-04  5.3808E-04  5.3162E-04  5.1248E-04  5.0668E-04  5.4199E-04  5.2715E-04
       5.1314E-04  5.2296E-04  5.2130E-04  5.2172E-04  4.8976E-04  5.1850E-04  4.9506E-04  5.0422E-04  4.9595E-04  5.1554E-04
       5.1747E-04  5.0925E-04  4.7643E-04  5.0726E-04  5.0081E-04  4.7920E-04  4.9626E-04  4.9698E-04  4.9685E-04  4.9892E-04
       4.9113E-04  4.7938E-04  4.9262E-04  5.0635E-04  4.7496E-04  4.8753E-04  4.6644E-04  4.9822E-04  4.8188E-04  4.9538E-04
       4.7990E-04  4.7941E-04  4.8408E-04  4.5813E-04  4.9639E-04  4.7033E-04  4.4399E-04  4.4766E-04  4.8664E-04  4.8317E-04
       4.6214E-04  4.6170E-04  4.5296E-04  4.4025E-04  4.7119E-04  4.2951E-04  4.5057E-04  4.4907E-04  4.1515E-04  4.2674E-04
       4.4001E-04  4.6221E-04  4.6022E-04  4.1706E-04  4.2253E-04  4.1281E-04  4.3392E-04  4.0400E-04  4.1025E-04  4.1052E-04
       3.9464E-04  3.8555E-04  3.7738E-04  4.0669E-04  3.9348E-04  3.9275E-04  3.8375E-04  3.7982E-04  3.4763E-04  3.6775E-04
       3.5073E-04  3.5950E-04  3.5611E-04  3.5361E-04  3.3980E-04  3.4354E-04  3.2928E-04  3.1725E-04  3.0936E-04  2.9138E-04
       3.1034E-04  2.6874E-04  2.8479E-04  2.2343E-04  2.6808E-04  2.3043E-04  2.3562E-04  2.2300E-04  2.3022E-04  2.0513E-04
       2.1869E-04  2.1363E-04  2.1972E-04  2.2845E-04  2.1226E-04  2.1625E-04  2.1800E-04  2.4519E-04  2.4974E-04  2.4757E-04
       2.5029E-04  2.7380E-04  2.7012E-04  2.8306E-04  3.1136E-04  3.2949E-04  3.3543E-04  3.5790E-04  3.9165E-04  4.1914E-04
       4.4773E-04  4.3728E-04  5.0187E-04  5.1917E-04  5.5721E-04  5.4805E-04  5.9228E-04  6.0513E-04  6.6163E-04  6.6195E-04
       7.4884E-04  8.4804E-04  9.9206E-04  1.1900E-03  1.4885E-03  1.9252E-03  2.6330E-03  3.8954E-03  6.1617E-03  1.1024E-02
       1.9964E-02  3.6546E-02  6.6233E-02  1.1555E-01  1.9040E-01  2.9521E-01  4.2773E-01  5.7593E-01  7.2106E-01  8.3083E-01
       8.8651E-01  8.6782E-01  7.8013E-01  6.4036E-01  4.8105E-01  3.2895E-01  2.0409E-01  1.1452E-01  5.8326E-02  2.6725E-02
       1.0977E-02  4.0956E-03  1.3170E-03  4.1747E-04  1.0316E-04  2.2289E-05  4.1395E-06  0.0000E+00  0.0000E+00  0.0000E+00
       0.0000E+00  0.0000E+00  0.0000E+00  0.0000E+00  0.0000E+00  0.0000E+00  0.0000E+00  0.0000E+00  0.0000E+00  0.0000E+00
       0.0000E+00  0.0000E+00  0.0000E+00  0.0000E+00  0.0000E+00  0.0000E+00  0.0000E+00  0.0000E+00  0.0000E+00  0.0000E+00
       0.0000E+00  0.0000E+00  0.0000E+00  0.0000E+00  0.0000E+00  0.0000E+00  0.0000E+00  0.0000E+00  0.0000E+00  0.0000E+00
       0.0000E+00  0.0000E+00  0.0000E+00  0.0000E+00  0.0000E+00  0.0000E+00  0.0000E+00  0.0000E+00  0.0000E+00  0.0000E+00
       0.0000E+00  0.0000E+00  0.0000E+00  0.0000E+00  0.0000E+00  0.0000E+00  0.0000E+00  0.0000E+00  0.0000E+00  0.0000E+00
       0.0000E+00  0.0000E+00  0.0000E+00  0.0000E+00  0.0000E+00  0.0000E+00  0.0000E+00  0.0000E+00  0.0000E+00  0.0000E+00
       0.0000E+00  0.0000E+00  0.0000E+00  0.0000E+00  0.0000E+00  0.0000E+00  0.0000E+00  0.0000E+00  0.0000E+00  0.0000E+00
       0.0000E+00  0.0000E+00  0.0000E+00  0.0000E+00  0.0000E+00  0.0000E+00  0.0000E+00  0.0000E+00  0.0000E+00  0.0000E+00
       0.0000E+00  0.0000E+00  0.0000E+00  0.0000E+00  0.0000E+00  0.0000E+00  0.0000E+00  0.0000E+00  0.0000E+00  0.0000E+00
       0.0000E+00  0.0000E+00  0.0000E+00  0.0000E+00  0.0000E+00  0.0000E+00  0.0000E+00  0.0000E+00  0.0000E+00  0.0000E+00
       0.0000E+00  0.0000E+00  0.0000E+00  0.0000E+00  0.0000E+00  0.0000E+00  0.0000E+00  0.0000E+00  0.0000E+00  0.0000E+00
       0.0000E+00  0.0000E+00  0.0000E+00  0.0000E+00  0.0000E+00  0.0000E+00  0.0000E+00  0.0000E+00  0.0000E+00  0.0000E+00
       0.0000E+00  0.0000E+00  0.0000E+00  0.0000E+00  0.0000E+00  0.0000E+00  0.0000E+00  0.0000E+00  0.0000E+00  0.0000E+00
       0.0000E+00  0.0000E+00  0.0000E+00  0.0000E+00  0.0000E+00  0.0000E+00  0.0000E+00  0.0000E+00  0.0000E+00  0.0000E+00
       0.0000E+00  0.0000E+00  0.0000E+00  0.0000E+00  0.0000E+00  0.0000E+00  0.0000E+00  0.0000E+00  0.0000E+00  0.0000E+00
       0.0000E+00  0.0000E+00  0.0000E+00  0.0000E+00  0.0000E+00  0.0000E+00  0.0000E+00  0.0000E+00  0.0000E+00  0.0000E+00
       0.0000E+00  0.0000E+00  0.0000E+00  0.0000E+00  0.0000E+00  0.0000E+00  0.0000E+00  0.0000E+00  0.0000E+00  0.0000E+00
       0.0000E+00  0.0000E+00  0.0000E+00  0.0000E+00  0.0000E+00  0.0000E+00  0.0000E+00  0.0000E+00  0.0000E+00  0.0000E+00
       0.0000E+00  0.0000E+00  0.0000E+00  0.0000E+00  0.0000E+00  0.0000E+00  0.0000E+00  0.0000E+00  0.0000E+00  0.0000E+00
       0.0000E+00  0.0000E+00  0.0000E+00  0.0000E+00  0.0000E+00  0.0000E+00  0.0000E+00  0.0000E+00  0.0000E+00  0.0000E+00
       0.0000E+00  0.0000E+00  0.0000E+00  0.0000E+00  0.0000E+00  0.0000E+00  0.0000E+00  0.0000E+00  0.0000E+00  0.0000E+00
       0.0000E+00  0.0000E+00  0.0000E+00  0.0000E+00  0.0000E+00  0.0000E+00  0.0000E+00  0.0000E+00  0.0000E+00  0.0000E+00
       0.0000E+00  0.0000E+00  0.0000E+00  0.0000E+00  0.0000E+00  0.0000E+00  0.0000E+00  0.0000E+00  0.0000E+00  0.0000E+00
       0.0000E+00  0.0000E+00  0.0000E+00  0.0000E+00  0.0000E+00  0.0000E+00  0.0000E+00  0.0000E+00  0.0000E+00  0.0000E+00
       0.0000E+00  0.0000E+00  0.0000E+00  0.0000E+00  0.0000E+00  0.0000E+00  0.0000E+00  0.0000E+00  0.0000E+00  0.0000E+00
       0.0000E+00  0.0000E+00  0.0000E+00  0.0000E+00  0.0000E+00  0.0000E+00  0.0000E+00  0.0000E+00  0.0000E+00  0.0000E+00
       0.0000E+00  0.0000E+00  0.0000E+00  0.0000E+00  0.0000E+00  0.0000E+00  0.0000E+00  0.0000E+00  0.0000E+00  0.0000E+00
       0.0000E+00  0.0000E+00  0.0000E+00  0.0000E+00  0.0000E+00  0.0000E+00  0.0000E+00  0.0000E+00  0.0000E+00  0.0000E+00
       0.0000E+00  0.0000E+00  0.0000E+00  0.0000E+00  0.0000E+00  0.0000E+00  0.0000E+00  0.0000E+00  0.0000E+00  0.0000E+00
       0.0000E+00  0.0000E+00  0.0000E+00  0.0000E+00  0.0000E+00  0.0000E+00  0.0000E+00  0.0000E+00  0.0000E+00  0.0000E+00
       0.0000E+00  0.0000E+00  0.0000E+00  0.0000E+00  0.0000E+00  0.0000E+00  0.0000E+00  0.0000E+00  0.0000E+00  0.0000E+00
       0.0000E+00  0.0000E+00  0.0000E+00  0.0000E+00  0.0000E+00  0.0000E+00  0.0000E+00  0.0000E+00  0.0000E+00  0.0000E+00
1

   Bdrx n.   6  "ofluence  " , generalized particle n.    1, from region n.     5 to region n.     4
      detector area:  1.0000E+02 cm**2
      this is a one way only estimator
      this is a fluence like estimator
      linear energy binning from   0.0000E+00 to  3.0000E+02 GeV,     1 bins ( 3.0000E+02 GeV wide)
      linear angular binning from  0.0000E+00 to  6.2832E+00 sr ,     1 bins ( 6.2832E+00 sr wide )
      Data follow in a matrix A(ie,ia), format (1(5x,1p,10(1x,e11.4)))

       5.2528E-06
