
 *****  Protons in Lexan (0.18GeV, 1.0cm)                                                 *****

           DATE: 12/18/18,  TIME: 12:42:27

          Total number of particles followed       10000000, for a total weight of  1.0000E+07

1

   Res. nuclei n.   1  "Ian       " ,  all         products, region n.     5
      detector volume:  1.0000E+00 cm**3
      Max. Z:  10, Max. N-Z:  11 Min. N-Z: -4
      Data follow in a matrix A(z,n-z-k), k: -5 format (1(5x,1p,10(1x,e11.4)))

       0.0000E+00  0.0000E+00  0.0000E+00  0.0000E+00  0.0000E+00  0.0000E+00  0.0000E+00  0.0000E+00  0.0000E+00  0.0000E+00
       0.0000E+00  0.0000E+00  0.0000E+00  0.0000E+00  0.0000E+00  5.1100E-05  0.0000E+00  2.0100E-05  0.0000E+00  0.0000E+00
       0.0000E+00  0.0000E+00  0.0000E+00  0.0000E+00  4.6690E-04  8.8660E-04  1.7600E-04  1.1332E-03  0.0000E+00  0.0000E+00
       3.9707E+00  1.2421E-02  0.0000E+00  3.9841E-03  0.0000E+00  1.1495E-02  2.2399E-03  4.0229E-02  1.1000E-06  2.0000E-07
       2.6700E+00  1.7837E-01  1.0114E-02  0.0000E+00  6.2580E-03  4.4218E-02  2.0075E-02  6.5290E-02  8.8000E-06  7.7000E-06
       6.2505E-03  0.0000E+00  3.2481E-03  1.9627E-03  9.6587E-03  1.0125E-02  3.0629E-02  7.5332E-05  6.0000E-07  0.0000E+00
       0.0000E+00  2.1630E-04  3.7500E-04  1.0007E-03  3.2090E-04  2.5189E-03  2.1625E-04  9.7400E-05  0.0000E+00  0.0000E+00
       0.0000E+00  0.0000E+00  3.3400E-05  1.2100E-05  4.8100E-05  7.7000E-06  2.4600E-05  0.0000E+00  0.0000E+00  0.0000E+00
       0.0000E+00  6.0000E-07  0.0000E+00  7.0000E-07  0.0000E+00  6.0000E-07  1.0000E-07  0.0000E+00  0.0000E+00  0.0000E+00
       0.0000E+00  0.0000E+00  0.0000E+00  0.0000E+00  0.0000E+00  0.0000E+00  0.0000E+00  0.0000E+00  0.0000E+00  0.0000E+00
       0.0000E+00  0.0000E+00  0.0000E+00  0.0000E+00  0.0000E+00  0.0000E+00  0.0000E+00  0.0000E+00  0.0000E+00  0.0000E+00
       0.0000E+00  0.0000E+00  0.0000E+00  0.0000E+00  0.0000E+00  0.0000E+00  0.0000E+00  0.0000E+00  0.0000E+00  0.0000E+00
       0.0000E+00  0.0000E+00  0.0000E+00  0.0000E+00  0.0000E+00  0.0000E+00  0.0000E+00  0.0000E+00  0.0000E+00  0.0000E+00
       0.0000E+00  0.0000E+00  0.0000E+00  0.0000E+00  0.0000E+00  0.0000E+00  0.0000E+00  0.0000E+00  0.0000E+00  0.0000E+00
       0.0000E+00  0.0000E+00  0.0000E+00  0.0000E+00  0.0000E+00  0.0000E+00  0.0000E+00  0.0000E+00  0.0000E+00  0.0000E+00
       0.0000E+00  0.0000E+00  0.0000E+00  0.0000E+00  0.0000E+00  0.0000E+00  0.0000E+00  0.0000E+00  0.0000E+00  0.0000E+00
