
 *****  Protons in Lexan (0.09GeV, 0cm)                                                   *****

           DATE: 12/21/18,  TIME:  4:53:41

          Total number of particles followed       50000000, for a total weight of  5.0000E+07

1

   Res. nuclei n.   1  "Ian       " ,  all         products, region n.     5
      detector volume:  1.0000E+00 cm**3
      Max. Z:  10, Max. N-Z:  11 Min. N-Z: -4
      Data follow in a matrix A(z,n-z-k), k: -5 format (1(5x,1p,10(1x,e11.4)))

       0.0000E+00  0.0000E+00  0.0000E+00  0.0000E+00  0.0000E+00  0.0000E+00  0.0000E+00  0.0000E+00  0.0000E+00  0.0000E+00
       0.0000E+00  0.0000E+00  0.0000E+00  0.0000E+00  0.0000E+00  5.7000E-06  0.0000E+00  3.4000E-07  0.0000E+00  0.0000E+00
       0.0000E+00  0.0000E+00  0.0000E+00  0.0000E+00  5.9820E-05  7.0540E-05  1.7200E-05  9.9600E-06  0.0000E+00  0.0000E+00
       1.2272E-02  1.6386E-03  0.0000E+00  9.1456E-04  0.0000E+00  2.3243E-03  2.4060E-05  5.2592E-04  2.0000E-08  0.0000E+00
       2.8012E-03  1.6437E-02  1.2257E-03  0.0000E+00  7.1750E-04  7.8991E-03  2.9840E-04  8.9546E-04  2.0000E-08  1.4000E-07
       7.1538E-04  0.0000E+00  5.9548E-04  1.5326E-04  1.4042E-03  1.9834E-04  3.5320E-04  8.6000E-07  1.0000E-07  0.0000E+00
       0.0000E+00  2.0740E-05  3.6980E-05  6.6620E-05  1.0720E-05  3.2300E-05  4.8000E-07  1.3400E-06  0.0000E+00  0.0000E+00
       0.0000E+00  0.0000E+00  5.4000E-07  1.4000E-07  3.4000E-07  0.0000E+00  2.4000E-07  0.0000E+00  0.0000E+00  0.0000E+00
       0.0000E+00  0.0000E+00  0.0000E+00  0.0000E+00  0.0000E+00  0.0000E+00  0.0000E+00  0.0000E+00  0.0000E+00  0.0000E+00
       0.0000E+00  0.0000E+00  0.0000E+00  0.0000E+00  0.0000E+00  0.0000E+00  0.0000E+00  0.0000E+00  0.0000E+00  0.0000E+00
       0.0000E+00  0.0000E+00  0.0000E+00  0.0000E+00  0.0000E+00  0.0000E+00  0.0000E+00  0.0000E+00  0.0000E+00  0.0000E+00
       0.0000E+00  0.0000E+00  0.0000E+00  0.0000E+00  0.0000E+00  0.0000E+00  0.0000E+00  0.0000E+00  0.0000E+00  0.0000E+00
       0.0000E+00  0.0000E+00  0.0000E+00  0.0000E+00  0.0000E+00  0.0000E+00  0.0000E+00  0.0000E+00  0.0000E+00  0.0000E+00
       0.0000E+00  0.0000E+00  0.0000E+00  0.0000E+00  0.0000E+00  0.0000E+00  0.0000E+00  0.0000E+00  0.0000E+00  0.0000E+00
       0.0000E+00  0.0000E+00  0.0000E+00  0.0000E+00  0.0000E+00  0.0000E+00  0.0000E+00  0.0000E+00  0.0000E+00  0.0000E+00
       0.0000E+00  0.0000E+00  0.0000E+00  0.0000E+00  0.0000E+00  0.0000E+00  0.0000E+00  0.0000E+00  0.0000E+00  0.0000E+00
