
 *****  Protons in Lexan (0.09GeV, 0cm)                                                   *****

           DATE: 12/21/18,  TIME:  4:53:41

          Total number of particles followed       50000000, for a total weight of  5.0000E+07

1

   Bdrx n.   4  "ocurrent  " , generalized particle n.    1, from region n.     5 to region n.     4
      detector area:  1.0000E+02 cm**2
      this is a one way only estimator
      this is a current like estimator
      linear energy binning from   1.0000E-02 to  1.4000E-01 GeV,   650 bins ( 2.0000E-04 GeV wide)
      linear angular binning from  0.0000E+00 to  6.2832E+00 sr ,     1 bins ( 6.2832E+00 sr wide )
      Data follow in a matrix A(ie,ia), format (1(5x,1p,10(1x,e11.4)))

       1.3146E-04  1.3242E-04  1.3815E-04  1.3815E-04  1.3417E-04  1.3640E-04  1.3894E-04  1.3846E-04  1.3894E-04  1.4404E-04
       1.4435E-04  1.4992E-04  1.4228E-04  1.5549E-04  1.5024E-04  1.6059E-04  1.5183E-04  1.5995E-04  1.6154E-04  1.5581E-04
       1.5629E-04  1.5995E-04  1.6329E-04  1.5772E-04  1.5088E-04  1.5900E-04  1.5661E-04  1.6170E-04  1.6106E-04  1.6122E-04
       1.6043E-04  1.7109E-04  1.6807E-04  1.7093E-04  1.8924E-04  1.7730E-04  1.7284E-04  1.7809E-04  1.8414E-04  1.6998E-04
       1.7730E-04  1.7300E-04  1.8510E-04  1.9178E-04  1.8096E-04  1.8239E-04  1.8255E-04  1.9067E-04  1.8653E-04  1.7794E-04
       1.8494E-04  1.8828E-04  1.8462E-04  1.8478E-04  1.8828E-04  1.8764E-04  1.8876E-04  1.9337E-04  1.8653E-04  1.9385E-04
       2.0245E-04  2.0229E-04  1.9146E-04  1.9401E-04  1.9799E-04  1.9592E-04  1.9831E-04  1.9926E-04  1.9083E-04  1.9449E-04
       2.0786E-04  1.9433E-04  1.9863E-04  1.9910E-04  2.0181E-04  2.1311E-04  1.9910E-04  1.9926E-04  2.0340E-04  2.2886E-04
       2.0945E-04  2.0579E-04  2.1247E-04  2.2075E-04  2.1375E-04  2.0849E-04  2.1072E-04  2.1900E-04  2.1900E-04  2.2505E-04
       2.1868E-04  2.1820E-04  2.2727E-04  2.3157E-04  2.1979E-04  2.2743E-04  2.2202E-04  2.2839E-04  2.3205E-04  2.2584E-04
       2.2966E-04  2.2520E-04  2.2743E-04  2.3873E-04  2.2871E-04  2.3173E-04  2.3221E-04  2.2616E-04  2.3125E-04  2.3173E-04
       2.3523E-04  2.3459E-04  2.3093E-04  2.3268E-04  2.4414E-04  2.5194E-04  2.4351E-04  2.3237E-04  2.4940E-04  2.4621E-04
       2.4685E-04  2.5067E-04  2.4128E-04  2.4987E-04  2.5449E-04  2.4080E-04  2.4446E-04  2.5895E-04  2.3778E-04  2.4398E-04
       2.5783E-04  2.4621E-04  2.4637E-04  2.5879E-04  2.5751E-04  2.5592E-04  2.6054E-04  2.5385E-04  2.6531E-04  2.4717E-04
       2.6213E-04  2.6101E-04  2.4796E-04  2.6515E-04  2.4955E-04  2.6611E-04  2.6547E-04  2.6897E-04  2.6754E-04  2.7056E-04
       2.6627E-04  2.6436E-04  2.7709E-04  2.6197E-04  2.7184E-04  2.6611E-04  2.6706E-04  2.5783E-04  2.6770E-04  2.6563E-04
       2.6181E-04  2.7168E-04  2.7629E-04  2.6977E-04  2.8250E-04  2.7009E-04  2.6515E-04  2.7773E-04  2.8743E-04  2.7215E-04
       2.8361E-04  2.6897E-04  2.7009E-04  2.7979E-04  2.8091E-04  2.7120E-04  2.8075E-04  2.8282E-04  2.7009E-04  2.8155E-04
       2.7486E-04  2.7263E-04  2.7709E-04  2.8330E-04  2.7916E-04  2.8170E-04  2.8473E-04  2.8043E-04  2.7852E-04  2.7247E-04
       2.7391E-04  2.7375E-04  2.6563E-04  2.9491E-04  2.7104E-04  2.8059E-04  2.6834E-04  2.7406E-04  2.7422E-04  2.7788E-04
       2.7168E-04  2.6993E-04  2.7868E-04  2.7613E-04  2.7677E-04  2.7725E-04  2.6022E-04  2.6993E-04  2.7279E-04  2.5369E-04
       2.8123E-04  2.6913E-04  2.7502E-04  2.7040E-04  2.6674E-04  2.6881E-04  2.7088E-04  2.7964E-04  2.6770E-04  2.6706E-04
       2.6579E-04  2.5879E-04  2.7486E-04  2.5322E-04  2.6706E-04  2.5910E-04  2.7200E-04  2.6595E-04  2.7120E-04  2.5608E-04
       2.5895E-04  2.4812E-04  2.5513E-04  2.6706E-04  2.4940E-04  2.5528E-04  2.5322E-04  2.4908E-04  2.5863E-04  2.4940E-04
       2.6054E-04  2.6658E-04  2.5019E-04  2.4860E-04  2.4494E-04  2.5592E-04  2.5385E-04  2.4637E-04  2.4780E-04  2.5544E-04
       2.5576E-04  2.4255E-04  2.5194E-04  2.4223E-04  2.5051E-04  2.6229E-04  2.4096E-04  2.4016E-04  2.5003E-04  2.4367E-04
       2.3953E-04  2.3953E-04  2.5210E-04  2.4048E-04  2.3953E-04  2.3619E-04  2.3284E-04  2.4637E-04  2.3619E-04  2.3141E-04
       2.3014E-04  2.3046E-04  2.1900E-04  2.2568E-04  2.1581E-04  2.3921E-04  2.1470E-04  2.2409E-04  2.1120E-04  1.9863E-04
       2.1756E-04  2.0626E-04  2.1056E-04  1.9337E-04  2.0054E-04  1.9910E-04  2.0324E-04  1.9353E-04  1.7634E-04  1.9083E-04
       1.6870E-04  1.7014E-04  1.6234E-04  1.5088E-04  1.5136E-04  1.3894E-04  1.4451E-04  1.3433E-04  1.2398E-04  1.1793E-04
       9.9154E-05  1.0854E-04  1.0027E-04  9.9949E-05  9.9154E-05  9.5493E-05  9.4856E-05  9.7721E-05  1.0536E-04  1.0202E-04
       9.3901E-05  1.0393E-04  1.1332E-04  1.1953E-04  1.2032E-04  1.2525E-04  1.2828E-04  1.2923E-04  1.3528E-04  1.5422E-04
       1.5374E-04  1.7539E-04  1.9305E-04  2.2091E-04  2.2425E-04  2.4828E-04  2.5783E-04  2.8330E-04  2.9507E-04  2.7550E-04
       2.6133E-04  2.5704E-04  2.3205E-04  2.4749E-04  2.6356E-04  3.0621E-04  3.5285E-04  4.4961E-04  5.4431E-04  7.1858E-04
       9.8342E-04  1.4077E-03  2.3491E-03  4.6276E-03  1.0591E-02  2.5609E-02  6.0267E-02  1.3226E-01  2.6154E-01  4.6102E-01
       7.1648E-01  9.7559E-01  1.1544E+00  1.1835E+00  1.0461E+00  7.9227E-01  5.1160E-01  2.8085E-01  1.3055E-01  5.0965E-02
       1.6730E-02  4.5520E-03  1.0568E-03  1.9226E-04  2.8170E-05  4.6155E-06  4.7746E-07  1.5915E-07  0.0000E+00  0.0000E+00
       0.0000E+00  0.0000E+00  0.0000E+00  0.0000E+00  0.0000E+00  0.0000E+00  0.0000E+00  0.0000E+00  0.0000E+00  0.0000E+00
       0.0000E+00  0.0000E+00  0.0000E+00  0.0000E+00  0.0000E+00  0.0000E+00  0.0000E+00  0.0000E+00  0.0000E+00  0.0000E+00
       0.0000E+00  0.0000E+00  0.0000E+00  0.0000E+00  0.0000E+00  0.0000E+00  0.0000E+00  0.0000E+00  0.0000E+00  0.0000E+00
       0.0000E+00  0.0000E+00  0.0000E+00  0.0000E+00  0.0000E+00  0.0000E+00  0.0000E+00  0.0000E+00  0.0000E+00  0.0000E+00
       0.0000E+00  0.0000E+00  0.0000E+00  0.0000E+00  0.0000E+00  0.0000E+00  0.0000E+00  0.0000E+00  0.0000E+00  0.0000E+00
       0.0000E+00  0.0000E+00  0.0000E+00  0.0000E+00  0.0000E+00  0.0000E+00  0.0000E+00  0.0000E+00  0.0000E+00  0.0000E+00
       0.0000E+00  0.0000E+00  0.0000E+00  0.0000E+00  0.0000E+00  0.0000E+00  0.0000E+00  0.0000E+00  0.0000E+00  0.0000E+00
       0.0000E+00  0.0000E+00  0.0000E+00  0.0000E+00  0.0000E+00  0.0000E+00  0.0000E+00  0.0000E+00  0.0000E+00  0.0000E+00
       0.0000E+00  0.0000E+00  0.0000E+00  0.0000E+00  0.0000E+00  0.0000E+00  0.0000E+00  0.0000E+00  0.0000E+00  0.0000E+00
       0.0000E+00  0.0000E+00  0.0000E+00  0.0000E+00  0.0000E+00  0.0000E+00  0.0000E+00  0.0000E+00  0.0000E+00  0.0000E+00
       0.0000E+00  0.0000E+00  0.0000E+00  0.0000E+00  0.0000E+00  0.0000E+00  0.0000E+00  0.0000E+00  0.0000E+00  0.0000E+00
       0.0000E+00  0.0000E+00  0.0000E+00  0.0000E+00  0.0000E+00  0.0000E+00  0.0000E+00  0.0000E+00  0.0000E+00  0.0000E+00
       0.0000E+00  0.0000E+00  0.0000E+00  0.0000E+00  0.0000E+00  0.0000E+00  0.0000E+00  0.0000E+00  0.0000E+00  0.0000E+00
       0.0000E+00  0.0000E+00  0.0000E+00  0.0000E+00  0.0000E+00  0.0000E+00  0.0000E+00  0.0000E+00  0.0000E+00  0.0000E+00
       0.0000E+00  0.0000E+00  0.0000E+00  0.0000E+00  0.0000E+00  0.0000E+00  0.0000E+00  0.0000E+00  0.0000E+00  0.0000E+00
       0.0000E+00  0.0000E+00  0.0000E+00  0.0000E+00  0.0000E+00  0.0000E+00  0.0000E+00  0.0000E+00  0.0000E+00  0.0000E+00
       0.0000E+00  0.0000E+00  0.0000E+00  0.0000E+00  0.0000E+00  0.0000E+00  0.0000E+00  0.0000E+00  0.0000E+00  0.0000E+00
       0.0000E+00  0.0000E+00  0.0000E+00  0.0000E+00  0.0000E+00  0.0000E+00  0.0000E+00  0.0000E+00  0.0000E+00  0.0000E+00
       0.0000E+00  0.0000E+00  0.0000E+00  0.0000E+00  0.0000E+00  0.0000E+00  0.0000E+00  0.0000E+00  0.0000E+00  0.0000E+00
       0.0000E+00  0.0000E+00  0.0000E+00  0.0000E+00  0.0000E+00  0.0000E+00  0.0000E+00  0.0000E+00  0.0000E+00  0.0000E+00
       0.0000E+00  0.0000E+00  0.0000E+00  0.0000E+00  0.0000E+00  0.0000E+00  0.0000E+00  0.0000E+00  0.0000E+00  0.0000E+00
       0.0000E+00  0.0000E+00  0.0000E+00  0.0000E+00  0.0000E+00  0.0000E+00  0.0000E+00  0.0000E+00  0.0000E+00  0.0000E+00
       0.0000E+00  0.0000E+00  0.0000E+00  0.0000E+00  0.0000E+00  0.0000E+00  0.0000E+00  0.0000E+00  0.0000E+00  0.0000E+00
       0.0000E+00  0.0000E+00  0.0000E+00  0.0000E+00  0.0000E+00  0.0000E+00  0.0000E+00  0.0000E+00  0.0000E+00  0.0000E+00
       0.0000E+00  0.0000E+00  0.0000E+00  0.0000E+00  0.0000E+00  0.0000E+00  0.0000E+00  0.0000E+00  0.0000E+00  0.0000E+00
       0.0000E+00  0.0000E+00  0.0000E+00  0.0000E+00  0.0000E+00  0.0000E+00  0.0000E+00  0.0000E+00  0.0000E+00  0.0000E+00
       0.0000E+00  0.0000E+00  0.0000E+00  0.0000E+00  0.0000E+00  0.0000E+00  0.0000E+00  0.0000E+00  0.0000E+00  0.0000E+00
       0.0000E+00  0.0000E+00  0.0000E+00  0.0000E+00  0.0000E+00  0.0000E+00  0.0000E+00  0.0000E+00  0.0000E+00  0.0000E+00
