
 *****  Protons in Lexan (0.09GeV, 0cm)                                                   *****

           DATE: 12/21/18,  TIME:  4:53:41

          Total number of particles followed       50000000, for a total weight of  5.0000E+07

1

   Bdrx n.   2  "ofluence  " , generalized particle n.    1, from region n.     5 to region n.     4
      detector area:  1.0000E+02 cm**2
      this is a one way only estimator
      this is a fluence like estimator
      linear energy binning from   1.0000E-02 to  1.4000E-01 GeV,   650 bins ( 2.0000E-04 GeV wide)
      linear angular binning from  0.0000E+00 to  6.2832E+00 sr ,     1 bins ( 6.2832E+00 sr wide )
      Data follow in a matrix A(ie,ia), format (1(5x,1p,10(1x,e11.4)))

       2.3123E-04  2.1244E-04  2.3134E-04  2.3432E-04  2.2382E-04  2.4798E-04  2.2695E-04  2.2628E-04  2.3223E-04  2.3909E-04
       2.4044E-04  2.3421E-04  2.3800E-04  2.5386E-04  2.4519E-04  2.8081E-04  2.4061E-04  2.6382E-04  2.6765E-04  2.5879E-04
       2.4944E-04  2.5704E-04  2.6090E-04  2.4644E-04  2.3934E-04  2.4842E-04  2.5856E-04  2.7282E-04  2.6695E-04  2.5983E-04
       2.5910E-04  2.6624E-04  2.7234E-04  2.7456E-04  2.9496E-04  2.8941E-04  2.7181E-04  2.7958E-04  3.0171E-04  2.7476E-04
       2.9340E-04  2.8003E-04  2.8601E-04  3.0676E-04  2.7900E-04  2.8523E-04  2.8267E-04  3.0194E-04  3.0082E-04  2.9105E-04
       2.9128E-04  2.8522E-04  2.8230E-04  2.8398E-04  2.8656E-04  3.0261E-04  2.8205E-04  2.9210E-04  2.8155E-04  2.9069E-04
       3.0374E-04  3.1035E-04  2.9381E-04  2.9731E-04  3.0272E-04  3.1016E-04  3.0503E-04  3.0706E-04  2.9035E-04  2.9292E-04
       3.0843E-04  2.9781E-04  3.0309E-04  2.9989E-04  3.0339E-04  3.4442E-04  2.9759E-04  2.9937E-04  2.9972E-04  3.3744E-04
       3.0950E-04  3.0051E-04  3.1571E-04  3.2573E-04  3.0793E-04  3.1568E-04  3.1654E-04  3.3850E-04  3.2438E-04  3.2490E-04
       3.2201E-04  3.1343E-04  3.2755E-04  3.2945E-04  3.2236E-04  3.4158E-04  3.3227E-04  3.2826E-04  3.3619E-04  3.2158E-04
       3.2604E-04  3.2457E-04  3.2528E-04  3.4644E-04  3.2909E-04  3.2640E-04  3.3377E-04  3.2958E-04  3.2221E-04  3.1853E-04
       3.4608E-04  3.4211E-04  3.2722E-04  3.2534E-04  3.4257E-04  3.5328E-04  3.4453E-04  3.3402E-04  3.4019E-04  3.4028E-04
       3.5108E-04  3.4380E-04  3.3596E-04  3.4747E-04  3.5425E-04  3.3416E-04  3.2915E-04  3.6213E-04  3.2482E-04  3.3171E-04
       3.5687E-04  3.3338E-04  3.3747E-04  3.5064E-04  3.5291E-04  3.4692E-04  3.5512E-04  3.3668E-04  3.7245E-04  3.2802E-04
       3.6096E-04  3.5602E-04  3.3074E-04  3.5157E-04  3.2720E-04  3.5121E-04  3.6078E-04  3.5192E-04  3.5344E-04  3.5831E-04
       3.4868E-04  3.4753E-04  3.6506E-04  3.4527E-04  3.5479E-04  3.5377E-04  3.5182E-04  3.3483E-04  3.4752E-04  3.4708E-04
       3.4103E-04  3.5553E-04  3.5983E-04  3.4789E-04  3.6203E-04  3.4624E-04  3.4617E-04  3.5326E-04  3.7192E-04  3.4811E-04
       3.6125E-04  3.4311E-04  3.4737E-04  3.5596E-04  3.5549E-04  3.4733E-04  3.5891E-04  3.5956E-04  3.3881E-04  3.5746E-04
       3.4822E-04  3.3863E-04  3.4719E-04  3.5416E-04  3.5216E-04  3.5442E-04  3.5550E-04  3.5548E-04  3.4882E-04  3.4069E-04
       3.4146E-04  3.3890E-04  3.2608E-04  3.7277E-04  3.3382E-04  3.5368E-04  3.3059E-04  3.3925E-04  3.4097E-04  3.4206E-04
       3.3562E-04  3.3288E-04  3.3954E-04  3.3905E-04  3.3639E-04  3.3711E-04  3.1943E-04  3.2907E-04  3.3046E-04  3.0582E-04
       3.4290E-04  3.2589E-04  3.3673E-04  3.3535E-04  3.2441E-04  3.2310E-04  3.3580E-04  3.3879E-04  3.2947E-04  3.2433E-04
       3.2214E-04  3.1363E-04  3.3377E-04  3.0446E-04  3.2115E-04  3.0979E-04  3.2725E-04  3.1973E-04  3.2409E-04  3.0817E-04
       3.0646E-04  3.0004E-04  3.0528E-04  3.1806E-04  2.9768E-04  2.9927E-04  2.9816E-04  2.9544E-04  3.0370E-04  2.9539E-04
       3.0885E-04  3.1394E-04  2.9176E-04  2.9380E-04  2.9128E-04  3.0194E-04  2.9773E-04  2.8743E-04  2.8961E-04  3.0109E-04
       2.9998E-04  2.8129E-04  2.9898E-04  2.8459E-04  2.8934E-04  3.1019E-04  2.7905E-04  2.8162E-04  2.8875E-04  2.8391E-04
       2.8193E-04  2.8730E-04  2.9205E-04  2.7851E-04  2.7628E-04  2.7072E-04  2.6768E-04  2.8723E-04  2.7053E-04  2.6677E-04
       2.6517E-04  2.6226E-04  2.5052E-04  2.5893E-04  2.4463E-04  2.7520E-04  2.4550E-04  2.5468E-04  2.5694E-04  2.2971E-04
       2.5124E-04  2.3544E-04  2.4239E-04  2.2380E-04  2.4242E-04  2.2930E-04  2.3502E-04  2.2410E-04  2.0629E-04  2.1810E-04
       1.9517E-04  1.9493E-04  1.8691E-04  1.7280E-04  1.8035E-04  1.6201E-04  1.7079E-04  1.6085E-04  1.5121E-04  1.4788E-04
       1.2506E-04  1.3362E-04  1.2757E-04  1.2513E-04  1.3706E-04  1.2527E-04  1.2200E-04  1.3105E-04  1.3290E-04  1.3173E-04
       1.2054E-04  1.3342E-04  1.4267E-04  1.5022E-04  1.5204E-04  1.5649E-04  1.5865E-04  1.5877E-04  1.6680E-04  1.8707E-04
       1.8525E-04  2.0669E-04  2.2497E-04  2.5824E-04  2.5780E-04  2.8412E-04  2.9143E-04  3.1853E-04  3.3344E-04  3.1384E-04
       2.9840E-04  2.9632E-04  2.7118E-04  2.9314E-04  3.0928E-04  3.6032E-04  4.0906E-04  5.1848E-04  6.1970E-04  8.0790E-04
       1.0906E-03  1.5329E-03  2.5042E-03  4.8178E-03  1.0826E-02  2.5883E-02  6.0594E-02  1.3264E-01  2.6199E-01  4.6151E-01
       7.1701E-01  9.7613E-01  1.1549E+00  1.1839E+00  1.0464E+00  7.9250E-01  5.1174E-01  2.8092E-01  1.3058E-01  5.0976E-02
       1.6734E-02  4.5530E-03  1.0570E-03  1.9231E-04  2.8176E-05  4.6163E-06  4.7748E-07  1.5917E-07  0.0000E+00  0.0000E+00
       0.0000E+00  0.0000E+00  0.0000E+00  0.0000E+00  0.0000E+00  0.0000E+00  0.0000E+00  0.0000E+00  0.0000E+00  0.0000E+00
       0.0000E+00  0.0000E+00  0.0000E+00  0.0000E+00  0.0000E+00  0.0000E+00  0.0000E+00  0.0000E+00  0.0000E+00  0.0000E+00
       0.0000E+00  0.0000E+00  0.0000E+00  0.0000E+00  0.0000E+00  0.0000E+00  0.0000E+00  0.0000E+00  0.0000E+00  0.0000E+00
       0.0000E+00  0.0000E+00  0.0000E+00  0.0000E+00  0.0000E+00  0.0000E+00  0.0000E+00  0.0000E+00  0.0000E+00  0.0000E+00
       0.0000E+00  0.0000E+00  0.0000E+00  0.0000E+00  0.0000E+00  0.0000E+00  0.0000E+00  0.0000E+00  0.0000E+00  0.0000E+00
       0.0000E+00  0.0000E+00  0.0000E+00  0.0000E+00  0.0000E+00  0.0000E+00  0.0000E+00  0.0000E+00  0.0000E+00  0.0000E+00
       0.0000E+00  0.0000E+00  0.0000E+00  0.0000E+00  0.0000E+00  0.0000E+00  0.0000E+00  0.0000E+00  0.0000E+00  0.0000E+00
       0.0000E+00  0.0000E+00  0.0000E+00  0.0000E+00  0.0000E+00  0.0000E+00  0.0000E+00  0.0000E+00  0.0000E+00  0.0000E+00
       0.0000E+00  0.0000E+00  0.0000E+00  0.0000E+00  0.0000E+00  0.0000E+00  0.0000E+00  0.0000E+00  0.0000E+00  0.0000E+00
       0.0000E+00  0.0000E+00  0.0000E+00  0.0000E+00  0.0000E+00  0.0000E+00  0.0000E+00  0.0000E+00  0.0000E+00  0.0000E+00
       0.0000E+00  0.0000E+00  0.0000E+00  0.0000E+00  0.0000E+00  0.0000E+00  0.0000E+00  0.0000E+00  0.0000E+00  0.0000E+00
       0.0000E+00  0.0000E+00  0.0000E+00  0.0000E+00  0.0000E+00  0.0000E+00  0.0000E+00  0.0000E+00  0.0000E+00  0.0000E+00
       0.0000E+00  0.0000E+00  0.0000E+00  0.0000E+00  0.0000E+00  0.0000E+00  0.0000E+00  0.0000E+00  0.0000E+00  0.0000E+00
       0.0000E+00  0.0000E+00  0.0000E+00  0.0000E+00  0.0000E+00  0.0000E+00  0.0000E+00  0.0000E+00  0.0000E+00  0.0000E+00
       0.0000E+00  0.0000E+00  0.0000E+00  0.0000E+00  0.0000E+00  0.0000E+00  0.0000E+00  0.0000E+00  0.0000E+00  0.0000E+00
       0.0000E+00  0.0000E+00  0.0000E+00  0.0000E+00  0.0000E+00  0.0000E+00  0.0000E+00  0.0000E+00  0.0000E+00  0.0000E+00
       0.0000E+00  0.0000E+00  0.0000E+00  0.0000E+00  0.0000E+00  0.0000E+00  0.0000E+00  0.0000E+00  0.0000E+00  0.0000E+00
       0.0000E+00  0.0000E+00  0.0000E+00  0.0000E+00  0.0000E+00  0.0000E+00  0.0000E+00  0.0000E+00  0.0000E+00  0.0000E+00
       0.0000E+00  0.0000E+00  0.0000E+00  0.0000E+00  0.0000E+00  0.0000E+00  0.0000E+00  0.0000E+00  0.0000E+00  0.0000E+00
       0.0000E+00  0.0000E+00  0.0000E+00  0.0000E+00  0.0000E+00  0.0000E+00  0.0000E+00  0.0000E+00  0.0000E+00  0.0000E+00
       0.0000E+00  0.0000E+00  0.0000E+00  0.0000E+00  0.0000E+00  0.0000E+00  0.0000E+00  0.0000E+00  0.0000E+00  0.0000E+00
       0.0000E+00  0.0000E+00  0.0000E+00  0.0000E+00  0.0000E+00  0.0000E+00  0.0000E+00  0.0000E+00  0.0000E+00  0.0000E+00
       0.0000E+00  0.0000E+00  0.0000E+00  0.0000E+00  0.0000E+00  0.0000E+00  0.0000E+00  0.0000E+00  0.0000E+00  0.0000E+00
       0.0000E+00  0.0000E+00  0.0000E+00  0.0000E+00  0.0000E+00  0.0000E+00  0.0000E+00  0.0000E+00  0.0000E+00  0.0000E+00
       0.0000E+00  0.0000E+00  0.0000E+00  0.0000E+00  0.0000E+00  0.0000E+00  0.0000E+00  0.0000E+00  0.0000E+00  0.0000E+00
       0.0000E+00  0.0000E+00  0.0000E+00  0.0000E+00  0.0000E+00  0.0000E+00  0.0000E+00  0.0000E+00  0.0000E+00  0.0000E+00
       0.0000E+00  0.0000E+00  0.0000E+00  0.0000E+00  0.0000E+00  0.0000E+00  0.0000E+00  0.0000E+00  0.0000E+00  0.0000E+00
       0.0000E+00  0.0000E+00  0.0000E+00  0.0000E+00  0.0000E+00  0.0000E+00  0.0000E+00  0.0000E+00  0.0000E+00  0.0000E+00
1

   Bdrx n.   6  "ofluence  " , generalized particle n.    1, from region n.     5 to region n.     4
      detector area:  1.0000E+02 cm**2
      this is a one way only estimator
      this is a fluence like estimator
      linear energy binning from   0.0000E+00 to  3.0000E+02 GeV,     1 bins ( 3.0000E+02 GeV wide)
      linear angular binning from  0.0000E+00 to  6.2832E+00 sr ,     1 bins ( 6.2832E+00 sr wide )
      Data follow in a matrix A(ie,ia), format (1(5x,1p,10(1x,e11.4)))

       5.2926E-06
