
 *****  Protons in Lexan (0.07GeV, 0cm)                                                   *****

           DATE: 12/19/18,  TIME: 12:15:18

          Total number of particles followed       50000000, for a total weight of  5.0000E+07

1

   Res. nuclei n.   1  "Ian       " ,  all         products, region n.     5
      detector volume:  1.0000E+00 cm**3
      Max. Z:  10, Max. N-Z:  11 Min. N-Z: -4
      Data follow in a matrix A(z,n-z-k), k: -5 format (1(5x,1p,10(1x,e11.4)))

       0.0000E+00  0.0000E+00  0.0000E+00  0.0000E+00  0.0000E+00  0.0000E+00  0.0000E+00  0.0000E+00  0.0000E+00  0.0000E+00
       0.0000E+00  0.0000E+00  0.0000E+00  0.0000E+00  0.0000E+00  2.4800E-06  0.0000E+00  4.0000E-08  0.0000E+00  0.0000E+00
       0.0000E+00  0.0000E+00  0.0000E+00  0.0000E+00  6.9880E-05  6.2160E-05  2.0080E-05  7.0800E-06  0.0000E+00  0.0000E+00
       1.4567E-02  1.5054E-03  0.0000E+00  9.6156E-04  0.0000E+00  2.5241E-03  1.9760E-05  5.4939E-04  6.0000E-08  0.0000E+00
       3.2242E-03  1.9610E-02  1.2736E-03  0.0000E+00  7.3712E-04  1.1860E-02  3.0550E-04  1.2719E-03  8.0000E-08  1.4000E-07
       6.2386E-04  0.0000E+00  6.4590E-04  1.5272E-04  1.6109E-03  2.2871E-04  4.1981E-04  1.0250E-06  2.0000E-08  0.0000E+00
       0.0000E+00  1.2780E-05  1.9560E-05  4.7060E-05  8.3927E-06  3.2280E-05  4.4888E-07  1.4400E-06  0.0000E+00  0.0000E+00
       0.0000E+00  0.0000E+00  6.0000E-08  0.0000E+00  6.0000E-08  0.0000E+00  2.6000E-07  0.0000E+00  0.0000E+00  0.0000E+00
       0.0000E+00  0.0000E+00  0.0000E+00  0.0000E+00  0.0000E+00  4.0000E-08  0.0000E+00  0.0000E+00  0.0000E+00  0.0000E+00
       0.0000E+00  0.0000E+00  0.0000E+00  0.0000E+00  0.0000E+00  0.0000E+00  0.0000E+00  0.0000E+00  0.0000E+00  0.0000E+00
       0.0000E+00  0.0000E+00  0.0000E+00  0.0000E+00  0.0000E+00  0.0000E+00  0.0000E+00  0.0000E+00  0.0000E+00  0.0000E+00
       0.0000E+00  0.0000E+00  0.0000E+00  0.0000E+00  0.0000E+00  0.0000E+00  0.0000E+00  0.0000E+00  0.0000E+00  0.0000E+00
       0.0000E+00  0.0000E+00  0.0000E+00  0.0000E+00  0.0000E+00  0.0000E+00  0.0000E+00  0.0000E+00  0.0000E+00  0.0000E+00
       0.0000E+00  0.0000E+00  0.0000E+00  0.0000E+00  0.0000E+00  0.0000E+00  0.0000E+00  0.0000E+00  0.0000E+00  0.0000E+00
       0.0000E+00  0.0000E+00  0.0000E+00  0.0000E+00  0.0000E+00  0.0000E+00  0.0000E+00  0.0000E+00  0.0000E+00  0.0000E+00
       0.0000E+00  0.0000E+00  0.0000E+00  0.0000E+00  0.0000E+00  0.0000E+00  0.0000E+00  0.0000E+00  0.0000E+00  0.0000E+00
