
 *****  Protons in Lexan (0.07GeV, 0cm)                                                   *****

           DATE: 12/19/18,  TIME: 12:15:18

          Total number of particles followed       50000000, for a total weight of  5.0000E+07

1

   Bdrx n.   2  "ofluence  " , generalized particle n.    1, from region n.     5 to region n.     4
      detector area:  1.0000E+02 cm**2
      this is a one way only estimator
      this is a fluence like estimator
      linear energy binning from   0.0000E+00 to  1.2000E-01 GeV,   650 bins ( 1.8462E-04 GeV wide)
      linear angular binning from  0.0000E+00 to  6.2832E+00 sr ,     1 bins ( 6.2832E+00 sr wide )
      Data follow in a matrix A(ie,ia), format (1(5x,1p,10(1x,e11.4)))

       2.5090E-05  2.9579E-05  4.8215E-05  4.6503E-05  9.1922E-05  8.0565E-05  8.0890E-05  8.9649E-05  9.1643E-05  1.1792E-04
       1.2665E-04  1.2261E-04  1.2681E-04  1.4074E-04  1.4384E-04  1.4723E-04  1.5358E-04  1.5065E-04  1.6500E-04  1.9820E-04
       1.7779E-04  1.8016E-04  1.9343E-04  1.8745E-04  1.9942E-04  2.0217E-04  1.9595E-04  2.2830E-04  2.1821E-04  2.2977E-04
       2.1963E-04  2.0811E-04  2.3785E-04  2.2645E-04  2.4010E-04  2.4975E-04  2.4226E-04  2.5397E-04  2.7097E-04  2.8379E-04
       2.6443E-04  2.4850E-04  2.6670E-04  2.7500E-04  2.6076E-04  2.8839E-04  2.8344E-04  2.8594E-04  2.7166E-04  3.0387E-04
       2.7978E-04  2.8278E-04  2.9714E-04  3.1141E-04  3.0248E-04  3.0806E-04  3.0824E-04  3.0181E-04  3.1137E-04  3.0855E-04
       3.1445E-04  3.2919E-04  3.2207E-04  3.2725E-04  3.4292E-04  3.2989E-04  3.2737E-04  3.6018E-04  3.3399E-04  3.3250E-04
       3.6926E-04  3.5770E-04  3.6768E-04  3.4961E-04  3.5780E-04  3.4596E-04  3.5575E-04  3.8295E-04  3.7315E-04  3.6862E-04
       3.7328E-04  3.8359E-04  3.6128E-04  3.7324E-04  3.6943E-04  3.9094E-04  3.9523E-04  3.8722E-04  3.8187E-04  3.9001E-04
       4.0549E-04  3.8762E-04  3.9590E-04  3.9075E-04  4.0151E-04  3.9735E-04  4.0550E-04  3.9349E-04  3.9938E-04  3.9885E-04
       3.8805E-04  3.8017E-04  4.1238E-04  4.2072E-04  4.0117E-04  4.1761E-04  4.1653E-04  4.2903E-04  4.0641E-04  4.2590E-04
       4.1640E-04  4.3410E-04  4.3914E-04  4.1607E-04  4.3885E-04  4.0828E-04  4.1992E-04  4.6123E-04  4.4020E-04  4.2092E-04
       4.1496E-04  4.2031E-04  4.3855E-04  4.3490E-04  4.2416E-04  4.1438E-04  4.3626E-04  4.5190E-04  4.3767E-04  4.2064E-04
       4.4186E-04  4.6151E-04  4.1672E-04  4.2138E-04  4.3349E-04  4.4426E-04  4.4406E-04  4.4025E-04  4.3119E-04  4.2843E-04
       4.3963E-04  4.5350E-04  4.2976E-04  4.3444E-04  4.3471E-04  4.3561E-04  4.2714E-04  4.2084E-04  4.3569E-04  4.5538E-04
       4.5020E-04  4.3952E-04  4.1373E-04  4.2994E-04  4.2761E-04  4.4159E-04  4.4134E-04  4.4301E-04  4.2587E-04  4.3571E-04
       4.6069E-04  4.5250E-04  4.5592E-04  4.2969E-04  4.2130E-04  4.3140E-04  4.3312E-04  4.3760E-04  4.2091E-04  4.6152E-04
       4.5161E-04  4.4990E-04  4.2846E-04  4.4363E-04  4.3856E-04  4.4435E-04  4.3923E-04  4.5965E-04  4.3043E-04  4.4835E-04
       4.5465E-04  4.5177E-04  4.4921E-04  4.3699E-04  4.4849E-04  4.3552E-04  4.2920E-04  4.3385E-04  4.3424E-04  4.4297E-04
       4.2180E-04  4.4123E-04  4.4615E-04  4.5787E-04  4.2449E-04  4.3455E-04  4.3944E-04  4.2579E-04  4.1521E-04  4.3944E-04
       4.4310E-04  4.4302E-04  4.3853E-04  4.3948E-04  4.2651E-04  4.1601E-04  4.5076E-04  4.3592E-04  4.3219E-04  4.1371E-04
       4.3761E-04  4.0215E-04  4.3639E-04  4.1523E-04  4.1492E-04  4.2613E-04  4.2620E-04  4.1886E-04  4.0643E-04  4.2630E-04
       4.2404E-04  4.0157E-04  4.3290E-04  4.2561E-04  3.8868E-04  4.1356E-04  4.0178E-04  3.9369E-04  3.9475E-04  4.1042E-04
       3.8100E-04  3.6903E-04  3.9856E-04  3.7061E-04  3.6430E-04  3.7861E-04  3.7876E-04  3.5923E-04  3.4998E-04  3.6675E-04
       3.6158E-04  3.5022E-04  3.4870E-04  3.5805E-04  3.2428E-04  3.3589E-04  3.2601E-04  3.1405E-04  3.0279E-04  3.0004E-04
       2.9384E-04  2.8808E-04  2.7456E-04  2.6415E-04  2.7410E-04  2.3696E-04  2.3591E-04  2.3668E-04  2.2691E-04  2.2925E-04
       2.1967E-04  2.2715E-04  2.2573E-04  2.2345E-04  2.1936E-04  2.2357E-04  2.3827E-04  2.6156E-04  2.4055E-04  2.5911E-04
       2.8233E-04  2.4997E-04  2.7064E-04  2.9300E-04  2.8992E-04  3.1756E-04  3.0278E-04  3.4715E-04  3.5183E-04  3.6772E-04
       3.6618E-04  3.8392E-04  4.3169E-04  4.6265E-04  5.0172E-04  4.9047E-04  5.3404E-04  5.5623E-04  5.5665E-04  5.4267E-04
       5.4888E-04  5.3380E-04  5.3527E-04  5.3431E-04  6.2532E-04  6.6173E-04  7.7075E-04  9.0307E-04  1.0542E-03  1.2399E-03
       1.5078E-03  1.8650E-03  2.2999E-03  2.9262E-03  3.8719E-03  5.5640E-03  9.2490E-03  1.7971E-02  3.8864E-02  8.5203E-02
       1.7746E-01  3.3636E-01  5.7109E-01  8.5520E-01  1.1204E+00  1.2764E+00  1.2555E+00  1.0623E+00  7.6769E-01  4.7094E-01
       2.4384E-01  1.0635E-01  3.8690E-02  1.1677E-02  2.9282E-03  6.0108E-04  9.4519E-05  1.7075E-05  2.4145E-06  0.0000E+00
       0.0000E+00  0.0000E+00  0.0000E+00  0.0000E+00  0.0000E+00  0.0000E+00  0.0000E+00  0.0000E+00  0.0000E+00  0.0000E+00
       0.0000E+00  0.0000E+00  0.0000E+00  0.0000E+00  0.0000E+00  0.0000E+00  0.0000E+00  0.0000E+00  0.0000E+00  0.0000E+00
       0.0000E+00  0.0000E+00  0.0000E+00  0.0000E+00  0.0000E+00  0.0000E+00  0.0000E+00  0.0000E+00  0.0000E+00  0.0000E+00
       0.0000E+00  0.0000E+00  0.0000E+00  0.0000E+00  0.0000E+00  0.0000E+00  0.0000E+00  0.0000E+00  0.0000E+00  0.0000E+00
       0.0000E+00  0.0000E+00  0.0000E+00  0.0000E+00  0.0000E+00  0.0000E+00  0.0000E+00  0.0000E+00  0.0000E+00  0.0000E+00
       0.0000E+00  0.0000E+00  0.0000E+00  0.0000E+00  0.0000E+00  0.0000E+00  0.0000E+00  0.0000E+00  0.0000E+00  0.0000E+00
       0.0000E+00  0.0000E+00  0.0000E+00  0.0000E+00  0.0000E+00  0.0000E+00  0.0000E+00  0.0000E+00  0.0000E+00  0.0000E+00
       0.0000E+00  0.0000E+00  0.0000E+00  0.0000E+00  0.0000E+00  0.0000E+00  0.0000E+00  0.0000E+00  0.0000E+00  0.0000E+00
       0.0000E+00  0.0000E+00  0.0000E+00  0.0000E+00  0.0000E+00  0.0000E+00  0.0000E+00  0.0000E+00  0.0000E+00  0.0000E+00
       0.0000E+00  0.0000E+00  0.0000E+00  0.0000E+00  0.0000E+00  0.0000E+00  0.0000E+00  0.0000E+00  0.0000E+00  0.0000E+00
       0.0000E+00  0.0000E+00  0.0000E+00  0.0000E+00  0.0000E+00  0.0000E+00  0.0000E+00  0.0000E+00  0.0000E+00  0.0000E+00
       0.0000E+00  0.0000E+00  0.0000E+00  0.0000E+00  0.0000E+00  0.0000E+00  0.0000E+00  0.0000E+00  0.0000E+00  0.0000E+00
       0.0000E+00  0.0000E+00  0.0000E+00  0.0000E+00  0.0000E+00  0.0000E+00  0.0000E+00  0.0000E+00  0.0000E+00  0.0000E+00
       0.0000E+00  0.0000E+00  0.0000E+00  0.0000E+00  0.0000E+00  0.0000E+00  0.0000E+00  0.0000E+00  0.0000E+00  0.0000E+00
       0.0000E+00  0.0000E+00  0.0000E+00  0.0000E+00  0.0000E+00  0.0000E+00  0.0000E+00  0.0000E+00  0.0000E+00  0.0000E+00
       0.0000E+00  0.0000E+00  0.0000E+00  0.0000E+00  0.0000E+00  0.0000E+00  0.0000E+00  0.0000E+00  0.0000E+00  0.0000E+00
       0.0000E+00  0.0000E+00  0.0000E+00  0.0000E+00  0.0000E+00  0.0000E+00  0.0000E+00  0.0000E+00  0.0000E+00  0.0000E+00
       0.0000E+00  0.0000E+00  0.0000E+00  0.0000E+00  0.0000E+00  0.0000E+00  0.0000E+00  0.0000E+00  0.0000E+00  0.0000E+00
       0.0000E+00  0.0000E+00  0.0000E+00  0.0000E+00  0.0000E+00  0.0000E+00  0.0000E+00  0.0000E+00  0.0000E+00  0.0000E+00
       0.0000E+00  0.0000E+00  0.0000E+00  0.0000E+00  0.0000E+00  0.0000E+00  0.0000E+00  0.0000E+00  0.0000E+00  0.0000E+00
       0.0000E+00  0.0000E+00  0.0000E+00  0.0000E+00  0.0000E+00  0.0000E+00  0.0000E+00  0.0000E+00  0.0000E+00  0.0000E+00
       0.0000E+00  0.0000E+00  0.0000E+00  0.0000E+00  0.0000E+00  0.0000E+00  0.0000E+00  0.0000E+00  0.0000E+00  0.0000E+00
       0.0000E+00  0.0000E+00  0.0000E+00  0.0000E+00  0.0000E+00  0.0000E+00  0.0000E+00  0.0000E+00  0.0000E+00  0.0000E+00
       0.0000E+00  0.0000E+00  0.0000E+00  0.0000E+00  0.0000E+00  0.0000E+00  0.0000E+00  0.0000E+00  0.0000E+00  0.0000E+00
       0.0000E+00  0.0000E+00  0.0000E+00  0.0000E+00  0.0000E+00  0.0000E+00  0.0000E+00  0.0000E+00  0.0000E+00  0.0000E+00
       0.0000E+00  0.0000E+00  0.0000E+00  0.0000E+00  0.0000E+00  0.0000E+00  0.0000E+00  0.0000E+00  0.0000E+00  0.0000E+00
       0.0000E+00  0.0000E+00  0.0000E+00  0.0000E+00  0.0000E+00  0.0000E+00  0.0000E+00  0.0000E+00  0.0000E+00  0.0000E+00
       0.0000E+00  0.0000E+00  0.0000E+00  0.0000E+00  0.0000E+00  0.0000E+00  0.0000E+00  0.0000E+00  0.0000E+00  0.0000E+00
       0.0000E+00  0.0000E+00  0.0000E+00  0.0000E+00  0.0000E+00  0.0000E+00  0.0000E+00  0.0000E+00  0.0000E+00  0.0000E+00
       0.0000E+00  0.0000E+00  0.0000E+00  0.0000E+00  0.0000E+00  0.0000E+00  0.0000E+00  0.0000E+00  0.0000E+00  0.0000E+00
       0.0000E+00  0.0000E+00  0.0000E+00  0.0000E+00  0.0000E+00  0.0000E+00  0.0000E+00  0.0000E+00  0.0000E+00  0.0000E+00
       0.0000E+00  0.0000E+00  0.0000E+00  0.0000E+00  0.0000E+00  0.0000E+00  0.0000E+00  0.0000E+00  0.0000E+00  0.0000E+00
1

   Bdrx n.   6  "ofluence  " , generalized particle n.    1, from region n.     5 to region n.     4
      detector area:  1.0000E+02 cm**2
      this is a one way only estimator
      this is a fluence like estimator
      linear energy binning from   0.0000E+00 to  3.0000E+02 GeV,     1 bins ( 3.0000E+02 GeV wide)
      linear angular binning from  0.0000E+00 to  6.2832E+00 sr ,     1 bins ( 6.2832E+00 sr wide )
      Data follow in a matrix A(ie,ia), format (1(5x,1p,10(1x,e11.4)))

       5.2782E-06
