
 *****  Protons in Lexan (0.25GeV, 3.0cm)                                                 *****

           DATE: 12/13/18,  TIME:  5:33:36

          Total number of particles followed        1000000, for a total weight of  1.0000E+06

1

   Res. nuclei n.   1  "Ian       " ,  all         products, region n.     5
      detector volume:  1.0000E+00 cm**3
      Max. Z:  10, Max. N-Z:  11 Min. N-Z: -4
      Data follow in a matrix A(z,n-z-k), k: -5 format (1(5x,1p,10(1x,e11.4)))

       0.0000E+00  0.0000E+00  0.0000E+00  0.0000E+00  0.0000E+00  0.0000E+00  0.0000E+00  0.0000E+00  0.0000E+00  0.0000E+00
       0.0000E+00  0.0000E+00  0.0000E+00  0.0000E+00  0.0000E+00  9.3000E-05  0.0000E+00  3.6000E-05  0.0000E+00  0.0000E+00
       0.0000E+00  0.0000E+00  0.0000E+00  0.0000E+00  7.6800E-04  1.3620E-03  2.5400E-04  2.2330E-03  0.0000E+00  0.0000E+00
       5.5367E+00  1.8910E-02  0.0000E+00  6.3780E-03  0.0000E+00  1.6831E-02  3.5600E-03  6.1608E-02  4.0000E-06  1.0000E-06
       4.0644E+00  2.5335E-01  1.5413E-02  0.0000E+00  9.5520E-03  5.5609E-02  3.0878E-02  7.8787E-02  1.2000E-05  8.0000E-06
       1.0296E-02  0.0000E+00  5.3640E-03  3.1630E-03  1.4626E-02  1.5455E-02  4.7021E-02  8.5448E-05  3.0000E-06  0.0000E+00
       0.0000E+00  3.8000E-04  6.7900E-04  1.8060E-03  5.6400E-04  4.1930E-03  3.3034E-04  1.1100E-04  0.0000E+00  0.0000E+00
       0.0000E+00  0.0000E+00  8.2000E-05  1.9000E-05  1.0600E-04  1.4000E-05  4.6000E-05  0.0000E+00  0.0000E+00  0.0000E+00
       0.0000E+00  1.0000E-06  0.0000E+00  3.0000E-06  0.0000E+00  1.0000E-06  0.0000E+00  0.0000E+00  0.0000E+00  0.0000E+00
       0.0000E+00  0.0000E+00  0.0000E+00  0.0000E+00  0.0000E+00  0.0000E+00  0.0000E+00  0.0000E+00  0.0000E+00  0.0000E+00
       0.0000E+00  0.0000E+00  0.0000E+00  0.0000E+00  0.0000E+00  0.0000E+00  0.0000E+00  0.0000E+00  0.0000E+00  0.0000E+00
       0.0000E+00  0.0000E+00  0.0000E+00  0.0000E+00  0.0000E+00  0.0000E+00  0.0000E+00  0.0000E+00  0.0000E+00  0.0000E+00
       0.0000E+00  0.0000E+00  0.0000E+00  0.0000E+00  0.0000E+00  0.0000E+00  0.0000E+00  0.0000E+00  0.0000E+00  0.0000E+00
       0.0000E+00  0.0000E+00  0.0000E+00  0.0000E+00  0.0000E+00  0.0000E+00  0.0000E+00  0.0000E+00  0.0000E+00  0.0000E+00
       0.0000E+00  0.0000E+00  0.0000E+00  0.0000E+00  0.0000E+00  0.0000E+00  0.0000E+00  0.0000E+00  0.0000E+00  0.0000E+00
       0.0000E+00  0.0000E+00  0.0000E+00  0.0000E+00  0.0000E+00  0.0000E+00  0.0000E+00  0.0000E+00  0.0000E+00  0.0000E+00
