
 *****  Protons in Lexan (0.18GeV, 2cm)                                                   *****

           DATE: 12/20/18,  TIME:  1:53:36

          Total number of particles followed       16666666, for a total weight of  1.6667E+07

1

   Res. nuclei n.   1  "Ian       " ,  all         products, region n.     5
      detector volume:  1.0000E+00 cm**3
      Max. Z:  10, Max. N-Z:  11 Min. N-Z: -4
      Data follow in a matrix A(z,n-z-k), k: -5 format (1(5x,1p,10(1x,e11.4)))

       0.0000E+00  0.0000E+00  0.0000E+00  0.0000E+00  0.0000E+00  0.0000E+00  0.0000E+00  0.0000E+00  0.0000E+00  0.0000E+00
       0.0000E+00  0.0000E+00  0.0000E+00  0.0000E+00  0.0000E+00  2.3580E-05  0.0000E+00  1.2600E-06  0.0000E+00  0.0000E+00
       0.0000E+00  0.0000E+00  0.0000E+00  0.0000E+00  1.6512E-04  3.0276E-04  3.7020E-05  6.7440E-05  0.0000E+00  0.0000E+00
       4.0666E-02  4.5660E-03  0.0000E+00  2.1394E-03  0.0000E+00  6.2743E-03  8.8440E-05  1.5072E-03  1.8000E-07  0.0000E+00
       9.7276E-03  3.6013E-02  2.9304E-03  0.0000E+00  2.0940E-03  9.3289E-03  7.1822E-04  1.0790E-03  1.2000E-07  3.6000E-07
       2.3313E-03  0.0000E+00  1.5578E-03  4.4583E-04  3.8424E-03  4.1269E-04  9.5187E-04  1.6072E-06  1.2000E-07  0.0000E+00
       0.0000E+00  9.2400E-05  1.2624E-04  2.6964E-04  4.2840E-05  8.9820E-05  3.1029E-06  1.6200E-06  0.0000E+00  0.0000E+00
       0.0000E+00  0.0000E+00  8.7600E-06  1.4400E-06  1.5600E-06  1.8000E-07  9.0000E-07  0.0000E+00  0.0000E+00  0.0000E+00
       0.0000E+00  1.8000E-07  0.0000E+00  6.0000E-08  0.0000E+00  1.2000E-07  0.0000E+00  0.0000E+00  0.0000E+00  0.0000E+00
       0.0000E+00  0.0000E+00  0.0000E+00  0.0000E+00  0.0000E+00  0.0000E+00  0.0000E+00  0.0000E+00  0.0000E+00  0.0000E+00
       0.0000E+00  0.0000E+00  0.0000E+00  0.0000E+00  0.0000E+00  0.0000E+00  0.0000E+00  0.0000E+00  0.0000E+00  0.0000E+00
       0.0000E+00  0.0000E+00  0.0000E+00  0.0000E+00  0.0000E+00  0.0000E+00  0.0000E+00  0.0000E+00  0.0000E+00  0.0000E+00
       0.0000E+00  0.0000E+00  0.0000E+00  0.0000E+00  0.0000E+00  0.0000E+00  0.0000E+00  0.0000E+00  0.0000E+00  0.0000E+00
       0.0000E+00  0.0000E+00  0.0000E+00  0.0000E+00  0.0000E+00  0.0000E+00  0.0000E+00  0.0000E+00  0.0000E+00  0.0000E+00
       0.0000E+00  0.0000E+00  0.0000E+00  0.0000E+00  0.0000E+00  0.0000E+00  0.0000E+00  0.0000E+00  0.0000E+00  0.0000E+00
       0.0000E+00  0.0000E+00  0.0000E+00  0.0000E+00  0.0000E+00  0.0000E+00  0.0000E+00  0.0000E+00  0.0000E+00  0.0000E+00
