
 *****  Protons in Lexan (0.18GeV, 2cm)                                                   *****

           DATE: 12/20/18,  TIME:  1:53:36

          Total number of particles followed       16666666, for a total weight of  1.6667E+07

1

   Bdrx n.   2  "ofluence  " , generalized particle n.    1, from region n.     5 to region n.     4
      detector area:  1.0000E+02 cm**2
      this is a one way only estimator
      this is a fluence like estimator
      linear energy binning from   1.0000E-01 to  2.3000E-01 GeV,   650 bins ( 2.0000E-04 GeV wide)
      linear angular binning from  0.0000E+00 to  6.2832E+00 sr ,     1 bins ( 6.2832E+00 sr wide )
      Data follow in a matrix A(ie,ia), format (1(5x,1p,10(1x,e11.4)))

       4.5539E-04  4.7552E-04  4.7338E-04  4.7361E-04  4.7140E-04  4.4404E-04  4.3235E-04  4.7946E-04  4.9751E-04  4.3844E-04
       4.6609E-04  4.9356E-04  4.7838E-04  4.7333E-04  4.9992E-04  4.6417E-04  4.7828E-04  4.5312E-04  4.5768E-04  4.2806E-04
       4.7604E-04  4.4465E-04  4.7228E-04  4.8419E-04  4.4105E-04  4.3495E-04  4.5265E-04  4.9027E-04  4.5063E-04  4.5945E-04
       4.6034E-04  4.7509E-04  4.6045E-04  4.7083E-04  4.6426E-04  4.5558E-04  4.4190E-04  4.7055E-04  4.6380E-04  4.4805E-04
       4.5268E-04  4.4152E-04  4.7440E-04  4.5889E-04  4.8656E-04  5.0125E-04  4.8071E-04  4.6189E-04  4.4606E-04  4.7671E-04
       4.3567E-04  4.5539E-04  4.6027E-04  4.9114E-04  4.6649E-04  4.3968E-04  4.5379E-04  4.3131E-04  4.6982E-04  4.4877E-04
       4.4809E-04  4.2331E-04  4.5805E-04  4.4498E-04  4.4547E-04  4.5789E-04  4.7338E-04  4.3000E-04  4.7783E-04  4.3039E-04
       4.3398E-04  4.5250E-04  4.2655E-04  4.6407E-04  4.5209E-04  4.6979E-04  4.3285E-04  4.6822E-04  4.2420E-04  4.4061E-04
       4.4667E-04  4.5585E-04  4.3912E-04  4.7082E-04  4.5405E-04  4.4619E-04  4.4756E-04  4.4651E-04  4.5029E-04  4.6287E-04
       4.8300E-04  4.5474E-04  4.5551E-04  4.3920E-04  4.4193E-04  4.3359E-04  4.6885E-04  4.5957E-04  4.3372E-04  4.5058E-04
       4.3980E-04  4.6251E-04  4.1466E-04  4.1582E-04  4.4480E-04  4.3651E-04  4.0400E-04  4.2548E-04  4.2968E-04  4.2505E-04
       4.5936E-04  4.3036E-04  4.5209E-04  4.3266E-04  4.3283E-04  4.2000E-04  4.1076E-04  4.4406E-04  4.4193E-04  4.1901E-04
       4.4372E-04  4.3999E-04  4.1098E-04  4.2665E-04  4.4279E-04  4.3569E-04  4.1804E-04  4.0935E-04  4.5369E-04  4.4049E-04
       4.2869E-04  4.0676E-04  4.2434E-04  4.0791E-04  4.3113E-04  4.3156E-04  4.2746E-04  4.1839E-04  4.0945E-04  4.3718E-04
       3.9889E-04  4.0222E-04  4.1831E-04  4.1357E-04  4.1344E-04  4.1595E-04  4.2499E-04  3.7732E-04  3.8287E-04  4.3523E-04
       3.9393E-04  3.8208E-04  4.0023E-04  3.8483E-04  3.9069E-04  3.9126E-04  4.1109E-04  3.9701E-04  3.7165E-04  4.1374E-04
       3.8483E-04  3.9166E-04  3.9573E-04  4.0355E-04  3.7663E-04  4.1152E-04  3.7287E-04  3.5643E-04  4.0130E-04  3.7101E-04
       3.9120E-04  3.6661E-04  3.8238E-04  3.7545E-04  3.7253E-04  3.7509E-04  3.6157E-04  3.5911E-04  3.5188E-04  3.8457E-04
       3.2044E-04  3.3864E-04  3.5203E-04  3.5827E-04  3.4347E-04  3.7192E-04  3.3688E-04  3.5710E-04  3.5290E-04  3.3428E-04
       3.4788E-04  3.5465E-04  3.4850E-04  3.2240E-04  3.4028E-04  3.4439E-04  3.4908E-04  3.4152E-04  3.4262E-04  3.4094E-04
       3.3492E-04  3.3309E-04  3.3714E-04  3.1803E-04  3.2838E-04  3.2765E-04  3.1782E-04  3.1460E-04  2.9778E-04  3.1393E-04
       2.8662E-04  3.3802E-04  2.9047E-04  3.1125E-04  3.1459E-04  2.9546E-04  3.1551E-04  2.7052E-04  3.0752E-04  3.0987E-04
       2.9325E-04  2.8908E-04  3.0794E-04  3.0645E-04  2.9771E-04  2.9025E-04  2.8522E-04  2.9465E-04  2.8736E-04  2.6894E-04
       2.5824E-04  2.6810E-04  2.9410E-04  2.6907E-04  2.8824E-04  2.5924E-04  2.6468E-04  2.5569E-04  2.4886E-04  2.6892E-04
       2.4879E-04  2.4049E-04  2.4000E-04  2.2705E-04  2.3397E-04  2.3121E-04  2.4217E-04  2.2290E-04  2.1418E-04  2.1777E-04
       2.4526E-04  1.9717E-04  2.0237E-04  1.9085E-04  1.9558E-04  1.7076E-04  1.5619E-04  1.7113E-04  1.4751E-04  1.4943E-04
       1.3168E-04  1.4429E-04  1.3938E-04  1.2045E-04  1.4831E-04  1.1440E-04  1.2858E-04  1.1589E-04  1.2603E-04  1.2768E-04
       1.2430E-04  1.3622E-04  1.3590E-04  1.2527E-04  1.3504E-04  1.2670E-04  1.4528E-04  1.6786E-04  1.6956E-04  1.4867E-04
       1.5489E-04  1.8640E-04  1.9125E-04  2.1048E-04  2.0158E-04  2.4214E-04  2.5769E-04  2.5147E-04  2.6176E-04  2.5956E-04
       2.8897E-04  3.0096E-04  3.4640E-04  4.5404E-04  6.3752E-04  9.1415E-04  1.5056E-03  2.5635E-03  4.2976E-03  7.2916E-03
       1.2197E-02  1.9884E-02  3.1787E-02  4.9197E-02  7.3630E-02  1.0718E-01  1.5067E-01  2.0498E-01  2.6869E-01  3.4008E-01
       4.1457E-01  4.8462E-01  5.4642E-01  5.9212E-01  6.1617E-01  6.1541E-01  5.8979E-01  5.4065E-01  4.7614E-01  4.0014E-01
       3.2262E-01  2.4798E-01  1.8233E-01  1.2781E-01  8.5662E-02  5.4587E-02  3.3121E-02  1.9263E-02  1.0598E-02  5.5449E-03
       2.8090E-03  1.3691E-03  5.8833E-04  2.5310E-04  1.0888E-04  4.2023E-05  1.5281E-05  4.2979E-06  2.3875E-06  0.0000E+00
       0.0000E+00  0.0000E+00  4.7756E-07  0.0000E+00  0.0000E+00  0.0000E+00  0.0000E+00  0.0000E+00  0.0000E+00  0.0000E+00
       0.0000E+00  0.0000E+00  0.0000E+00  0.0000E+00  0.0000E+00  0.0000E+00  0.0000E+00  0.0000E+00  0.0000E+00  0.0000E+00
       0.0000E+00  0.0000E+00  0.0000E+00  0.0000E+00  0.0000E+00  0.0000E+00  0.0000E+00  0.0000E+00  0.0000E+00  0.0000E+00
       0.0000E+00  0.0000E+00  0.0000E+00  0.0000E+00  0.0000E+00  0.0000E+00  0.0000E+00  0.0000E+00  0.0000E+00  0.0000E+00
       0.0000E+00  0.0000E+00  0.0000E+00  0.0000E+00  0.0000E+00  0.0000E+00  0.0000E+00  0.0000E+00  0.0000E+00  0.0000E+00
       0.0000E+00  0.0000E+00  0.0000E+00  0.0000E+00  0.0000E+00  0.0000E+00  0.0000E+00  0.0000E+00  0.0000E+00  0.0000E+00
       0.0000E+00  0.0000E+00  0.0000E+00  0.0000E+00  0.0000E+00  0.0000E+00  0.0000E+00  0.0000E+00  0.0000E+00  0.0000E+00
       0.0000E+00  0.0000E+00  0.0000E+00  0.0000E+00  0.0000E+00  0.0000E+00  0.0000E+00  0.0000E+00  0.0000E+00  0.0000E+00
       0.0000E+00  0.0000E+00  0.0000E+00  0.0000E+00  0.0000E+00  0.0000E+00  0.0000E+00  0.0000E+00  0.0000E+00  0.0000E+00
       0.0000E+00  0.0000E+00  0.0000E+00  0.0000E+00  0.0000E+00  0.0000E+00  0.0000E+00  0.0000E+00  0.0000E+00  0.0000E+00
       0.0000E+00  0.0000E+00  0.0000E+00  0.0000E+00  0.0000E+00  0.0000E+00  0.0000E+00  0.0000E+00  0.0000E+00  0.0000E+00
       0.0000E+00  0.0000E+00  0.0000E+00  0.0000E+00  0.0000E+00  0.0000E+00  0.0000E+00  0.0000E+00  0.0000E+00  0.0000E+00
       0.0000E+00  0.0000E+00  0.0000E+00  0.0000E+00  0.0000E+00  0.0000E+00  0.0000E+00  0.0000E+00  0.0000E+00  0.0000E+00
       0.0000E+00  0.0000E+00  0.0000E+00  0.0000E+00  0.0000E+00  0.0000E+00  0.0000E+00  0.0000E+00  0.0000E+00  0.0000E+00
       0.0000E+00  0.0000E+00  0.0000E+00  0.0000E+00  0.0000E+00  0.0000E+00  0.0000E+00  0.0000E+00  0.0000E+00  0.0000E+00
       0.0000E+00  0.0000E+00  0.0000E+00  0.0000E+00  0.0000E+00  0.0000E+00  0.0000E+00  0.0000E+00  0.0000E+00  0.0000E+00
       0.0000E+00  0.0000E+00  0.0000E+00  0.0000E+00  0.0000E+00  0.0000E+00  0.0000E+00  0.0000E+00  0.0000E+00  0.0000E+00
       0.0000E+00  0.0000E+00  0.0000E+00  0.0000E+00  0.0000E+00  0.0000E+00  0.0000E+00  0.0000E+00  0.0000E+00  0.0000E+00
       0.0000E+00  0.0000E+00  0.0000E+00  0.0000E+00  0.0000E+00  0.0000E+00  0.0000E+00  0.0000E+00  0.0000E+00  0.0000E+00
       0.0000E+00  0.0000E+00  0.0000E+00  0.0000E+00  0.0000E+00  0.0000E+00  0.0000E+00  0.0000E+00  0.0000E+00  0.0000E+00
       0.0000E+00  0.0000E+00  0.0000E+00  0.0000E+00  0.0000E+00  0.0000E+00  0.0000E+00  0.0000E+00  0.0000E+00  0.0000E+00
       0.0000E+00  0.0000E+00  0.0000E+00  0.0000E+00  0.0000E+00  0.0000E+00  0.0000E+00  0.0000E+00  0.0000E+00  0.0000E+00
       0.0000E+00  0.0000E+00  0.0000E+00  0.0000E+00  0.0000E+00  0.0000E+00  0.0000E+00  0.0000E+00  0.0000E+00  0.0000E+00
       0.0000E+00  0.0000E+00  0.0000E+00  0.0000E+00  0.0000E+00  0.0000E+00  0.0000E+00  0.0000E+00  0.0000E+00  0.0000E+00
       0.0000E+00  0.0000E+00  0.0000E+00  0.0000E+00  0.0000E+00  0.0000E+00  0.0000E+00  0.0000E+00  0.0000E+00  0.0000E+00
       0.0000E+00  0.0000E+00  0.0000E+00  0.0000E+00  0.0000E+00  0.0000E+00  0.0000E+00  0.0000E+00  0.0000E+00  0.0000E+00
       0.0000E+00  0.0000E+00  0.0000E+00  0.0000E+00  0.0000E+00  0.0000E+00  0.0000E+00  0.0000E+00  0.0000E+00  0.0000E+00
       0.0000E+00  0.0000E+00  0.0000E+00  0.0000E+00  0.0000E+00  0.0000E+00  0.0000E+00  0.0000E+00  0.0000E+00  0.0000E+00
       0.0000E+00  0.0000E+00  0.0000E+00  0.0000E+00  0.0000E+00  0.0000E+00  0.0000E+00  0.0000E+00  0.0000E+00  0.0000E+00
       0.0000E+00  0.0000E+00  0.0000E+00  0.0000E+00  0.0000E+00  0.0000E+00  0.0000E+00  0.0000E+00  0.0000E+00  0.0000E+00
       0.0000E+00  0.0000E+00  0.0000E+00  0.0000E+00  0.0000E+00  0.0000E+00  0.0000E+00  0.0000E+00  0.0000E+00  0.0000E+00
1

   Bdrx n.   6  "ofluence  " , generalized particle n.    1, from region n.     5 to region n.     4
      detector area:  1.0000E+02 cm**2
      this is a one way only estimator
      this is a fluence like estimator
      linear energy binning from   0.0000E+00 to  3.0000E+02 GeV,     1 bins ( 3.0000E+02 GeV wide)
      linear angular binning from  0.0000E+00 to  6.2832E+00 sr ,     1 bins ( 6.2832E+00 sr wide )
      Data follow in a matrix A(ie,ia), format (1(5x,1p,10(1x,e11.4)))

       5.3050E-06
