
 *****  Protons in Lexan (0.18GeV, 2cm)                                                   *****

           DATE: 12/20/18,  TIME:  1:53:36

          Total number of particles followed       16666666, for a total weight of  1.6667E+07

1

   Bdrx n.   4  "ocurrent  " , generalized particle n.    1, from region n.     5 to region n.     4
      detector area:  1.0000E+02 cm**2
      this is a one way only estimator
      this is a current like estimator
      linear energy binning from   1.0000E-01 to  2.3000E-01 GeV,   650 bins ( 2.0000E-04 GeV wide)
      linear angular binning from  0.0000E+00 to  6.2832E+00 sr ,     1 bins ( 6.2832E+00 sr wide )
      Data follow in a matrix A(ie,ia), format (1(5x,1p,10(1x,e11.4)))

       3.6526E-04  3.8054E-04  3.7958E-04  3.8197E-04  3.8054E-04  3.6240E-04  3.5141E-04  3.8675E-04  4.0632E-04  3.6001E-04
       3.7338E-04  4.0107E-04  3.8722E-04  3.8436E-04  3.9773E-04  3.7672E-04  3.8293E-04  3.6431E-04  3.7385E-04  3.5189E-04
       3.8675E-04  3.6574E-04  3.8531E-04  3.9630E-04  3.5810E-04  3.5380E-04  3.7385E-04  4.0250E-04  3.7529E-04  3.7911E-04
       3.7958E-04  3.9057E-04  3.7051E-04  3.8436E-04  3.8436E-04  3.7863E-04  3.6622E-04  3.8913E-04  3.8388E-04  3.7051E-04
       3.7815E-04  3.6335E-04  3.9200E-04  3.7911E-04  4.0346E-04  4.1730E-04  4.0250E-04  3.8484E-04  3.6813E-04  3.9534E-04
       3.6240E-04  3.8054E-04  3.8436E-04  4.0966E-04  3.8913E-04  3.6908E-04  3.8006E-04  3.5858E-04  3.9486E-04  3.7195E-04
       3.7672E-04  3.5714E-04  3.8579E-04  3.7481E-04  3.7815E-04  3.8054E-04  3.9916E-04  3.6478E-04  3.9916E-04  3.5905E-04
       3.6622E-04  3.8340E-04  3.5905E-04  3.9248E-04  3.8197E-04  3.9916E-04  3.6765E-04  4.0012E-04  3.6240E-04  3.7385E-04
       3.7911E-04  3.8770E-04  3.7576E-04  3.9964E-04  3.8675E-04  3.7815E-04  3.8197E-04  3.8197E-04  3.8340E-04  3.9439E-04
       4.1444E-04  3.8818E-04  3.8102E-04  3.7767E-04  3.8293E-04  3.6956E-04  4.0441E-04  3.9009E-04  3.7815E-04  3.8913E-04
       3.7672E-04  4.0012E-04  3.6192E-04  3.6001E-04  3.8770E-04  3.7481E-04  3.5189E-04  3.7051E-04  3.7195E-04  3.6717E-04
       3.9868E-04  3.7576E-04  3.9391E-04  3.7385E-04  3.7958E-04  3.6717E-04  3.5810E-04  3.8913E-04  3.8484E-04  3.6669E-04
       3.8722E-04  3.8722E-04  3.6001E-04  3.7433E-04  3.8866E-04  3.8006E-04  3.6622E-04  3.5905E-04  4.0012E-04  3.8293E-04
       3.7481E-04  3.5714E-04  3.7720E-04  3.6144E-04  3.8006E-04  3.8054E-04  3.7433E-04  3.6717E-04  3.6287E-04  3.8913E-04
       3.5523E-04  3.5714E-04  3.7147E-04  3.6622E-04  3.6526E-04  3.6956E-04  3.7911E-04  3.3614E-04  3.4043E-04  3.8627E-04
       3.5189E-04  3.3995E-04  3.5858E-04  3.4282E-04  3.4712E-04  3.4950E-04  3.6335E-04  3.5714E-04  3.3279E-04  3.6860E-04
       3.4377E-04  3.4855E-04  3.5571E-04  3.5858E-04  3.3852E-04  3.6813E-04  3.3566E-04  3.1990E-04  3.5905E-04  3.3327E-04
       3.5332E-04  3.3041E-04  3.4234E-04  3.3900E-04  3.3566E-04  3.4043E-04  3.2850E-04  3.2611E-04  3.1656E-04  3.4664E-04
       2.9030E-04  3.0796E-04  3.1942E-04  3.2706E-04  3.1226E-04  3.3757E-04  3.0558E-04  3.2563E-04  3.2133E-04  3.0224E-04
       3.1656E-04  3.2372E-04  3.1608E-04  2.9460E-04  3.0796E-04  3.1417E-04  3.1847E-04  3.1035E-04  3.1274E-04  3.0940E-04
       3.0749E-04  3.0510E-04  3.0796E-04  2.8743E-04  3.0224E-04  3.0128E-04  2.9078E-04  2.8934E-04  2.7359E-04  2.9030E-04
       2.6499E-04  3.1178E-04  2.6881E-04  2.8743E-04  2.9173E-04  2.7215E-04  2.9269E-04  2.5067E-04  2.8361E-04  2.8791E-04
       2.7311E-04  2.6738E-04  2.8457E-04  2.8505E-04  2.7741E-04  2.7025E-04  2.6547E-04  2.7311E-04  2.6834E-04  2.5115E-04
       2.4207E-04  2.4971E-04  2.7502E-04  2.5162E-04  2.6977E-04  2.4446E-04  2.4733E-04  2.4016E-04  2.3444E-04  2.5115E-04
       2.3300E-04  2.2680E-04  2.2441E-04  2.1104E-04  2.1963E-04  2.1295E-04  2.2727E-04  2.1104E-04  2.0101E-04  2.0435E-04
       2.3062E-04  1.8669E-04  1.8955E-04  1.8000E-04  1.8335E-04  1.6186E-04  1.4658E-04  1.5804E-04  1.3894E-04  1.3894E-04
       1.2032E-04  1.3321E-04  1.2939E-04  1.1173E-04  1.3512E-04  1.0504E-04  1.1746E-04  1.0409E-04  1.1507E-04  1.1411E-04
       1.1268E-04  1.2462E-04  1.2414E-04  1.1411E-04  1.2271E-04  1.1602E-04  1.3417E-04  1.5327E-04  1.5661E-04  1.3846E-04
       1.4419E-04  1.7427E-04  1.7857E-04  1.9624E-04  1.9099E-04  2.2584E-04  2.4351E-04  2.3921E-04  2.4542E-04  2.4589E-04
       2.7502E-04  2.8600E-04  3.3041E-04  4.3593E-04  6.1545E-04  8.9095E-04  1.4797E-03  2.5315E-03  4.2619E-03  7.2474E-03
       1.2140E-02  1.9822E-02  3.1715E-02  4.9112E-02  7.3527E-02  1.0706E-01  1.5054E-01  2.0483E-01  2.6852E-01  3.3989E-01
       4.1437E-01  4.8441E-01  5.4621E-01  5.9191E-01  6.1597E-01  6.1523E-01  5.8962E-01  5.4050E-01  4.7601E-01  4.0004E-01
       3.2254E-01  2.4792E-01  1.8229E-01  1.2778E-01  8.5644E-02  5.4576E-02  3.3115E-02  1.9259E-02  1.0596E-02  5.5438E-03
       2.8084E-03  1.3689E-03  5.8824E-04  2.5306E-04  1.0886E-04  4.2017E-05  1.5279E-05  4.2972E-06  2.3873E-06  0.0000E+00
       0.0000E+00  0.0000E+00  4.7746E-07  0.0000E+00  0.0000E+00  0.0000E+00  0.0000E+00  0.0000E+00  0.0000E+00  0.0000E+00
       0.0000E+00  0.0000E+00  0.0000E+00  0.0000E+00  0.0000E+00  0.0000E+00  0.0000E+00  0.0000E+00  0.0000E+00  0.0000E+00
       0.0000E+00  0.0000E+00  0.0000E+00  0.0000E+00  0.0000E+00  0.0000E+00  0.0000E+00  0.0000E+00  0.0000E+00  0.0000E+00
       0.0000E+00  0.0000E+00  0.0000E+00  0.0000E+00  0.0000E+00  0.0000E+00  0.0000E+00  0.0000E+00  0.0000E+00  0.0000E+00
       0.0000E+00  0.0000E+00  0.0000E+00  0.0000E+00  0.0000E+00  0.0000E+00  0.0000E+00  0.0000E+00  0.0000E+00  0.0000E+00
       0.0000E+00  0.0000E+00  0.0000E+00  0.0000E+00  0.0000E+00  0.0000E+00  0.0000E+00  0.0000E+00  0.0000E+00  0.0000E+00
       0.0000E+00  0.0000E+00  0.0000E+00  0.0000E+00  0.0000E+00  0.0000E+00  0.0000E+00  0.0000E+00  0.0000E+00  0.0000E+00
       0.0000E+00  0.0000E+00  0.0000E+00  0.0000E+00  0.0000E+00  0.0000E+00  0.0000E+00  0.0000E+00  0.0000E+00  0.0000E+00
       0.0000E+00  0.0000E+00  0.0000E+00  0.0000E+00  0.0000E+00  0.0000E+00  0.0000E+00  0.0000E+00  0.0000E+00  0.0000E+00
       0.0000E+00  0.0000E+00  0.0000E+00  0.0000E+00  0.0000E+00  0.0000E+00  0.0000E+00  0.0000E+00  0.0000E+00  0.0000E+00
       0.0000E+00  0.0000E+00  0.0000E+00  0.0000E+00  0.0000E+00  0.0000E+00  0.0000E+00  0.0000E+00  0.0000E+00  0.0000E+00
       0.0000E+00  0.0000E+00  0.0000E+00  0.0000E+00  0.0000E+00  0.0000E+00  0.0000E+00  0.0000E+00  0.0000E+00  0.0000E+00
       0.0000E+00  0.0000E+00  0.0000E+00  0.0000E+00  0.0000E+00  0.0000E+00  0.0000E+00  0.0000E+00  0.0000E+00  0.0000E+00
       0.0000E+00  0.0000E+00  0.0000E+00  0.0000E+00  0.0000E+00  0.0000E+00  0.0000E+00  0.0000E+00  0.0000E+00  0.0000E+00
       0.0000E+00  0.0000E+00  0.0000E+00  0.0000E+00  0.0000E+00  0.0000E+00  0.0000E+00  0.0000E+00  0.0000E+00  0.0000E+00
       0.0000E+00  0.0000E+00  0.0000E+00  0.0000E+00  0.0000E+00  0.0000E+00  0.0000E+00  0.0000E+00  0.0000E+00  0.0000E+00
       0.0000E+00  0.0000E+00  0.0000E+00  0.0000E+00  0.0000E+00  0.0000E+00  0.0000E+00  0.0000E+00  0.0000E+00  0.0000E+00
       0.0000E+00  0.0000E+00  0.0000E+00  0.0000E+00  0.0000E+00  0.0000E+00  0.0000E+00  0.0000E+00  0.0000E+00  0.0000E+00
       0.0000E+00  0.0000E+00  0.0000E+00  0.0000E+00  0.0000E+00  0.0000E+00  0.0000E+00  0.0000E+00  0.0000E+00  0.0000E+00
       0.0000E+00  0.0000E+00  0.0000E+00  0.0000E+00  0.0000E+00  0.0000E+00  0.0000E+00  0.0000E+00  0.0000E+00  0.0000E+00
       0.0000E+00  0.0000E+00  0.0000E+00  0.0000E+00  0.0000E+00  0.0000E+00  0.0000E+00  0.0000E+00  0.0000E+00  0.0000E+00
       0.0000E+00  0.0000E+00  0.0000E+00  0.0000E+00  0.0000E+00  0.0000E+00  0.0000E+00  0.0000E+00  0.0000E+00  0.0000E+00
       0.0000E+00  0.0000E+00  0.0000E+00  0.0000E+00  0.0000E+00  0.0000E+00  0.0000E+00  0.0000E+00  0.0000E+00  0.0000E+00
       0.0000E+00  0.0000E+00  0.0000E+00  0.0000E+00  0.0000E+00  0.0000E+00  0.0000E+00  0.0000E+00  0.0000E+00  0.0000E+00
       0.0000E+00  0.0000E+00  0.0000E+00  0.0000E+00  0.0000E+00  0.0000E+00  0.0000E+00  0.0000E+00  0.0000E+00  0.0000E+00
       0.0000E+00  0.0000E+00  0.0000E+00  0.0000E+00  0.0000E+00  0.0000E+00  0.0000E+00  0.0000E+00  0.0000E+00  0.0000E+00
       0.0000E+00  0.0000E+00  0.0000E+00  0.0000E+00  0.0000E+00  0.0000E+00  0.0000E+00  0.0000E+00  0.0000E+00  0.0000E+00
       0.0000E+00  0.0000E+00  0.0000E+00  0.0000E+00  0.0000E+00  0.0000E+00  0.0000E+00  0.0000E+00  0.0000E+00  0.0000E+00
       0.0000E+00  0.0000E+00  0.0000E+00  0.0000E+00  0.0000E+00  0.0000E+00  0.0000E+00  0.0000E+00  0.0000E+00  0.0000E+00
       0.0000E+00  0.0000E+00  0.0000E+00  0.0000E+00  0.0000E+00  0.0000E+00  0.0000E+00  0.0000E+00  0.0000E+00  0.0000E+00
       0.0000E+00  0.0000E+00  0.0000E+00  0.0000E+00  0.0000E+00  0.0000E+00  0.0000E+00  0.0000E+00  0.0000E+00  0.0000E+00
