
 *****  Protons in Lexan (0.16GeV, 1cm)                                                   *****

           DATE: 12/18/18,  TIME:  1:39:44

          Total number of particles followed       25000000, for a total weight of  2.5000E+07

1

   Res. nuclei n.   1  "Ian       " ,  all         products, region n.     5
      detector volume:  1.0000E+00 cm**3
      Max. Z:  10, Max. N-Z:  11 Min. N-Z: -4
      Data follow in a matrix A(z,n-z-k), k: -5 format (1(5x,1p,10(1x,e11.4)))

       0.0000E+00  0.0000E+00  0.0000E+00  0.0000E+00  0.0000E+00  0.0000E+00  0.0000E+00  0.0000E+00  0.0000E+00  0.0000E+00
       0.0000E+00  0.0000E+00  0.0000E+00  0.0000E+00  0.0000E+00  1.3920E-05  0.0000E+00  5.6000E-07  0.0000E+00  0.0000E+00
       0.0000E+00  0.0000E+00  0.0000E+00  0.0000E+00  1.1360E-04  2.0248E-04  2.7720E-05  4.0560E-05  0.0000E+00  0.0000E+00
       2.3953E-02  3.1072E-03  0.0000E+00  1.4597E-03  0.0000E+00  4.2147E-03  5.8480E-05  1.0137E-03  0.0000E+00  0.0000E+00
       5.6966E-03  2.4529E-02  2.0118E-03  0.0000E+00  1.3743E-03  6.7512E-03  4.7192E-04  7.9693E-04  8.0000E-08  1.6000E-07
       1.5438E-03  0.0000E+00  1.0307E-03  2.9094E-04  2.4679E-03  2.8355E-04  6.2376E-04  1.3771E-06  4.0000E-08  0.0000E+00
       0.0000E+00  6.1360E-05  8.1520E-05  1.6852E-04  2.5155E-05  5.8480E-05  1.4534E-06  1.3200E-06  0.0000E+00  0.0000E+00
       0.0000E+00  0.0000E+00  5.3200E-06  6.4000E-07  1.5200E-06  8.0000E-08  9.6000E-07  0.0000E+00  0.0000E+00  0.0000E+00
       0.0000E+00  8.0000E-08  0.0000E+00  4.0000E-08  0.0000E+00  4.0000E-08  0.0000E+00  0.0000E+00  0.0000E+00  0.0000E+00
       0.0000E+00  0.0000E+00  0.0000E+00  0.0000E+00  0.0000E+00  0.0000E+00  0.0000E+00  0.0000E+00  0.0000E+00  0.0000E+00
       0.0000E+00  0.0000E+00  0.0000E+00  0.0000E+00  0.0000E+00  0.0000E+00  0.0000E+00  0.0000E+00  0.0000E+00  0.0000E+00
       0.0000E+00  0.0000E+00  0.0000E+00  0.0000E+00  0.0000E+00  0.0000E+00  0.0000E+00  0.0000E+00  0.0000E+00  0.0000E+00
       0.0000E+00  0.0000E+00  0.0000E+00  0.0000E+00  0.0000E+00  0.0000E+00  0.0000E+00  0.0000E+00  0.0000E+00  0.0000E+00
       0.0000E+00  0.0000E+00  0.0000E+00  0.0000E+00  0.0000E+00  0.0000E+00  0.0000E+00  0.0000E+00  0.0000E+00  0.0000E+00
       0.0000E+00  0.0000E+00  0.0000E+00  0.0000E+00  0.0000E+00  0.0000E+00  0.0000E+00  0.0000E+00  0.0000E+00  0.0000E+00
       0.0000E+00  0.0000E+00  0.0000E+00  0.0000E+00  0.0000E+00  0.0000E+00  0.0000E+00  0.0000E+00  0.0000E+00  0.0000E+00
