
 *****  Protons in Lexan (0.16GeV, 1cm)                                                   *****

           DATE: 12/18/18,  TIME:  1:39:44

          Total number of particles followed       25000000, for a total weight of  2.5000E+07

1

   Bdrx n.   4  "ocurrent  " , generalized particle n.    1, from region n.     5 to region n.     4
      detector area:  1.0000E+02 cm**2
      this is a one way only estimator
      this is a current like estimator
      linear energy binning from   8.0000E-02 to  2.1000E-01 GeV,   650 bins ( 2.0000E-04 GeV wide)
      linear angular binning from  0.0000E+00 to  6.2832E+00 sr ,     1 bins ( 6.2832E+00 sr wide )
      Data follow in a matrix A(ie,ia), format (1(5x,1p,10(1x,e11.4)))

       2.8743E-04  2.7629E-04  2.8998E-04  2.7152E-04  2.6292E-04  2.7916E-04  2.8330E-04  2.9666E-04  2.7725E-04  2.7470E-04
       2.6674E-04  2.7979E-04  2.6611E-04  2.8807E-04  2.7597E-04  2.7247E-04  2.6738E-04  2.9285E-04  2.6961E-04  2.6706E-04
       3.0176E-04  2.7948E-04  2.7311E-04  2.7025E-04  2.7534E-04  2.5242E-04  2.7725E-04  2.9157E-04  2.7661E-04  2.9412E-04
       2.9157E-04  2.8011E-04  2.9730E-04  2.7534E-04  2.8775E-04  2.9125E-04  2.8839E-04  2.9316E-04  2.9444E-04  2.6834E-04
       2.8839E-04  2.8616E-04  2.9157E-04  3.0080E-04  2.7088E-04  2.9444E-04  2.9125E-04  2.7852E-04  2.9475E-04  2.6706E-04
       2.8489E-04  2.8425E-04  2.7916E-04  2.9698E-04  2.8998E-04  2.8743E-04  2.8934E-04  2.7502E-04  2.7056E-04  2.6961E-04
       3.0048E-04  2.9762E-04  2.9030E-04  2.9730E-04  2.7120E-04  2.9826E-04  2.8202E-04  2.7788E-04  2.8202E-04  2.8871E-04
       2.7438E-04  2.8648E-04  3.0590E-04  2.9826E-04  2.8298E-04  2.9475E-04  2.8489E-04  2.8298E-04  2.7725E-04  2.7979E-04
       2.8934E-04  2.8934E-04  2.9794E-04  2.9094E-04  2.9380E-04  2.9826E-04  2.9348E-04  2.9189E-04  3.0176E-04  3.0017E-04
       2.8234E-04  2.9666E-04  2.9285E-04  2.9571E-04  2.8457E-04  2.9857E-04  2.8998E-04  3.0876E-04  2.8552E-04  3.0048E-04
       2.9635E-04  2.9889E-04  3.1576E-04  2.9921E-04  2.9380E-04  3.0526E-04  2.8266E-04  3.0972E-04  2.8934E-04  3.0208E-04
       2.8648E-04  3.0303E-04  2.9030E-04  2.8616E-04  2.9062E-04  2.9603E-04  2.8934E-04  2.9412E-04  2.8425E-04  2.8648E-04
       3.0462E-04  3.0749E-04  2.9571E-04  2.9698E-04  2.9635E-04  2.8170E-04  2.9985E-04  3.1035E-04  2.8139E-04  2.8616E-04
       3.0335E-04  2.8903E-04  2.9125E-04  2.9571E-04  3.0653E-04  2.9539E-04  3.0367E-04  3.0017E-04  2.9889E-04  3.0781E-04
       2.9348E-04  2.9380E-04  2.7279E-04  2.7661E-04  2.8457E-04  2.9985E-04  3.0399E-04  3.1003E-04  2.8775E-04  2.7725E-04
       2.9285E-04  3.0653E-04  2.7406E-04  2.8616E-04  2.8743E-04  3.0430E-04  3.0017E-04  2.9412E-04  2.8552E-04  2.9380E-04
       2.9857E-04  2.9285E-04  2.9348E-04  2.6897E-04  2.7152E-04  2.7948E-04  2.7534E-04  2.7916E-04  2.8170E-04  2.6834E-04
       2.7152E-04  2.9189E-04  2.6706E-04  2.7184E-04  2.6515E-04  2.7056E-04  2.6515E-04  2.7884E-04  2.6643E-04  2.8903E-04
       2.6070E-04  2.6738E-04  2.7916E-04  2.7502E-04  2.6897E-04  2.5719E-04  2.6674E-04  2.6133E-04  2.6579E-04  2.6706E-04
       2.6006E-04  2.6420E-04  2.6865E-04  2.6292E-04  2.5719E-04  2.4542E-04  2.6292E-04  2.4414E-04  2.6388E-04  2.6070E-04
       2.4701E-04  2.5146E-04  2.6229E-04  2.6292E-04  2.5274E-04  2.4319E-04  2.6229E-04  2.5624E-04  2.4223E-04  2.4669E-04
       2.3555E-04  2.4032E-04  2.5146E-04  2.4892E-04  2.4351E-04  2.4733E-04  2.4255E-04  2.3459E-04  2.2695E-04  2.4032E-04
       2.4351E-04  2.2823E-04  2.4160E-04  2.3714E-04  2.1868E-04  2.3173E-04  2.5242E-04  2.2855E-04  2.2759E-04  2.2823E-04
       2.2791E-04  2.4064E-04  2.2314E-04  2.3714E-04  2.3778E-04  2.1613E-04  2.2536E-04  2.0276E-04  2.1900E-04  2.1741E-04
       2.1104E-04  2.1709E-04  2.1104E-04  2.1359E-04  2.1422E-04  2.1040E-04  2.1868E-04  2.0595E-04  2.0881E-04  1.9831E-04
       2.1804E-04  2.1327E-04  2.2059E-04  2.1008E-04  2.0404E-04  1.8939E-04  1.9735E-04  2.1327E-04  2.0404E-04  1.9258E-04
       1.9512E-04  1.9067E-04  1.8780E-04  1.7889E-04  1.9067E-04  1.6839E-04  1.8271E-04  1.8717E-04  1.7412E-04  1.6043E-04
       1.7889E-04  1.6775E-04  1.6266E-04  1.5406E-04  1.6457E-04  1.5438E-04  1.6011E-04  1.4292E-04  1.4197E-04  1.2923E-04
       1.2255E-04  1.2128E-04  1.2796E-04  1.0090E-04  1.0886E-04  9.2310E-05  9.7085E-05  8.9445E-05  9.6130E-05  9.1355E-05
       8.2761E-05  7.3848E-05  8.8808E-05  8.5307E-05  9.1673E-05  7.6076E-05  8.8172E-05  8.8808E-05  9.8676E-05  8.5625E-05
       1.0090E-04  9.8358E-05  1.0791E-04  1.1586E-04  1.2350E-04  1.2573E-04  1.4515E-04  1.4260E-04  1.5756E-04  1.5597E-04
       1.7985E-04  1.8780E-04  1.8780E-04  1.9608E-04  1.9831E-04  2.1327E-04  2.1390E-04  2.0881E-04  2.2027E-04  2.7852E-04
       3.7210E-04  5.6373E-04  9.8994E-04  1.8688E-03  3.5154E-03  6.6119E-03  1.2303E-02  2.2394E-02  3.9039E-02  6.4989E-02
       1.0380E-01  1.5833E-01  2.3006E-01  3.1831E-01  4.1909E-01  5.2258E-01  6.1769E-01  6.9172E-01  7.3358E-01  7.3349E-01
       6.9145E-01  6.1501E-01  5.1613E-01  4.0718E-01  3.0235E-01  2.1060E-01  1.3733E-01  8.4348E-02  4.8237E-02  2.6043E-02
       1.2966E-02  6.1478E-03  2.7292E-03  1.0905E-03  4.2049E-04  1.6329E-04  4.5200E-05  2.0054E-05  4.7746E-06  6.3662E-07
       3.1831E-07  0.0000E+00  0.0000E+00  0.0000E+00  0.0000E+00  0.0000E+00  0.0000E+00  0.0000E+00  0.0000E+00  0.0000E+00
       0.0000E+00  0.0000E+00  0.0000E+00  0.0000E+00  0.0000E+00  0.0000E+00  0.0000E+00  0.0000E+00  0.0000E+00  0.0000E+00
       0.0000E+00  0.0000E+00  0.0000E+00  0.0000E+00  0.0000E+00  0.0000E+00  0.0000E+00  0.0000E+00  0.0000E+00  0.0000E+00
       0.0000E+00  0.0000E+00  0.0000E+00  0.0000E+00  0.0000E+00  0.0000E+00  0.0000E+00  0.0000E+00  0.0000E+00  0.0000E+00
       0.0000E+00  0.0000E+00  0.0000E+00  0.0000E+00  0.0000E+00  0.0000E+00  0.0000E+00  0.0000E+00  0.0000E+00  0.0000E+00
       0.0000E+00  0.0000E+00  0.0000E+00  0.0000E+00  0.0000E+00  0.0000E+00  0.0000E+00  0.0000E+00  0.0000E+00  0.0000E+00
       0.0000E+00  0.0000E+00  0.0000E+00  0.0000E+00  0.0000E+00  0.0000E+00  0.0000E+00  0.0000E+00  0.0000E+00  0.0000E+00
       0.0000E+00  0.0000E+00  0.0000E+00  0.0000E+00  0.0000E+00  0.0000E+00  0.0000E+00  0.0000E+00  0.0000E+00  0.0000E+00
       0.0000E+00  0.0000E+00  0.0000E+00  0.0000E+00  0.0000E+00  0.0000E+00  0.0000E+00  0.0000E+00  0.0000E+00  0.0000E+00
       0.0000E+00  0.0000E+00  0.0000E+00  0.0000E+00  0.0000E+00  0.0000E+00  0.0000E+00  0.0000E+00  0.0000E+00  0.0000E+00
       0.0000E+00  0.0000E+00  0.0000E+00  0.0000E+00  0.0000E+00  0.0000E+00  0.0000E+00  0.0000E+00  0.0000E+00  0.0000E+00
       0.0000E+00  0.0000E+00  0.0000E+00  0.0000E+00  0.0000E+00  0.0000E+00  0.0000E+00  0.0000E+00  0.0000E+00  0.0000E+00
       0.0000E+00  0.0000E+00  0.0000E+00  0.0000E+00  0.0000E+00  0.0000E+00  0.0000E+00  0.0000E+00  0.0000E+00  0.0000E+00
       0.0000E+00  0.0000E+00  0.0000E+00  0.0000E+00  0.0000E+00  0.0000E+00  0.0000E+00  0.0000E+00  0.0000E+00  0.0000E+00
       0.0000E+00  0.0000E+00  0.0000E+00  0.0000E+00  0.0000E+00  0.0000E+00  0.0000E+00  0.0000E+00  0.0000E+00  0.0000E+00
       0.0000E+00  0.0000E+00  0.0000E+00  0.0000E+00  0.0000E+00  0.0000E+00  0.0000E+00  0.0000E+00  0.0000E+00  0.0000E+00
       0.0000E+00  0.0000E+00  0.0000E+00  0.0000E+00  0.0000E+00  0.0000E+00  0.0000E+00  0.0000E+00  0.0000E+00  0.0000E+00
       0.0000E+00  0.0000E+00  0.0000E+00  0.0000E+00  0.0000E+00  0.0000E+00  0.0000E+00  0.0000E+00  0.0000E+00  0.0000E+00
       0.0000E+00  0.0000E+00  0.0000E+00  0.0000E+00  0.0000E+00  0.0000E+00  0.0000E+00  0.0000E+00  0.0000E+00  0.0000E+00
       0.0000E+00  0.0000E+00  0.0000E+00  0.0000E+00  0.0000E+00  0.0000E+00  0.0000E+00  0.0000E+00  0.0000E+00  0.0000E+00
       0.0000E+00  0.0000E+00  0.0000E+00  0.0000E+00  0.0000E+00  0.0000E+00  0.0000E+00  0.0000E+00  0.0000E+00  0.0000E+00
       0.0000E+00  0.0000E+00  0.0000E+00  0.0000E+00  0.0000E+00  0.0000E+00  0.0000E+00  0.0000E+00  0.0000E+00  0.0000E+00
       0.0000E+00  0.0000E+00  0.0000E+00  0.0000E+00  0.0000E+00  0.0000E+00  0.0000E+00  0.0000E+00  0.0000E+00  0.0000E+00
       0.0000E+00  0.0000E+00  0.0000E+00  0.0000E+00  0.0000E+00  0.0000E+00  0.0000E+00  0.0000E+00  0.0000E+00  0.0000E+00
       0.0000E+00  0.0000E+00  0.0000E+00  0.0000E+00  0.0000E+00  0.0000E+00  0.0000E+00  0.0000E+00  0.0000E+00  0.0000E+00
       0.0000E+00  0.0000E+00  0.0000E+00  0.0000E+00  0.0000E+00  0.0000E+00  0.0000E+00  0.0000E+00  0.0000E+00  0.0000E+00
       0.0000E+00  0.0000E+00  0.0000E+00  0.0000E+00  0.0000E+00  0.0000E+00  0.0000E+00  0.0000E+00  0.0000E+00  0.0000E+00
       0.0000E+00  0.0000E+00  0.0000E+00  0.0000E+00  0.0000E+00  0.0000E+00  0.0000E+00  0.0000E+00  0.0000E+00  0.0000E+00
       0.0000E+00  0.0000E+00  0.0000E+00  0.0000E+00  0.0000E+00  0.0000E+00  0.0000E+00  0.0000E+00  0.0000E+00  0.0000E+00
