
 *****  Protons in Lexan (0.16GeV, 1cm)                                                   *****

           DATE: 12/18/18,  TIME:  1:39:44

          Total number of particles followed       25000000, for a total weight of  2.5000E+07

1

   Bdrx n.   2  "ofluence  " , generalized particle n.    1, from region n.     5 to region n.     4
      detector area:  1.0000E+02 cm**2
      this is a one way only estimator
      this is a fluence like estimator
      linear energy binning from   8.0000E-02 to  2.1000E-01 GeV,   650 bins ( 2.0000E-04 GeV wide)
      linear angular binning from  0.0000E+00 to  6.2832E+00 sr ,     1 bins ( 6.2832E+00 sr wide )
      Data follow in a matrix A(ie,ia), format (1(5x,1p,10(1x,e11.4)))

       3.7494E-04  3.6836E-04  3.8057E-04  3.6141E-04  3.4975E-04  3.7776E-04  3.7289E-04  3.8207E-04  3.6167E-04  3.6402E-04
       3.4535E-04  3.6131E-04  3.4119E-04  3.7997E-04  3.6383E-04  3.5373E-04  3.4959E-04  4.1310E-04  3.4523E-04  3.4748E-04
       3.8913E-04  3.5646E-04  3.5317E-04  3.5270E-04  3.5812E-04  3.3126E-04  3.5291E-04  3.7318E-04  3.5542E-04  3.7589E-04
       3.7092E-04  3.5505E-04  3.7736E-04  3.5033E-04  3.7653E-04  3.6485E-04  3.7224E-04  3.7461E-04  3.6968E-04  3.4232E-04
       3.6523E-04  3.6028E-04  3.6883E-04  3.7568E-04  3.4942E-04  3.7159E-04  3.6483E-04  3.5362E-04  3.7176E-04  3.4529E-04
       3.6541E-04  3.6548E-04  3.4953E-04  3.7266E-04  3.6750E-04  3.6291E-04  3.5736E-04  3.4242E-04  3.3888E-04  3.3535E-04
       3.7269E-04  3.7119E-04  3.6488E-04  3.7065E-04  3.3694E-04  3.6956E-04  3.4983E-04  3.4281E-04  3.4556E-04  3.6047E-04
       3.3639E-04  3.6181E-04  3.7419E-04  3.7122E-04  3.5069E-04  3.6884E-04  3.4946E-04  3.5618E-04  3.4116E-04  3.5002E-04
       3.5799E-04  3.5410E-04  3.6497E-04  3.5719E-04  3.5744E-04  3.6550E-04  3.5983E-04  3.5299E-04  3.7222E-04  3.6737E-04
       3.4328E-04  3.6426E-04  3.5824E-04  3.6384E-04  3.4747E-04  3.7244E-04  3.5662E-04  3.7812E-04  3.4552E-04  3.6186E-04
       3.6006E-04  3.5832E-04  3.8338E-04  3.5803E-04  3.5436E-04  3.6747E-04  3.3929E-04  3.7282E-04  3.5102E-04  3.6149E-04
       3.4146E-04  3.6348E-04  3.5134E-04  3.4344E-04  3.4666E-04  3.5260E-04  3.4977E-04  3.5179E-04  3.3935E-04  3.3856E-04
       3.6146E-04  3.6327E-04  3.5205E-04  3.5676E-04  3.5172E-04  3.3407E-04  3.5502E-04  3.6328E-04  3.4033E-04  3.3284E-04
       3.5505E-04  3.4115E-04  3.4351E-04  3.4757E-04  3.5970E-04  3.4299E-04  3.5763E-04  3.4912E-04  3.5130E-04  3.6152E-04
       3.4003E-04  3.4364E-04  3.2037E-04  3.2446E-04  3.3354E-04  3.4969E-04  3.5298E-04  3.6009E-04  3.3477E-04  3.2426E-04
       3.4064E-04  3.5832E-04  3.1747E-04  3.3335E-04  3.3219E-04  3.4989E-04  3.4921E-04  3.3792E-04  3.2702E-04  3.4082E-04
       3.4419E-04  3.3758E-04  3.3527E-04  3.0951E-04  3.0663E-04  3.2038E-04  3.1729E-04  3.1679E-04  3.2279E-04  3.0836E-04
       3.1231E-04  3.3494E-04  3.0741E-04  3.0976E-04  3.0306E-04  3.0997E-04  3.0340E-04  3.2144E-04  3.0277E-04  3.2952E-04
       2.9577E-04  3.0313E-04  3.1608E-04  3.1280E-04  3.0461E-04  2.8730E-04  3.0160E-04  2.9491E-04  3.0011E-04  2.9870E-04
       2.9353E-04  3.0191E-04  3.0423E-04  2.9667E-04  2.9099E-04  2.8157E-04  2.9613E-04  2.7409E-04  2.9569E-04  2.9237E-04
       2.7645E-04  2.8212E-04  2.9412E-04  2.9610E-04  2.8270E-04  2.7345E-04  2.9248E-04  2.8788E-04  2.7141E-04  2.7432E-04
       2.6247E-04  2.6894E-04  2.7830E-04  2.7531E-04  2.6997E-04  2.7458E-04  2.7184E-04  2.5945E-04  2.5249E-04  2.6533E-04
       2.7225E-04  2.5220E-04  2.6579E-04  2.6460E-04  2.4028E-04  2.5640E-04  2.7956E-04  2.5120E-04  2.5331E-04  2.5091E-04
       2.5108E-04  2.6371E-04  2.4379E-04  2.5971E-04  2.6089E-04  2.3910E-04  2.4630E-04  2.2184E-04  2.3913E-04  2.3594E-04
       2.3024E-04  2.3701E-04  2.3123E-04  2.3278E-04  2.3368E-04  2.2951E-04  2.3781E-04  2.2390E-04  2.2488E-04  2.1470E-04
       2.3878E-04  2.2937E-04  2.4040E-04  2.2589E-04  2.2115E-04  2.0420E-04  2.1547E-04  2.3032E-04  2.2011E-04  2.0790E-04
       2.0957E-04  2.0542E-04  2.0061E-04  1.9887E-04  2.0637E-04  1.8118E-04  1.9651E-04  2.0230E-04  1.8770E-04  1.6970E-04
       1.9055E-04  1.8448E-04  1.7353E-04  1.6362E-04  1.7785E-04  1.6652E-04  1.7163E-04  1.5258E-04  1.5265E-04  1.4018E-04
       1.3246E-04  1.3160E-04  1.4010E-04  1.1064E-04  1.1847E-04  1.0027E-04  1.0750E-04  9.8395E-05  1.0521E-04  1.0001E-04
       9.3770E-05  8.4232E-05  9.8764E-05  9.5415E-05  1.0392E-04  8.6245E-05  9.8726E-05  1.0008E-04  1.1047E-04  9.4858E-05
       1.1194E-04  1.0928E-04  1.1864E-04  1.2755E-04  1.3511E-04  1.3679E-04  1.5787E-04  1.5415E-04  1.7085E-04  1.6643E-04
       1.9094E-04  1.9922E-04  1.9966E-04  2.0800E-04  2.0977E-04  2.2655E-04  2.2867E-04  2.2194E-04  2.3439E-04  2.9534E-04
       3.9235E-04  5.8576E-04  1.0160E-03  1.8990E-03  3.5525E-03  6.6564E-03  1.2359E-02  2.2459E-02  3.9119E-02  6.5082E-02
       1.0391E-01  1.5846E-01  2.3021E-01  3.1848E-01  4.1928E-01  5.2278E-01  6.1790E-01  6.9192E-01  7.3378E-01  7.3367E-01
       6.9160E-01  6.1514E-01  5.1624E-01  4.0726E-01  3.0241E-01  2.1063E-01  1.3736E-01  8.4362E-02  4.8245E-02  2.6047E-02
       1.2968E-02  6.1488E-03  2.7296E-03  1.0907E-03  4.2055E-04  1.6332E-04  4.5206E-05  2.0056E-05  4.7753E-06  6.3731E-07
       3.1836E-07  0.0000E+00  0.0000E+00  0.0000E+00  0.0000E+00  0.0000E+00  0.0000E+00  0.0000E+00  0.0000E+00  0.0000E+00
       0.0000E+00  0.0000E+00  0.0000E+00  0.0000E+00  0.0000E+00  0.0000E+00  0.0000E+00  0.0000E+00  0.0000E+00  0.0000E+00
       0.0000E+00  0.0000E+00  0.0000E+00  0.0000E+00  0.0000E+00  0.0000E+00  0.0000E+00  0.0000E+00  0.0000E+00  0.0000E+00
       0.0000E+00  0.0000E+00  0.0000E+00  0.0000E+00  0.0000E+00  0.0000E+00  0.0000E+00  0.0000E+00  0.0000E+00  0.0000E+00
       0.0000E+00  0.0000E+00  0.0000E+00  0.0000E+00  0.0000E+00  0.0000E+00  0.0000E+00  0.0000E+00  0.0000E+00  0.0000E+00
       0.0000E+00  0.0000E+00  0.0000E+00  0.0000E+00  0.0000E+00  0.0000E+00  0.0000E+00  0.0000E+00  0.0000E+00  0.0000E+00
       0.0000E+00  0.0000E+00  0.0000E+00  0.0000E+00  0.0000E+00  0.0000E+00  0.0000E+00  0.0000E+00  0.0000E+00  0.0000E+00
       0.0000E+00  0.0000E+00  0.0000E+00  0.0000E+00  0.0000E+00  0.0000E+00  0.0000E+00  0.0000E+00  0.0000E+00  0.0000E+00
       0.0000E+00  0.0000E+00  0.0000E+00  0.0000E+00  0.0000E+00  0.0000E+00  0.0000E+00  0.0000E+00  0.0000E+00  0.0000E+00
       0.0000E+00  0.0000E+00  0.0000E+00  0.0000E+00  0.0000E+00  0.0000E+00  0.0000E+00  0.0000E+00  0.0000E+00  0.0000E+00
       0.0000E+00  0.0000E+00  0.0000E+00  0.0000E+00  0.0000E+00  0.0000E+00  0.0000E+00  0.0000E+00  0.0000E+00  0.0000E+00
       0.0000E+00  0.0000E+00  0.0000E+00  0.0000E+00  0.0000E+00  0.0000E+00  0.0000E+00  0.0000E+00  0.0000E+00  0.0000E+00
       0.0000E+00  0.0000E+00  0.0000E+00  0.0000E+00  0.0000E+00  0.0000E+00  0.0000E+00  0.0000E+00  0.0000E+00  0.0000E+00
       0.0000E+00  0.0000E+00  0.0000E+00  0.0000E+00  0.0000E+00  0.0000E+00  0.0000E+00  0.0000E+00  0.0000E+00  0.0000E+00
       0.0000E+00  0.0000E+00  0.0000E+00  0.0000E+00  0.0000E+00  0.0000E+00  0.0000E+00  0.0000E+00  0.0000E+00  0.0000E+00
       0.0000E+00  0.0000E+00  0.0000E+00  0.0000E+00  0.0000E+00  0.0000E+00  0.0000E+00  0.0000E+00  0.0000E+00  0.0000E+00
       0.0000E+00  0.0000E+00  0.0000E+00  0.0000E+00  0.0000E+00  0.0000E+00  0.0000E+00  0.0000E+00  0.0000E+00  0.0000E+00
       0.0000E+00  0.0000E+00  0.0000E+00  0.0000E+00  0.0000E+00  0.0000E+00  0.0000E+00  0.0000E+00  0.0000E+00  0.0000E+00
       0.0000E+00  0.0000E+00  0.0000E+00  0.0000E+00  0.0000E+00  0.0000E+00  0.0000E+00  0.0000E+00  0.0000E+00  0.0000E+00
       0.0000E+00  0.0000E+00  0.0000E+00  0.0000E+00  0.0000E+00  0.0000E+00  0.0000E+00  0.0000E+00  0.0000E+00  0.0000E+00
       0.0000E+00  0.0000E+00  0.0000E+00  0.0000E+00  0.0000E+00  0.0000E+00  0.0000E+00  0.0000E+00  0.0000E+00  0.0000E+00
       0.0000E+00  0.0000E+00  0.0000E+00  0.0000E+00  0.0000E+00  0.0000E+00  0.0000E+00  0.0000E+00  0.0000E+00  0.0000E+00
       0.0000E+00  0.0000E+00  0.0000E+00  0.0000E+00  0.0000E+00  0.0000E+00  0.0000E+00  0.0000E+00  0.0000E+00  0.0000E+00
       0.0000E+00  0.0000E+00  0.0000E+00  0.0000E+00  0.0000E+00  0.0000E+00  0.0000E+00  0.0000E+00  0.0000E+00  0.0000E+00
       0.0000E+00  0.0000E+00  0.0000E+00  0.0000E+00  0.0000E+00  0.0000E+00  0.0000E+00  0.0000E+00  0.0000E+00  0.0000E+00
       0.0000E+00  0.0000E+00  0.0000E+00  0.0000E+00  0.0000E+00  0.0000E+00  0.0000E+00  0.0000E+00  0.0000E+00  0.0000E+00
       0.0000E+00  0.0000E+00  0.0000E+00  0.0000E+00  0.0000E+00  0.0000E+00  0.0000E+00  0.0000E+00  0.0000E+00  0.0000E+00
       0.0000E+00  0.0000E+00  0.0000E+00  0.0000E+00  0.0000E+00  0.0000E+00  0.0000E+00  0.0000E+00  0.0000E+00  0.0000E+00
       0.0000E+00  0.0000E+00  0.0000E+00  0.0000E+00  0.0000E+00  0.0000E+00  0.0000E+00  0.0000E+00  0.0000E+00  0.0000E+00
1

   Bdrx n.   6  "ofluence  " , generalized particle n.    1, from region n.     5 to region n.     4
      detector area:  1.0000E+02 cm**2
      this is a one way only estimator
      this is a fluence like estimator
      linear energy binning from   0.0000E+00 to  3.0000E+02 GeV,     1 bins ( 3.0000E+02 GeV wide)
      linear angular binning from  0.0000E+00 to  6.2832E+00 sr ,     1 bins ( 6.2832E+00 sr wide )
      Data follow in a matrix A(ie,ia), format (1(5x,1p,10(1x,e11.4)))

       5.3121E-06
