
 *****  Protons in Lexan (0.25GeV, 1.0cm)                                                 *****

           DATE: 12/16/18,  TIME: 17:14: 0

          Total number of particles followed        3000000, for a total weight of  3.0000E+06

1

   Res. nuclei n.   1  "Ian       " ,  all         products, region n.     5
      detector volume:  1.0000E+00 cm**3
      Max. Z:  10, Max. N-Z:  11 Min. N-Z: -4
      Data follow in a matrix A(z,n-z-k), k: -5 format (1(5x,1p,10(1x,e11.4)))

       0.0000E+00  0.0000E+00  0.0000E+00  0.0000E+00  0.0000E+00  0.0000E+00  0.0000E+00  0.0000E+00  0.0000E+00  0.0000E+00
       0.0000E+00  0.0000E+00  0.0000E+00  0.0000E+00  0.0000E+00  1.0100E-04  0.0000E+00  4.3000E-05  0.0000E+00  0.0000E+00
       0.0000E+00  0.0000E+00  0.0000E+00  0.0000E+00  8.2700E-04  1.5687E-03  2.8500E-04  2.5207E-03  0.0000E+00  0.0000E+00
       5.9446E+00  2.0666E-02  0.0000E+00  6.6883E-03  0.0000E+00  1.8074E-02  3.7967E-03  6.7458E-02  2.6667E-06  3.3333E-07
       4.4375E+00  2.7004E-01  1.6937E-02  0.0000E+00  1.0455E-02  5.8928E-02  3.3491E-02  8.1988E-02  8.6667E-06  1.1667E-05
       1.1266E-02  0.0000E+00  5.7913E-03  3.4435E-03  1.5664E-02  1.6819E-02  5.1100E-02  1.0657E-04  1.6667E-06  0.0000E+00
       0.0000E+00  4.3033E-04  7.6967E-04  1.9270E-03  5.8933E-04  4.5667E-03  3.2874E-04  1.1167E-04  0.0000E+00  0.0000E+00
       0.0000E+00  0.0000E+00  7.3000E-05  2.9667E-05  1.0233E-04  1.3333E-05  4.4000E-05  0.0000E+00  0.0000E+00  0.0000E+00
       0.0000E+00  3.0000E-06  0.0000E+00  2.0000E-06  0.0000E+00  6.6667E-07  0.0000E+00  0.0000E+00  0.0000E+00  0.0000E+00
       0.0000E+00  0.0000E+00  0.0000E+00  0.0000E+00  0.0000E+00  0.0000E+00  0.0000E+00  0.0000E+00  0.0000E+00  0.0000E+00
       0.0000E+00  0.0000E+00  0.0000E+00  0.0000E+00  0.0000E+00  0.0000E+00  0.0000E+00  0.0000E+00  0.0000E+00  0.0000E+00
       0.0000E+00  0.0000E+00  0.0000E+00  0.0000E+00  0.0000E+00  0.0000E+00  0.0000E+00  0.0000E+00  0.0000E+00  0.0000E+00
       0.0000E+00  0.0000E+00  0.0000E+00  0.0000E+00  0.0000E+00  0.0000E+00  0.0000E+00  0.0000E+00  0.0000E+00  0.0000E+00
       0.0000E+00  0.0000E+00  0.0000E+00  0.0000E+00  0.0000E+00  0.0000E+00  0.0000E+00  0.0000E+00  0.0000E+00  0.0000E+00
       0.0000E+00  0.0000E+00  0.0000E+00  0.0000E+00  0.0000E+00  0.0000E+00  0.0000E+00  0.0000E+00  0.0000E+00  0.0000E+00
       0.0000E+00  0.0000E+00  0.0000E+00  0.0000E+00  0.0000E+00  0.0000E+00  0.0000E+00  0.0000E+00  0.0000E+00  0.0000E+00
