
 *****  Protons in Lexan (0.13GeV, 0cm)                                                   *****

           DATE: 12/20/18,  TIME: 16:50:29

          Total number of particles followed       50000000, for a total weight of  5.0000E+07

1

   Bdrx n.   2  "ofluence  " , generalized particle n.    1, from region n.     5 to region n.     4
      detector area:  1.0000E+02 cm**2
      this is a one way only estimator
      this is a fluence like estimator
      linear energy binning from   5.0000E-02 to  1.8000E-01 GeV,   650 bins ( 2.0000E-04 GeV wide)
      linear angular binning from  0.0000E+00 to  6.2832E+00 sr ,     1 bins ( 6.2832E+00 sr wide )
      Data follow in a matrix A(ie,ia), format (1(5x,1p,10(1x,e11.4)))

       2.5140E-04  2.6000E-04  2.4492E-04  2.3857E-04  2.5639E-04  2.4083E-04  2.5736E-04  2.7241E-04  2.4367E-04  2.5735E-04
       2.6498E-04  2.4592E-04  2.4659E-04  2.4911E-04  2.5193E-04  2.5572E-04  2.4656E-04  2.5650E-04  2.3736E-04  2.5883E-04
       2.3032E-04  2.4633E-04  2.4707E-04  2.6042E-04  2.5857E-04  2.2989E-04  2.4793E-04  2.6087E-04  2.4599E-04  2.5633E-04
       2.5385E-04  2.6343E-04  2.6023E-04  2.4762E-04  2.5194E-04  2.7338E-04  2.5449E-04  2.4146E-04  2.6197E-04  2.5164E-04
       2.4447E-04  2.6143E-04  2.4592E-04  2.5633E-04  2.5102E-04  2.4921E-04  2.4541E-04  2.3957E-04  2.5675E-04  2.5561E-04
       2.5473E-04  2.5946E-04  2.4999E-04  2.3663E-04  2.4930E-04  2.4632E-04  2.6080E-04  2.5314E-04  2.3743E-04  2.5071E-04
       2.5846E-04  2.4812E-04  2.5011E-04  2.5385E-04  2.5282E-04  2.5925E-04  2.4004E-04  2.5742E-04  2.4558E-04  2.5537E-04
       2.5690E-04  2.6369E-04  2.3869E-04  2.5634E-04  2.5859E-04  2.5050E-04  2.4352E-04  2.5646E-04  2.3075E-04  2.3579E-04
       2.6265E-04  2.2457E-04  2.5241E-04  2.3823E-04  2.4917E-04  2.4789E-04  2.3202E-04  2.3860E-04  2.3901E-04  2.4086E-04
       2.3713E-04  2.4538E-04  2.4414E-04  2.3237E-04  2.3745E-04  2.3044E-04  2.4674E-04  2.4820E-04  2.4181E-04  2.3329E-04
       2.5315E-04  2.4913E-04  2.3534E-04  2.3189E-04  2.4875E-04  2.3619E-04  2.4308E-04  2.3997E-04  2.4276E-04  2.3058E-04
       2.5056E-04  2.3497E-04  2.3590E-04  2.5239E-04  2.3728E-04  2.3960E-04  2.4316E-04  2.4553E-04  2.5050E-04  2.3851E-04
       2.5542E-04  2.3650E-04  2.3677E-04  2.4322E-04  2.3251E-04  2.4409E-04  2.3693E-04  2.3424E-04  2.5199E-04  2.3999E-04
       2.3735E-04  2.3919E-04  2.3023E-04  2.4327E-04  2.5667E-04  2.3576E-04  2.2936E-04  2.3275E-04  2.2902E-04  2.2608E-04
       2.4920E-04  2.4286E-04  2.3741E-04  2.3928E-04  2.3614E-04  2.4637E-04  2.4087E-04  2.4499E-04  2.4823E-04  2.2550E-04
       2.4424E-04  2.3424E-04  2.4836E-04  2.3036E-04  2.3750E-04  2.3219E-04  2.4164E-04  2.3175E-04  2.2215E-04  2.4640E-04
       2.3798E-04  2.2414E-04  2.3939E-04  2.4501E-04  2.2429E-04  2.4145E-04  2.2893E-04  2.2406E-04  2.3261E-04  2.1891E-04
       2.3103E-04  2.3040E-04  2.3280E-04  2.3220E-04  2.3082E-04  2.4145E-04  2.2572E-04  2.1828E-04  2.3527E-04  2.3862E-04
       2.3502E-04  2.2336E-04  2.2450E-04  2.3279E-04  2.2463E-04  2.3660E-04  2.3948E-04  2.3371E-04  2.2072E-04  2.2123E-04
       2.2273E-04  2.3150E-04  2.3677E-04  2.1625E-04  2.2188E-04  2.2024E-04  2.2415E-04  2.1089E-04  2.1538E-04  2.1416E-04
       2.1647E-04  2.0780E-04  2.0698E-04  2.1500E-04  2.1301E-04  2.2171E-04  2.1578E-04  2.0179E-04  2.0872E-04  2.1540E-04
       2.0858E-04  2.0258E-04  2.0697E-04  1.9401E-04  2.1813E-04  1.9550E-04  2.1462E-04  2.0639E-04  2.0188E-04  2.0156E-04
       2.0206E-04  1.9280E-04  1.9734E-04  2.0365E-04  2.0331E-04  1.9122E-04  1.9943E-04  1.9911E-04  1.8905E-04  1.8728E-04
       1.9871E-04  1.8838E-04  1.9865E-04  1.8563E-04  1.9894E-04  1.8887E-04  1.8154E-04  1.9062E-04  1.8301E-04  1.8324E-04
       1.7897E-04  1.8447E-04  1.7750E-04  1.8117E-04  1.9875E-04  1.8096E-04  1.7798E-04  1.9529E-04  1.7205E-04  1.7686E-04
       1.7898E-04  1.8057E-04  1.6949E-04  1.6843E-04  1.7886E-04  1.6898E-04  1.7666E-04  1.6075E-04  1.7027E-04  1.6678E-04
       1.7143E-04  1.6689E-04  1.6439E-04  1.6950E-04  1.6904E-04  1.7328E-04  1.5736E-04  1.7109E-04  1.6631E-04  1.5512E-04
       1.6721E-04  1.6260E-04  1.6512E-04  1.5578E-04  1.5456E-04  1.5742E-04  1.5501E-04  1.5683E-04  1.5504E-04  1.4501E-04
       1.4508E-04  1.4764E-04  1.3900E-04  1.4006E-04  1.4786E-04  1.4896E-04  1.4300E-04  1.3457E-04  1.3950E-04  1.3137E-04
       1.4053E-04  1.3246E-04  1.3819E-04  1.2368E-04  1.3084E-04  1.2510E-04  1.2322E-04  1.2130E-04  1.2354E-04  1.2272E-04
       1.1592E-04  1.0806E-04  1.1199E-04  1.1155E-04  1.1233E-04  1.0359E-04  1.0156E-04  9.7051E-05  9.1923E-05  8.4214E-05
       8.4621E-05  6.9036E-05  7.7317E-05  7.1788E-05  6.6380E-05  6.7750E-05  5.8165E-05  5.9073E-05  6.2449E-05  5.7581E-05
       6.2441E-05  6.4289E-05  6.9582E-05  5.7548E-05  6.4666E-05  7.2021E-05  7.2000E-05  7.4710E-05  8.3180E-05  8.5305E-05
       8.9886E-05  8.6278E-05  9.7964E-05  9.7142E-05  1.1636E-04  1.1472E-04  1.2353E-04  1.2966E-04  1.5095E-04  1.4843E-04
       1.5345E-04  1.5431E-04  1.4677E-04  1.3697E-04  1.2432E-04  1.2816E-04  1.2926E-04  1.4805E-04  1.8584E-04  2.5003E-04
       3.8065E-04  6.5487E-04  1.3736E-03  3.0631E-03  7.2648E-03  1.6412E-02  3.5331E-02  7.1479E-02  1.3414E-01  2.3332E-01
       3.7138E-01  5.4068E-01  7.2030E-01  8.7365E-01  9.6579E-01  9.6731E-01  8.7749E-01  7.1924E-01  5.3269E-01  3.5492E-01
       2.1269E-01  1.1459E-01  5.5176E-02  2.3928E-02  9.2096E-03  3.2196E-03  9.9084E-04  2.6852E-04  6.8761E-05  1.6076E-05
       2.5467E-06  4.7748E-07  0.0000E+00  0.0000E+00  0.0000E+00  0.0000E+00  0.0000E+00  0.0000E+00  0.0000E+00  0.0000E+00
       0.0000E+00  0.0000E+00  0.0000E+00  0.0000E+00  0.0000E+00  0.0000E+00  0.0000E+00  0.0000E+00  0.0000E+00  0.0000E+00
       0.0000E+00  0.0000E+00  0.0000E+00  0.0000E+00  0.0000E+00  0.0000E+00  0.0000E+00  0.0000E+00  0.0000E+00  0.0000E+00
       0.0000E+00  0.0000E+00  0.0000E+00  0.0000E+00  0.0000E+00  0.0000E+00  0.0000E+00  0.0000E+00  0.0000E+00  0.0000E+00
       0.0000E+00  0.0000E+00  0.0000E+00  0.0000E+00  0.0000E+00  0.0000E+00  0.0000E+00  0.0000E+00  0.0000E+00  0.0000E+00
       0.0000E+00  0.0000E+00  0.0000E+00  0.0000E+00  0.0000E+00  0.0000E+00  0.0000E+00  0.0000E+00  0.0000E+00  0.0000E+00
       0.0000E+00  0.0000E+00  0.0000E+00  0.0000E+00  0.0000E+00  0.0000E+00  0.0000E+00  0.0000E+00  0.0000E+00  0.0000E+00
       0.0000E+00  0.0000E+00  0.0000E+00  0.0000E+00  0.0000E+00  0.0000E+00  0.0000E+00  0.0000E+00  0.0000E+00  0.0000E+00
       0.0000E+00  0.0000E+00  0.0000E+00  0.0000E+00  0.0000E+00  0.0000E+00  0.0000E+00  0.0000E+00  0.0000E+00  0.0000E+00
       0.0000E+00  0.0000E+00  0.0000E+00  0.0000E+00  0.0000E+00  0.0000E+00  0.0000E+00  0.0000E+00  0.0000E+00  0.0000E+00
       0.0000E+00  0.0000E+00  0.0000E+00  0.0000E+00  0.0000E+00  0.0000E+00  0.0000E+00  0.0000E+00  0.0000E+00  0.0000E+00
       0.0000E+00  0.0000E+00  0.0000E+00  0.0000E+00  0.0000E+00  0.0000E+00  0.0000E+00  0.0000E+00  0.0000E+00  0.0000E+00
       0.0000E+00  0.0000E+00  0.0000E+00  0.0000E+00  0.0000E+00  0.0000E+00  0.0000E+00  0.0000E+00  0.0000E+00  0.0000E+00
       0.0000E+00  0.0000E+00  0.0000E+00  0.0000E+00  0.0000E+00  0.0000E+00  0.0000E+00  0.0000E+00  0.0000E+00  0.0000E+00
       0.0000E+00  0.0000E+00  0.0000E+00  0.0000E+00  0.0000E+00  0.0000E+00  0.0000E+00  0.0000E+00  0.0000E+00  0.0000E+00
       0.0000E+00  0.0000E+00  0.0000E+00  0.0000E+00  0.0000E+00  0.0000E+00  0.0000E+00  0.0000E+00  0.0000E+00  0.0000E+00
       0.0000E+00  0.0000E+00  0.0000E+00  0.0000E+00  0.0000E+00  0.0000E+00  0.0000E+00  0.0000E+00  0.0000E+00  0.0000E+00
       0.0000E+00  0.0000E+00  0.0000E+00  0.0000E+00  0.0000E+00  0.0000E+00  0.0000E+00  0.0000E+00  0.0000E+00  0.0000E+00
       0.0000E+00  0.0000E+00  0.0000E+00  0.0000E+00  0.0000E+00  0.0000E+00  0.0000E+00  0.0000E+00  0.0000E+00  0.0000E+00
       0.0000E+00  0.0000E+00  0.0000E+00  0.0000E+00  0.0000E+00  0.0000E+00  0.0000E+00  0.0000E+00  0.0000E+00  0.0000E+00
       0.0000E+00  0.0000E+00  0.0000E+00  0.0000E+00  0.0000E+00  0.0000E+00  0.0000E+00  0.0000E+00  0.0000E+00  0.0000E+00
       0.0000E+00  0.0000E+00  0.0000E+00  0.0000E+00  0.0000E+00  0.0000E+00  0.0000E+00  0.0000E+00  0.0000E+00  0.0000E+00
       0.0000E+00  0.0000E+00  0.0000E+00  0.0000E+00  0.0000E+00  0.0000E+00  0.0000E+00  0.0000E+00  0.0000E+00  0.0000E+00
       0.0000E+00  0.0000E+00  0.0000E+00  0.0000E+00  0.0000E+00  0.0000E+00  0.0000E+00  0.0000E+00  0.0000E+00  0.0000E+00
       0.0000E+00  0.0000E+00  0.0000E+00  0.0000E+00  0.0000E+00  0.0000E+00  0.0000E+00  0.0000E+00  0.0000E+00  0.0000E+00
       0.0000E+00  0.0000E+00  0.0000E+00  0.0000E+00  0.0000E+00  0.0000E+00  0.0000E+00  0.0000E+00  0.0000E+00  0.0000E+00
       0.0000E+00  0.0000E+00  0.0000E+00  0.0000E+00  0.0000E+00  0.0000E+00  0.0000E+00  0.0000E+00  0.0000E+00  0.0000E+00
1

   Bdrx n.   6  "ofluence  " , generalized particle n.    1, from region n.     5 to region n.     4
      detector area:  1.0000E+02 cm**2
      this is a one way only estimator
      this is a fluence like estimator
      linear energy binning from   0.0000E+00 to  3.0000E+02 GeV,     1 bins ( 3.0000E+02 GeV wide)
      linear angular binning from  0.0000E+00 to  6.2832E+00 sr ,     1 bins ( 6.2832E+00 sr wide )
      Data follow in a matrix A(ie,ia), format (1(5x,1p,10(1x,e11.4)))

       5.3135E-06
