
 *****  Protons in Lexan (0.13GeV, 0cm)                                                   *****

           DATE: 12/20/18,  TIME: 16:50:29

          Total number of particles followed       50000000, for a total weight of  5.0000E+07

1

   Bdrx n.   4  "ocurrent  " , generalized particle n.    1, from region n.     5 to region n.     4
      detector area:  1.0000E+02 cm**2
      this is a one way only estimator
      this is a current like estimator
      linear energy binning from   5.0000E-02 to  1.8000E-01 GeV,   650 bins ( 2.0000E-04 GeV wide)
      linear angular binning from  0.0000E+00 to  6.2832E+00 sr ,     1 bins ( 6.2832E+00 sr wide )
      Data follow in a matrix A(ie,ia), format (1(5x,1p,10(1x,e11.4)))

       1.6807E-04  1.7698E-04  1.6664E-04  1.5979E-04  1.7109E-04  1.6791E-04  1.7252E-04  1.8398E-04  1.6727E-04  1.7857E-04
       1.8064E-04  1.6807E-04  1.6679E-04  1.6250E-04  1.7284E-04  1.7698E-04  1.6855E-04  1.7141E-04  1.6552E-04  1.7778E-04
       1.6202E-04  1.7205E-04  1.7030E-04  1.7475E-04  1.7873E-04  1.5979E-04  1.7396E-04  1.7841E-04  1.6950E-04  1.8160E-04
       1.7587E-04  1.8414E-04  1.7698E-04  1.7252E-04  1.7746E-04  1.8939E-04  1.7666E-04  1.6950E-04  1.8032E-04  1.7491E-04
       1.6823E-04  1.8430E-04  1.7507E-04  1.7762E-04  1.7666E-04  1.7571E-04  1.7475E-04  1.6791E-04  1.8239E-04  1.7825E-04
       1.7905E-04  1.8382E-04  1.8032E-04  1.6568E-04  1.7953E-04  1.7332E-04  1.8175E-04  1.8175E-04  1.7109E-04  1.8303E-04
       1.8526E-04  1.8032E-04  1.8255E-04  1.8685E-04  1.8048E-04  1.8701E-04  1.7523E-04  1.8478E-04  1.8096E-04  1.8542E-04
       1.8175E-04  1.7921E-04  1.7459E-04  1.9083E-04  1.8589E-04  1.8573E-04  1.8016E-04  1.8764E-04  1.7380E-04  1.7380E-04
       1.8175E-04  1.6457E-04  1.8510E-04  1.7634E-04  1.8112E-04  1.8303E-04  1.7364E-04  1.7794E-04  1.8016E-04  1.7794E-04
       1.8016E-04  1.8494E-04  1.8096E-04  1.7475E-04  1.8000E-04  1.7523E-04  1.8398E-04  1.8892E-04  1.8239E-04  1.7825E-04
       1.9274E-04  1.9067E-04  1.8239E-04  1.7603E-04  1.8748E-04  1.8128E-04  1.8526E-04  1.8080E-04  1.8542E-04  1.7698E-04
       1.9337E-04  1.8016E-04  1.7937E-04  1.8605E-04  1.8366E-04  1.8701E-04  1.8573E-04  1.8860E-04  1.9640E-04  1.8335E-04
       1.9735E-04  1.8542E-04  1.8462E-04  1.9242E-04  1.8191E-04  1.9099E-04  1.8637E-04  1.8542E-04  1.9640E-04  1.8908E-04
       1.8876E-04  1.9099E-04  1.8175E-04  1.9083E-04  1.9878E-04  1.8526E-04  1.8223E-04  1.8414E-04  1.8000E-04  1.7714E-04
       1.9560E-04  1.9019E-04  1.8733E-04  1.9226E-04  1.9178E-04  1.9512E-04  1.9417E-04  1.9592E-04  1.9687E-04  1.7953E-04
       1.9703E-04  1.8860E-04  2.0117E-04  1.8733E-04  1.9226E-04  1.8717E-04  1.9592E-04  1.8812E-04  1.8207E-04  2.0022E-04
       1.9290E-04  1.8223E-04  1.9528E-04  1.9974E-04  1.8653E-04  1.9321E-04  1.8939E-04  1.8717E-04  1.9321E-04  1.7746E-04
       1.8812E-04  1.9115E-04  1.9210E-04  1.9067E-04  1.9099E-04  1.9592E-04  1.8733E-04  1.8128E-04  1.9640E-04  1.9878E-04
       1.9719E-04  1.8573E-04  1.8780E-04  1.9576E-04  1.8653E-04  1.9958E-04  2.0292E-04  1.9449E-04  1.8494E-04  1.8796E-04
       1.8605E-04  1.9481E-04  1.9672E-04  1.8462E-04  1.8733E-04  1.8717E-04  1.8812E-04  1.7778E-04  1.8398E-04  1.8271E-04
       1.8319E-04  1.7698E-04  1.7730E-04  1.8239E-04  1.8207E-04  1.8860E-04  1.8510E-04  1.7316E-04  1.7969E-04  1.8382E-04
       1.7905E-04  1.7380E-04  1.7905E-04  1.6759E-04  1.8796E-04  1.6855E-04  1.8351E-04  1.8064E-04  1.7268E-04  1.7380E-04
       1.7014E-04  1.6711E-04  1.7205E-04  1.7603E-04  1.7809E-04  1.6695E-04  1.7189E-04  1.7412E-04  1.6664E-04  1.6393E-04
       1.7141E-04  1.6409E-04  1.7396E-04  1.6250E-04  1.6870E-04  1.6632E-04  1.5931E-04  1.6616E-04  1.6106E-04  1.6059E-04
       1.5629E-04  1.6218E-04  1.5629E-04  1.5836E-04  1.7396E-04  1.6027E-04  1.5629E-04  1.6154E-04  1.5167E-04  1.5709E-04
       1.5772E-04  1.5947E-04  1.5024E-04  1.4945E-04  1.5947E-04  1.5056E-04  1.5661E-04  1.4372E-04  1.5152E-04  1.4833E-04
       1.5008E-04  1.4706E-04  1.4770E-04  1.5088E-04  1.5040E-04  1.5311E-04  1.4101E-04  1.5279E-04  1.4992E-04  1.3846E-04
       1.4961E-04  1.4722E-04  1.4738E-04  1.4165E-04  1.3942E-04  1.4388E-04  1.4006E-04  1.4101E-04  1.4085E-04  1.3258E-04
       1.3258E-04  1.3417E-04  1.2748E-04  1.2812E-04  1.3480E-04  1.3528E-04  1.2892E-04  1.2223E-04  1.2637E-04  1.1873E-04
       1.2860E-04  1.1968E-04  1.2653E-04  1.1332E-04  1.1857E-04  1.1571E-04  1.1189E-04  1.1045E-04  1.0727E-04  1.1173E-04
       1.0552E-04  9.9154E-05  1.0250E-04  1.0090E-04  1.0138E-04  9.4379E-05  9.1355E-05  8.8013E-05  8.3238E-05  7.6076E-05
       7.5439E-05  6.1752E-05  6.8437E-05  6.3503E-05  5.7137E-05  5.8887E-05  5.1407E-05  5.0930E-05  5.2999E-05  4.9975E-05
       5.3635E-05  5.5704E-05  5.5545E-05  5.0293E-05  5.7137E-05  6.1434E-05  6.2866E-05  6.4935E-05  7.1142E-05  7.4962E-05
       7.8463E-05  7.6554E-05  8.6421E-05  8.7058E-05  1.0536E-04  1.0377E-04  1.1316E-04  1.1905E-04  1.4053E-04  1.3671E-04
       1.4340E-04  1.4149E-04  1.3528E-04  1.2669E-04  1.1300E-04  1.1459E-04  1.1650E-04  1.3305E-04  1.6759E-04  2.2743E-04
       3.4950E-04  6.2500E-04  1.3352E-03  3.0182E-03  7.2092E-03  1.6344E-02  3.5240E-02  7.1377E-02  1.3401E-01  2.3317E-01
       3.7122E-01  5.4050E-01  7.2010E-01  8.7345E-01  9.6560E-01  9.6714E-01  8.7735E-01  7.1913E-01  5.3262E-01  3.5487E-01
       2.1267E-01  1.1458E-01  5.5169E-02  2.3925E-02  9.2085E-03  3.2192E-03  9.9074E-04  2.6849E-04  6.8755E-05  1.6075E-05
       2.5465E-06  4.7746E-07  0.0000E+00  0.0000E+00  0.0000E+00  0.0000E+00  0.0000E+00  0.0000E+00  0.0000E+00  0.0000E+00
       0.0000E+00  0.0000E+00  0.0000E+00  0.0000E+00  0.0000E+00  0.0000E+00  0.0000E+00  0.0000E+00  0.0000E+00  0.0000E+00
       0.0000E+00  0.0000E+00  0.0000E+00  0.0000E+00  0.0000E+00  0.0000E+00  0.0000E+00  0.0000E+00  0.0000E+00  0.0000E+00
       0.0000E+00  0.0000E+00  0.0000E+00  0.0000E+00  0.0000E+00  0.0000E+00  0.0000E+00  0.0000E+00  0.0000E+00  0.0000E+00
       0.0000E+00  0.0000E+00  0.0000E+00  0.0000E+00  0.0000E+00  0.0000E+00  0.0000E+00  0.0000E+00  0.0000E+00  0.0000E+00
       0.0000E+00  0.0000E+00  0.0000E+00  0.0000E+00  0.0000E+00  0.0000E+00  0.0000E+00  0.0000E+00  0.0000E+00  0.0000E+00
       0.0000E+00  0.0000E+00  0.0000E+00  0.0000E+00  0.0000E+00  0.0000E+00  0.0000E+00  0.0000E+00  0.0000E+00  0.0000E+00
       0.0000E+00  0.0000E+00  0.0000E+00  0.0000E+00  0.0000E+00  0.0000E+00  0.0000E+00  0.0000E+00  0.0000E+00  0.0000E+00
       0.0000E+00  0.0000E+00  0.0000E+00  0.0000E+00  0.0000E+00  0.0000E+00  0.0000E+00  0.0000E+00  0.0000E+00  0.0000E+00
       0.0000E+00  0.0000E+00  0.0000E+00  0.0000E+00  0.0000E+00  0.0000E+00  0.0000E+00  0.0000E+00  0.0000E+00  0.0000E+00
       0.0000E+00  0.0000E+00  0.0000E+00  0.0000E+00  0.0000E+00  0.0000E+00  0.0000E+00  0.0000E+00  0.0000E+00  0.0000E+00
       0.0000E+00  0.0000E+00  0.0000E+00  0.0000E+00  0.0000E+00  0.0000E+00  0.0000E+00  0.0000E+00  0.0000E+00  0.0000E+00
       0.0000E+00  0.0000E+00  0.0000E+00  0.0000E+00  0.0000E+00  0.0000E+00  0.0000E+00  0.0000E+00  0.0000E+00  0.0000E+00
       0.0000E+00  0.0000E+00  0.0000E+00  0.0000E+00  0.0000E+00  0.0000E+00  0.0000E+00  0.0000E+00  0.0000E+00  0.0000E+00
       0.0000E+00  0.0000E+00  0.0000E+00  0.0000E+00  0.0000E+00  0.0000E+00  0.0000E+00  0.0000E+00  0.0000E+00  0.0000E+00
       0.0000E+00  0.0000E+00  0.0000E+00  0.0000E+00  0.0000E+00  0.0000E+00  0.0000E+00  0.0000E+00  0.0000E+00  0.0000E+00
       0.0000E+00  0.0000E+00  0.0000E+00  0.0000E+00  0.0000E+00  0.0000E+00  0.0000E+00  0.0000E+00  0.0000E+00  0.0000E+00
       0.0000E+00  0.0000E+00  0.0000E+00  0.0000E+00  0.0000E+00  0.0000E+00  0.0000E+00  0.0000E+00  0.0000E+00  0.0000E+00
       0.0000E+00  0.0000E+00  0.0000E+00  0.0000E+00  0.0000E+00  0.0000E+00  0.0000E+00  0.0000E+00  0.0000E+00  0.0000E+00
       0.0000E+00  0.0000E+00  0.0000E+00  0.0000E+00  0.0000E+00  0.0000E+00  0.0000E+00  0.0000E+00  0.0000E+00  0.0000E+00
       0.0000E+00  0.0000E+00  0.0000E+00  0.0000E+00  0.0000E+00  0.0000E+00  0.0000E+00  0.0000E+00  0.0000E+00  0.0000E+00
       0.0000E+00  0.0000E+00  0.0000E+00  0.0000E+00  0.0000E+00  0.0000E+00  0.0000E+00  0.0000E+00  0.0000E+00  0.0000E+00
       0.0000E+00  0.0000E+00  0.0000E+00  0.0000E+00  0.0000E+00  0.0000E+00  0.0000E+00  0.0000E+00  0.0000E+00  0.0000E+00
       0.0000E+00  0.0000E+00  0.0000E+00  0.0000E+00  0.0000E+00  0.0000E+00  0.0000E+00  0.0000E+00  0.0000E+00  0.0000E+00
       0.0000E+00  0.0000E+00  0.0000E+00  0.0000E+00  0.0000E+00  0.0000E+00  0.0000E+00  0.0000E+00  0.0000E+00  0.0000E+00
       0.0000E+00  0.0000E+00  0.0000E+00  0.0000E+00  0.0000E+00  0.0000E+00  0.0000E+00  0.0000E+00  0.0000E+00  0.0000E+00
       0.0000E+00  0.0000E+00  0.0000E+00  0.0000E+00  0.0000E+00  0.0000E+00  0.0000E+00  0.0000E+00  0.0000E+00  0.0000E+00
