
 *****  Protons in Lexan (0.13GeV, 0cm)                                                   *****

           DATE: 12/20/18,  TIME: 16:50:29

          Total number of particles followed       50000000, for a total weight of  5.0000E+07

1

   Res. nuclei n.   1  "Ian       " ,  all         products, region n.     5
      detector volume:  1.0000E+00 cm**3
      Max. Z:  10, Max. N-Z:  11 Min. N-Z: -4
      Data follow in a matrix A(z,n-z-k), k: -5 format (1(5x,1p,10(1x,e11.4)))

       0.0000E+00  0.0000E+00  0.0000E+00  0.0000E+00  0.0000E+00  0.0000E+00  0.0000E+00  0.0000E+00  0.0000E+00  0.0000E+00
       0.0000E+00  0.0000E+00  0.0000E+00  0.0000E+00  0.0000E+00  6.8400E-06  0.0000E+00  4.6000E-07  0.0000E+00  0.0000E+00
       0.0000E+00  0.0000E+00  0.0000E+00  0.0000E+00  5.8940E-05  9.2460E-05  1.3740E-05  1.7580E-05  0.0000E+00  0.0000E+00
       1.0324E-02  1.6248E-03  0.0000E+00  7.7740E-04  0.0000E+00  2.1525E-03  2.9040E-05  5.0884E-04  2.0000E-08  2.0000E-08
       2.5798E-03  1.3159E-02  1.0816E-03  0.0000E+00  6.8678E-04  4.2697E-03  2.4700E-04  5.0486E-04  2.0000E-08  1.4000E-07
       7.5344E-04  0.0000E+00  5.2910E-04  1.4106E-04  1.2250E-03  1.5476E-04  3.0806E-04  4.2000E-07  2.0000E-08  0.0000E+00
       0.0000E+00  2.7960E-05  4.1340E-05  7.8980E-05  1.0360E-05  2.9020E-05  4.8000E-07  1.0000E-06  0.0000E+00  0.0000E+00
       0.0000E+00  0.0000E+00  1.6600E-06  3.2000E-07  6.6000E-07  4.0000E-08  2.4000E-07  0.0000E+00  0.0000E+00  0.0000E+00
       0.0000E+00  2.0000E-08  0.0000E+00  2.0000E-08  0.0000E+00  0.0000E+00  0.0000E+00  0.0000E+00  0.0000E+00  0.0000E+00
       0.0000E+00  0.0000E+00  0.0000E+00  0.0000E+00  0.0000E+00  0.0000E+00  0.0000E+00  0.0000E+00  0.0000E+00  0.0000E+00
       0.0000E+00  0.0000E+00  0.0000E+00  0.0000E+00  0.0000E+00  0.0000E+00  0.0000E+00  0.0000E+00  0.0000E+00  0.0000E+00
       0.0000E+00  0.0000E+00  0.0000E+00  0.0000E+00  0.0000E+00  0.0000E+00  0.0000E+00  0.0000E+00  0.0000E+00  0.0000E+00
       0.0000E+00  0.0000E+00  0.0000E+00  0.0000E+00  0.0000E+00  0.0000E+00  0.0000E+00  0.0000E+00  0.0000E+00  0.0000E+00
       0.0000E+00  0.0000E+00  0.0000E+00  0.0000E+00  0.0000E+00  0.0000E+00  0.0000E+00  0.0000E+00  0.0000E+00  0.0000E+00
       0.0000E+00  0.0000E+00  0.0000E+00  0.0000E+00  0.0000E+00  0.0000E+00  0.0000E+00  0.0000E+00  0.0000E+00  0.0000E+00
       0.0000E+00  0.0000E+00  0.0000E+00  0.0000E+00  0.0000E+00  0.0000E+00  0.0000E+00  0.0000E+00  0.0000E+00  0.0000E+00
