
 *****  Protons in Lexan (0.13GeV, 0cm)                                                   *****

           DATE: 12/18/18,  TIME:  9: 0:19

          Total number of particles followed       50000000, for a total weight of  5.0000E+07

1

   Bdrx n.   4  "ocurrent  " , generalized particle n.    1, from region n.     5 to region n.     4
      detector area:  1.0000E+02 cm**2
      this is a one way only estimator
      this is a current like estimator
      linear energy binning from   5.0000E-02 to  1.8000E-01 GeV,   650 bins ( 2.0000E-04 GeV wide)
      linear angular binning from  0.0000E+00 to  6.2832E+00 sr ,     1 bins ( 6.2832E+00 sr wide )
      Data follow in a matrix A(ie,ia), format (1(5x,1p,10(1x,e11.4)))

       1.6616E-04  1.6584E-04  1.7348E-04  1.6791E-04  1.6950E-04  1.6998E-04  1.7523E-04  1.6870E-04  1.7221E-04  1.7268E-04
       1.7746E-04  1.7809E-04  1.7587E-04  1.7077E-04  1.7125E-04  1.7061E-04  1.6886E-04  1.7778E-04  1.7634E-04  1.7300E-04
       1.8207E-04  1.6504E-04  1.8430E-04  1.7109E-04  1.6759E-04  1.6695E-04  1.6870E-04  1.7427E-04  1.7714E-04  1.6839E-04
       1.7825E-04  1.7873E-04  1.7905E-04  1.6886E-04  1.6170E-04  1.7443E-04  1.7045E-04  1.8557E-04  1.7412E-04  1.7284E-04
       1.7348E-04  1.6711E-04  1.8494E-04  1.6934E-04  1.7427E-04  1.7841E-04  1.6807E-04  1.8191E-04  1.7873E-04  1.7252E-04
       1.6855E-04  1.7794E-04  1.7507E-04  1.7396E-04  1.7459E-04  1.6982E-04  1.6775E-04  1.7571E-04  1.6982E-04  1.7778E-04
       1.7778E-04  1.7236E-04  1.8303E-04  1.7889E-04  1.8064E-04  1.7093E-04  1.8223E-04  1.7412E-04  1.6982E-04  1.7284E-04
       1.7953E-04  1.8717E-04  1.7714E-04  1.7666E-04  1.7714E-04  1.6695E-04  1.7937E-04  1.7746E-04  1.8987E-04  1.7205E-04
       1.7650E-04  1.7507E-04  1.8494E-04  1.7857E-04  1.7268E-04  1.7189E-04  1.7141E-04  1.8335E-04  1.8335E-04  1.8939E-04
       1.8000E-04  1.7794E-04  1.7969E-04  1.7778E-04  1.8526E-04  1.8096E-04  1.8255E-04  1.7953E-04  1.9003E-04  1.8939E-04
       1.8653E-04  1.8207E-04  1.7682E-04  1.8351E-04  1.9290E-04  1.7555E-04  1.8844E-04  1.7985E-04  1.9305E-04  1.7618E-04
       1.7682E-04  1.8526E-04  1.7794E-04  1.8510E-04  1.8351E-04  1.8526E-04  1.8733E-04  1.9815E-04  1.8239E-04  1.9401E-04
       1.7189E-04  1.8557E-04  1.8335E-04  1.8828E-04  1.7650E-04  1.8144E-04  1.9083E-04  1.8621E-04  1.8844E-04  1.8717E-04
       1.9481E-04  1.8542E-04  1.8351E-04  1.9544E-04  1.8860E-04  1.8764E-04  1.8430E-04  1.8860E-04  1.9624E-04  1.8494E-04
       1.9401E-04  1.9417E-04  1.9640E-04  1.9274E-04  1.8812E-04  1.9815E-04  1.9767E-04  1.8764E-04  1.9990E-04  1.9274E-04
       1.9242E-04  1.9337E-04  1.9162E-04  1.8812E-04  1.9385E-04  1.9735E-04  1.8653E-04  1.9926E-04  1.9242E-04  1.9305E-04
       1.9242E-04  1.8876E-04  1.9305E-04  1.8908E-04  1.9258E-04  1.9035E-04  1.9051E-04  1.8701E-04  1.7443E-04  1.9687E-04
       2.0069E-04  1.9115E-04  1.8955E-04  1.9099E-04  1.9067E-04  1.8733E-04  1.9433E-04  1.9449E-04  1.8478E-04  1.9130E-04
       1.9369E-04  1.8701E-04  1.9067E-04  1.9035E-04  2.0324E-04  1.8366E-04  1.9130E-04  1.9608E-04  1.9433E-04  1.8080E-04
       1.8064E-04  1.9496E-04  1.7921E-04  1.8733E-04  1.8478E-04  1.8430E-04  1.8128E-04  1.8112E-04  1.8080E-04  1.7666E-04
       1.7603E-04  1.8112E-04  1.8175E-04  1.8080E-04  1.8908E-04  1.9385E-04  1.8191E-04  1.7634E-04  1.7969E-04  1.8733E-04
       1.7841E-04  1.7762E-04  1.7969E-04  1.6775E-04  1.7364E-04  1.8430E-04  1.7380E-04  1.7380E-04  1.7539E-04  1.7189E-04
       1.7221E-04  1.6282E-04  1.7348E-04  1.6743E-04  1.8048E-04  1.6743E-04  1.6202E-04  1.6584E-04  1.6998E-04  1.7332E-04
       1.5995E-04  1.7380E-04  1.6982E-04  1.6297E-04  1.6473E-04  1.5581E-04  1.6361E-04  1.5486E-04  1.6138E-04  1.6091E-04
       1.5438E-04  1.6409E-04  1.5120E-04  1.5836E-04  1.6313E-04  1.6361E-04  1.5915E-04  1.5518E-04  1.5470E-04  1.6011E-04
       1.5358E-04  1.5565E-04  1.5836E-04  1.5502E-04  1.5343E-04  1.4945E-04  1.4531E-04  1.4738E-04  1.5088E-04  1.4865E-04
       1.5247E-04  1.5215E-04  1.5008E-04  1.4881E-04  1.4531E-04  1.4499E-04  1.3862E-04  1.4626E-04  1.4101E-04  1.4849E-04
       1.4244E-04  1.4483E-04  1.3735E-04  1.4674E-04  1.3799E-04  1.3846E-04  1.4181E-04  1.3990E-04  1.3608E-04  1.3990E-04
       1.3687E-04  1.3624E-04  1.3655E-04  1.2669E-04  1.2701E-04  1.2366E-04  1.3433E-04  1.3114E-04  1.3035E-04  1.2939E-04
       1.2319E-04  1.2191E-04  1.2096E-04  1.2398E-04  1.1634E-04  1.1491E-04  1.1427E-04  1.1841E-04  1.0647E-04  1.0791E-04
       1.1475E-04  1.0918E-04  1.0854E-04  1.0791E-04  9.7403E-05  9.6766E-05  9.2151E-05  9.0718E-05  8.4989E-05  7.2734E-05
       7.2415E-05  7.5917E-05  6.1434E-05  6.3185E-05  5.8887E-05  5.3476E-05  5.4272E-05  5.2203E-05  5.5863E-05  5.1407E-05
       5.0770E-05  5.3954E-05  4.8224E-05  5.8728E-05  5.7932E-05  6.4935E-05  5.2999E-05  6.2548E-05  7.0983E-05  6.8596E-05
       7.2256E-05  8.3079E-05  8.3397E-05  9.0082E-05  9.9313E-05  1.0982E-04  1.2255E-04  1.3051E-04  1.2892E-04  1.4738E-04
       1.4801E-04  1.4213E-04  1.4260E-04  1.1809E-04  1.1284E-04  1.1348E-04  1.2541E-04  1.3353E-04  1.7109E-04  2.1884E-04
       3.4728E-04  6.4585E-04  1.3242E-03  3.0411E-03  7.1222E-03  1.6267E-02  3.5268E-02  7.1533E-02  1.3423E-01  2.3281E-01
       3.7044E-01  5.4053E-01  7.2028E-01  8.7541E-01  9.6574E-01  9.6680E-01  8.7696E-01  7.1958E-01  5.3230E-01  3.5432E-01
       2.1272E-01  1.1445E-01  5.5139E-02  2.3763E-02  9.2280E-03  3.2143E-03  9.7530E-04  2.8059E-04  6.5572E-05  1.5756E-05
       2.5465E-06  7.9577E-07  0.0000E+00  0.0000E+00  0.0000E+00  0.0000E+00  0.0000E+00  0.0000E+00  0.0000E+00  0.0000E+00
       0.0000E+00  0.0000E+00  0.0000E+00  0.0000E+00  0.0000E+00  0.0000E+00  0.0000E+00  0.0000E+00  0.0000E+00  0.0000E+00
       0.0000E+00  0.0000E+00  0.0000E+00  0.0000E+00  0.0000E+00  0.0000E+00  0.0000E+00  0.0000E+00  0.0000E+00  0.0000E+00
       0.0000E+00  0.0000E+00  0.0000E+00  0.0000E+00  0.0000E+00  0.0000E+00  0.0000E+00  0.0000E+00  0.0000E+00  0.0000E+00
       0.0000E+00  0.0000E+00  0.0000E+00  0.0000E+00  0.0000E+00  0.0000E+00  0.0000E+00  0.0000E+00  0.0000E+00  0.0000E+00
       0.0000E+00  0.0000E+00  0.0000E+00  0.0000E+00  0.0000E+00  0.0000E+00  0.0000E+00  0.0000E+00  0.0000E+00  0.0000E+00
       0.0000E+00  0.0000E+00  0.0000E+00  0.0000E+00  0.0000E+00  0.0000E+00  0.0000E+00  0.0000E+00  0.0000E+00  0.0000E+00
       0.0000E+00  0.0000E+00  0.0000E+00  0.0000E+00  0.0000E+00  0.0000E+00  0.0000E+00  0.0000E+00  0.0000E+00  0.0000E+00
       0.0000E+00  0.0000E+00  0.0000E+00  0.0000E+00  0.0000E+00  0.0000E+00  0.0000E+00  0.0000E+00  0.0000E+00  0.0000E+00
       0.0000E+00  0.0000E+00  0.0000E+00  0.0000E+00  0.0000E+00  0.0000E+00  0.0000E+00  0.0000E+00  0.0000E+00  0.0000E+00
       0.0000E+00  0.0000E+00  0.0000E+00  0.0000E+00  0.0000E+00  0.0000E+00  0.0000E+00  0.0000E+00  0.0000E+00  0.0000E+00
       0.0000E+00  0.0000E+00  0.0000E+00  0.0000E+00  0.0000E+00  0.0000E+00  0.0000E+00  0.0000E+00  0.0000E+00  0.0000E+00
       0.0000E+00  0.0000E+00  0.0000E+00  0.0000E+00  0.0000E+00  0.0000E+00  0.0000E+00  0.0000E+00  0.0000E+00  0.0000E+00
       0.0000E+00  0.0000E+00  0.0000E+00  0.0000E+00  0.0000E+00  0.0000E+00  0.0000E+00  0.0000E+00  0.0000E+00  0.0000E+00
       0.0000E+00  0.0000E+00  0.0000E+00  0.0000E+00  0.0000E+00  0.0000E+00  0.0000E+00  0.0000E+00  0.0000E+00  0.0000E+00
       0.0000E+00  0.0000E+00  0.0000E+00  0.0000E+00  0.0000E+00  0.0000E+00  0.0000E+00  0.0000E+00  0.0000E+00  0.0000E+00
       0.0000E+00  0.0000E+00  0.0000E+00  0.0000E+00  0.0000E+00  0.0000E+00  0.0000E+00  0.0000E+00  0.0000E+00  0.0000E+00
       0.0000E+00  0.0000E+00  0.0000E+00  0.0000E+00  0.0000E+00  0.0000E+00  0.0000E+00  0.0000E+00  0.0000E+00  0.0000E+00
       0.0000E+00  0.0000E+00  0.0000E+00  0.0000E+00  0.0000E+00  0.0000E+00  0.0000E+00  0.0000E+00  0.0000E+00  0.0000E+00
       0.0000E+00  0.0000E+00  0.0000E+00  0.0000E+00  0.0000E+00  0.0000E+00  0.0000E+00  0.0000E+00  0.0000E+00  0.0000E+00
       0.0000E+00  0.0000E+00  0.0000E+00  0.0000E+00  0.0000E+00  0.0000E+00  0.0000E+00  0.0000E+00  0.0000E+00  0.0000E+00
       0.0000E+00  0.0000E+00  0.0000E+00  0.0000E+00  0.0000E+00  0.0000E+00  0.0000E+00  0.0000E+00  0.0000E+00  0.0000E+00
       0.0000E+00  0.0000E+00  0.0000E+00  0.0000E+00  0.0000E+00  0.0000E+00  0.0000E+00  0.0000E+00  0.0000E+00  0.0000E+00
       0.0000E+00  0.0000E+00  0.0000E+00  0.0000E+00  0.0000E+00  0.0000E+00  0.0000E+00  0.0000E+00  0.0000E+00  0.0000E+00
       0.0000E+00  0.0000E+00  0.0000E+00  0.0000E+00  0.0000E+00  0.0000E+00  0.0000E+00  0.0000E+00  0.0000E+00  0.0000E+00
       0.0000E+00  0.0000E+00  0.0000E+00  0.0000E+00  0.0000E+00  0.0000E+00  0.0000E+00  0.0000E+00  0.0000E+00  0.0000E+00
       0.0000E+00  0.0000E+00  0.0000E+00  0.0000E+00  0.0000E+00  0.0000E+00  0.0000E+00  0.0000E+00  0.0000E+00  0.0000E+00
