
 *****  Protons in Lexan (0.13GeV, 0cm)                                                   *****

           DATE: 12/18/18,  TIME:  9: 0:19

          Total number of particles followed       50000000, for a total weight of  5.0000E+07

1

   Res. nuclei n.   1  "Ian       " ,  all         products, region n.     5
      detector volume:  1.0000E+00 cm**3
      Max. Z:  10, Max. N-Z:  11 Min. N-Z: -4
      Data follow in a matrix A(z,n-z-k), k: -5 format (1(5x,1p,10(1x,e11.4)))

       0.0000E+00  0.0000E+00  0.0000E+00  0.0000E+00  0.0000E+00  0.0000E+00  0.0000E+00  0.0000E+00  0.0000E+00  0.0000E+00
       0.0000E+00  0.0000E+00  0.0000E+00  0.0000E+00  0.0000E+00  7.0800E-06  0.0000E+00  2.8000E-07  0.0000E+00  0.0000E+00
       0.0000E+00  0.0000E+00  0.0000E+00  0.0000E+00  5.6240E-05  9.1000E-05  1.4560E-05  1.7740E-05  0.0000E+00  0.0000E+00
       1.0322E-02  1.6249E-03  0.0000E+00  7.8100E-04  0.0000E+00  2.1574E-03  2.8740E-05  5.1088E-04  4.0000E-08  0.0000E+00
       2.5995E-03  1.3156E-02  1.0749E-03  0.0000E+00  6.8656E-04  4.2868E-03  2.4419E-04  5.0657E-04  0.0000E+00  2.2000E-07
       7.5962E-04  0.0000E+00  5.3202E-04  1.3957E-04  1.2269E-03  1.5019E-04  2.9932E-04  6.2934E-07  2.0000E-08  0.0000E+00
       0.0000E+00  2.8540E-05  4.1640E-05  7.9660E-05  1.0357E-05  2.9080E-05  5.7239E-07  7.6000E-07  0.0000E+00  0.0000E+00
       0.0000E+00  0.0000E+00  1.9200E-06  3.0000E-07  8.8000E-07  2.0000E-08  2.2000E-07  0.0000E+00  0.0000E+00  0.0000E+00
       0.0000E+00  0.0000E+00  0.0000E+00  0.0000E+00  0.0000E+00  0.0000E+00  0.0000E+00  0.0000E+00  0.0000E+00  0.0000E+00
       0.0000E+00  0.0000E+00  0.0000E+00  0.0000E+00  0.0000E+00  0.0000E+00  0.0000E+00  0.0000E+00  0.0000E+00  0.0000E+00
       0.0000E+00  0.0000E+00  0.0000E+00  0.0000E+00  0.0000E+00  0.0000E+00  0.0000E+00  0.0000E+00  0.0000E+00  0.0000E+00
       0.0000E+00  0.0000E+00  0.0000E+00  0.0000E+00  0.0000E+00  0.0000E+00  0.0000E+00  0.0000E+00  0.0000E+00  0.0000E+00
       0.0000E+00  0.0000E+00  0.0000E+00  0.0000E+00  0.0000E+00  0.0000E+00  0.0000E+00  0.0000E+00  0.0000E+00  0.0000E+00
       0.0000E+00  0.0000E+00  0.0000E+00  0.0000E+00  0.0000E+00  0.0000E+00  0.0000E+00  0.0000E+00  0.0000E+00  0.0000E+00
       0.0000E+00  0.0000E+00  0.0000E+00  0.0000E+00  0.0000E+00  0.0000E+00  0.0000E+00  0.0000E+00  0.0000E+00  0.0000E+00
       0.0000E+00  0.0000E+00  0.0000E+00  0.0000E+00  0.0000E+00  0.0000E+00  0.0000E+00  0.0000E+00  0.0000E+00  0.0000E+00
