
 *****  Protons in Lexan (0.13GeV, 0cm)                                                   *****

           DATE: 12/18/18,  TIME:  9: 0:19

          Total number of particles followed       50000000, for a total weight of  5.0000E+07

1

   Bdrx n.   2  "ofluence  " , generalized particle n.    1, from region n.     5 to region n.     4
      detector area:  1.0000E+02 cm**2
      this is a one way only estimator
      this is a fluence like estimator
      linear energy binning from   5.0000E-02 to  1.8000E-01 GeV,   650 bins ( 2.0000E-04 GeV wide)
      linear angular binning from  0.0000E+00 to  6.2832E+00 sr ,     1 bins ( 6.2832E+00 sr wide )
      Data follow in a matrix A(ie,ia), format (1(5x,1p,10(1x,e11.4)))

       2.5212E-04  2.4492E-04  2.5881E-04  2.5156E-04  2.5644E-04  2.6116E-04  2.5455E-04  2.4810E-04  2.6193E-04  2.5635E-04
       2.6053E-04  2.6374E-04  2.6298E-04  2.5010E-04  2.5272E-04  2.5416E-04  2.4257E-04  2.5494E-04  2.5418E-04  2.4972E-04
       2.6436E-04  2.4156E-04  2.6441E-04  2.7880E-04  2.4101E-04  2.4034E-04  2.3960E-04  2.5125E-04  2.5627E-04  2.4062E-04
       2.5421E-04  2.5631E-04  2.5696E-04  2.3475E-04  2.3267E-04  2.5111E-04  2.4037E-04  2.6592E-04  2.4956E-04  2.4609E-04
       2.4370E-04  2.3451E-04  2.5724E-04  2.4448E-04  2.5145E-04  2.4930E-04  2.3762E-04  2.5373E-04  2.4850E-04  2.4756E-04
       2.4374E-04  2.4524E-04  2.4497E-04  2.4952E-04  2.4381E-04  2.3578E-04  2.2865E-04  2.4524E-04  2.3337E-04  2.4507E-04
       2.4469E-04  2.3757E-04  2.4786E-04  2.4221E-04  2.5360E-04  2.3556E-04  2.4892E-04  2.3642E-04  2.2543E-04  2.3621E-04
       2.4112E-04  2.6060E-04  2.4061E-04  3.8152E-04  2.4117E-04  2.2644E-04  2.4581E-04  2.4202E-04  2.5955E-04  2.3548E-04
       2.3955E-04  2.4244E-04  2.5156E-04  2.3478E-04  2.3658E-04  2.3289E-04  2.3047E-04  2.4131E-04  2.4433E-04  2.5436E-04
       2.4174E-04  2.4722E-04  2.3994E-04  2.3873E-04  2.4634E-04  2.3718E-04  2.3930E-04  2.3982E-04  2.5542E-04  2.4244E-04
       2.5018E-04  2.3908E-04  2.3329E-04  2.4043E-04  2.5308E-04  2.3311E-04  2.4886E-04  2.3335E-04  2.4933E-04  2.3189E-04
       2.3283E-04  2.4199E-04  2.2954E-04  2.3859E-04  2.3886E-04  2.4318E-04  2.4271E-04  2.5452E-04  2.3386E-04  2.5044E-04
       2.2386E-04  2.3787E-04  2.3206E-04  2.4436E-04  2.2372E-04  2.3708E-04  2.4298E-04  2.4175E-04  2.3800E-04  2.3688E-04
       2.4674E-04  2.3673E-04  2.3138E-04  2.4967E-04  2.3697E-04  2.3364E-04  2.3404E-04  2.3517E-04  2.5221E-04  2.3433E-04
       2.4596E-04  2.4581E-04  2.4317E-04  2.4461E-04  2.3498E-04  2.5188E-04  2.4832E-04  2.3622E-04  2.4797E-04  2.3889E-04
       2.4262E-04  2.4325E-04  2.3912E-04  2.2793E-04  2.4016E-04  2.4361E-04  2.2769E-04  2.4735E-04  2.3541E-04  2.3730E-04
       2.3536E-04  2.3205E-04  2.3697E-04  2.2703E-04  2.3861E-04  2.3350E-04  2.2808E-04  2.2361E-04  2.0871E-04  2.3947E-04
       2.4755E-04  2.3098E-04  2.2912E-04  2.3106E-04  2.3171E-04  2.2618E-04  2.3803E-04  2.3326E-04  2.2193E-04  2.2992E-04
       2.3229E-04  2.2230E-04  2.2753E-04  2.2718E-04  2.4046E-04  2.1703E-04  2.2910E-04  2.3427E-04  2.3186E-04  2.1356E-04
       2.1434E-04  2.3042E-04  2.1321E-04  2.2256E-04  2.1868E-04  2.1844E-04  2.1602E-04  2.1276E-04  2.1396E-04  2.0714E-04
       2.1114E-04  2.1455E-04  2.1366E-04  2.1044E-04  2.2294E-04  2.2863E-04  2.1551E-04  2.0791E-04  2.1049E-04  2.1668E-04
       2.0711E-04  2.0522E-04  2.0969E-04  1.9470E-04  2.0193E-04  2.1476E-04  2.0473E-04  2.0247E-04  2.0487E-04  1.9794E-04
       2.0108E-04  1.8825E-04  1.9988E-04  1.9519E-04  2.0756E-04  1.9693E-04  1.8605E-04  1.8955E-04  1.9590E-04  1.9837E-04
       1.8520E-04  1.9960E-04  1.9554E-04  1.8889E-04  1.8693E-04  1.7871E-04  1.8531E-04  1.7781E-04  1.8389E-04  1.8305E-04
       1.7553E-04  1.9072E-04  1.7302E-04  1.8021E-04  1.8401E-04  1.8368E-04  1.7941E-04  1.7691E-04  1.7461E-04  1.8112E-04
       1.7406E-04  1.7430E-04  1.7894E-04  1.7591E-04  1.7203E-04  1.6831E-04  1.6189E-04  1.6503E-04  1.6786E-04  1.6593E-04
       1.7041E-04  1.6989E-04  1.6810E-04  1.6862E-04  1.6535E-04  1.6092E-04  1.5452E-04  1.6236E-04  1.5646E-04  1.6443E-04
       1.5879E-04  1.6102E-04  1.5249E-04  1.6325E-04  1.5302E-04  1.5575E-04  1.5749E-04  1.5502E-04  1.4950E-04  1.5322E-04
       1.5045E-04  1.5084E-04  1.5053E-04  1.3988E-04  1.4170E-04  1.3608E-04  1.4766E-04  1.4286E-04  1.4449E-04  1.4295E-04
       1.3471E-04  1.3200E-04  1.3251E-04  1.3464E-04  1.2866E-04  1.2465E-04  1.2494E-04  1.3077E-04  1.1559E-04  1.1769E-04
       1.2708E-04  1.2005E-04  1.1771E-04  1.1828E-04  1.0667E-04  1.0699E-04  1.0042E-04  9.9326E-05  9.3471E-05  8.0811E-05
       8.0371E-05  8.3524E-05  7.0484E-05  7.2577E-05  6.7173E-05  6.1305E-05  6.2636E-05  6.0640E-05  6.5323E-05  6.0281E-05
       5.9178E-05  6.3210E-05  5.5588E-05  6.8506E-05  6.6897E-05  7.6353E-05  6.1033E-05  7.3140E-05  8.0855E-05  7.8556E-05
       8.2230E-05  9.3000E-05  9.3661E-05  1.0093E-04  1.0978E-04  1.2028E-04  1.3357E-04  1.4350E-04  1.3856E-04  1.5891E-04
       1.6002E-04  1.5426E-04  1.5531E-04  1.2885E-04  1.2349E-04  1.2408E-04  1.3946E-04  1.5151E-04  1.9052E-04  2.3896E-04
       3.7313E-04  6.7700E-04  1.3596E-03  3.0865E-03  7.1779E-03  1.6334E-02  3.5353E-02  7.1637E-02  1.3435E-01  2.3296E-01
       3.7061E-01  5.4072E-01  7.2048E-01  8.7561E-01  9.6593E-01  9.6697E-01  8.7711E-01  7.1968E-01  5.3238E-01  3.5437E-01
       2.1275E-01  1.1446E-01  5.5145E-02  2.3766E-02  9.2290E-03  3.2146E-03  9.7541E-04  2.8062E-04  6.5578E-05  1.5758E-05
       2.5468E-06  7.9580E-07  0.0000E+00  0.0000E+00  0.0000E+00  0.0000E+00  0.0000E+00  0.0000E+00  0.0000E+00  0.0000E+00
       0.0000E+00  0.0000E+00  0.0000E+00  0.0000E+00  0.0000E+00  0.0000E+00  0.0000E+00  0.0000E+00  0.0000E+00  0.0000E+00
       0.0000E+00  0.0000E+00  0.0000E+00  0.0000E+00  0.0000E+00  0.0000E+00  0.0000E+00  0.0000E+00  0.0000E+00  0.0000E+00
       0.0000E+00  0.0000E+00  0.0000E+00  0.0000E+00  0.0000E+00  0.0000E+00  0.0000E+00  0.0000E+00  0.0000E+00  0.0000E+00
       0.0000E+00  0.0000E+00  0.0000E+00  0.0000E+00  0.0000E+00  0.0000E+00  0.0000E+00  0.0000E+00  0.0000E+00  0.0000E+00
       0.0000E+00  0.0000E+00  0.0000E+00  0.0000E+00  0.0000E+00  0.0000E+00  0.0000E+00  0.0000E+00  0.0000E+00  0.0000E+00
       0.0000E+00  0.0000E+00  0.0000E+00  0.0000E+00  0.0000E+00  0.0000E+00  0.0000E+00  0.0000E+00  0.0000E+00  0.0000E+00
       0.0000E+00  0.0000E+00  0.0000E+00  0.0000E+00  0.0000E+00  0.0000E+00  0.0000E+00  0.0000E+00  0.0000E+00  0.0000E+00
       0.0000E+00  0.0000E+00  0.0000E+00  0.0000E+00  0.0000E+00  0.0000E+00  0.0000E+00  0.0000E+00  0.0000E+00  0.0000E+00
       0.0000E+00  0.0000E+00  0.0000E+00  0.0000E+00  0.0000E+00  0.0000E+00  0.0000E+00  0.0000E+00  0.0000E+00  0.0000E+00
       0.0000E+00  0.0000E+00  0.0000E+00  0.0000E+00  0.0000E+00  0.0000E+00  0.0000E+00  0.0000E+00  0.0000E+00  0.0000E+00
       0.0000E+00  0.0000E+00  0.0000E+00  0.0000E+00  0.0000E+00  0.0000E+00  0.0000E+00  0.0000E+00  0.0000E+00  0.0000E+00
       0.0000E+00  0.0000E+00  0.0000E+00  0.0000E+00  0.0000E+00  0.0000E+00  0.0000E+00  0.0000E+00  0.0000E+00  0.0000E+00
       0.0000E+00  0.0000E+00  0.0000E+00  0.0000E+00  0.0000E+00  0.0000E+00  0.0000E+00  0.0000E+00  0.0000E+00  0.0000E+00
       0.0000E+00  0.0000E+00  0.0000E+00  0.0000E+00  0.0000E+00  0.0000E+00  0.0000E+00  0.0000E+00  0.0000E+00  0.0000E+00
       0.0000E+00  0.0000E+00  0.0000E+00  0.0000E+00  0.0000E+00  0.0000E+00  0.0000E+00  0.0000E+00  0.0000E+00  0.0000E+00
       0.0000E+00  0.0000E+00  0.0000E+00  0.0000E+00  0.0000E+00  0.0000E+00  0.0000E+00  0.0000E+00  0.0000E+00  0.0000E+00
       0.0000E+00  0.0000E+00  0.0000E+00  0.0000E+00  0.0000E+00  0.0000E+00  0.0000E+00  0.0000E+00  0.0000E+00  0.0000E+00
       0.0000E+00  0.0000E+00  0.0000E+00  0.0000E+00  0.0000E+00  0.0000E+00  0.0000E+00  0.0000E+00  0.0000E+00  0.0000E+00
       0.0000E+00  0.0000E+00  0.0000E+00  0.0000E+00  0.0000E+00  0.0000E+00  0.0000E+00  0.0000E+00  0.0000E+00  0.0000E+00
       0.0000E+00  0.0000E+00  0.0000E+00  0.0000E+00  0.0000E+00  0.0000E+00  0.0000E+00  0.0000E+00  0.0000E+00  0.0000E+00
       0.0000E+00  0.0000E+00  0.0000E+00  0.0000E+00  0.0000E+00  0.0000E+00  0.0000E+00  0.0000E+00  0.0000E+00  0.0000E+00
       0.0000E+00  0.0000E+00  0.0000E+00  0.0000E+00  0.0000E+00  0.0000E+00  0.0000E+00  0.0000E+00  0.0000E+00  0.0000E+00
       0.0000E+00  0.0000E+00  0.0000E+00  0.0000E+00  0.0000E+00  0.0000E+00  0.0000E+00  0.0000E+00  0.0000E+00  0.0000E+00
       0.0000E+00  0.0000E+00  0.0000E+00  0.0000E+00  0.0000E+00  0.0000E+00  0.0000E+00  0.0000E+00  0.0000E+00  0.0000E+00
       0.0000E+00  0.0000E+00  0.0000E+00  0.0000E+00  0.0000E+00  0.0000E+00  0.0000E+00  0.0000E+00  0.0000E+00  0.0000E+00
       0.0000E+00  0.0000E+00  0.0000E+00  0.0000E+00  0.0000E+00  0.0000E+00  0.0000E+00  0.0000E+00  0.0000E+00  0.0000E+00
1

   Bdrx n.   6  "ofluence  " , generalized particle n.    1, from region n.     5 to region n.     4
      detector area:  1.0000E+02 cm**2
      this is a one way only estimator
      this is a fluence like estimator
      linear energy binning from   0.0000E+00 to  3.0000E+02 GeV,     1 bins ( 3.0000E+02 GeV wide)
      linear angular binning from  0.0000E+00 to  6.2832E+00 sr ,     1 bins ( 6.2832E+00 sr wide )
      Data follow in a matrix A(ie,ia), format (1(5x,1p,10(1x,e11.4)))

       5.3135E-06
