
 *****  Protons in Lexan (0.07GeV, 3.0cm)                                                 *****

           DATE: 12/ 1/18,  TIME:  5:14:51

          Total number of particles followed       10000000, for a total weight of  1.0000E+07

1

   Res. nuclei n.   1  "Ian       " ,  all         products, region n.     5
      detector volume:  1.0000E+00 cm**3
      Max. Z:  10, Max. N-Z:  11 Min. N-Z: -4
      Data follow in a matrix A(z,n-z-k), k: -5 format (1(5x,1p,10(1x,e11.4)))

       0.0000E+00  0.0000E+00  0.0000E+00  0.0000E+00  0.0000E+00  0.0000E+00  0.0000E+00  0.0000E+00  0.0000E+00  0.0000E+00
       0.0000E+00  0.0000E+00  0.0000E+00  0.0000E+00  0.0000E+00  3.8000E-06  0.0000E+00  1.0000E-07  0.0000E+00  0.0000E+00
       0.0000E+00  0.0000E+00  0.0000E+00  0.0000E+00  2.2340E-04  1.3260E-04  8.4800E-05  1.4600E-05  0.0000E+00  0.0000E+00
       7.9002E-02  3.4568E-03  0.0000E+00  2.4107E-03  0.0000E+00  7.2426E-03  4.4400E-05  1.6057E-03  0.0000E+00  0.0000E+00
       1.0752E-02  7.8148E-02  2.9162E-03  0.0000E+00  1.8712E-03  4.8210E-02  7.7640E-04  4.6856E-03  3.0000E-07  8.0000E-07
       1.2095E-03  0.0000E+00  1.5120E-03  3.8911E-04  5.2404E-03  7.2395E-04  1.5865E-03  3.6230E-06  0.0000E+00  0.0000E+00
       0.0000E+00  1.9900E-05  2.4500E-05  7.3800E-05  2.1312E-05  8.1600E-05  1.8236E-06  7.3000E-06  0.0000E+00  0.0000E+00
       0.0000E+00  0.0000E+00  1.0000E-07  0.0000E+00  4.0000E-07  0.0000E+00  3.0000E-07  0.0000E+00  0.0000E+00  0.0000E+00
       0.0000E+00  0.0000E+00  0.0000E+00  0.0000E+00  0.0000E+00  0.0000E+00  0.0000E+00  0.0000E+00  0.0000E+00  0.0000E+00
       0.0000E+00  0.0000E+00  0.0000E+00  0.0000E+00  0.0000E+00  0.0000E+00  0.0000E+00  0.0000E+00  0.0000E+00  0.0000E+00
       0.0000E+00  0.0000E+00  0.0000E+00  0.0000E+00  0.0000E+00  0.0000E+00  0.0000E+00  0.0000E+00  0.0000E+00  0.0000E+00
       0.0000E+00  0.0000E+00  0.0000E+00  0.0000E+00  0.0000E+00  0.0000E+00  0.0000E+00  0.0000E+00  0.0000E+00  0.0000E+00
       0.0000E+00  0.0000E+00  0.0000E+00  0.0000E+00  0.0000E+00  0.0000E+00  0.0000E+00  0.0000E+00  0.0000E+00  0.0000E+00
       0.0000E+00  0.0000E+00  0.0000E+00  0.0000E+00  0.0000E+00  0.0000E+00  0.0000E+00  0.0000E+00  0.0000E+00  0.0000E+00
       0.0000E+00  0.0000E+00  0.0000E+00  0.0000E+00  0.0000E+00  0.0000E+00  0.0000E+00  0.0000E+00  0.0000E+00  0.0000E+00
       0.0000E+00  0.0000E+00  0.0000E+00  0.0000E+00  0.0000E+00  0.0000E+00  0.0000E+00  0.0000E+00  0.0000E+00  0.0000E+00
