#BLTrackFile VirtualDetector/Det8
#x y z Px Py Pz t PDGid EventID TrackID ParentID Weight
#mm mm mm MeV/c MeV/c MeV/c ns - - - - -
108.415 89.6018 490 0.0512322 0.0289225 0.198454 2121.43 2112 173 1 0 1
-7.40811 216.593 490 -0.0418633 0.00842878 0.134558 1076.61 2112 338 1 0 1
72.0202 205.691 490 0.312348 -0.75642 0.972488 283.738 2112 345 1 0 1
174.325 -33.9054 490 -23.3323 3.86491 31.0834 51.8105 2112 567 1 0 1
-179.999 -79.904 490 -0.322378 0.20943 0.616677 10020.8 22 687 1004 1 1
-162.171 -246.168 490 0.329735 -0.220483 0.161804 1702.86 22 711 1035 1 1
-201.292 -102.85 490 0.725562 -0.19884 0.481317 1702.71 22 711 1038 1 1
71.4138 -53.0504 490 0.110182 0.0366363 0.039731 4872.84 2112 733 1 0 1
-90.2676 -205.481 490 16.7707 -8.54763 26.6357 54.8466 2112 743 1 0 1
24.0006 -84.7812 490 -0.0197306 0.0132062 0.0445066 6072.34 2112 759 1 0 1
-243.659 -233.963 490 0.123709 -0.0895327 0.277236 1545.35 2112 908 1 0 1
-197.83 -200.875 490 -0.136885 -0.362462 0.392522 1591.96 2112 1255 1 0 1
21.7067 -35.5075 490 0.0646973 -14.8809 2.65254 69.8896 2112 1298 1 0 1
236.322 103.781 490 4.74999 0.782564 26.8036 59.3663 2112 1317 1 0 1
110.279 240.934 490 -11.2307 -9.57414 21.0902 63.0659 2112 1379 1 0 1
-11.9472 196.157 490 -0.0286401 -0.0973377 0.167601 1113.38 2112 1447 1 0 1
-232.301 27.6792 490 0.0521258 -0.197212 0.556085 763.603 2112 1458 1 0 1
9.06875 -215.049 490 -0.721756 0.0733989 0.844982 414.975 2112 1506 1 0 1
149.803 24.725 490 0.0161398 0.0371929 0.0457557 4790.23 2112 1512 1 0 1
-241.833 247.406 490 -0.525372 -1.18489 3.35233 67.1072 22 1601 1008 1 1
93.7848 -41.3444 490 -0.264505 0.0484983 0.12856 1782.92 2112 1882 1 0 1
7.15512 -100.486 490 -3.85966 -7.73094 12.4522 69.0303 2112 1937 1 0 1
-209.701 -140.065 490 -0.0509458 0.00817769 0.0818975 4292.06 2112 1978 1 0 1
-80.717 48.0366 490 5.67145 -13.3878 16.8554 77.2255 2112 2119 1 0 1
250 -54.4798 498.877 -0.186452 -0.109343 0.202279 2314.22 2112 2152 1 0 1
53.3678 -112.175 490 -0.976187 1.15696 3.31161 254.767 2112 2734 1 0 1
47.4617 -125.464 490 -0.0883965 0.211267 0.534085 527.915 2112 2771 1 0 1
2.18436 -247.998 490 0.0606109 0.00909554 0.0702368 5893.27 2112 2796 1 0 1
228.203 -34.5604 490 -4.27922 -1.33538 1.56727 138.47 2112 2914 1 0 1
36.6248 -134.328 490 -0.0053191 -0.0547649 0.0449884 6328.46 2112 2980 1 0 1
137.111 -7.36484 490 0.0784327 -0.0556615 0.128216 2200.42 2112 3014 1 0 1
182.22 216.242 490 22.521 -4.28062 30.9701 52.3849 2112 3252 1 0 1
-199.063 235.644 490 0.00472201 -0.0138986 0.00452439 16337.3 2112 3371 1 0 1
219.413 190.907 490 -0.0980894 0.0364723 0.213985 1533.85 2112 3811 1 0 1
213.42 203.795 490 0.00210184 -0.00404874 0.00198718 25764.2 2112 3903 1 0 1
-110.169 199.404 490 0.0467844 -3.98603 3.76395 195.496 2112 3963 1 0 1
206.148 196.37 490 0.742916 -1.44129 6.08287 92.7657 2112 4103 1 0 1
226.99 -44.5062 490 5.05251 19.0267 33.7332 60.8962 2112 4136 1 0 1
-128.812 -234.68 490 -0.275 -0.192411 0.433966 54.1347 22 4210 1003 1 1
-71.1821 -234.802 490 0.324622 -0.0454358 0.29862 54.0515 22 4210 1014 1 1
-241.199 -233.655 490 2.28842 2.35796 4.26753 121.386 2112 4239 1 0 1
-153.007 245.871 490 -0.0914225 0.105493 0.254829 1150.05 2112 4399 1 0 1
124.447 -126.654 490 -0.0263964 -0.102213 0.0330406 2917.62 2112 4574 1 0 1
7.97308 59.1001 490 -0.216519 0.264608 1.14424 500.13 2112 4586 1 0 1
-210.628 -73.6961 490 0.971417 -0.633342 4.23756 8329.84 22 4713 1031 1 1
-218.928 -14.9527 490 3.84306 9.23093 7.50195 74.6005 2112 4787 1 0 1
183.651 76.9732 490 -14.5017 -5.07386 9.60803 73.7819 2112 4867 1 0 1
135.226 36.45 490 -10.0305 -2.30453 8.285 94.1601 2112 4887 1 0 1
-162.241 -135.219 490 5.89581 6.88351 24.136 54.6788 2112 4989 1 0 1
-232.039 -118.712 490 3.30277 0.0255925 5.18258 93.2658 2112 5080 1 0 1
178.083 -78.6362 490 -0.466462 6.30343 4.05188 143.743 2112 5142 1 0 1
240.431 -27.0299 490 9.39479 12.3287 15.2835 84.5962 2112 5145 1 0 1
-58.1609 -59.4176 490 -0.250089 0.241369 0.155847 1874.76 2112 5155 1 0 1
165.021 -134.118 490 -0.0649922 -0.0293598 0.0340508 10577 22 5256 1004 1 1
54.5874 108.345 490 -0.316336 0.14395 0.407143 756.7 2112 5340 1 0 1
24.48 -46.2984 490 -0.000753994 0.0124239 0.0769935 1918.28 2112 5421 1 0 1
203.035 -40.675 490 0.491077 -0.761262 0.491993 580.24 2112 5544 1 0 1
14.1042 109.537 490 -0.0152513 0.0571386 0.0870169 1357.39 2112 5554 1 0 1
-88.2341 -94.2939 490 -4.52549 3.15953 41.9749 50.6816 2112 6021 1 0 1
119.626 212.885 490 0.00458106 -0.0767572 0.0326627 7046.94 2112 6048 1 0 1
-69.024 -216.684 490 0.519943 0.439124 1.43078 372.154 2112 6255 1 0 1
-55.3951 209.972 490 -14.3488 -8.87408 10.1831 95.2722 2112 6498 1 0 1
155.592 -61.4741 490 0.1939 0.0365029 0.0856947 1273.38 2112 6820 1 0 1
-82.4597 -133.853 490 0 0 43.349 49.9403 2112 6839 1 0 1
125.747 -92.1287 490 5.83782 12.9848 12.391 81.4469 2112 6940 1 0 1
114.904 -107.088 490 1.32449 4.15072 9.47022 103.008 2112 6942 1 0 1
-66.5545 49.8451 490 -1.07146 7.29107 23.7091 85.2151 2112 7350 1 0 1
152.446 226.211 490 -0.0900481 -0.0376577 0.118566 2246.22 2112 7447 1 0 1
18.2678 5.2116 490 -10.1238 -12.8144 21.128 61.2963 2112 7578 1 0 1
-109.227 87.2542 490 0.237983 0.636516 1.01549 173.29 2112 7811 1 0 1
-125.155 191.792 490 -0.259909 0.23592 0.249214 1080.79 2112 7997 1 0 1
-59.1723 -45.4153 490 1.36415 -0.385313 0.946654 240.089 2112 8221 1 0 1
-85.6993 -144.834 490 -0.0928751 0.0546816 0.238451 623.341 2112 8235 1 0 1
-21.2391 138.064 490 0.277618 13.1007 15.6217 64.3183 2112 8308 1 0 1
20.9191 158.461 490 0.416184 1.72039 3.83897 203.799 2112 8476 1 0 1
-226.622 -213.11 490 0.0894299 0.070512 0.109386 2155.41 2112 8725 1 0 1
244.728 160.768 490 1.21124 2.17029 7.24568 132.22 2112 8778 1 0 1
94.3304 -243.926 490 -0.0104149 -0.0378879 0.422793 449.14 2112 8858 1 0 1
-174.338 -23.243 490 -0.00674783 -0.0488883 0.106061 5163.43 2112 8914 1 0 1
-215.228 55.2319 490 0.167696 -0.308242 0.501309 800.264 2112 8922 1 0 1
32.8402 -134.677 490 2.60294 1.26509 2.35971 262.408 2112 8946 1 0 1
-95.8626 -8.71087 490 -0.0554636 -0.0228649 0.140605 2638.03 2112 8954 1 0 1
-42.5006 -24.3648 490 -0.109903 0.0446702 0.121542 712.211 2112 8994 1 0 1
-178.505 230.219 490 0.881894 0.281118 1.29708 132.73 2112 9008 1 0 1
-11.2584 -100.339 490 -0.192268 0.0313896 0.423532 1251.64 2112 9025 1 0 1
-7.91702 98.7029 490 -0.0161874 -0.0105475 0.0199096 10196.3 2112 9097 1 0 1
-194.124 126.147 490 0.00922864 0.0134723 0.206543 1225.96 2112 9171 1 0 1
32.0525 -64.6397 490 -24.6486 4.47145 9.97152 58.3151 2112 9386 1 0 1
-127.266 -146.474 490 -0.039143 -0.0743613 0.042257 3341.07 2112 9689 1 0 1
163.719 9.95493 490 11.5286 0.237417 36.264 53.6986 2112 9969 1 0 1
-250 -83.4324 493.286 0.614102 -0.827198 0.12477 781.22 2112 10253 1 0 1
-11.015 -4.38392 490 0.22528 -0.0433954 0.398426 12681.3 22 10299 1018 1 1
34.254 169.516 490 -0.011315 0.0149533 0.0333734 7790.73 2112 10336 1 0 1
-80.9926 202.764 490 -0.21351 -0.497347 0.22814 1096.05 2112 10418 1 0 1
68.1636 214.138 490 -0.0922239 -0.0276621 0.0907651 1294.82 2112 10494 1 0 1
166.912 250 493.289 0.165329 -0.356634 0.0368345 1865.68 2112 10691 1 0 1
-19.4237 84.1557 490 -0.025991 -0.00151193 0.011801 10614.4 2112 11093 1 0 1
-228.295 -177.35 490 -0.110609 0.0214103 0.123623 4694.1 2112 11143 1 0 1
-162.444 -250 496.711 0.0553053 0.0383647 0.0403132 7944.89 2112 11224 1 0 1
248.072 -200.764 490 11.3661 -1.7757 3.78469 110.056 2112 11257 1 0 1
13.1736 -79.6102 490 -0.131904 -0.196964 0.233849 1536.63 2112 11288 1 0 1
116.615 -85.223 490 -1.9505 -0.223355 2.85627 186.71 2112 11301 1003 1 1
235.803 -105.073 490 0.139391 -0.00355269 0.18234 65.1306 22 11301 1004 1 1
52.2123 223.366 490 -3.10811 -1.58727 12.2418 89.0496 2112 11316 1 0 1
-101.255 -1.37964 490 -0.0234716 -0.0443814 0.0637407 8877.73 2112 11548 1 0 1
-163.042 -109.703 490 0.0215918 -0.0164956 0.0172086 7578.86 2112 11789 1 0 1
18.2135 -29.5332 490 -0.0179031 -0.0242292 0.0363855 8327.18 2112 11890 1 0 1
-232.312 76.6472 490 0.195775 -0.230897 0.279085 404.504 2112 12133 1 0 1
-222.139 -224.484 490 0.0196916 0.0248199 0.233114 1173.28 2112 12183 1 0 1
-209.358 -109.078 490 -0.00322613 0.0425812 0.0470634 9480.19 2112 12257 1 0 1
-176.894 86.3174 490 -0.235092 0.399842 0.246781 1006.45 2112 12374 1 0 1
49.4126 -212.968 490 -0.527425 -0.809288 0.138881 453.248 2112 12651 1 0 1
199.568 -134.154 490 0.972055 0.154787 1.36225 10669 22 12759 1052 1 1
-109.768 178.011 490 -11.3924 -1.43494 11.1285 59.1276 2112 12771 1 0 1
43.484 -168.274 490 -0.0388374 0.0357999 0.198894 2160.44 2112 12969 1 0 1
203.169 111.416 490 0.324754 0.212853 1.03006 522.43 2112 13236 1 0 1
-238.311 201.58 490 -0.260009 -3.27833 19.1058 84.3199 2112 13439 1 0 1
110.965 240.487 490 -0.107686 0.195931 0.275326 515.787 2112 13487 1 0 1
-14.4532 181.849 490 -3.72946 10.0673 5.91402 88.8021 2112 13605 1 0 1
-170.781 -161.041 490 -1.57799 0.66318 0.580293 433.899 2112 13961 1 0 1
-57.9769 158.338 490 0.419452 1.00456 0.94291 367.995 2112 14105 1 0 1
56.6095 -146.191 490 0.0200978 1.33899 0.728165 170.672 22 14219 1035 1 1
-155.258 -241.6 490 3.27867 -0.393734 1.93715 110.478 2112 14244 1003 1 1
179.713 41.8814 490 7.16086 5.09202 4.40869 85.5945 2112 14519 1 0 1
-94.9279 110.388 490 0.344059 -0.165595 0.722507 448.948 2112 14537 1 0 1
210.424 -51.3451 490 0.0191038 -0.322392 0.481128 401.699 2112 14618 1 0 1
220.828 -205.466 490 0.0562235 1.16933 0.291691 732.194 2112 14957 1 0 1
129.121 -83.9203 490 4.19994 -2.73955 4.81396 182.917 2112 14970 1 0 1
68.897 -5.22478 490 -0.000623615 -0.0145626 0.00412279 15832.5 2112 15063 1 0 1
102.449 93.5858 490 -1.50193 -4.5638 8.40044 198.067 2112 15116 1 0 1
-17.9994 -146.448 490 0.668994 -0.929851 4.04534 97.7289 2112 15170 1 0 1
-7.89809 243.81 490 -0.022234 -0.0284177 0.119573 2349.96 2112 15180 1 0 1
36.0354 -40.8585 490 6.78674 3.41256 9.68601 113.924 2112 15532 1 0 1
211.13 183.995 490 2.77163 6.73341 11.9198 101.446 2112 15602 1 0 1
248.421 -9.02876 490 -0.0200937 -0.0358935 0.0374277 9239.81 2112 15692 1 0 1
7.92416 -33.0568 490 4.39313 5.9206 2.86398 87.9628 2112 16072 1 0 1
-21.1556 -194.482 490 -0.124535 0.294829 0.173911 1085.62 2112 16350 1 0 1
46.2913 -240.956 490 -1.42257 1.33977 5.08927 175.335 2112 16629 1 0 1
-44.8613 -48.341 490 -0.145187 -0.664255 0.299839 674.756 2112 16671 1 0 1
-221.046 -250 493.203 -1.66853 20.2133 20.5472 57.7554 2112 16714 1 0 1
143.884 186.792 490 -5.46674 0.991355 10.269 113.477 2112 16751 1 0 1
230.084 -228.5 490 -0.0187754 0.00289338 0.0256719 9715.21 2112 16762 1 0 1
-81.5205 -197.726 490 -0.0156192 -0.0474851 0.0250387 9252.91 2112 16845 1 0 1
17.2747 -57.1407 490 -12.4479 -12.0095 33.0912 56.6509 2112 17048 1 0 1
-221.92 239.689 490 -0.0660952 -0.0252882 0.0184312 7582.31 2112 17312 1 0 1
-232.116 25.1042 490 22.4676 -15.6745 20.5713 67.6037 2112 17358 1 0 1
133.647 -245.21 490 0.389707 -1.27152 1.67387 224.492 2112 17443 1 0 1
-190.848 62.2607 490 -0.0710038 0.042043 0.0617744 4586.33 2112 17647 1 0 1
-196.343 -250 499.463 4.50882 30.7671 8.16924 67.4159 2112 17865 1 0 1
152.824 -7.84924 490 -0.0211702 0.00815654 0.0222896 10553.5 2112 17924 1 0 1
218.022 -7.112 490 -24.2004 -5.44859 22.2975 59.6068 2112 17966 1 0 1
-231.854 -55.7979 490 0.0536376 0.0994599 0.347483 770.745 2112 18112 1 0 1
130.029 -209.76 490 0.0773252 0.0899092 0.49613 834.842 2112 18162 1 0 1
29.6308 37.9478 490 0.0516554 -0.0371628 0.0554953 2714.92 2112 18429 1 0 1
-233.021 52.8487 490 0.0531672 -0.0493724 0.610473 425.957 2112 18663 1 0 1
-25.2909 166.172 490 0.0940589 0.413587 0.328306 697.268 2112 18720 1 0 1
-178.64 -87.0632 490 0.0164587 0.00725876 0.0239219 8485.32 2112 18890 1 0 1
159.078 -178.436 490 2.42393 3.90366 4.31138 145.191 2112 19169 1 0 1
-186.902 -51.1105 490 -0.0353159 -0.0223255 0.0671749 1738.7 2112 19182 1 0 1
91.4863 141.899 490 1.2479 -0.446413 8.58643 95.3299 2112 19266 1 0 1
-215.443 -187.655 490 0.207449 0.0340271 0.198739 1889.78 22 19268 1014 1 1
-228.711 92.6585 490 1.07671 1.69923 1.06131 245.356 2112 19652 1002 1 1
-3.44732 -152.002 490 2.81071 1.61229 1.12792 113.892 2112 19764 1 0 1
-66.6891 168.408 490 -0.0752278 -0.0674899 0.0822483 2392.82 2112 19895 1 0 1
-169.544 128.514 490 3.61038 -17.3919 36.3652 53.0601 2112 19905 1 0 1
249.382 -71.5296 490 4.80704 7.80317 22.9922 70.7718 2112 19913 1 0 1
-178.577 229.566 490 -0.00720797 0.06024 0.0577072 7209.72 2112 20006 1 0 1
145.648 -90.8801 490 -26.2886 -9.14282 21.5473 59.4254 2112 20083 1 0 1
-235.044 -92.0661 490 -9.74044 0.0728637 9.52721 87.4701 2112 20321 1 0 1
138.908 -58.0678 490 -2.00906 1.54137 3.86492 217.81 2112 20623 1 0 1
188.982 48.3538 490 0.0668062 0.0170137 0.255154 1163.32 2112 20694 1 0 1
72.7899 -241.447 490 -0.00277459 -0.0682692 0.239707 2964.88 2112 20837 1 0 1
-143.481 -15.4553 490 0.0109282 0.0223786 0.0925628 1960.73 2112 20884 1 0 1
191.521 26.4719 490 -0.0305838 0.0309985 0.0334913 7265.63 2112 20945 1 0 1
49.2297 127.544 490 -0.0288726 0.03347 0.0443056 3657.17 2112 20984 1 0 1
-147.983 -43.1989 490 -1.60718 1.20179 0.956341 2865.34 22 21009 1004 1 1
229.511 -28.9137 490 2.70925 0.403069 22.3244 64.453 2112 21041 1 0 1
171.757 158.938 490 -0.124236 -0.0918529 0.616202 423.302 2112 21171 1 0 1
-69.3926 47.528 490 0.534241 0.593989 0.545886 196.232 2112 21430 1 0 1
-121.635 -116.996 490 -0.89916 -0.487098 1.34172 363.497 2112 21848 1 0 1
-146.678 -161.807 490 0.592144 -0.912347 1.9388 7696.49 22 22037 1004 1 1
143.107 5.09056 490 -0.0483492 0.145296 0.296312 1671.86 2112 22227 1 0 1
-122.06 212.936 490 0.0434749 -0.0616741 0.0469146 1502.21 2112 22778 1 0 1
-164.695 -205.344 490 -0.631918 0.725673 0.835762 197.969 2112 22968 1 0 1
-3.31405 55.2359 490 6.46609 7.34653 31.1007 62.9697 2112 23074 1 0 1
-139.947 137.129 490 -0.055127 0.106962 0.148965 1136.81 2112 23087 1 0 1
-102.101 -199.446 490 -0.0232307 0.161912 0.21789 1557.9 2112 23104 1 0 1
223.865 -241.185 490 -0.0607176 -0.0276429 0.0321976 7401.11 2112 23324 1 0 1
-148.931 123.167 490 -0.0203205 0.000240891 0.0147629 3655.02 2112 23399 1 0 1
98.5128 -129.916 490 0.969588 2.65676 8.33886 190.35 2112 23579 1 0 1
109.827 91.3671 490 9.71699 -2.84448 17.4416 104.357 2112 23631 1 0 1
-63.7547 -223.565 490 5.89638 -9.70617 13.1763 81.571 2112 23711 1 0 1
161.788 -120.115 490 -0.00637948 0.00891204 0.00469652 16639.3 2112 23751 1 0 1
222.251 -61.3045 490 1.62014 1.59973 2.63431 168.546 2112 23769 1 0 1
85.9987 -91.0001 490 0.0196429 0.131602 0.151528 1506.69 2112 23807 1 0 1
208.853 -243.429 490 -3.63913 -1.16938 10.4354 108.252 2112 23880 1 0 1
237.199 -235.312 490 0.900259 3.22621 3.641 208.653 2112 23996 1 0 1
-21.1829 113.714 490 -0.107903 0.0218385 0.136134 1547.54 2112 24003 1 0 1
168.363 -2.92697 490 -0.477902 -0.470307 0.53228 1160.63 22 24172 1032 1 1
191.774 11.4559 490 0.806907 0.297265 0.604407 1160.64 11 24172 1033 1032 1
-217.037 -74.8043 490 -7.19293 -14.3538 14.0274 66.6281 2112 24194 1 0 1
-111.21 82.51 490 3.10083 -1.25476 6.31494 93.714 2112 24312 1 0 1
36.7018 -16.169 490 11.5448 -17.9077 7.62762 79.6571 2112 24367 1 0 1
206.107 93.5515 490 -1.58602 3.63744 1.90213 194.27 2112 24453 1 0 1
-18.6616 -108.414 490 0.00788541 0.0252755 0.0186504 4584.34 2112 24500 1 0 1
-73.2677 169.966 490 -0.0464619 -0.0139859 0.164638 2844.03 2112 24806 1 0 1
114.937 -173.14 490 0.0221925 -0.0509008 0.0772971 11680.6 22 24888 1018 1 1
-249.557 152.27 490 0.0131739 -0.438847 0.584186 344.572 2112 24911 1 0 1
-94.9116 13.25 490 -7.19836 -1.14621 6.76095 76.5271 2112 25066 1 0 1
-166.688 111.768 490 -0.683588 2.71389 4.05108 120.432 2112 25212 1 0 1
59.5363 117.038 490 -0.0256765 0.0012692 0.0319656 7168.43 2112 25314 1 0 1
-58.4425 149.789 490 -5.36625 6.21574 34.0484 55.5813 2112 25364 1 0 1
-224.753 -146.342 490 -0.0565363 0.00803818 0.0676924 5701.11 2112 25648 1 0 1
-109.958 -113.898 490 -0.0512267 0.0732655 0.242739 2890.53 2112 25717 1 0 1
3.20724 -35.8614 490 -0.0158359 0.0125164 0.041727 10312.6 2112 25755 1 0 1
-250 60.1337 496.333 0.73636 -0.282806 1.21502 477.573 2112 25937 1 0 1
232.248 217.765 490 -0.209501 -0.140054 0.674323 506.821 2112 26132 1 0 1
-24.1125 36.877 490 1.04981 3.85681 6.38959 115.039 2112 26145 1 0 1
84.6468 141.19 490 -0.875456 1.23749 2.78871 173.029 2112 26167 1 0 1
62.4437 176.279 490 -0.107497 0.110328 0.591749 902.258 2112 26261 1 0 1
1.59139 103.22 490 -0.0435959 -0.00423303 0.0472498 5220.54 2112 26541 1 0 1
-45.6897 -92.8182 490 -0.162912 -0.00533276 0.419362 785.885 2112 27015 1 0 1
65.0702 233.659 490 -1.81759 -0.130441 2.72093 160.298 2112 27179 1 0 1
-50.8469 -163.555 490 -7.19581 3.03898 4.66375 86.6812 2112 27312 1 0 1
10.8637 -231.094 490 -0.520526 0.316842 1.34042 312.127 2112 27788 1 0 1
195.065 221.324 490 1.16978 1.5667 3.23413 165.023 2112 27960 1 0 1
-45.371 105.85 490 8.82281 -7.06457 10.6915 81.1418 2112 27961 1 0 1
74.5127 210.354 490 -2.68003 7.40511 2.23336 86.6908 2112 28157 1 0 1
90.5546 -11.6701 490 -0.0398656 -0.101788 0.194549 1942.91 2112 28185 1 0 1
-203.328 -22.9827 490 -0.628491 0.636966 2.00712 160.692 2112 28272 1 0 1
249.727 -149.862 490 -1.39344 1.0157 1.99738 261.092 2112 28302 1 0 1
-71.1391 -223.775 490 -0.730374 1.39344 0.634846 315.779 2112 28573 1 0 1
6.78245 238.879 490 1.18009 -0.0313748 0.694695 1130.45 22 28575 1004 1 1
5.103 -216.026 490 -0.0169921 -0.0336782 0.0101546 9237.37 2112 28637 1 0 1
86.1965 -249.817 490 4.92295 -2.54113 1.12943 188.433 2112 28674 1 0 1
-60.7921 24.9922 490 -0.0115587 0.0117937 0.135193 2002.13 2112 28701 1 0 1
-181.569 221.857 490 0.0288201 -1.19391 0.272344 319.955 2112 28732 1 0 1
41.9015 -6.20273 490 0.13976 0.0603379 1.12678 370.556 2112 29069 1 0 1
114.29 -211.156 490 -0.11395 -0.0654578 0.0592381 2945.1 2112 29412 1 0 1
-0.507279 130.389 490 0.00860111 -0.0517071 0.0611923 4763.4 2112 29522 1 0 1
126.589 -99.1685 490 0.0147205 0.0303842 0.0152747 5369.02 2112 29925 1 0 1
-112.141 -104.172 490 -0.0648306 1.57786 1.5647 6209.35 22 29962 1004 1 1
50.2944 228.381 490 0.304694 0.00305846 0.744346 331.77 2112 30106 1 0 1
-167.789 -193.061 490 -0.0883458 0.10192 0.166193 3535.26 22 30319 1018 1 1
53.9229 -153.884 490 0.865032 1.61218 3.55478 173.88 2112 30341 1 0 1
-33.2813 161.787 490 0.0117747 0.0236099 0.0323944 8420.75 2112 30344 1 0 1
62.5191 -7.39638 490 0.136795 -0.206008 0.260256 1239.89 2112 30706 1 0 1
74.1281 -216.171 490 -0.0192093 -0.00362907 0.0094896 11742.6 2112 30728 1 0 1
164.642 -53.7976 490 -0.0578225 -0.105292 0.147067 2540.17 2112 30883 1 0 1
-55.385 -55.6897 490 -0.0224101 0.0184677 0.0170348 8025.89 2112 30981 1 0 1
-160.893 160.215 490 -0.0688251 0.0531205 0.0930688 3221.83 2112 31285 1 0 1
141.479 -248.219 490 -7.91797 6.17674 12.9111 116.257 2112 31452 1 0 1
-180.438 -127.784 490 0.584519 0.134052 1.02539 34331.5 22 31594 1005 1 1
218.368 -113.303 490 0.172735 0.127186 0.124698 10565.7 22 31600 1061 1 1
-5.64504 241.886 490 -0.147802 -0.53428 0.679382 885.761 22 31671 1003 1 1
250 233.157 494.945 -4.2967 7.02182 6.95365 138.727 2112 31681 1 0 1
-130.573 198.636 490 -0.499652 1.60458 2.4081 229.928 2112 31688 1 0 1
-24.7862 98.6879 490 0.766106 3.7119 2.53728 150.787 2112 31703 1 0 1
51.9877 -73.7156 490 -8.54983 -5.42251 12.1364 110.14 2112 31803 1 0 1
-238.33 211.331 490 0.385398 0.22762 0.0186477 2547.78 2112 31818 1 0 1
171.381 161.775 490 0.165442 0.00191652 0.259408 1329.77 2112 32025 1 0 1
-176.057 -79.9068 490 -2.22303 1.76369 0.980983 140.353 2112 32180 1 0 1
57.7531 213.666 490 -0.0118967 -0.00577967 0.0214135 10172.8 2112 32348 1 0 1
17.0893 213.333 490 0.0580785 -0.0972164 0.0374693 2369.64 2112 32349 1 0 1
-132.22 -101.429 490 -7.98618 1.32744 13.1328 107.776 2112 32424 1 0 1
-128.311 -113.984 490 0.343726 0.0711879 0.364427 6055.15 22 32469 1015 1 1
-194.075 -226.989 490 -0.0483009 -0.0126059 0.0117356 4510.68 2112 32482 1 0 1
84.0188 -24.7387 490 0.00342572 -0.00260853 0.0615235 11039.5 22 32621 1003 1 1
-234.682 -250 490.504 0.0764884 0.174787 0.266732 1034.15 2112 32765 1 0 1
-142.594 118.138 490 -1.14756 0.65541 1.5612 176.996 2112 32817 1 0 1
174.9 163.195 490 -0.064242 -0.0112685 0.0294049 4172.07 2112 33049 1 0 1
171.44 -69.4969 490 -0.0125858 -0.0209391 0.540819 857.797 2112 33143 1 0 1
-67.0281 19.8357 490 -0.0907391 -0.309925 0.472299 696.099 2112 33177 1 0 1
249.585 -170.636 490 0.105379 0.154794 0.285381 914.017 2112 33190 1 0 1
116.112 182.966 490 0.246148 -0.0026026 0.228057 1044.12 2112 33405 1 0 1
229.04 28.8936 490 5.17609 11.5831 11.0244 98.9166 2112 34033 1 0 1
152.102 -20.1975 490 -5.67796 -3.61443 5.35445 89.8231 2112 34139 1 0 1
-193.745 -174.558 490 -0.0781141 0.0584114 0.0637438 3529.63 2112 34153 1 0 1
-132.282 15.4228 490 -1.89289 4.83898 3.87355 111.257 2112 34251 1 0 1
-132.557 -210.379 490 -0.576306 0.0709478 0.821558 427.379 2112 34293 1 0 1
50.4131 -120.414 490 0.18522 0.0574236 1.64857 507.323 2112 34307 1 0 1
157.26 149.207 490 -0.187403 -0.081944 0.124991 1978.01 2112 34469 1 0 1
-183.306 103.087 490 2.44494 -3.68788 2.61982 115.651 2112 34514 1 0 1
57.2788 105.211 490 -1.74022 1.92243 9.25405 75.2474 2112 34587 1 0 1
-104.304 75.8444 490 0.834531 0.650894 1.12869 394.059 2112 34621 1 0 1
-9.05083 -162.771 490 -5.61094 -8.82138 4.91027 85.9564 2112 34699 1 0 1
18.1417 -206.78 490 -3.92817 -32.5876 13.5256 62.1053 2112 34892 1 0 1
-78.8386 100.479 490 3.35452 -9.75095 11.1862 111.796 2112 34969 1 0 1
163.011 -93.1608 490 1.00656 -2.22786 8.8569 118.324 2112 35165 1 0 1
222.645 215.426 490 2.78694 -0.348387 6.55195 108.006 2112 35218 1 0 1
-146.611 -190.613 490 2.58605 13.3003 20.5535 64.6287 2112 35246 1 0 1
138.043 155.24 490 -0.465689 -0.47562 2.12111 2447 22 35354 1004 1 1
-175.479 163.584 490 4.14808 2.59222 3.85957 119.11 2112 35547 1 0 1
-82.8548 -224.203 490 0.136166 -0.0413895 0.215302 1848.71 2112 35792 1 0 1
-163.081 63.901 490 0.65382 -3.89073 4.37549 177.654 2112 35999 1 0 1
-114.456 111.878 490 -0.367514 0.917233 1.33291 345.587 2112 36068 1 0 1
149.567 234.379 490 0.00290693 0.0130123 0.0135317 9327.55 2112 36129 1 0 1
-92.7148 -4.35817 490 -5.72161 -3.53358 3.28022 195.298 2112 36163 1 0 1
238.608 211.574 490 0.286388 0.0905891 0.805332 431.699 2112 36232 1 0 1
-162.47 -5.62831 490 -29.3301 -3.90151 11.6427 67.4105 2112 36379 1 0 1
-44.8715 -63.026 490 21.1598 -5.79113 18.2977 70.8031 2112 36469 1 0 1
155.242 55.01 490 0.167232 -0.00230751 0.405881 604.863 2112 36515 1 0 1
-223.729 187.696 490 -0.00639303 -0.00227225 0.0937601 1988.83 2112 36521 1 0 1
-9.13318 180.359 490 7.94968 3.85419 4.86569 100.133 2112 37006 1 0 1
57.5073 -221.888 490 -0.0490222 -0.036998 0.0490911 4060.77 2112 37062 1 0 1
-178.443 36.1927 490 0.0386168 0.0220779 0.118546 5223.52 2112 37082 1 0 1
85.1785 -133.768 490 -0.217713 1.31649 2.02008 178.716 2112 37333 1 0 1
-158.721 89.4591 490 0.146802 5.50334 5.04138 159.341 2112 37358 1 0 1
52.9713 100.842 490 -0.0167237 0.163442 0.168368 3912.92 2112 37612 1 0 1
-103.282 -212.957 490 21.9185 -9.42758 32.7941 52.7618 2112 37737 1 0 1
76.9966 -196.723 490 -2.5758 -7.35153 9.97363 90.696 2112 37801 1 0 1
-59.6925 155.047 490 -5.82117 2.70441 21.6116 68.827 2112 37889 1 0 1
102.698 -103.227 490 0.0261232 0.266027 0.42 1061.98 2112 37925 1 0 1
-170.96 -169.414 490 1.42601 -0.321391 2.25938 180.744 2112 38067 1 0 1
-136.981 -64.4071 490 -0.0959083 -0.284903 0.684154 111.466 22 38149 1021 1 1
-52.4503 -150.687 490 -0.031594 -0.0555881 0.0425942 6497.46 2112 38169 1 0 1
233.098 -237.458 490 14.2249 19.477 10.2947 78.2015 2112 38312 1 0 1
-1.87 166.069 490 10.049 2.9378 12.3951 81.1998 2112 38319 1 0 1
229.142 126.114 490 0.474958 3.02637 25.3168 75.1656 2112 38396 1 0 1
19.4311 210.182 490 0.149281 -0.101064 0.341258 755.661 2112 38523 1 0 1
-241.336 197.472 490 -0.205496 -0.0647507 0.239089 677.945 2112 38545 1 0 1
175.54 68.95 490 0.0284508 -0.00181415 0.0435922 13969.9 22 38579 1004 1 1
185.503 -159.973 490 -0.23081 -0.282825 0.242448 13969.3 22 38579 1014 1 1
226.499 -73.1324 490 -0.592447 -0.154172 1.56507 13969.1 22 38579 1041 1 1
108.755 188.997 490 -0.638889 0.683959 0.551521 4871.5 22 38807 1045 1 1
-169.185 -45.6969 490 0.0201144 -0.00981974 0.0138025 11131.1 2112 38941 1 0 1
104.57 77.2754 490 -0.755311 0.0902981 0.694862 3336.4 22 39082 1007 1 1
-183.973 82.3995 490 1.38922 -3.40119 4.73885 163.879 2112 39122 1 0 1
74.5772 119.203 490 0.572665 -1.33371 5.49699 153.299 2112 39374 1 0 1
187.988 94.8492 490 -1.0794 -0.168681 1.06001 210.274 2112 39379 1 0 1
-20.4678 -11.14 490 -28.9697 -19.1775 22.1125 54.6027 2112 39449 1 0 1
-93.9114 -65.1989 490 13.1864 20.4561 21.5948 59.9173 2112 39473 1 0 1
-218.698 188.139 490 0.0913259 -0.0349531 0.0267362 4209.27 2112 39907 1 0 1
250 209.821 499.629 -0.102858 -0.0298555 0.0534338 8025.79 2112 40034 1 0 1
212.312 -205.273 490 0.0261308 0.000339822 0.115698 2448.55 2112 40299 1 0 1
69.9106 -109.502 490 -1.3511 0.496994 18.6482 106.009 2112 40310 1 0 1
106.116 -123.919 490 0.690397 0.911502 3.39526 141.455 2112 40337 1 0 1
144.926 -0.456845 490 0.0846945 0.25017 0.321508 7019.8 22 40633 1023 1009 1
-39.2897 -117.069 490 0.358083 1.39504 0.454923 246.975 2112 40910 1 0 1
227.153 114.529 490 0.5924 -0.321993 0.279355 373.956 2112 40947 1 0 1
-250 -88.27 497.083 1.11378 2.28068 2.35107 211.187 2112 40975 1 0 1
-1.23238 -89.6125 490 0.116149 -0.271921 0.0975779 1946.64 2112 41032 1 0 1
187.041 6.77611 490 -0.128078 0.0495941 0.395891 1644.44 2112 41100 1 0 1
67.9158 188.041 490 -0.0180281 -0.569403 3.50746 131.638 2112 41214 1 0 1
106.961 -119.13 490 -20.9012 10.4563 27.7196 61.2707 2112 41220 1 0 1
129.832 -241.74 490 0.0446897 0.176068 0.513771 591.049 2112 41474 1 0 1
41.1683 -134.461 490 -0.216389 -0.0252601 0.347642 1086.1 2112 41582 1 0 1
90.8744 -250 490.519 -10.929 9.0016 3.05712 107.895 2112 41585 1 0 1
216.516 -240.145 490 0.0570202 0.127598 0.0599089 3792.51 2112 41590 1 0 1
113.273 231.093 490 0.134069 0.080534 0.161384 1026.54 2112 41947 1 0 1
-174.797 127.125 490 -22.8511 -20.6898 17.0428 60.4094 2112 42024 1 0 1
227.352 -208.975 490 -0.0138709 0.0287814 0.0113294 4688.4 2112 42033 1 0 1
-211.757 -147.182 490 -0.0585491 0.0913496 0.0783448 2481.93 22 42171 1035 1 1
106.078 -33.5396 490 -0.0313431 0.363709 0.567238 520.036 2112 42323 1 0 1
-77.008 56.3136 490 0.00952867 -0.0283032 0.0773619 2529.26 2112 42493 1 0 1
182.671 223.601 490 0.156283 0.194756 1.81457 456.84 2112 42645 1 0 1
141.653 -152.808 490 0.273107 -0.171538 1.08521 5927.94 22 42801 1005 1 1
217.42 -31.3363 490 7.20697 0.947907 8.41765 103.071 2112 43030 1 0 1
-79.6407 239.398 490 -0.110752 0.0574926 0.0290647 5094.13 2112 43494 1 0 1
178.243 119.162 490 2.10758 18.194 10.2314 92.4115 2112 43498 1 0 1
19.6047 -226.535 490 -1.6076 0.0966005 0.0463065 859.965 2112 43671 1 0 1
6.07322 198.428 490 0.00647684 0.175545 0.187695 7913.51 22 43807 1004 1 1
16.5185 110.478 490 2.29556 -1.70127 11.6079 87.5372 2112 43996 1 0 1
162.712 -43.3077 490 1.16594 -2.99941 11.0547 87.5369 2112 44495 1 0 1
-199.93 -122.943 490 0.0280973 -0.0426044 0.0560368 4060.61 2112 44530 1 0 1
131.843 -27.5982 490 0.613336 0.314618 0.541533 17625.7 22 44608 1004 1 1
-142.062 -91.9185 490 -8.77822 -13.4101 2.26962 91.0833 2112 44759 1 0 1
158.7 -102.761 490 10.3385 -14.1387 9.2959 88.1247 2112 44797 1 0 1
-30.5089 82.8545 490 0.28449 0.0759442 0.152331 2055.23 2112 44978 1 0 1
-232.572 174.504 490 2.17185 5.08369 10.0332 101.767 2112 45046 1 0 1
-138.282 42.7662 490 -10.0627 12.3938 17.8498 96.1635 2112 45095 1 0 1
193.68 -248.318 490 0.0378078 0.0634208 0.0801411 4614.17 2112 45274 1 0 1
192.436 -20.217 490 -0.0101288 -0.0170336 0.0225421 7090.76 2112 45324 1 0 1
235.751 -219.646 490 -0.0132967 -0.0147885 0.0159832 7912.63 2112 45429 1 0 1
-62.2076 -243.251 490 0.0235301 -0.0514298 0.0936288 3965.41 2112 45951 1 0 1
-27.423 112.283 490 -0.0211356 -0.079013 0.370004 672.605 2112 45990 1 0 1
231.473 19.2602 490 0.0127982 0.0186156 0.0179389 7892.43 2112 46031 1 0 1
-157.674 -21.14 490 -1.65862 -3.93146 9.10642 72.8098 2112 46124 1 0 1
54.1509 91.7745 490 -0.0093987 -0.146237 0.0453116 2554.52 2112 46484 1 0 1
-118.967 201.092 490 5.35818 -0.379647 2.76156 133.511 2112 46726 1 0 1
94.5733 214.067 490 -0.117354 0.115533 0.237835 1797.51 2112 46808 1 0 1
16.6228 -141.488 490 0.0746266 -0.0695771 0.0317397 197.624 22 46879 1016 1 1
-29.9411 105.872 490 0.149357 0.119791 0.103639 1710.82 2112 46909 1 0 1
128.525 -9.74388 490 -0.00562657 0.0197224 0.0625651 10128.1 2112 47005 1 0 1
-206.634 123.428 490 0.0367418 0.0811196 0.0265026 5766.83 22 47097 1004 1 1
106.112 -71.8388 490 0.0215996 -0.00307436 0.018327 8260 2112 47103 1 0 1
3.63396 41.3073 490 0.151748 0.220371 0.250081 806.105 2112 47122 1 0 1
-249.752 -72.2889 490 0.0304689 0.0350412 0.0993442 2845.53 2112 47285 1 0 1
-18.9852 189.203 490 -0.0355437 0.0354593 0.0760791 3963.19 2112 47687 1 0 1
-203.3 183.398 490 0.132321 -0.552846 0.600339 198.75 2112 48264 1 0 1
27.2769 -30.3519 490 0.0818334 -0.0141043 0.0899491 2752.54 2112 48820 1 0 1
106.464 151.029 490 -3.97819 1.25575 7.96006 101.916 2112 48941 1 0 1
-88.867 225.011 490 1.1651 1.18193 9.52961 94.5386 2112 49011 1 0 1
228.684 -28.3683 490 -0.631071 0.28503 1.93509 209.544 2112 49168 1 0 1
195.826 -93.3378 490 0.657003 -0.19799 0.773502 574.605 2112 49214 1 0 1
68.7723 -198.041 490 1.49065 0.704548 1.44455 7014.63 22 49283 1004 1 1
204.14 211.191 490 -2.27214 -0.613955 5.97251 5570.59 22 49437 1020 1 1
218.129 -76.4165 490 -0.027036 0.0275486 0.0658697 1143.15 2112 49450 1 0 1
17.4439 69.2074 490 0.0615673 -0.0316861 0.10183 9542.28 22 49913 1004 1 1
2.3729 33.0005 490 -0.0908942 -1.24233 0.304283 9542.29 11 49913 1006 1004 1
-21.9544 159.645 490 -0.0703146 -0.160595 0.297337 9542.34 22 49913 1007 1 1
-34.9091 117.034 490 -0.0426383 -0.0129218 0.101679 9542.75 22 49913 1013 1010 1
-39.218 219.488 490 0.0984637 -0.199037 0.314274 1020.43 2112 50149 1 0 1
-140.956 79.3386 490 0.339943 1.60976 1.04145 162.281 2112 50282 1 0 1
-59.4968 120.119 490 -9.88613 -1.61476 4.95862 93.2643 2112 50301 1 0 1
77.7013 -131.162 490 0.0539169 -0.106104 0.0288321 4264.63 2112 50334 1 0 1
158.957 -181.221 490 1.19296 0.0495044 1.11041 11272.4 22 50612 1006 1 1
103.449 217.604 490 -0.0356039 -0.0130535 0.0210218 9246.15 2112 50669 1 0 1
154.379 203.019 490 0.796119 0.584313 6.78334 168.296 2112 50732 1 0 1
164.185 -63.0278 490 0.983171 0.38358 3.42119 175.767 2112 50816 1 0 1
-157.639 245.35 490 0.0356115 -0.0278111 0.144599 1298.54 2112 51187 1 0 1
-43.4309 12.5574 490 -0.00785586 -0.0349895 0.0345851 10014.9 2112 51312 1 0 1
-150.601 -183.347 490 -0.0334345 0.127599 0.472426 531.376 2112 51507 1 0 1
130.872 -224.373 490 0.0666018 -0.226412 0.282072 1951.97 2112 51755 1 0 1
133.886 77.8581 490 -0.0963002 -0.0649487 0.172719 12415.5 22 51780 1035 1 1
-178.799 92.1408 490 0.175712 -0.268275 1.46038 424.113 2112 51808 1 0 1
133.332 36.1987 490 2.42841 0.3936 1.47897 223.028 2112 51852 1 0 1
-98.1457 -186.95 490 0.0229391 0.0569076 0.0313991 2557.49 2112 51905 1 0 1
93.421 -156.96 490 -0.0740201 -0.506792 0.242518 795.801 2112 51909 1 0 1
-98.9 -202.769 490 -28.0127 -11.1107 13.9808 56.8278 2112 51922 1 0 1
145.537 124.091 490 -0.115152 -0.124182 0.0867138 2142.71 2112 51976 1 0 1
-87.732 9.33989 490 -24.3681 10.5441 28.7362 59.9269 2112 52013 1 0 1
230.357 92.4001 490 -0.145788 -0.171767 0.139854 1343.22 2112 52055 1 0 1
151.603 201.837 490 0.000464044 -0.0173947 0.0100091 12641.8 2112 52143 1 0 1
-8.10633 17.1313 490 -0.0794904 0.0975998 0.111367 1294.94 2112 52315 1 0 1
-25.9194 126.679 490 -0.0435061 -0.0615627 0.0675556 1817.08 2112 52579 1 0 1
-38.7448 108.434 490 0.0192945 0.0011428 0.0723355 3107.94 2112 52969 1 0 1
-132.872 -125.704 490 -10.1441 -7.70845 40.7489 50.5206 2112 53063 1 0 1
-210.813 248.393 490 0.451926 -0.485203 0.730025 4201.67 22 53259 1005 1 1
-131.102 6.01135 490 -0.195248 0.241462 0.0796763 1332.07 2112 53366 1 0 1
115.941 17.0134 490 3.28807 -10.2296 36.9236 56.4113 2112 53427 1 0 1
-87.6047 250 496.612 -0.028591 -0.0499633 0.0310404 8064.75 2112 53488 1 0 1
211.142 -105.764 490 -0.209161 0.953404 0.259099 21397.1 22 53559 1004 1 1
-163.002 97.6826 490 0.0470396 -0.0309452 0.0635675 5258.92 22 53649 1036 1033 1
171.985 55.3083 490 -1.19797 -1.48014 3.95925 32337.6 22 53793 1030 1 1
5.93466 -222.511 490 0.182056 -0.0603174 0.219769 2849.35 2112 54017 1 0 1
-217.36 -108.401 490 -2.11898 2.37414 31.8288 67.6711 2112 54044 1 0 1
1.77955 98.156 490 -1.24049 0.450492 0.708541 384.181 2112 54072 1 0 1
-222.279 227.565 490 -0.213718 -0.162806 0.695322 322.242 2112 54152 1 0 1
-98.3179 -180.467 490 -0.157052 0.0595702 0.134141 1079.33 2112 54185 1 0 1
-194.043 108.485 490 -0.00403219 0.00364726 0.0360885 7198.89 2112 54776 1 0 1
-25.8305 -96.7203 490 17.9468 20.3302 20.0424 66.5223 2112 54932 1 0 1
185.709 150.823 490 -0.343382 -0.261482 0.235648 680.118 2112 54988 1 0 1
64.4553 90.6265 490 -16.6706 18.7211 19.7429 59.0056 2112 55342 1 0 1
-34.1594 -119.799 490 0.051463 -0.0317658 0.0764107 2099.86 2112 55428 1 0 1
-110.486 126.847 490 -0.391146 -3.58429 7.30106 147.197 2112 55476 1 0 1
-230.586 74.3061 490 -0.34758 12.1042 2.41964 100.496 2112 55660 1 0 1
-111.895 -200.576 490 0.298308 0.180774 0.116523 2030.14 2112 55685 1 0 1
198.125 -128.56 490 -9.88625 10.2024 28.3643 63.0044 2112 55727 1 0 1
-207.205 95.9814 490 -0.0142116 0.00884286 0.0205501 8040.75 2112 55840 1 0 1
-217.633 -218.721 490 2.94593 6.77443 12.5747 100.039 2112 55867 1 0 1
-54.1958 -234.803 490 -0.0150941 0.00478317 0.0557637 5256.35 2112 55909 1 0 1
219.024 -0.528609 490 0.547932 0.664529 0.366653 495.21 2112 56282 1 0 1
-166.166 -229.505 490 -0.348898 0.390613 1.38585 362.871 2112 56430 1 0 1
-99.3472 170.402 490 -0.111322 -0.350807 0.150209 1694.94 2112 56562 1 0 1
-15.3092 173.11 490 15.5288 -11.1042 27.8101 61.5418 2112 56699 1 0 1
209.82 -193.293 490 -0.690755 0.54882 1.69895 351.805 2112 56720 1 0 1
224.674 -128.707 490 -0.133521 0.166822 0.154498 1770.17 2112 56729 1 0 1
-164.951 -136.095 490 1.81449 0.585178 3.89572 90.4353 2112 56745 1 0 1
56.6342 -230.046 490 0.0768767 -0.167958 0.296993 1702.43 2112 56769 1 0 1
-28.9319 196.01 490 0.0742326 0.189653 0.390242 896.122 2112 56884 1 0 1
-121.466 180.482 490 0.0378119 -0.0719108 0.108597 2301.37 2112 57518 1 0 1
171.551 -228.665 490 -1.37444 3.05625 4.28434 232.116 2112 57825 1 0 1
192.11 -189.998 490 6.48471 -1.1479 5.43206 143.044 2112 57876 1 0 1
3.82309 -21.7169 490 1.03636 -0.0381371 0.661682 1087.19 22 57985 1005 1 1
32.6851 -151.92 490 0.0513173 0.518945 1.62522 353.646 2112 58026 1 0 1
-26.4475 -249.818 490 -0.0485987 -0.0568319 0.0936117 2918.5 2112 58031 1 0 1
62.8596 246.478 490 1.20376 0.927062 1.64035 209.469 2112 58623 1 0 1
-216.796 36.1426 490 -0.00800652 -0.102466 0.074882 4272.67 2112 58682 1 0 1
-11.3003 192.258 490 -0.131738 0.0370502 0.767971 306.002 2112 58862 1 0 1
249.705 15.3642 490 -0.120365 0.13857 0.0193268 4497.78 2112 58917 1 0 1
-10.1445 -45.7942 490 0.171008 1.16291 0.859649 197.437 2112 58951 1 0 1
65.899 -181.569 490 -0.0539957 0.0590555 0.244933 1760.95 2112 58959 1 0 1
-206.585 205.623 490 -0.0506666 0.0271634 0.0617563 3256.54 2112 58967 1 0 1
-44.8889 210.737 490 -2.71401 1.65899 1.54756 155.792 2112 58969 1 0 1
-21.5724 70.0857 490 0.0655734 -0.0287877 0.0893816 1496.52 2112 59056 1 0 1
-103.806 -136.672 490 0.347234 0.282 0.182051 439.941 2112 59077 1 0 1
120.008 223.095 490 0.0235225 -0.0541531 0.0847933 4165.76 2112 59120 1002 1 1
-244.001 112.743 490 0.0497507 -0.00469752 0.061438 6452.47 2112 59386 1 0 1
-137.333 239.142 490 -0.48405 -0.359643 1.50577 397.093 2112 59646 1 0 1
-41.6244 -141.528 490 0.0597793 0.104389 0.0748193 2749.39 2112 59752 1 0 1
50.3782 117.801 490 0.465314 -1.65081 2.72258 273.826 2112 59756 1 0 1
136.3 182.581 490 0.849689 -2.54507 5.08795 162.634 2112 59857 1 0 1
-19.5741 -25.3847 490 -5.17634 -9.85943 5.15461 65.464 2112 59867 1 0 1
81.6844 134.793 490 0.743991 1.40474 0.307676 415.521 2112 59918 1 0 1
-91.3023 143.181 490 10.194 17.8452 27.0038 72.0975 2112 60133 1 0 1
-153.821 -147.168 490 22.8434 11.0207 29.3235 54.991 2112 60215 1 0 1
-26.4115 -163.128 490 0.485424 0.819773 0.866637 12450 22 60278 1005 1 1
-223.904 165.368 490 -9.72379 -15.4885 38.5117 50.6693 2112 60347 1 0 1
54.3936 -105.556 490 -0.221649 0.0214796 0.706365 363.263 2112 60472 1 0 1
-239.949 155.686 490 1.25228 -5.3799 13.561 78.9722 2112 60651 1 0 1
198.446 221.293 490 -0.0133437 0.00929913 0.00965458 7488.89 2112 60757 1 0 1
35.9177 67.9477 490 -1.06517 -2.01529 0.623764 348.941 2112 60809 1 0 1
32.1718 16.538 490 -0.309438 -0.648234 1.61827 463 2112 60853 1 0 1
118.7 142.484 490 -0.325346 -0.155317 0.420585 7666.18 22 61007 1005 1 1
-7.0358 -207.396 490 0.165816 -0.0799229 0.101528 1202.98 2112 61098 1 0 1
79.6852 -178.325 490 -0.414571 1.09992 1.33997 279.293 2112 61279 1 0 1
160.248 5.55449 490 0.0413676 0.211856 0.248306 1340.36 2112 61337 1 0 1
38.2423 222.219 490 -0.118284 0.0760321 0.116515 2306.43 2112 61506 1 0 1
-193.976 -221.408 490 6.35011 -4.69102 4.72113 120.316 2112 61764 1 0 1
126.996 27.8302 490 6.07918 10.5833 12.3649 112.69 2112 61769 1 0 1
-162.261 -223.471 490 -3.88257 13.2358 17.8712 57.6145 2112 61773 1 0 1
-234.687 -77.8811 490 4.14616 1.78019 24.8171 67.0089 2112 61782 1 0 1
-178.335 -38.1953 490 -0.909058 0.0326954 4.29836 754.397 22 61875 1024 1 1
-240.186 -204.319 490 1.19928 -2.41755 20.0478 90.0578 2112 61876 1 0 1
-148.098 198.019 490 1.6675 5.40516 7.33959 95.1037 2112 61932 1 0 1
-140.039 70.5151 490 4.8087 8.85299 3.46656 94.9629 2112 62367 1 0 1
11.2797 14.8694 490 6.82916 9.19232 32.453 55.6929 2112 62383 1 0 1
227.219 54.0917 490 -0.590648 -0.00335195 1.57132 387.496 2112 62493 1 0 1
-247.121 -227.097 490 -0.0197505 0.076157 0.0851701 1880.51 2112 62618 1 0 1
90.186 22.848 490 -0.0974113 0.325445 1.79032 320.097 2112 62716 1 0 1
206.061 183.799 490 0.00949037 0.0242972 0.0419557 6796.97 2112 62783 1 0 1
-190.459 2.45599 490 -0.0884605 0.0462053 0.129779 12727.9 22 62855 1006 1 1
79.5161 188.583 490 -0.278007 -0.74234 0.604348 438.023 2112 63023 1 0 1
82.3477 202.62 490 0.418883 -0.124529 0.661266 517.21 2112 63059 1 0 1
-228.47 105.279 490 0.349036 -0.523535 0.450108 335.73 2112 63222 1 0 1
205.172 224.918 490 -0.213894 0.181631 0.482865 910.296 2112 63919 1 0 1
62.6063 -156.552 490 0.0415975 -0.0116197 0.0290164 3506.4 2112 63965 1 0 1
-161.704 -147.04 490 11.7351 10.0934 5.66642 94.8088 2112 64098 1 0 1
-250 241.565 496.136 0.262555 0.0535324 0.239636 1503.47 2112 64248 1 0 1
208.028 5.08447 490 -1.57898 0.931116 2.13852 209.038 2112 64259 1 0 1
-91.8192 105.098 490 -0.0193814 0.027108 0.0433651 7717.19 2112 64282 1 0 1
-231.38 247.704 490 -2.66417 2.73464 4.71977 199.935 2112 64637 1 0 1
135.241 200.598 490 0.155331 -0.084241 0.207718 983.381 2112 64859 1 0 1
132.044 204.359 490 -2.77603 0.343955 6.40802 122.515 2112 65295 1 0 1
216.023 150.475 490 0.00961615 -0.0118634 0.0102351 13003.8 2112 65483 1 0 1
-5.30314 11.4411 490 -0.0964041 0.0726136 0.119147 2433.97 2112 65582 1 0 1
-31.7061 -43.0266 490 -0.382956 0.870946 4.78753 204.025 2112 65625 1 0 1
-61.9925 -64.4714 490 -0.0840749 -0.0133651 0.0528064 3054.01 2112 65701 1 0 1
230.296 -138.151 490 0.0575878 0.0281578 0.122817 3078.24 2112 65877 1 0 1
124.636 -49.5331 490 -0.0377744 -0.0232542 0.029774 5276.68 2112 66136 1 0 1
85.4649 114.625 490 -13.7462 -4.73838 27.2579 71.1656 2112 66445 1 0 1
112.615 210.984 490 0.00475291 0.0774124 0.220551 1074.12 2112 66652 1 0 1
-38.1137 211.177 490 -0.0178926 0.0520568 0.0592171 3323.08 2112 66755 1 0 1
200.384 111.622 490 -0.0238568 0.000414586 0.106039 4038.56 2112 66766 1 0 1
-54.1399 238.831 490 -0.0012647 0.00122718 0.0292831 7382.53 2112 67015 1 0 1
-144.721 -125.711 490 -0.045466 -1.4636 5.01389 9210.59 22 67070 1022 1 1
37.1943 244.922 490 0.0826614 -0.0436991 0.132361 5500.2 2112 67116 1 0 1
245.583 125.388 490 -0.0227521 0.240489 1.69123 309.692 2112 67132 1 0 1
-216.864 -223.631 490 2.14302 -11.2377 40.6572 51.8211 2112 67365 1 0 1
74.0439 -48.6822 490 3.28623 -1.93972 4.56083 151.557 2112 67515 1 0 1
176.252 -213.452 490 -0.0989379 0.0525739 0.131576 4146.01 2112 67610 1 0 1
-187.456 -9.90132 490 0.0400111 0.00928731 0.0158364 6945.56 2112 67731 1 0 1
102.543 7.69353 490 5.59739 -8.61991 13.4624 72.1101 2112 68054 1 0 1
132.697 137.381 490 -0.0177636 0.0109439 0.0230463 8733.78 2112 68203 1 0 1
200.318 -192.672 490 0.0232142 -0.0226377 0.323764 1099.09 2112 68576 1 0 1
-182.909 63.7284 490 -0.0856609 -0.0220385 0.0274447 7328.26 2112 68884 1 0 1
178.851 183.52 490 -0.389226 1.81358 37.2094 56.5618 2112 69230 1 0 1
-213.702 137.356 490 14.0145 -6.51529 24.079 73.5786 2112 69425 1 0 1
250 -87.8837 494.656 -0.427435 -0.1565 0.386221 5910.61 22 69446 1006 1 1
-48.0178 86.4625 490 0.617867 0.131202 0.730515 343.214 2112 69484 1 0 1
107.203 207.4 490 0.107937 5.42504 3.25563 137.928 2112 69602 1 0 1
-48.4377 -139.773 490 5.17144 6.38043 20.6532 81.2796 2112 69732 1 0 1
-172.916 -233.176 490 -0.866433 -0.088818 0.913795 199.755 2112 69775 1 0 1
204.203 -250 495.593 -0.0173533 0.0271754 0.0303512 11350.6 2112 69973 1 0 1
39.7077 61.0545 490 -1.56157 4.98252 11.4785 93.1056 2112 70168 1 0 1
40.7544 -247.27 490 0.135598 0.0737237 0.0426305 3039.85 2112 71175 1 0 1
226.222 -142.779 490 0.00964679 0.00702604 0.0643247 6482.64 22 71565 1004 1 1
-144.426 -108.62 490 0.252349 -0.00756682 0.239704 6480.5 22 71565 1019 1 1
-244.29 -170.26 490 -2.7649 1.05344 2.27494 6480.4 22 71565 1028 1 1
84.2565 130.641 490 0.0138832 -0.00681363 0.0265163 5601.53 2112 71639 1 0 1
72.8365 -191.851 490 -21.4542 -11.8092 24.1158 64.9306 2112 71667 1 0 1
-5.80846 -215.914 490 1.61033 -0.928211 2.36661 259.12 2112 71849 1 0 1
-198.865 24.1193 490 0 0 43.349 49.9403 2112 72044 1 0 1
-15.4789 133.833 490 -0.104053 0.121254 0.109414 2255.62 2112 72089 1 0 1
-15.9443 164.847 490 -0.150697 0.746329 0.38094 534.931 2112 72282 1 0 1
-222.425 -177.853 490 -1.87519 2.68382 0.405726 309.985 2112 72511 1 0 1
57.4318 198.229 490 0.0196277 0.0150358 0.170723 1887.84 2112 72619 1 0 1
-187.764 201.559 490 -3.36751 9.34046 13.533 83.9486 2112 72982 1 0 1
-191.958 -137.96 490 0.23239 -0.0675496 0.4417 676.029 2112 73058 1 0 1
-57.0737 -99.2955 490 1.93249 -1.28397 3.21124 160.282 2112 73562 1 0 1
127.026 166.506 490 -0.356709 0.359951 0.238507 1096.23 2112 73754 1 0 1
-176.467 -221.868 490 -0.64019 0.670692 0.872697 2058.47 22 73929 1003 1 1
139.19 210.931 490 0.478792 -0.290252 1.38303 335.411 2112 73938 1 0 1
64.027 39.0145 490 -0.00594969 -0.0273245 0.23587 11130.1 22 74080 1007 1 1
-88.8407 -52.9093 490 -0.625895 -0.214318 1.02855 11129.9 22 74080 1031 1 1
29.6192 -158.003 490 0.565714 0.718274 0.733348 398.41 2112 74284 1 0 1
-121.484 -25.3917 490 0.0542987 -0.169152 0.47408 1053.56 2112 74648 1 0 1
227.422 89.2137 490 15.726 5.78361 36.542 57.9344 2112 74665 1 0 1
-59.39 -61.6094 490 -3.4607 0.592548 6.51361 80.6636 2112 74714 1 0 1
242.994 -149.059 490 -0.22631 -0.862409 3.86408 1816.91 22 74883 1006 1 1
205.33 8.16465 490 -0.0471965 0.0671943 0.0600813 2838.7 2112 74921 1 0 1
-197.953 228.196 490 0.652575 0.353335 1.19728 556.62 2112 75055 1 0 1
-21.607 -168.548 490 0.00517196 0.0438198 0.149798 2458.29 2112 75156 1 0 1
-140.785 124.925 490 14.4774 6.77739 5.75587 67.2416 2112 75278 1 0 1
-6.39266 37.0259 490 0.295054 0.573834 1.85438 13042.6 22 75479 1007 1 1
195.583 79.5886 490 -0.00728478 0.00924798 0.00759786 11585 2112 75594 1 0 1
132.907 -231.096 490 1.18524 1.20138 0.954325 213.135 2112 75649 1 0 1
49.6642 155.302 490 -1.66282 3.2926 1.33616 153.545 2112 75707 1 0 1
30.3786 -114.822 490 -25.433 7.89607 26.0962 54.868 2112 75802 1 0 1
148.374 156.416 490 0.480752 0.0849454 0.33331 865.708 2112 75904 1 0 1
-189.063 99.8028 490 -1.87094 3.15737 9.33105 104.643 2112 76143 1 0 1
-75.25 -228.501 490 -0.17204 -0.0742564 1.59549 250.847 2112 76172 1 0 1
66.3777 -160.877 490 -0.00999054 0.170075 0.435488 433.565 2112 76211 1 0 1
-116.993 -183.199 490 0.104316 -0.00465846 0.0159973 5491.35 2112 76403 1 0 1
-210.498 81.5714 490 -0.431163 0.881877 1.36104 290.214 2112 76476 1 0 1
170.392 -98.8048 490 -0.0475432 -0.0718914 0.0251617 4602.44 2112 76483 1 0 1
106.115 -234.364 490 -0.0692543 -0.027841 0.0467606 2216.79 22 76504 1024 1 1
46.9661 -78.5849 490 0.00523161 -0.000634778 0.0181655 9545.04 2112 76544 1 0 1
-157.94 212.91 490 0.820099 0.964645 1.07658 286.514 2112 76983 1 0 1
158.06 84.0725 490 -18.7955 -2.63637 6.72713 75.9428 2112 77156 1 0 1
-161.555 -186.726 490 2.24489 2.61588 2.69855 199.672 2112 77270 1 0 1
245.929 236.099 490 1.20565 1.32574 1.38797 189.48 2112 77291 1 0 1
207.277 13.6012 490 1.07102 -0.458529 4.86044 143.055 2112 77481 1 0 1
-249.393 99.7585 490 0.142807 0.542815 1.13032 514.463 2112 77553 1 0 1
138.882 107.48 490 0.974705 0.53331 2.98738 246.263 2112 77685 1 0 1
-185.48 -156.508 490 1.27048 -0.284391 0.261028 425.914 2112 78111 1 0 1
48.2657 40.457 490 -0.0336866 -0.0218794 0.0691407 4342.93 2112 78144 1 0 1
-232.021 -159.094 490 -9.86088 -11.7652 7.15626 100.13 2112 78461 1 0 1
68.8446 225.819 490 7.19955 -28.0803 20.3618 64.7171 2112 78805 1 0 1
-143.969 -248.865 490 -0.017965 -0.154067 0.674717 10871.6 22 78831 1013 1 1
-77.1062 -36.5319 490 0.097742 0.534954 0.545443 441.589 2112 78921 1 0 1
148.08 -35.1487 490 -0.00247898 -0.0582459 0.0472054 4034.28 2112 78994 1 0 1
186.118 99.018 490 0.487379 0.0544507 2.96011 156.138 2112 79148 1 0 1
-53.215 204.065 490 -0.317016 -1.09351 0.456534 376.332 2112 79190 1 0 1
-158.104 106.736 490 2.86126 -2.66042 4.82124 125.309 2112 79486 1 0 1
169.051 -48.5321 490 -0.0743529 -0.0974295 0.12633 3720.65 2112 79781 1 0 1
228.589 98.3366 490 0.103662 -0.0797484 0.261596 1641.29 2112 79802 1 0 1
129.791 -68.6837 490 -1.68834 11.5316 7.37605 89.1345 2112 79868 1 0 1
-87.7287 42.6851 490 -1.50005 -0.360053 4.23836 170.441 2112 79986 1 0 1
-41.8479 -248.403 490 0.00599984 -0.0107552 0.00780332 9506.89 2112 80126 1 0 1
29.5755 11.431 490 -0.00371328 -0.045046 0.030828 5255.34 2112 80195 1 0 1
123.167 -119.586 490 -0.429167 0.582147 0.303849 238.058 22 80243 1032 1 1
246.713 -29.2593 490 1.1279 3.45463 5.38652 73.4546 2112 80678 1 0 1
15.1942 -181.848 490 -0.533779 -1.35473 2.5505 191.273 2112 80762 1 0 1
-145.385 -170.048 490 6.44034 6.41334 31.6573 62.6253 2112 80884 1 0 1
-18.1162 201.238 490 -0.121277 -0.489052 0.624702 422.33 2112 81056 1 0 1
163.781 -8.92934 490 1.14315 -3.9085 4.59868 130.137 2112 81296 1 0 1
178.324 -103.054 490 -3.31588 -0.924263 2.97493 10302.8 22 81383 1003 1 1
27.5001 99.0407 490 -0.255387 0.262451 0.426579 9171.24 22 81419 1021 1 1
-187.109 -21.8529 490 0.030977 2.75146 4.15858 119.537 2112 81529 1 0 1
-94.7115 101.511 490 -0.00793038 -0.0504095 0.0449075 5834.73 2112 81640 1 0 1
30.3108 -67.2733 490 0.158242 0.287046 0.590931 775.555 2112 81821 1 0 1
163.434 -231.825 490 -0.0746064 -0.0378102 0.213583 1608.25 2112 81826 1 0 1
-222.714 98.1505 490 8.11274 2.21077 2.24987 118.535 2112 81922 1 0 1
-250 167.837 497.678 0.199366 0.208816 0.211878 1023.79 2112 81948 1 0 1
-106.879 243.38 490 -0.134955 -2.13386 3.4786 155.175 2112 82014 1 0 1
-56.8231 -204.475 490 -9.22733 8.46481 12.8685 84.6061 2112 82235 1 0 1
127.927 61.4517 490 -0.0539501 0.102939 0.0276808 4980.45 2112 82430 1 0 1
76.1597 156.216 490 0.00262832 0.00943288 0.0117542 10789.2 2112 82438 1 0 1
-196.137 -151.965 490 -0.00888635 0.0356696 0.0257604 7231.9 2112 82821 1 0 1
192.696 -135.512 490 0.0231534 0.0732812 0.119633 3043.67 2112 82991 1 0 1
-101.343 102.293 490 -4.58966 -18.1597 15.5727 74.177 2112 83194 1 0 1
122.6 71.9935 490 -0.0531709 1.54516 1.4889 147.566 2112 83222 1 0 1
218.244 124.454 490 -17.8686 -10.3571 30.6219 65.413 2112 83248 1 0 1
247.455 -228.43 490 0.0270301 -0.0119813 0.0245085 7880.18 2112 83273 1 0 1
133.191 4.06769 490 0.911685 -6.71139 2.8119 117.879 2112 83552 1 0 1
-13.593 144.22 490 0.0935294 -0.136219 0.0847989 2099.51 22 83657 1033 1022 1
-37.046 9.91224 490 -0.00458722 -0.0911673 0.0477766 3075.55 2112 83745 1 0 1
-55.4669 -61.9724 490 10.9129 -2.42583 9.29324 71.4466 2112 83945 1 0 1
-19.0641 142.618 490 -0.000825002 -0.00722068 0.0672411 10401.7 2112 83992 1 0 1
-109.949 208.278 490 0.118897 0.0676364 0.172142 2591.57 2112 84016 1 0 1
80.3078 -197.596 490 9.5761 8.23414 7.99736 75.4834 2112 84141 1 0 1
-179.878 -115.843 490 -1.88684 -6.87468 22.3178 66.8151 2112 84182 1 0 1
-46.7423 190.511 490 -0.68308 -0.0675719 0.359257 4244.86 22 84297 1027 1 1
198.524 135.228 490 0.183263 -0.297893 0.416093 4244.56 22 84297 1028 1 1
97.9481 98.7969 490 -13.425 7.12271 35.7488 55.8088 2112 84387 1 0 1
-14.041 -104.219 490 -0.500454 -0.18595 0.572773 542.522 2112 84394 1 0 1
-29.7952 195.051 490 3.01373 2.61982 2.86427 142.205 2112 84424 1 0 1
32.1261 250 498.828 -0.00369395 -0.625978 0.155236 1069.5 2112 84440 1 0 1
-61.8418 -87.1712 490 5.14202 -2.15055 13.6079 81.983 2112 84532 1 0 1
-36.2732 119.673 490 -0.240664 -1.60897 1.3372 6523.89 22 84653 1005 1 1
-110.032 243.901 490 -0.0242756 0.0443765 0.0986879 6089.5 2112 84824 1 0 1
-20.2037 48.8103 490 0.0639914 -1.47013 1.26664 520.77 2112 84870 1 0 1
116.295 94.0234 490 -0.0261389 0.0270236 0.120861 5036.77 22 84954 1018 1 1
5.30577 1.16265 490 0.0260478 -0.0105075 0.061817 7541 2112 85029 1 0 1
-14.4341 -59.0646 490 0.284135 -0.0046589 0.549196 886.174 2112 85338 1 0 1
-169.193 59.5217 490 0.0720239 0.0185458 0.0647561 1641.37 2112 85455 1 0 1
-125.228 246.753 490 -1.43725 0.915407 0.850555 345.231 2112 85461 1 0 1
71.3562 169.759 490 0.024731 -1.56299 8.69936 174.29 2112 85488 1 0 1
-230.822 192.535 490 0.123429 -0.0110407 0.0386178 3632.37 2112 85529 1 0 1
-185.463 -181.363 490 0.00663592 -0.0451719 0.0582078 2318.02 2112 85606 1 0 1
-40.0473 -36.1751 490 1.68742 -1.45902 4.99558 147.526 2112 85662 1 0 1
-100.776 75.7986 490 0.11371 0.0484691 0.245318 6025.84 22 85714 1034 1 1
-241.392 156.307 490 -1.00891 1.00206 0.916742 6026.03 22 85714 1090 1 1
3.95555 -5.27358 490 5.53215 -5.37678 5.95487 94.894 2112 85861 1 0 1
-223.087 17.9647 490 0.253737 0.902245 0.606774 600.097 2112 85907 1 0 1
-79.5365 226.552 490 0.0797453 -0.0990298 0.21259 1368.55 2112 85973 1 0 1
193.228 3.83868 490 1.24756 -0.472888 1.07446 313.729 2112 86026 1 0 1
-159.585 0.800517 490 1.28477 -2.50152 1.80586 334.418 2112 86073 1 0 1
65.3358 7.56349 490 2.02368 -2.46307 1.36747 221.245 2112 86340 1 0 1
67.6896 -172.915 490 -8.07765 -5.19071 7.90604 121.056 2112 86471 1 0 1
-231.663 -8.68645 490 0.909303 -2.62488 7.07254 110.693 2112 86497 1 0 1
71.4606 144.47 490 0.137932 0.0893678 0.351873 31317.3 22 86546 1014 1 1
44.4336 55.5525 490 2.16403 -14.4675 23.4535 57.0985 2112 86577 1 0 1
-226.131 101.154 490 0.0955334 0.0332407 0.0554029 2246.07 2112 87027 1 0 1
51.4268 92.4107 490 -0.193862 -0.273366 0.283944 831.322 2112 87033 1 0 1
111.022 110.782 490 0.526308 0.963631 1.13892 476.057 2112 87163 1 0 1
9.85887 242.837 490 0.0690592 0.136039 0.120062 1258.63 2112 87194 1 0 1
-220.547 173.143 490 0.0543389 0.0331197 0.237885 2386.41 2112 87477 1 0 1
228.66 211.278 490 0.0210705 -0.0189077 0.0427976 10723 2112 87566 1 0 1
-164.508 -41.0182 490 0.80417 -1.8524 1.44882 178.774 2112 87594 1 0 1
-228.554 -121.744 490 -0.00742473 0.145132 0.175944 5599.69 22 87679 1045 1 1
-88.7375 149.758 490 0.680955 0.961261 2.53238 234.173 2112 87763 1 0 1
132.751 -79.8953 490 -0.00563979 0.0038044 0.0199845 9933.79 2112 88331 1 0 1
-165.652 182.101 490 -1.34901 -0.0946115 1.40425 323.029 2112 88396 1 0 1
195.132 -154.784 490 -0.0913628 -0.305688 0.711642 326.519 2112 88463 1 0 1
224.495 145.738 490 0.0584802 -0.0637264 0.104371 5355.94 2112 88621 1 0 1
131.499 193.196 490 -0.426523 -7.01671 10.4552 84.8248 2112 88801 1 0 1
-164.355 -118.177 490 4.8874 7.61811 8.11209 82.0867 2112 89659 1 0 1
64.9264 29.5665 490 -17.2848 11.8856 37.702 51.3045 2112 89664 1 0 1
7.63301 -124.816 490 -0.0669188 -0.0535885 0.186244 2301.44 2112 89769 1 0 1
-15.0818 111.086 490 -7.15908 -6.28473 9.71286 103.547 2112 89789 1 0 1
-249.75 153.769 490 -0.0298863 0.0369147 0.184103 18186.9 22 89896 1008 1 1
-102.021 182.505 490 0.907115 0.637546 0.853523 18185.3 22 89896 1013 1 1
-213.608 120.054 490 -2.35298 14.4988 13.1012 64.967 2112 90244 1 0 1
-226.852 -156.131 490 -0.0509585 0.13411 0.139961 1907.47 2112 90479 1 0 1
16.1639 -40.0002 490 -0.0204769 -0.0147681 0.0119897 11396.5 2112 90591 1 0 1
-202.659 -248.371 490 2.58812 -14.1016 13.888 57.4594 2112 90731 1 0 1
82.2471 -246.954 490 -0.0697215 0.029161 0.424681 610.674 2112 90904 1 0 1
-108.587 -82.3443 490 -16.1321 -11.996 3.34068 89.6273 2112 90964 1 0 1
-78.6545 94.2138 490 -0.0247745 -0.0839258 0.215741 713.291 2112 91049 1 0 1
166.36 228.273 490 2.8715 -0.712063 1.54167 959.525 22 91075 1036 1 1
228.895 -154.682 490 -3.52445 -1.98115 2.11386 183.343 2112 91349 1 0 1
43.7438 -103.986 490 -1.00544 -0.852593 0.640691 535.137 2112 91535 1 0 1
48.3763 -151.467 490 -0.737762 -0.716809 1.29536 1693.66 22 91632 1013 1 1
37.2094 -91.8878 490 0.0296368 -0.00016306 0.0166726 6725.93 2112 91880 1 0 1
-142.719 -238.095 490 10.8892 2.05294 14.1941 97.0091 2112 91927 1 0 1
64.256 -213.327 490 -4.55416 -11.1129 16.2002 83.1698 2112 92191 1 0 1
132.984 250 491.423 -1.16388 -2.60371 0.218722 319.347 2112 92346 1 0 1
25.0513 -142.271 490 -0.0398865 0.036574 0.0329003 3863.23 2112 92416 1 0 1
-39.1791 208.742 490 -0.0497143 0.11207 0.202345 1677.17 2112 92535 1 0 1
78.632 -101.517 490 0.00667186 -0.00560254 0.00387807 15731.4 2112 92700 1 0 1
35.5405 -14.8349 490 -0.582122 -3.2506 5.50479 136.593 2112 93358 1 0 1
108.015 178.471 490 -0.00399186 -0.0535647 0.0165912 6342.31 2112 93435 1 0 1
-164.969 -66.0169 490 -0.561129 -0.513537 0.78317 911.179 2112 93774 1 0 1
-149.065 -118.187 490 -0.0124835 -0.0185005 0.0269258 11083.6 2112 93819 1 0 1
-182.127 -184.047 490 -7.10349 -4.92342 29.8996 59.3938 2112 93866 1 0 1
160.508 131.295 490 -0.0144628 0.141558 0.0287052 1599.96 2112 93924 1 0 1
49.9863 225.432 490 0.722805 -0.288037 1.67816 264.528 2112 93971 1 0 1
34.2246 -209.585 490 0.277659 -0.0413852 0.145083 1632.53 2112 94150 1 0 1
-102.037 219.387 490 -12.5872 -1.66752 11.3912 70.6827 2112 94227 1002 1 1
213.599 51.7121 490 0.408246 -0.822863 0.694313 329.504 2112 94358 1003 1 1
-82.6887 -189.113 490 0.0316444 -0.0136586 0.0276391 3848.9 2112 94579 1 0 1
234.059 -41.5005 490 0.315195 0.0623297 0.522319 854.751 2112 94837 1 0 1
241.282 150.81 490 0.135478 0.739757 0.485558 327.223 2112 94962 1 0 1
33.1888 250 490.05 0.0520845 -0.0336288 0.0742007 2187.57 2112 95006 1 0 1
165.696 209.66 490 1.90652 -0.467491 1.77659 315.308 2112 95013 1 0 1
-182.49 -68.2399 490 0.0456805 0.0350492 0.140251 2595.13 2112 95071 1 0 1
41.8575 -195.63 490 1.13797 -0.970045 0.192205 453.113 2112 95237 1 0 1
-240.048 82.0496 490 -11.3128 -7.83761 11.6618 62.7722 2112 95358 1 0 1
182.622 169.163 490 -1.89144 -10.3509 37.5349 52.5387 2112 95595 1 0 1
143.317 -209.164 490 0.108364 -0.336904 0.244476 675.494 2112 95764 1 0 1
36.7163 108.331 490 0.144213 -0.338539 0.423458 1500.09 2112 95798 1 0 1
-209.968 -250 497.137 0.0681103 0.0814795 0.0761824 4676.61 2112 96098 1 0 1
245.464 100.327 490 0.025356 -0.0626839 0.119031 2240.93 2112 96115 1 0 1
230.327 19.2766 490 0.974833 0.641972 2.39835 180.229 2112 96330 1 0 1
223.473 -36.41 490 3.81056 -0.420425 2.66106 125.364 2112 96868 1 0 1
-88.5308 186.335 490 0.320304 -0.291379 0.79804 625.204 2112 96928 1 0 1
20.1137 -136.965 490 -6.41567 2.54823 8.15684 89.626 2112 96999 1 0 1
-112.901 -145.786 490 -24.7075 -0.748928 17.112 66.7386 2112 97007 1 0 1
52.5064 -230.707 490 0.0977073 -0.00668116 0.395458 1399.04 2112 97117 1 0 1
-118.44 174.634 490 -3.26958 12.8645 28.7972 54.7812 2112 97210 1 0 1
-154.738 78.3278 490 0.0376545 0.034518 0.0352665 6915.8 2112 97245 1 0 1
-6.57634 152 490 -11.5588 -21.0029 9.36881 62.571 2112 97658 1 0 1
-182.521 -213.026 490 0.0393084 0.334474 0.15862 2310.3 2112 97833 1 0 1
95.2131 151.429 490 3.43871 4.31016 10.4944 118.613 2112 97893 1 0 1
69.2558 195.672 490 -0.413626 -0.0385125 1.79927 347.385 2112 98080 1 0 1
6.04427 227.402 490 -0.0906756 -0.0818469 0.129936 12975.2 22 98139 1075 1 1
-153.187 17.0271 490 -4.60134 5.48021 10.1514 86.8808 2112 98217 1 0 1
121.979 250 496.903 0.637015 -6.26607 10.7872 104.187 2112 98360 1 0 1
135.957 -116.968 490 -0.0143003 0.0476351 0.116506 1596.22 2112 98507 1 0 1
5.91387 -25.5628 490 -0.659463 -0.23682 2.09819 304.988 2112 98545 1 0 1
193.791 -115.264 490 0.124591 0.0505758 0.160458 2483.64 2112 98626 1 0 1
65.7667 -66.0343 490 -0.0205463 -0.0105332 0.0390377 6501.58 2112 98667 1 0 1
212.7 167.892 490 3.28458 -5.37956 19.9749 76.1839 2112 98801 1 0 1
55.3909 -128.082 490 -8.46007 6.30781 14.5282 77.0974 2112 99009 1 0 1
98.5421 156.705 490 0.150302 1.91334 2.66335 169.051 2112 99061 1 0 1
-186.783 -148.26 490 -1.95587 -4.78808 3.85311 126.473 2112 99187 1 0 1
-73.6959 -147.043 490 0.0367201 -0.0278322 0.182479 1164.78 2112 99191 1 0 1
195.681 -96.8474 490 20.4234 -0.693705 29.7347 55.21 2112 99365 1 0 1
157.95 -92.7688 490 -0.0434374 -0.0861641 0.0362109 2625.62 2112 99523 1 0 1
38.3407 216.836 490 -1.50837 -1.31208 0.972236 25078.9 22 99559 1004 1 1
105.665 -47.923 490 2.87322 9.16811 14.8914 66.9018 2112 100113 1 0 1
-201.309 -45.2517 490 -4.50275 -0.513605 11.7124 90.9836 2112 100160 1 0 1
124.338 237.905 490 -7.5842 -1.06338 4.19837 78.122 2112 100290 1 0 1
95.6501 -35.1699 490 0.750064 -5.10752 13.9133 69.2805 2112 100340 1 0 1
-166.025 198.506 490 0.000618535 0.0130968 0.0064767 11121.4 2112 100495 1 0 1
88.1629 -148.717 490 5.29276 2.16448 7.54914 103.691 2112 100546 1 0 1
104.209 -72.3788 490 -0.440773 0.675207 1.77794 204.257 2112 100693 1 0 1
-25.1153 176.304 490 0.269567 -0.177054 0.245539 1406.02 2112 100856 1 0 1
154.439 81.4519 490 -14.0396 7.48677 13.7819 71.4935 2112 100929 1 0 1
-92.5005 112.613 490 1.13518 -0.26392 2.48747 295.449 2112 100949 1 0 1
-3.4933 221.308 490 2.98059 -1.45094 8.56793 68.1944 2112 101013 1 0 1
-67.8825 182.736 490 -4.19516 -1.55806 1.51415 140.54 2112 101031 1 0 1
-236.428 18.2417 490 -13.2826 12.745 20.2938 76.1124 2112 101278 1 0 1
-211.718 148.812 490 4.38716 1.53734 2.44196 203.337 2112 101527 1 0 1
-90.6654 -217.724 490 0.0136493 0.0636404 0.0863936 3881.65 2112 101561 1 0 1
61.9127 -190.669 490 -0.0757167 -0.0263977 0.156447 1479.43 2112 101733 1 0 1
-59.0651 -230.522 490 0.00369804 0.252866 0.412771 657.678 2112 102481 1 0 1
-250 97.4285 492.831 9.17923 1.0403 6.90812 146.683 2112 102605 1 0 1
-242.46 -66.2131 490 5.65581 -20.5616 4.2223 72.9257 2112 102811 1 0 1
6.51347 124.286 490 -1.41493 0.919176 27.4924 70.9949 2112 103485 1 0 1
86.5225 8.00331 490 5.77409 8.04186 11.9601 105.838 2112 103754 1 0 1
-39.4356 82.9103 490 11.2276 -4.31115 6.90037 69.3723 2112 104130 1 0 1
239.297 130.297 490 -12.1506 4.04318 21.3341 64.4102 2112 104184 1 0 1
50.8352 -60.0426 490 -0.0450062 -0.0238537 0.0514437 4960.43 2112 104197 1 0 1
27.1419 52.2686 490 0.345152 -1.1527 1.06802 381.26 2112 104203 1 0 1
-217.334 89.1745 490 -0.00175709 0.654185 0.970703 5375.2 22 104273 1016 1 1
-19.9457 -7.1675 490 -2.64616 -5.4393 19.5395 66.6727 2112 104580 1 0 1
108.988 226.146 490 0.607629 -1.63066 2.91417 183.031 2112 104602 1 0 1
-127.076 -188.842 490 -0.0981298 -0.19231 0.468559 9639.15 22 104719 1005 1 1
10.2479 -59.2364 490 0.490112 1.04078 0.966434 9639.35 22 104719 1008 1 1
-191.892 -102.395 490 -1.39627 -0.632955 1.20743 236.431 2112 104759 1 0 1
7.21625 -156.869 490 4.33355 6.61814 30.5519 82.0465 2112 104789 1 0 1
-173.951 -53.4498 490 15.339 4.2849 33.2564 55.831 2112 104829 1 0 1
-170.645 -75.5326 490 -0.935066 2.10266 1.28816 27629.4 22 104855 1018 1 1
-202.753 -26.0557 490 -0.0262856 0.0100354 0.0841654 8928.78 22 104857 1019 1 1
180.785 -111.053 490 2.5526 1.93028 1.35001 118.953 2112 104892 1 0 1
-109.317 226.893 490 -9.99141 -11.5476 9.22431 91.5175 2112 105222 1 0 1
204.335 -190.507 490 -2.43512 -4.84287 4.48643 191.079 2112 105390 1 0 1
15.1764 98.8952 490 -0.398036 -0.51064 2.20407 181.589 2112 105751 1 0 1
147.173 -112.44 490 -6.44518 7.86345 12.2386 78.6829 2112 105875 1 0 1
19.7763 202.245 490 0.0919331 0.0929652 0.171826 1470.13 2112 106051 1 0 1
-224.216 -4.30045 490 29.3775 -2.98492 23.1205 62.8437 2112 106064 1 0 1
-108.335 233.599 490 1.82587 5.29904 4.28585 140.054 2112 106131 1 0 1
144.285 171.206 490 1.38496 -2.74005 7.33718 101.228 2112 106136 1 0 1
113.905 238.107 490 -0.123376 -0.0169425 0.201108 1405.11 2112 106230 1 0 1
-217.738 -109.35 490 0.453227 -0.375489 0.270955 1103.27 2112 106416 1 0 1
-103.218 -174.792 490 0.0089562 -0.10234 0.0786644 2476.32 2112 106856 1 0 1
17.1949 117.284 490 7.56336 -3.71965 16.8211 84.0932 2112 106965 1 0 1
-117.25 -68.602 490 0.133917 -0.0651324 0.131208 16932.4 22 107114 1003 1 1
-98.8112 -173.348 490 19.6597 -5.17347 6.09202 75.9392 2112 107509 1 0 1
-104.574 -111.355 490 -0.0215095 -0.0718584 0.0871159 2629.12 2112 107521 1 0 1
30.9597 -103.341 490 -0.299912 -0.325972 0.29679 628.735 2112 107589 1 0 1
-36.5764 -181.157 490 0.0397953 0.110471 0.0358108 2759.2 2112 107689 1 0 1
45.8218 180.393 490 0.0386678 0.268112 0.376639 970.971 2112 107800 1 0 1
-183.842 15.0254 490 0.0356414 -0.019623 0.0561432 6668.44 2112 107824 1 0 1
72.7818 -239.151 490 -0.417063 -30.5866 9.1595 68.0247 2112 108134 1 0 1
-225.941 -170.054 490 0.485285 -6.53372 4.50906 157.394 2112 108205 1 0 1
144.843 165.126 490 0.00876772 0.0358299 0.135604 3055.97 2112 108315 1 0 1
-106.105 -75.4496 490 -0.00973667 0.0101866 0.063917 5752.18 2112 108403 1 0 1
150.042 76.6085 490 0.434073 0.311254 0.41306 676.077 2112 108565 1 0 1
-1.65851 -237.304 490 0.0017588 -0.013428 0.0194915 8916.48 2112 108634 1 0 1
-198.568 23.0312 490 -6.66045 -11.8562 25.2878 73.3607 2112 108827 1 0 1
75.155 -19.5633 490 3.54001 3.19956 11.1289 114.886 2112 108866 1 0 1
-0.294093 -21.7063 490 -0.0922749 -0.0948307 0.201022 1443.49 2112 108985 1 0 1
141.307 -201.632 490 -2.02452 -0.685229 4.74986 129.435 2112 109145 1 0 1
58.6977 -97.6941 490 1.16084 -0.446144 9.86363 92.7014 2112 109294 1 0 1
84.2001 41.0592 490 0.0703586 -0.376957 0.549022 448.865 2112 109353 1 0 1
44.1582 -64.4926 490 -0.115708 -0.0336877 0.246624 1356.75 2112 109755 1 0 1
-153.047 -114.666 490 1.8648 -8.57062 13.463 85.5409 2112 109766 1003 1 1
-27.9115 -94.5178 490 0.478528 -0.293018 0.676703 582.381 2112 109776 1 0 1
103.196 -197.614 490 -2.62689 8.36481 36.911 60.8676 2112 109959 1 0 1
209.593 188.044 490 -4.35645 3.28553 2.93838 126.838 2112 110051 1 0 1
-115.47 -72.2869 490 -0.0716526 0.134544 0.0355602 3547.25 2112 110516 1 0 1
250 -70.0506 493.991 -0.557138 -0.728362 1.57454 206.463 2112 110567 1 0 1
201.132 -152.606 490 -9.75618 -4.06273 34.0559 53.0542 2112 110780 1 0 1
107.105 87.2664 490 0.0121695 -0.00589412 0.0200574 10500.8 2112 110821 1 0 1
179.786 5.84845 490 -0.100568 0.0345723 0.0529486 5197.92 2112 111015 1 0 1
-126.389 -153.54 490 -0.0102185 0.120289 0.0785159 4767.95 2112 111067 1 0 1
-112.695 13.958 490 0.0283004 0.0181842 0.0169449 6280.85 2112 111208 1 0 1
-146.433 60.6734 490 0.193673 0.735835 1.38457 335.642 2112 111254 1 0 1
16.3598 -37.1459 490 -0.274189 -0.173763 0.223518 1335.11 2112 111308 1 0 1
-155.773 -119.288 490 -0.0456843 -0.0807916 0.11944 1177.44 22 111346 1041 1 1
-101.55 -249.633 490 0.0974145 -0.213172 0.303669 1177.46 22 111346 1068 1 1
-46.5307 39.0723 490 0.345919 0.33583 0.285455 961.556 2112 111899 1 0 1
-141.381 -1.85688 490 -0.842521 0.0471711 3.66041 154.964 2112 112131 1 0 1
119.586 -32.1208 490 -0.0200656 -0.120879 0.0366517 2980.29 2112 112220 1 0 1
80.6489 21.226 490 -11.7017 7.45892 11.1707 92.9224 2112 112571 1 0 1
217.524 -140.062 490 4.59602 -1.07847 13.4318 88.7214 2112 112643 1 0 1
34.5773 231.741 490 -1.44622 -2.2428 2.819 267.779 2112 112655 1 0 1
-77.6886 -189.886 490 -0.689267 0.358772 4.16713 185.879 2112 112931 1 0 1
64.8647 172.429 490 -0.0992223 -0.0874521 0.0574938 2472.24 2112 112951 1 0 1
59.9673 -162.31 490 0.122412 0.366101 0.316747 1155.21 2112 112967 1 0 1
75.4101 -129.238 490 -0.130524 -0.499065 0.637815 530.546 2112 113033 1 0 1
84.7912 -240.172 490 -0.00431921 -0.00379981 0.0262016 11079.9 2112 113222 1 0 1
102.865 201.962 490 -3.48251 -13.7813 31.7552 62.9528 2112 113278 1 0 1
-130.982 122.784 490 0.0181748 0.00276364 0.0484011 5988.82 2112 113396 1 0 1
-170.898 -67.2033 490 0.340642 0.358989 0.550299 473.746 2112 113486 1 0 1
164.143 -1.36825 490 0.0474837 -0.0813559 0.342343 616.983 2112 113600 1 0 1
99.4184 77.7436 490 -0.366025 1.63772 5.24062 165.732 2112 113946 1 0 1
-248.217 24.995 490 -0.00978866 0.0140198 0.0452861 10589.8 2112 113989 1 0 1
-71.3933 -32.9898 490 0.0882498 0.0464104 0.131375 3809.93 2112 114093 1003 1 1
-226.225 -228.591 490 -0.533362 0.0885708 1.1731 548.399 2112 114121 1 0 1
82.0968 -94.917 490 3.87794 -2.2003 1.80607 192.637 2112 114335 1 0 1
83.5841 -101.003 490 0.119141 0.221542 0.366363 1064.05 2112 114455 1 0 1
-162.425 11.6586 490 -1.203 0.63617 1.70676 305.794 2112 114465 1 0 1
-141.687 19.8064 490 0.981341 -2.27566 1.62848 248.302 2112 114622 1 0 1
242.103 -102.948 490 -0.0140517 -0.0307191 0.150021 3292.38 2112 114849 1 0 1
190.707 201.235 490 0.32453 0.189368 0.651125 256.781 2112 114932 1 0 1
-198.444 132.772 490 0.0578805 -0.0165164 0.360538 1001.37 2112 115038 1 0 1
77.5648 -163.429 490 6.74011 -3.99668 2.63266 81.8321 2112 115216 1 0 1
181.878 -133.767 490 8.44104 -16.511 27.771 59.9109 2112 115257 1 0 1
59.3758 47.3622 490 -0.142874 0.0703867 0.0138462 4619.5 22 115310 1004 1 1
-165.026 -225.958 490 -0.132541 0.1688 0.114886 2481.74 2112 115399 1 0 1
237.995 -28.2105 490 -0.043708 -0.00224167 0.132995 1616.8 2112 115412 1 0 1
60.0659 -217.857 490 -0.6053 0.0855773 0.690061 670.671 2112 115482 1 0 1
122.319 -73.0559 490 -2.79523 -4.21304 0.571067 115.262 2112 115856 1 0 1
24.0514 -188.734 490 -0.753459 -1.63732 6.36456 122.296 2112 116556 1 0 1
-246.837 32.3298 490 -0.0305698 -0.0183859 0.0820315 3255.96 2112 116581 1 0 1
176.05 -32.7557 490 2.71051 22.836 30.4452 56.729 2112 116679 1 0 1
86.2491 -118.314 490 -0.0113972 -0.0143144 0.0268465 10560.7 2112 116693 1 0 1
-219.447 169.822 490 0.0157612 0.00463349 0.0891172 2848.64 2112 116988 1 0 1
130.571 30.1979 490 0.247533 0.890014 2.24519 218.858 2112 117147 1 0 1
-184.85 -232.046 490 0.182478 0.238358 0.384566 642.727 2112 117454 1 0 1
127.666 240.352 490 -0.123043 -0.0216594 0.0759987 2534.29 2112 117570 1 0 1
-126.551 79.9513 490 -10.4216 11.919 32.3521 52.3426 2112 117646 1 0 1
-166.699 21.8983 490 -1.93101 5.1667 9.35158 86.0078 2112 117817 1 0 1
76.0448 -147.9 490 2.8753e-05 -0.0317684 0.0832736 2561.7 2112 118105 1 0 1
-89.5717 173.425 490 8.95535 -1.40433 29.9323 60.2533 2112 118148 1 0 1
222.901 -42.2136 490 0.279278 -0.151576 0.092369 2155.46 2112 118223 1 0 1
168.514 28.6601 490 -19.3936 12.6245 2.58673 88.2711 2112 118469 1 0 1
115.729 -119.707 490 -0.175572 -0.220363 0.0885733 810.571 2112 118597 1 0 1
-37.9125 213.966 490 0.620482 -6.20515 5.40173 100.887 2112 118603 1 0 1
69.4662 103.719 490 0.019948 -0.0499094 0.0202859 11029.1 2112 118685 1 0 1
-41.2469 -204.54 490 2.72871 -3.75544 9.14085 72.4584 2112 118759 1 0 1
-104.76 53.6033 490 -0.0220612 -0.778856 2.04823 218.4 2112 118909 1 0 1
72.2129 184.117 490 -18.6173 4.02415 6.9261 77.1629 2112 118947 1 0 1
128.672 -168.504 490 -0.252494 -0.0614714 0.0234801 2488.73 2112 119109 1 0 1
-105.78 -207.465 490 -1.07527 -3.15905 2.07171 205.011 2112 119143 1 0 1
73.6093 -74.8871 490 -1.46795 7.37109 12.9121 84.0088 2112 119178 1 0 1
-187.315 218.083 490 -0.111693 -0.067933 0.118736 1537.53 2112 119350 1 0 1
169.397 103.823 490 0.401833 0.0913106 2.95424 254.427 2112 119497 1 0 1
83.9367 162.263 490 0.204881 -0.223239 1.12178 162.532 2112 120062 1 0 1
-221.857 -182.303 490 -0.0670561 0.00294066 0.00807944 13695.3 22 120385 1004 1 1
222.862 -4.13631 490 13.8569 24.9396 24.9685 58.5761 2112 120691 1 0 1
113.401 108.702 490 -1.18968 -0.821087 0.622687 8021.86 22 120707 1016 1 1
12.756 184.413 490 -2.31258 0.396856 0.437722 8022.14 22 120707 1017 1 1
93.8003 -154.403 490 -1.52097 -0.0924604 1.61867 13393 22 120757 1003 1 1
174.144 143.956 490 2.54109 -17.0255 22.6971 73.214 2112 120917 1 0 1
-64.7762 67.5228 490 -2.4749 -6.50145 11.0624 85.0933 2112 120945 1 0 1
-88.3458 46.7475 490 -1.14513 0.491609 4.26338 147.499 2112 120956 1 0 1
155.892 187.87 490 -0.345163 0.37468 0.792421 1136 22 121114 1005 1 1
236.694 -63.1826 490 -0.195032 -0.623037 0.569856 1136.14 22 121114 1007 1 1
30.5343 151.661 490 0.0695725 0.0527942 0.0612556 1136.96 22 121114 1014 1011 1
-250 -213.296 495.913 0.255911 0.0647832 0.0500995 2928.99 2112 121395 1 0 1
33.7998 86.8209 490 2.73717 -26.3776 31.2985 51.7959 2112 121403 1 0 1
-59.5789 -211.341 490 0.0105173 0.00995335 0.0152082 5986.23 2112 121529 1 0 1
224.768 -82.6472 490 -0.00500235 -0.00341204 0.0293099 6510.23 2112 121705 1 0 1
-205.199 -72.6149 490 -0.112174 -0.0867405 0.0784649 4008.86 2112 122563 1 0 1
-42.608 -61.9991 490 0.0174083 -0.0204735 0.00752016 8133.33 2112 123026 1 0 1
-49.2191 -190.316 490 -0.859021 0.720038 0.779671 505.611 2112 123193 1 0 1
-23.9358 -248.989 490 -7.61067 -0.860948 23.0347 61.5768 2112 123218 1 0 1
205.012 -225.035 490 -0.0880726 -0.0502261 0.0800805 2332.69 2112 123251 1 0 1
-104.059 -250 494.461 0.00160801 0.00111248 0.00476987 15317.3 2112 123281 1 0 1
223.975 198.728 490 22.565 5.63227 25.0037 61.9908 2112 123291 1 0 1
37.7741 246.436 490 -13.1911 4.22391 14.5257 83.1205 2112 123354 1 0 1
-180.987 -48.8221 490 -0.254674 0.107593 0.301092 784.524 2112 123382 1 0 1
-18.2984 1.22139 490 -0.064834 0.132392 0.0658686 1693.52 2112 123449 1 0 1
-201.089 180.985 490 13.4071 11.6064 29.3103 60.3633 2112 123509 1 0 1
-227.878 170.197 490 8.38647 1.16779 7.55275 84.4046 2112 123533 1 0 1
70.8572 106.254 490 -0.238561 0.334869 1.5391 442.817 2112 123541 1 0 1
224.997 -192.201 490 -0.0225937 0.0636713 0.052625 7657.29 22 123621 1008 1 1
227.962 -206.974 490 -0.00146175 -0.0460829 0.109666 7656.89 22 123621 1016 1 1
-246.707 -231.573 490 0.0388929 -0.040803 0.096514 2476.12 2112 123659 1 0 1
72.4481 61.2643 490 -0.0103265 -0.326147 0.17147 1249.61 2112 123738 1 0 1
95.6901 -171.672 490 -0.150592 -0.352559 0.283105 703.126 2112 123859 1 0 1
-90.3979 87.4863 490 5.30249 12.5255 35.2577 52.9268 2112 123928 1 0 1
-247.836 -154.294 490 0.468467 0.247181 3.07473 162.122 2112 124020 1 0 1
-182.397 77.8561 490 0.44456 0.351979 0.33402 182.188 22 124038 1101 1 1
46.9118 -211.611 490 -0.0294206 0.011535 0.0413261 4108.42 2112 124231 1 0 1
165.388 156.713 490 0.0285557 0.015298 0.134505 2779.26 2112 124395 1 0 1
123.083 156.179 490 0.371769 -0.583718 0.599719 285.592 2112 124414 1 0 1
-22.3304 -228.622 490 8.61532 -11.2621 6.50722 105.904 2112 124428 1 0 1
28.1446 -246.158 490 -5.80132 16.8582 25.6939 68.6884 2112 124671 1 0 1
-11.4804 -217.807 490 0.0279895 0.0228112 0.016 5923.43 2112 124683 1 0 1
205.101 212.386 490 0.0210166 -0.0723727 0.0853887 3936.11 2112 124818 1 0 1
-186.841 -106.757 490 -0.403689 -0.0542547 0.243443 1018.29 2112 124874 1 0 1
-151.636 119.532 490 -0.0308801 0.0298817 0.0321762 5168.94 2112 125031 1 0 1
184.01 133.482 490 0.390076 -13.8993 33.2558 55.9434 2112 125163 1 0 1
-242.743 26.9796 490 -0.257636 -0.332868 0.282604 1179.47 2112 125558 1 0 1
160.724 -159.51 490 2.6356 0.856716 1.98569 197.587 2112 125678 1 0 1
166.881 -166.737 490 -0.534738 -0.116459 0.624457 443.093 2112 125689 1 0 1
-223.252 -250 499.776 -0.0367407 0.559697 0.176344 1139.76 2112 125763 1 0 1
-202.005 -250 496.337 0.0497195 0.0719486 0.0386301 4913.5 2112 126008 1 0 1
20.5489 6.64589 490 -0.0317092 0.0544693 0.151938 1977.01 2112 126018 1 0 1
73.9804 -158.691 490 -0.00762199 0.0292037 0.0250096 9047.73 2112 126035 1 0 1
186.185 152.845 490 0.627029 -1.33127 6.01648 163.304 2112 126259 1 0 1
-118.487 -107.277 490 -0.00659705 -0.00851838 0.0121889 9604.91 2112 126367 1 0 1
195.32 15.4138 490 0.0917681 0.0577111 0.116406 1852.43 2112 126369 1 0 1
217.436 -188.982 490 -22.4567 -11.8602 24.4829 57.3699 2112 126383 1 0 1
218.162 -33.386 490 -0.323027 -2.64986 0.891443 325.417 2112 126505 1 0 1
-69.5987 -167.757 490 0.278424 0.0399159 0.377702 549.986 2112 126635 1 0 1
-83.9805 162.707 490 1.65628 0.372673 1.22352 337.671 2112 126645 1 0 1
208.59 -23.5131 490 -25.5522 -17.2677 20.492 61.8714 2112 126861 1 0 1
-137.024 -121.137 490 1.05514 1.35365 2.77169 218.729 2112 127256 1 0 1
119.947 -65.2688 490 -0.0456105 -0.139118 0.108242 1059.79 2112 127384 1 0 1
81.2982 -20.8137 490 -0.396515 0.22733 0.477921 7025.63 22 127426 1011 1 1
26.8217 62.9971 490 -3.15015 3.66832 5.28763 109.015 2112 127514 1 0 1
-176.542 -126.063 490 -1.71221 -1.43572 7.31055 89.7142 2112 127855 1 0 1
92.118 -186.374 490 0.44984 -0.501638 1.0581 7194.03 22 128066 1004 1 1
-159.864 -148.91 490 -0.173489 -0.0481488 0.31958 7194.48 22 128066 1028 1 1
-19.5843 -167.961 490 -1.20619 -0.453593 1.07879 7194.04 22 128066 1032 1 1
180.245 -222.05 490 0.133808 -0.261557 0.134933 7194.32 22 128066 1040 1 1
117.072 -182.318 490 -0.109598 -0.0263608 0.168599 7194.34 22 128066 1043 1 1
81.7093 -132.124 490 -0.0117467 -0.22886 0.109284 1317.3 2112 128231 1 0 1
-247.422 162.879 490 0.162179 0.218396 0.26098 2442.19 2112 128291 1 0 1
3.46896 -73.14 490 0.490347 0.135869 0.222258 1410.27 2112 128395 1 0 1
142.233 -230.079 490 0.08688 0.0264212 0.142357 7992.79 22 128597 1009 1 1
-201.917 23.2006 490 0.00593468 0.00555606 0.0131074 11731.4 2112 128607 1 0 1
-149.001 219.738 490 0.0922711 -0.00561582 0.815406 487.633 2112 128875 1 0 1
121.44 195.121 490 0.10331 0.0144741 0.100141 1746.72 2112 128927 1 0 1
128.674 31.1354 490 -0.303055 -0.286206 0.275386 1947.12 2112 129028 1 0 1
-211.356 -41.3214 490 -0.0204462 0.158904 0.188184 2102.18 2112 129283 1 0 1
186.729 124.471 490 0.0247386 0.184168 1.30332 129249 22 129348 1005 1 1
136.837 111.058 490 -0.94595 -0.150856 0.759613 129249 22 129348 1006 1 1
130.905 58.2707 490 0.105976 -0.108379 0.411967 129249 22 129348 1032 1 1
178.278 123.555 490 -0.32195 0.194779 1.6495 129249 22 129348 1068 1 1
189.16 17.2391 490 5.43443 -6.76403 5.42922 122.515 2112 129398 1 0 1
141.282 238.655 490 0.982826 1.35828 2.48416 120.678 2112 129498 1 0 1
182.521 171.641 490 0.0985734 -0.00659619 0.600197 1072.55 2112 129619 1 0 1
124.808 8.9246 490 -0.115907 0.21764 0.883919 28573.3 22 130037 1021 1 1
117.095 -16.9746 490 -0.338476 0.16659 0.118664 28573.5 22 130037 1024 1 1
-167.194 138.214 490 -0.517882 0.739715 0.635234 285.189 2112 130058 1 0 1
-45.4041 -46.0982 490 0.0435696 0.0116917 0.101698 2216.6 2112 130060 1 0 1
46.9917 -64.7232 490 1.80639 -9.8725 10.7456 108.966 2112 130701 1 0 1
-94.871 26.7174 490 8.84833 19.2072 26.8758 75.4697 2112 130850 1 0 1
-139.33 240.867 490 -2.67825 -2.90481 1.39384 164.723 2112 130912 1 0 1
7.2079 -105.334 490 7.06231 -2.44887 2.77839 121.646 2112 130924 1 0 1
-106.962 169.709 490 4.30294 12.4985 37.7534 57.2383 2112 130925 1 0 1
152.194 245.58 490 0.00577811 0.0144468 0.042129 5217.02 2112 131048 1 0 1
-249.318 232.976 490 -0.113245 -0.153513 0.189349 903.25 2112 131086 1 0 1
205.432 78.396 490 -0.0778305 0.0844568 0.051972 3871.65 2112 131091 1 0 1
229.447 228.036 490 5.76643 -6.14982 4.03094 120.313 2112 131097 1 0 1
-40.8407 -250 496.581 -3.02781 2.59383 3.25042 199.296 2112 131373 1 0 1
101.386 176.988 490 -0.0244679 -0.0140178 0.108093 4571.53 2112 131468 1 0 1
-180.211 26.4178 490 -14.2408 3.53644 32.5043 57.5206 2112 132195 1 0 1
197.5 -20.3965 490 0.0379674 -0.014283 0.0547973 4551.92 2112 132623 1 0 1
111.583 -124.566 490 0.0131874 0.00663391 0.0449394 8296.92 2112 132768 1 0 1
-220.776 4.56246 490 0.324256 3.70226 8.54202 91.2687 2112 132795 1 0 1
107.556 -160.709 490 0.0106275 -0.045773 0.0311782 8103.69 2112 133012 1 0 1
15.0181 152.897 490 0.314849 0.281154 0.629139 567.495 2112 133070 1 0 1
126.253 -35.9699 490 0.544378 -0.315539 0.345934 692.842 2112 133192 1 0 1
-242.993 -127.702 490 1.22966 -1.058 1.52001 3647.67 22 133282 1004 1 1
128.149 191.63 490 0.0211403 -0.206899 1.7121 348.02 2112 133392 1 0 1
73.1194 -59.661 490 -0.0451585 -0.0220946 0.0455262 4825.13 2112 133761 1 0 1
237.564 144.32 490 3.6393 -2.54601 1.51856 189.811 2112 134069 1 0 1
80.574 114.726 490 -0.411985 -0.6357 1.24339 280.598 2112 134110 1 0 1
155.273 -128.253 490 0.00906473 0.018009 0.0434772 4068.06 2112 134260 1 0 1
243.18 49.2398 490 0.1268 -0.673518 0.338034 907.088 2112 134479 1 0 1
203.332 -24.6995 490 -4.5078 -1.26204 2.22142 194.709 2112 134505 1 0 1
-77.3533 121.431 490 -3.95308 -0.679902 7.24897 97.2127 2112 134799 1 0 1
1.11688 107.341 490 0.0371225 -0.261674 0.140622 1379.05 2112 134814 1 0 1
-34.663 -122.219 490 4.02815 -4.33176 2.13695 177.38 2112 134829 1 0 1
26.3693 19.5801 490 0.203035 0.0316595 0.0824785 37985 22 134939 1005 1 1
32.0842 240.498 490 27.6794 15.6467 13.2393 55.102 2112 134949 1 0 1
6.07231 56.3091 490 4.73025 0.00121702 8.36852 73.0808 2112 134983 1 0 1
110.535 -118.299 490 -0.0146094 -0.0367635 0.0883922 2761.61 2112 135135 1 0 1
231.841 -137.455 490 -10.2055 -12.4627 5.44163 108.79 2112 135223 1 0 1
117.027 -207.657 490 0.0607432 0.00556899 0.077361 4614.85 2112 135285 1 0 1
206.731 -239.992 490 -9.22676 30.4971 21.1022 61.0787 2112 135298 1 0 1
-203.912 60.6594 490 -0.0217522 -0.0409448 0.0246972 8300.25 2112 135418 1 0 1
81.7501 -237.884 490 0.38647 -0.483539 0.773603 454.927 2112 135439 1 0 1
-249.989 -204.689 490 -0.0922559 0.680548 0.735931 584.224 2112 136156 1 0 1
-248.476 -175.092 490 -3.12431 -0.348326 4.2391 2056.79 22 136588 1033 1 1
-182.528 197.553 490 1.1527 0.422395 1.04944 486.709 2112 136689 1 0 1
3.25409 -241.785 490 0.0484593 0.000386635 0.0174262 11449.9 2112 136810 1 0 1
-234.644 66.0334 490 -0.217774 -0.292523 0.779142 5400.73 22 136902 1004 1 1
-85.4468 15.846 490 -0.166027 0.495116 3.5201 123.96 2112 137127 1 0 1
-166.755 235.053 490 0.00164679 0.0271337 0.0342329 6603.95 2112 137169 1 0 1
208.901 10.7856 490 -0.84544 -0.298079 0.695812 602.246 2112 137225 1 0 1
-29.0103 20.1088 490 -1.28136 -0.420188 1.05313 288.461 2112 137340 1 0 1
-122.064 -54.2614 490 0.00122889 -0.0179641 0.0365542 6056.88 2112 137431 1 0 1
17.6035 244.22 490 16.9557 -10.0885 31.7883 56.6845 2112 137575 1 0 1
24.9669 42.9013 490 0.0720552 -0.00299757 0.104834 1653.33 2112 137707 1 0 1
-17.717 -146.822 490 -0.00175446 -0.0166282 0.0622331 7043.49 2112 137721 1 0 1
66.3498 31.8802 490 1.66122 2.65017 4.05518 184.516 2112 137821 1 0 1
10.1566 8.25912 490 0.465447 -0.250981 0.270867 443.915 2112 137945 1 0 1
66.099 14.4897 490 -11.3229 -15.5365 5.28513 95.4117 2112 138053 1 0 1
155.096 -220.983 490 0.0147146 -0.0111469 0.0293365 9008.71 2112 138186 1 0 1
-234.829 131.874 490 -0.00311484 0.0458996 0.0345387 3336.76 2112 138481 1 0 1
-175.735 183.482 490 0.437705 1.88686 2.15447 221.792 2112 138708 1 0 1
43.906 -24.3198 490 0.136763 -0.47175 0.668121 63.391 22 138821 1006 1 1
69.8408 89.476 490 -1.27032 -0.432977 2.02108 16860.5 22 138936 1004 1 1
57.8043 24.7609 490 -0.705185 -1.26558 0.798036 16860.6 22 138936 1005 1 1
233.988 70.5121 490 0.20033 -0.123224 0.18351 16861 22 138936 1006 1 1
239.312 -233.736 490 -0.00419224 -0.0151984 0.0682129 5496.18 2112 139045 1 0 1
107.82 235.9 490 -1.91387 -0.765861 3.11133 6360.78 22 139057 1020 1 1
-130.648 -165.706 490 -6.74889 -5.50272 8.52818 100.991 2112 139280 1 0 1
59.0572 99.6313 490 24.0651 13.0398 17.4773 58.5242 2112 139380 1 0 1
211.361 -51.4761 490 1.36413 -0.259768 1.06843 215.589 2112 139515 1 0 1
-108.513 -67.4208 490 5.69271 2.86676 8.71885 128.443 2112 139533 1 0 1
-144.801 -34.202 490 -0.0390045 0.0749815 0.067982 1805.99 2112 139597 1 0 1
139.122 -37.7469 490 -0.372526 -0.641664 0.847921 346.689 2112 139638 1 0 1
235.129 53.5744 490 28.4454 11.4029 6.48868 72.028 2112 139673 1 0 1
162.75 70.57 490 -0.0315823 0.000464172 0.0384718 5673.52 2112 139844 1 0 1
-68.2615 -73.0391 490 1.78919 9.09268 8.75112 76.662 2112 140513 1 0 1
236.937 158.365 490 8.19377 -2.37709 9.98701 96.6076 2112 140631 1 0 1
-66.9537 -44.0913 490 -7.75276 -8.61829 30.2407 67.0577 2112 140793 1 0 1
-5.41218 -89.7502 490 -0.0199475 0.0475145 0.0606134 4855.46 22 140910 1006 1 1
-78.7778 -81.1218 490 0.0381068 0.310907 0.472606 796.527 2112 141076 1 0 1
-101.627 -106.276 490 1.40821 -6.702 10.94 87.05 2112 141450 1 0 1
-94.074 -183.442 490 -0.39868 -0.341713 0.42935 567.755 2112 141675 1 0 1
-41.8957 -235.112 490 0.954908 2.07013 8.90797 166.485 2112 142534 1 0 1
-129.659 73.6507 490 0.329971 0.283955 1.18002 274.967 2112 142600 1 0 1
-196.042 123.026 490 -4.17723 -15.6235 28.3069 67.1799 2112 142620 1 0 1
-18.7311 -63.3244 490 -7.67121 -14.6451 23.1462 59.4878 2112 142667 1 0 1
25.2367 -38.2131 490 2.60749 11.7769 24.0502 74.9342 2112 142684 1 0 1
9.24717 -50.9737 490 -0.135622 -0.188144 0.206646 2487.97 2112 142787 1 0 1
233.563 0.555331 490 -0.604178 -0.739817 5.02283 87211.5 22 142804 1024 1 1
-139.267 225.653 490 -7.88807 -18.0072 13.1179 76.8093 2112 142968 1 0 1
37.0808 52.7849 490 -0.018237 0.0109554 0.0150509 8284.87 2112 143057 1 0 1
97.5358 218.534 490 -2.05776 2.13698 2.15699 235.363 2112 143113 1 0 1
229.708 58.9018 490 0.0228489 0.0123 0.0563269 6240.61 2112 143162 1 0 1
-1.98864 -4.29431 490 -3.53391 -6.76949 6.59699 148.589 2112 143615 1 0 1
-48.7837 -21.1818 490 0.067628 -0.164121 0.363266 638.165 2112 143643 1 0 1
-43.7373 -177.565 490 -0.114601 1.23123 1.55764 282.906 2112 143652 1002 1 1
-229.24 1.54902 490 -0.0402765 0.00944798 0.0782965 1776.34 2112 143682 1002 1 1
250 152.61 496.733 -2.40283 -2.77094 2.18468 162.045 2112 143685 1 0 1
192.275 190.55 490 0.019195 -0.0808505 0.145346 9565.18 22 143879 1031 1 1
61.2482 131.113 490 0.00321567 0.000460799 0.00992532 11054.2 2112 143916 1 0 1
19.5376 148.753 490 -0.00879929 0.0325761 0.0221856 11142 2112 143932 1 0 1
-190.233 16.1727 490 -1.34104 -0.0288176 0.412977 611.382 2112 144047 1 0 1
-36.8204 216.55 490 6.02375 4.08209 10.8021 93.6089 2112 144053 1 0 1
-33.0634 183.755 490 14.5884 -28.7267 23.3847 55.8921 2112 144212 1 0 1
-194.083 50.1561 490 12.4475 -11.9787 37.9424 50.2017 2112 144253 1 0 1
-100.369 -179.198 490 -0.252638 0.0267253 0.690225 16490.1 22 144296 1028 1 1
-76.5047 47.129 490 -1.07078 -1.95036 3.14671 213.859 2112 144498 1 0 1
-69.28 250 496.086 0.0532785 -0.0241653 0.0200261 6193.57 2112 144612 1 0 1
226.276 52.0658 490 0.0574864 -0.0616192 0.0780735 3354.82 2112 144669 1 0 1
37.8297 -137.343 490 0.775755 -0.118972 0.418021 329.209 2112 145021 1 0 1
38.019 -69.9604 490 -9.71778 6.31789 12.0657 66.5604 2112 145065 1 0 1
-159.234 134.949 490 0.0822143 0.00220733 0.121192 3310.53 2112 145153 1 0 1
11.9983 80.6987 490 -0.0462242 0.053016 0.0485752 4787.7 2112 145160 1 0 1
-54.6933 187.975 490 3.54843 2.99544 15.3181 67.7599 2112 145258 1 0 1
-13.6474 222.823 490 -0.181972 0.804777 1.64869 353.163 2112 145405 1 0 1
84.0945 -76.4506 490 0.332498 1.34295 0.728522 540.525 2112 145655 1 0 1
203.307 -232.677 490 2.41267 0.815812 6.35771 98.1029 2112 145676 1 0 1
-250 -129.313 498.154 0.0652438 -0.25415 0.202625 1020.04 2112 145685 1 0 1
-222.315 -245.6 490 -22.9526 2.74615 24.5121 61.0875 2112 145767 1 0 1
215.557 90.0989 490 0.326278 -0.0570015 3.34595 80.0948 2112 146064 1 0 1
211.057 -45.9502 490 -0.418858 -0.0996926 1.02841 361.258 2112 146128 1 0 1
-238.914 15.0892 490 26.4777 -11.9686 24.9675 64.3954 2112 146241 1 0 1
121.717 -223.997 490 16.622 -4.99802 9.9859 78.347 2112 146423 1 0 1
-194.876 159.237 490 -0.0351973 -0.0209711 0.0101983 12372 2112 146457 1 0 1
101.659 62.9896 490 0.056083 -0.126498 0.605435 6581.54 22 146459 1069 1 1
172.587 -248.043 490 -0.43204 -0.524376 1.97106 83.8661 22 146487 1026 1 1
123.345 -153.355 490 -0.482004 0.0621544 0.732038 715.54 2112 147071 1 0 1
60.3219 -97.6878 490 -0.0566963 0.273178 0.360209 842.109 2112 148114 1 0 1
-218.287 -7.57604 490 0.734304 -0.364318 2.92869 125.264 2112 148361 1 0 1
23.4692 240.653 490 -19.5398 -4.34459 10.0266 75.3115 2112 148471 1 0 1
151.621 -203.455 490 0.0140683 -0.0702839 0.0572772 3144.38 2112 148683 1 0 1
157.662 -152.588 490 7.11594 -13.965 16.5633 84.1701 2112 148744 1 0 1
246.008 -233.2 490 0.0495983 0.0722986 0.181716 1759.62 2112 148828 1 0 1
134.665 32.522 490 0.981225 0.561245 5.98488 166.538 2112 149379 1 0 1
137.315 -103.689 490 2.18945 0.496287 8.80165 169.457 2112 149432 1 0 1
-201.075 79.7073 490 0.0118849 0.0125033 0.0163002 5360.89 2112 149670 1 0 1
-220.064 -183.138 490 -0.0689784 0.702478 0.572914 651.486 2112 149965 1 0 1
-83.9938 -85.9818 490 0.365317 0.0921201 0.419945 898.264 2112 150133 1 0 1
-8.65604 -21.5834 490 0.178144 -0.0663559 0.195921 3382.52 2112 150205 1 0 1
-214.674 -215.861 490 1.89732 -0.128778 0.0821985 679.048 2112 150269 1 0 1
-30.7642 -79.8326 490 -1.81113 29.2968 12.2764 73.271 2112 150479 1 0 1
120.013 -104.136 490 0.0832709 0.0678892 0.175879 874.604 2112 150563 1 0 1
239.822 56.258 490 -0.296186 4.01419 15.7272 75.5431 2112 150640 1 0 1
-163.418 -49.8397 490 0.190188 -0.0031625 1.25394 33287.9 22 150654 1018 1 1
-227.706 -136.889 490 -1.30179 -2.36242 3.02785 33288.1 22 150654 1020 1 1
-94.9548 -16.658 490 1.45766 0.435719 1.09517 278.225 2112 150699 1 0 1
154.303 -246.658 490 -0.656436 -0.047414 2.12341 6698.1 22 150707 1004 1 1
-167.443 -236.123 490 -0.0511079 -0.116891 0.247939 1392.35 2112 150720 1 0 1
-102.408 -55.5662 490 0.725408 0.349259 2.48022 125.66 2112 150820 1 0 1
-248.12 146.187 490 -0.000113881 0.0668881 0.103782 3443.67 2112 150964 1 0 1
-39.5315 -176.66 490 -0.476118 -0.330001 2.97922 172.305 2112 151006 1 0 1
91.2577 -94.8083 490 0.0382615 0.0717571 0.101588 1922.82 2112 151026 1 0 1
-112.743 -238.311 490 -3.86725 1.27319 5.41357 109.159 2112 151085 1 0 1
-1.17248 111.311 490 -4.4171 22.1607 32.9108 58.0832 2112 151143 1 0 1
-139.715 117.889 490 -3.57832 -2.05989 4.79916 132.985 2112 151153 1 0 1
59.5481 121.203 490 -0.0488953 0.102972 0.153786 1039.58 2112 151317 1 0 1
-202.869 85.2949 490 -0.113844 -0.270179 0.0461608 2127.9 2112 151334 1 0 1
74.2595 -248.222 490 0.00311242 0.0563761 0.0244319 7401.37 2112 151366 1 0 1
12.0079 -182.626 490 0.0468309 0.0301265 0.257318 1699.89 2112 151485 1002 1 1
-71.5778 52.3235 490 -0.0134039 0.0961371 0.0548423 565.467 22 151569 1005 1 1
-43.7081 -9.44609 490 -0.131254 0.146034 0.390029 1028.8 2112 151647 1 0 1
-235.135 -243.62 490 -0.167292 -0.394216 0.293088 1114.59 2112 152000 1 0 1
-130.627 250 493.908 2.20702 -4.69958 9.35285 110.67 2112 152069 1 0 1
-178.897 200.917 490 -24.6255 -12.8945 27.7636 56.1512 2112 152299 1 0 1
-144.09 145.325 490 -10.7868 1.99002 10.3297 92.3265 2112 152381 1 0 1
-44.7865 126.075 490 1.61037 -0.45432 1.52847 203.675 2112 152471 1 0 1
100.541 -248.953 490 -0.387455 -0.453586 1.58325 936.435 22 152538 1093 1 1
-5.86121 237.721 490 7.16107 -10.4693 17.4878 73.8971 2112 152541 1 0 1
173.829 130.041 490 8.36141 -9.10021 14.9015 84.5725 2112 152606 1 0 1
-203.079 -238.788 490 0.531758 0.305895 0.169425 665.926 2112 152888 1 0 1
-117.138 222.337 490 8.37746 -4.69543 24.5485 72.2636 2112 152904 1 0 1
-217.18 -181.763 490 -8.93592 15.5552 25.8454 55.951 2112 152941 1 0 1
-236.789 -162.134 490 -10.2358 -5.32703 22.0301 73.7277 2112 153110 1 0 1
-81.9327 -222.541 490 -0.391084 -20.1513 23.4086 72.0188 2112 153176 1 0 1
-164.865 -23.1145 490 -0.498389 -0.134852 0.413019 9567.18 22 153290 1028 1 1
203.379 -220.963 490 0.0367276 -7.15262 6.53739 126.228 2112 153369 1 0 1
-186.399 -250 493.81 0.422316 1.11547 0.446372 6383.38 22 153631 1005 1 1
-92.0311 111.214 490 0.0898254 0.158467 0.160313 1866.02 2112 153721 1 0 1
-6.79023 -193.807 490 -0.0256268 -0.0308879 0.0535661 2997.56 2112 153766 1 0 1
-214.295 70.0195 490 -0.129234 -0.10822 0.148578 4481.41 22 153794 1004 1 1
-177.27 153.016 490 -0.0217467 0.146553 0.174424 4481.45 22 153794 1008 1 1
12.2657 137.683 490 0.0539003 -0.13382 0.210763 1757.32 2112 153816 1 0 1
59.3002 -40.1431 490 0.498517 -0.339106 1.18047 248.642 2112 153951 1 0 1
-132.689 -156.081 490 -0.0843873 -0.483914 0.492539 615.905 2112 153982 1 0 1
-57.1346 145.396 490 1.87712 1.06672 2.0237 177.313 2112 154044 1 0 1
79.1157 153.647 490 0.426172 -0.898568 0.722011 615.622 2112 154150 1 0 1
198.875 250 497.567 0.00716098 -0.00577074 0.0125539 10543.1 2112 154171 1 0 1
-183.558 -109.341 490 -0.13995 0.0517035 0.148086 1304.15 22 154199 1026 1 1
-202.627 -93.95 490 -0.504902 0.660992 1.46033 1304.15 22 154199 1042 1 1
-204.045 -151.123 490 -0.0844188 -0.195467 0.213958 1304.19 22 154199 1043 1 1
-136.246 -167.722 490 -0.0761276 -0.130828 0.109667 1304.46 22 154199 1045 1 1
-46.183 -161.275 490 -1.58188 -13.3411 9.97763 94.2871 2112 154200 1 0 1
68.2772 -22.3302 490 0.0277482 -0.0266143 0.076912 48.0225 22 154215 1027 1019 1
68.2184 2.15056 490 -0.00189965 0.232684 0.454944 47.7416 22 154215 1028 1019 1
-88.8898 58.3272 490 -0.250732 -1.85882 2.53371 138.044 2112 154341 1 0 1
-148.349 38.0482 490 -0.144251 -0.116996 0.185398 1485.05 2112 154399 1 0 1
-168.595 148.833 490 0.123314 -0.161362 1.19815 8296.13 22 154468 1006 1 1
145.72 -182.746 490 0.0579234 0.048499 0.0780635 1723.07 2112 154501 1 0 1
193.321 203.201 490 -0.341949 0.134293 1.36857 628.7 2112 154572 1 0 1
-56.9193 -213.76 490 0.452316 -0.154918 0.538999 639.581 2112 154788 1 0 1
-112.751 -218.33 490 -0.0221203 0.814769 1.01944 485.009 2112 154856 1 0 1
36.6324 -42.7449 490 0.393645 -0.164082 0.34336 1231.66 2112 154875 1 0 1
-159.877 232.267 490 -10.2937 7.83164 5.09796 67.7356 2112 154892 1 0 1
-122.379 -154.634 490 -0.43382 -0.840294 0.368073 359.886 2112 155168 1004 1 1
-97.3007 -92.4366 490 -27.2611 -9.43718 27.6343 57.3386 2112 155181 1 0 1
-70.3516 250 499.072 0.154085 -0.0669207 0.0795312 306.23 22 155505 1032 1 1
213.539 235.735 490 -1.78938 -4.22655 4.18821 136.696 2112 155566 1 0 1
213.159 -8.65659 490 -0.138664 -0.031407 0.185622 1705.95 2112 155622 1 0 1
217.308 236.681 490 1.00906 1.49362 0.56933 333.807 2112 155649 1 0 1
196.285 -63.5025 490 0.604521 -0.240858 0.347962 625.274 2112 155794 1 0 1
178.088 -16.9984 490 0.0496009 0.0107781 0.0592837 7177.93 2112 155821 1 0 1
169.937 200.62 490 -1.58293 0.729505 5.07581 116.547 2112 155904 1 0 1
241.09 -165.294 490 0.0345884 0.0471943 0.19616 1837.32 2112 156523 1 0 1
91.0811 98.949 490 -21.7204 9.51549 24.257 65.145 2112 156663 1 0 1
-188.316 -62.3242 490 1.96998 -10.9539 9.45821 115.459 2112 156900 1 0 1
-131.436 106.202 490 -0.0194483 -0.705262 0.60762 447.66 2112 156963 1 0 1
230.607 238.155 490 -0.18686 0.0977226 0.0201884 59.7162 22 156993 1032 1031 1
-97.9604 233.661 490 -0.975743 2.71253 4.06889 142.674 2112 157037 1 0 1
-250 -211.316 497.374 0.0378199 -0.0113557 0.0486349 7191.67 2112 157129 1 0 1
-118.614 66.5686 490 -4.23011 2.61637 3.03764 121.904 2112 157157 1 0 1
-219.354 -73.3546 490 0.116926 0.142805 0.267048 1734.23 2112 157297 1 0 1
214.077 -88.3883 490 0.0349644 0.0559916 0.122293 3255.66 2112 157441 1 0 1
-247.121 -48.3112 490 0.237425 0.0207969 0.411346 539.034 2112 157581 1 0 1
-67.7909 95.444 490 -0.0124934 -0.0111123 0.0207334 11054.5 2112 157613 1 0 1
153.68 53.4563 490 -11.3327 17.0507 9.72307 87.9159 2112 157780 1 0 1
98.0875 -162.617 490 -5.95564 12.9636 8.84318 88.7158 2112 157819 1 0 1
121.531 -120.693 490 -0.411116 0.567437 0.605424 268.354 2112 157963 1 0 1
-134.403 142.953 490 0.249265 1.3795 0.291904 319.991 2112 158055 1 0 1
34.3324 -125.813 490 0.107222 -0.0801114 0.167362 2470.92 2112 158397 1 0 1
-120.989 196.12 490 -0.0607064 -0.131746 0.198212 1114.21 2112 158515 1 0 1
-58.1412 -97.3364 490 1.57741 -8.90646 4.75215 129.626 2112 158531 1 0 1
204.244 -6.15112 490 -0.11717 0.00524949 0.125915 2995.08 2112 158564 1 0 1
246.063 -189.776 490 -1.70792 -0.264977 4.47866 146.099 2112 158740 1 0 1
110.043 -39.8986 490 0.0356917 -0.0369638 0.0204847 7372.11 2112 159103 1 0 1
19.4199 -41.02 490 -0.0578858 0.0570508 0.264883 1453.45 2112 159184 1 0 1
-248.892 -236.244 490 0.116358 -0.00918059 0.157831 1877.78 2112 159339 1 0 1
-61.5576 74.8467 490 0.0267593 -0.000798474 0.046942 3498.96 2112 159461 1 0 1
159.568 -163.7 490 -20.2234 -1.03324 24.735 75.1096 2112 159508 1 0 1
-138.669 116.636 490 2.11575 1.55116 2.36782 194.483 2112 159513 1 0 1
-90.2965 -102.833 490 -0.0297307 -0.0186376 0.0359395 6175.52 2112 159574 1 0 1
-141.434 -13.8347 490 -0.0357879 -0.254366 0.117233 9389.17 22 159676 1005 1 1
18.7305 -243.677 490 0.353549 10.2852 8.16076 99.8194 2112 159689 1 0 1
47.6509 156.515 490 -0.00554647 0.0166809 0.0532794 9299.21 2112 159749 1 0 1
-138.813 -21.5366 490 0.0477886 -0.0380208 0.045347 8562.71 2112 160151 1 0 1
123.12 172.159 490 -0.0388036 0.128118 0.072921 2288.13 2112 160176 1 0 1
-112.473 -235.884 490 0.293531 -0.300583 0.508985 897.314 2112 160204 1 0 1
-24.9803 164.322 490 5.78977 -4.31974 19.8698 92.5274 2112 160287 1 0 1
158.828 -233.66 490 10.8216 -18.0581 10.4996 77.3989 2112 160600 1 0 1
-36.8432 -53.8085 490 0.0100229 0.0558905 0.233352 969.64 2112 160781 1 0 1
-217.538 -214.266 490 -0.0806013 0.0565929 0.119346 2712.05 2112 160821 1 0 1
171.012 242.06 490 -2.15888 0.277323 0.580902 221.928 2112 161032 1 0 1
4.74599 22.6227 490 -0.0195951 0.0223716 0.0382953 35.6396 22 161340 1003 1 1
98.1732 -5.59859 490 0.596063 0.0251818 0.453983 404.078 2112 161359 1 0 1
-116.539 -78.3877 490 -0.616 -0.458883 1.33477 240.808 2112 161368 1 0 1
-188.632 245.876 490 0.242397 0.146078 0.0657886 2198.93 2112 161460 1 0 1
92.0829 -32.7693 490 1.48748 0.419235 1.10379 334.866 2112 161835 1 0 1
51.1538 -11.4492 490 0.0253589 -0.0941997 0.0260172 32489.4 22 161843 1010 1 1
210.17 104.496 490 0.271031 0.0282466 0.502631 1177.92 2112 162156 1 0 1
-198.626 -2.3323 490 -24.367 7.70598 24.5643 55.9008 2112 162470 1 0 1
-7.0316 -250 492.613 -3.52415 0.864242 4.8317 120.519 2112 162515 1 0 1
221.602 -213.758 490 -0.0561325 -0.104617 0.166205 948.844 2112 162529 1 0 1
194.82 -216.504 490 0.178321 0.700293 0.328901 637.92 2112 162578 1 0 1
193.294 -226.581 490 -1.96614 10.925 33.399 58.5128 2112 162653 1 0 1
110.805 -122.896 490 0.0236226 0.0181326 0.0625418 4152.34 2112 162918 1 0 1
171.346 20.5926 490 -0.144356 0.211985 0.171316 1760.75 2112 162965 1 0 1
108.143 -83.6845 490 -0.746343 0.474726 0.703657 412.934 2112 162972 1 0 1
-48.5735 -86.1636 490 1.12949 0.00103969 0.122109 567.323 2112 163070 1 0 1
37.8783 117.756 490 0.124769 0.697821 1.70087 5737.3 22 163097 1004 1 1
-57.5723 -92.7355 490 -0.612208 1.23196 1.24506 187.651 2112 163176 1 0 1
-95.153 -241.536 490 -0.0906063 -0.0202673 0.222882 641.968 22 163298 1081 1 1
-160.58 -221.611 490 -0.913564 -0.0183788 0.571249 641.961 22 163298 1083 1 1
15.8517 88.3472 490 2.56897e-05 -0.709798 1.478 384.069 2112 163304 1 0 1
250 178.309 492.729 -5.44738 8.01453 1.39883 108.918 2112 163406 1 0 1
-48.3576 80.1845 490 -0.0383722 0.00707013 0.0702648 2244.71 2112 163582 1 0 1
-9.8605 8.55985 490 0.015691 -0.0729205 0.125854 1480.75 2112 163668 1 0 1
5.19691 -246.126 490 0.912237 0.490222 0.902305 690.037 2112 163685 1 0 1
-212.725 -3.12662 490 -1.81437 1.08162 1.67105 223.575 2112 163694 1 0 1
117.565 25.6777 490 -0.148318 -0.520703 0.640375 580.38 2112 163702 1 0 1
6.17 -107.012 490 -3.42265 0.543035 6.20135 97.014 2112 163853 1 0 1
55.7667 -163.697 490 0.0846086 0.0511219 0.229841 1708.62 2112 163935 1 0 1
-100.157 43.5525 490 -0.758614 -0.80573 0.430904 1555.42 22 164014 1004 1 1
-185.682 -221.792 490 1.09157 -10.5572 8.08255 88.2138 2112 164148 1 0 1
-37.2567 245.293 490 0.000607674 0.0402904 0.063768 5847.45 2112 164162 1 0 1
-193.972 -150.417 490 -23.2454 -1.43036 20.6826 74.7792 2112 164461 1 0 1
216.691 172.084 490 -0.0117926 -0.00668697 0.0383565 6864.85 2112 164506 1 0 1
72.1189 -24.749 490 -0.249335 -1.38033 2.15894 159.083 2112 164984 1 0 1
-69.9163 161.217 490 -0.659587 -11.7863 36.0813 57.845 2112 165044 1 0 1
23.9785 -249.885 490 -0.0550315 0.603593 0.563014 389.364 2112 165445 1 0 1
95.0013 -199.831 490 -0.0735887 -0.0392616 0.0392369 2027.7 2112 165609 1 0 1
-141.971 77.8566 490 -1.47748 0.164841 1.65282 8074.48 22 165660 1007 1 1
206.603 143.712 490 -13.6233 -20.0424 18.254 60.8516 2112 165722 1 0 1
-205.756 -221.787 490 0.213281 -0.393452 0.661949 359.352 2112 166003 1 0 1
119.741 73.188 490 0.016535 -0.0145502 0.0595684 6730.11 2112 166225 1 0 1
-31.1216 -116.995 490 -17.5061 7.42209 7.99734 85.3151 2112 166297 1 0 1
-62.0708 -168.977 490 -0.109308 1.19944 0.790221 314.121 2112 166421 1 0 1
-45.503 109.347 490 3.12921 -2.59726 3.54068 221.335 2112 166425 1 0 1
65.2234 191.503 490 -0.0219545 0.00316541 0.0236399 7214.15 2112 166492 1 0 1
-115.246 -110.722 490 -0.0384339 -0.0368774 0.0765415 2967.12 2112 166565 1 0 1
68.6603 22.7073 490 -0.468778 -0.21331 0.579623 831.139 2112 166663 1 0 1
234.577 -239.528 490 -1.81354 -1.72919 7.32556 132.627 2112 166687 1 0 1
185.977 163.024 490 0.118136 -0.176077 0.107615 4484.63 22 166736 1006 1 1
56.3866 157.86 490 0.0085516 0.140788 0.153036 1933.76 2112 166740 1 0 1
-226.442 189.039 490 0.0461528 0.0400336 0.0522254 4678.53 2112 166757 1 0 1
161.896 119.902 490 -0.0270491 0.0164245 0.0247618 6146.42 2112 166817 1 0 1
-106.193 118.28 490 -3.41685 5.1802 24.9187 63.9602 2112 166898 1 0 1
67.4807 38.9641 490 -1.03672 -16.2708 6.09727 109.439 2112 167214 1 0 1
237.525 226.419 490 0.0135674 -0.228788 0.508781 509.269 2112 167317 1 0 1
-24.84 129.195 490 -0.0848749 0.0711802 0.231795 1093.51 2112 167392 1 0 1
136.394 14.4018 490 -0.428914 -0.0308275 1.31658 368.556 2112 167556 1 0 1
-68.0369 171.743 490 2.287 -1.41147 21.4569 77.2479 2112 167690 1 0 1
88.839 -236.325 490 -0.442281 -0.377757 0.376514 1073.9 2112 167828 1 0 1
-152.526 -240.96 490 -0.0926735 3.05043 2.02537 156.813 2112 167877 1 0 1
250 43.5024 498.331 -20.8107 -3.16612 16.1601 61.3319 2112 168146 1 0 1
174.439 -87.0807 490 -0.756721 -0.676089 0.253889 460.964 2112 168226 1 0 1
-24.8046 -245.237 490 -0.0197691 0.0083009 0.0565545 3680.29 2112 168628 1 0 1
-250 46.0638 493.706 0.0684633 -0.0183896 0.0571029 3265.51 22 168669 1012 1 1
10.0218 203.066 490 -0.0045501 0.00479353 0.0339203 7612.81 2112 168961 1 0 1
-250 231.871 492.436 32.1394 -9.47325 1.99641 80.2496 2112 169245 1 0 1
-146.386 -102.752 490 -0.150266 -0.012741 0.188966 1339.22 2112 169490 1 0 1
156.936 214.862 490 -0.133937 0.321492 0.171108 1508.24 2112 169724 1 0 1
-49.7473 -29.162 490 0.00822358 0.993925 2.7322 315.408 2112 169769 1 0 1
225.113 -191.21 490 -0.031372 0.189329 0.0561414 11755.1 22 169975 1024 1 1
-88.235 -30.3646 490 0.331464 -0.0827063 0.975589 5181 22 169994 1003 1 1
50.9621 114.261 490 0.388299 0.232978 0.723524 183.663 2112 170396 1 0 1
-151.66 111.706 490 -2.45434 -0.806669 3.3745 156.649 2112 170589 1 0 1
-218.102 -47.5448 490 -13.5292 -11.3083 28.7694 58.5799 2112 170596 1 0 1
-116.385 -34.1951 490 -0.0216365 -0.084774 0.142253 4757.46 2112 170886 1 0 1
-191.473 -204.802 490 2.82424 9.77076 7.65691 133.186 2112 171135 1 0 1
131.738 -48.0702 490 9.02634 -12.5287 7.32569 102.685 2112 171136 1 0 1
-33.0595 97.8484 490 0.126428 0.150036 0.0515263 1451.56 2112 171159 1 0 1
209.391 -1.57052 490 -2.88214 -20.8502 27.1256 58.4147 2112 171171 1 0 1
-157.661 -133.294 490 0.787046 0.493084 0.668106 490.56 2112 171327 1 0 1
198.886 -0.564598 490 0.00156463 0.040439 0.0509842 2815.85 2112 171354 1 0 1
79.8273 66.602 490 0.538756 0.782388 2.04518 197.512 2112 171566 1 0 1
-235.364 34.5877 490 0.0291331 0.8953 2.2318 365.996 2112 171783 1 0 1
229.931 -79.113 490 0.689994 -0.190539 0.206895 723.971 2112 172031 1 0 1
237.317 204.95 490 1.09017 -0.0168802 0.925693 436.542 2112 172109 1 0 1
241.413 11.9333 490 -0.0169921 0.0319595 0.0162145 7990.48 2112 172120 1 0 1
97.1256 174.598 490 11.3289 18.7172 13.6376 70.7019 2112 172272 1 0 1
68.8993 249.453 490 -0.0388014 0.0266468 0.0733842 7962.49 2112 172368 1 0 1
-41.4799 -120.239 490 -5.32575 -9.20245 12.8475 90.7813 2112 172528 1 0 1
163.109 103.194 490 -4.09412 3.48334 3.81315 103.013 2112 172581 1 0 1
-209.316 -231.604 490 1.15758 -0.104305 0.755461 4098.39 22 172613 1023 1 1
-200.561 165.555 490 -0.939453 19.7827 17.9102 79.6354 2112 172663 1 0 1
224.874 159.026 490 -0.158774 -0.892705 1.63383 141.121 2112 172782 1 0 1
70.0467 238.08 490 -0.00667371 -0.00991918 0.0595921 2913.64 2112 172825 1 0 1
27.054 100.704 490 0.0361844 0.00457383 0.0268143 3837.18 2112 173108 1 0 1
