
 *****  Protons in Lexan (0.23GeV, 2.0cm)                                                 *****

           DATE: 12/13/18,  TIME:  4:39:13

          Total number of particles followed        1000000, for a total weight of  1.0000E+06

1

   Res. nuclei n.   1  "Ian       " ,  all         products, region n.     5
      detector volume:  1.0000E+00 cm**3
      Max. Z:  10, Max. N-Z:  11 Min. N-Z: -4
      Data follow in a matrix A(z,n-z-k), k: -5 format (1(5x,1p,10(1x,e11.4)))

       0.0000E+00  0.0000E+00  0.0000E+00  0.0000E+00  0.0000E+00  0.0000E+00  0.0000E+00  0.0000E+00  0.0000E+00  0.0000E+00
       0.0000E+00  0.0000E+00  0.0000E+00  0.0000E+00  0.0000E+00  8.5000E-05  0.0000E+00  3.3000E-05  0.0000E+00  0.0000E+00
       0.0000E+00  0.0000E+00  0.0000E+00  0.0000E+00  6.8300E-04  1.2930E-03  2.5400E-04  1.9690E-03  0.0000E+00  0.0000E+00
       5.3380E+00  1.7400E-02  0.0000E+00  5.5120E-03  0.0000E+00  1.5051E-02  3.0960E-03  5.5804E-02  2.0000E-06  2.0000E-06
       3.9101E+00  2.3196E-01  1.4044E-02  0.0000E+00  8.5910E-03  5.3052E-02  2.7354E-02  7.5605E-02  1.3000E-05  1.2000E-05
       9.2167E-03  0.0000E+00  4.6790E-03  2.8047E-03  1.3118E-02  1.4077E-02  4.1455E-02  1.0084E-04  2.0000E-06  0.0000E+00
       0.0000E+00  3.0800E-04  5.6000E-04  1.5680E-03  4.5100E-04  3.8330E-03  2.8817E-04  1.2200E-04  0.0000E+00  0.0000E+00
       0.0000E+00  0.0000E+00  5.8000E-05  3.0000E-05  8.0000E-05  1.3000E-05  4.1000E-05  0.0000E+00  0.0000E+00  0.0000E+00
       0.0000E+00  0.0000E+00  0.0000E+00  2.0000E-06  0.0000E+00  3.0000E-06  0.0000E+00  0.0000E+00  0.0000E+00  0.0000E+00
       0.0000E+00  0.0000E+00  0.0000E+00  0.0000E+00  0.0000E+00  0.0000E+00  0.0000E+00  0.0000E+00  0.0000E+00  0.0000E+00
       0.0000E+00  0.0000E+00  0.0000E+00  0.0000E+00  0.0000E+00  0.0000E+00  0.0000E+00  0.0000E+00  0.0000E+00  0.0000E+00
       0.0000E+00  0.0000E+00  0.0000E+00  0.0000E+00  0.0000E+00  0.0000E+00  0.0000E+00  0.0000E+00  0.0000E+00  0.0000E+00
       0.0000E+00  0.0000E+00  0.0000E+00  0.0000E+00  0.0000E+00  0.0000E+00  0.0000E+00  0.0000E+00  0.0000E+00  0.0000E+00
       0.0000E+00  0.0000E+00  0.0000E+00  0.0000E+00  0.0000E+00  0.0000E+00  0.0000E+00  0.0000E+00  0.0000E+00  0.0000E+00
       0.0000E+00  0.0000E+00  0.0000E+00  0.0000E+00  0.0000E+00  0.0000E+00  0.0000E+00  0.0000E+00  0.0000E+00  0.0000E+00
       0.0000E+00  0.0000E+00  0.0000E+00  0.0000E+00  0.0000E+00  0.0000E+00  0.0000E+00  0.0000E+00  0.0000E+00  0.0000E+00
