
 *****  Protons in Lexan (0.20GeV, 1.0cm)                                                 *****

           DATE: 11/30/18,  TIME: 19:17:19

          Total number of particles followed       10000000, for a total weight of  1.0000E+07

1

   Res. nuclei n.   1  "Ian       " ,  all         products, region n.     5
      detector volume:  1.0000E+00 cm**3
      Max. Z:  10, Max. N-Z:  11 Min. N-Z: -4
      Data follow in a matrix A(z,n-z-k), k: -5 format (1(5x,1p,10(1x,e11.4)))

       0.0000E+00  0.0000E+00  0.0000E+00  0.0000E+00  0.0000E+00  0.0000E+00  0.0000E+00  0.0000E+00  0.0000E+00  0.0000E+00
       0.0000E+00  0.0000E+00  0.0000E+00  0.0000E+00  0.0000E+00  7.5000E-06  0.0000E+00  4.0000E-07  0.0000E+00  0.0000E+00
       0.0000E+00  0.0000E+00  0.0000E+00  0.0000E+00  5.2800E-05  1.0330E-04  1.1400E-05  2.3600E-05  0.0000E+00  0.0000E+00
       9.0370E-03  1.4378E-03  0.0000E+00  6.7000E-04  0.0000E+00  2.0425E-03  2.8800E-05  4.9390E-04  0.0000E+00  0.0000E+00
       2.3582E-03  1.1206E-02  9.3300E-04  0.0000E+00  6.9580E-04  2.4722E-03  2.3560E-04  2.9317E-04  1.0000E-07  0.0000E+00
       7.3740E-04  0.0000E+00  5.2010E-04  1.3829E-04  1.2788E-03  1.3285E-04  3.1842E-04  7.0236E-07  0.0000E+00  0.0000E+00
       0.0000E+00  2.5800E-05  4.0400E-05  9.4200E-05  1.6929E-05  3.0300E-05  3.6816E-07  4.0000E-07  0.0000E+00  0.0000E+00
       0.0000E+00  0.0000E+00  3.2000E-06  6.0000E-07  8.0000E-07  1.0000E-07  5.0000E-07  0.0000E+00  0.0000E+00  0.0000E+00
       0.0000E+00  2.0000E-07  0.0000E+00  0.0000E+00  0.0000E+00  0.0000E+00  0.0000E+00  0.0000E+00  0.0000E+00  0.0000E+00
       0.0000E+00  0.0000E+00  0.0000E+00  0.0000E+00  0.0000E+00  0.0000E+00  0.0000E+00  0.0000E+00  0.0000E+00  0.0000E+00
       0.0000E+00  0.0000E+00  0.0000E+00  0.0000E+00  0.0000E+00  0.0000E+00  0.0000E+00  0.0000E+00  0.0000E+00  0.0000E+00
       0.0000E+00  0.0000E+00  0.0000E+00  0.0000E+00  0.0000E+00  0.0000E+00  0.0000E+00  0.0000E+00  0.0000E+00  0.0000E+00
       0.0000E+00  0.0000E+00  0.0000E+00  0.0000E+00  0.0000E+00  0.0000E+00  0.0000E+00  0.0000E+00  0.0000E+00  0.0000E+00
       0.0000E+00  0.0000E+00  0.0000E+00  0.0000E+00  0.0000E+00  0.0000E+00  0.0000E+00  0.0000E+00  0.0000E+00  0.0000E+00
       0.0000E+00  0.0000E+00  0.0000E+00  0.0000E+00  0.0000E+00  0.0000E+00  0.0000E+00  0.0000E+00  0.0000E+00  0.0000E+00
       0.0000E+00  0.0000E+00  0.0000E+00  0.0000E+00  0.0000E+00  0.0000E+00  0.0000E+00  0.0000E+00  0.0000E+00  0.0000E+00
