
 *****  Protons in Lexan (0.25GeV, 1.0cm)                                                 *****

           DATE: 12/13/18,  TIME:  5:55:26

          Total number of particles followed        1000000, for a total weight of  1.0000E+06

1

   Res. nuclei n.   1  "Ian       " ,  all         products, region n.     5
      detector volume:  1.0000E+00 cm**3
      Max. Z:  10, Max. N-Z:  11 Min. N-Z: -4
      Data follow in a matrix A(z,n-z-k), k: -5 format (1(5x,1p,10(1x,e11.4)))

       0.0000E+00  0.0000E+00  0.0000E+00  0.0000E+00  0.0000E+00  0.0000E+00  0.0000E+00  0.0000E+00  0.0000E+00  0.0000E+00
       0.0000E+00  0.0000E+00  0.0000E+00  0.0000E+00  0.0000E+00  9.8000E-05  0.0000E+00  5.5000E-05  0.0000E+00  0.0000E+00
       0.0000E+00  0.0000E+00  0.0000E+00  0.0000E+00  8.1200E-04  1.4760E-03  2.8400E-04  2.4230E-03  0.0000E+00  0.0000E+00
       5.8822E+00  2.0317E-02  0.0000E+00  6.5800E-03  0.0000E+00  1.7283E-02  3.8250E-03  6.6034E-02  2.0000E-06  1.0000E-06
       4.3865E+00  2.6458E-01  1.6494E-02  0.0000E+00  1.0135E-02  5.7858E-02  3.2861E-02  8.0747E-02  1.6000E-05  1.0000E-05
       1.0834E-02  0.0000E+00  5.6610E-03  3.3844E-03  1.5372E-02  1.6382E-02  4.9325E-02  1.1933E-04  1.0000E-06  0.0000E+00
       0.0000E+00  4.0400E-04  7.3800E-04  1.9080E-03  5.4600E-04  4.4880E-03  3.0938E-04  1.4100E-04  0.0000E+00  0.0000E+00
       0.0000E+00  0.0000E+00  5.9000E-05  3.0000E-05  9.0000E-05  1.2000E-05  5.7000E-05  0.0000E+00  0.0000E+00  0.0000E+00
       0.0000E+00  0.0000E+00  0.0000E+00  1.0000E-06  0.0000E+00  2.0000E-06  0.0000E+00  0.0000E+00  0.0000E+00  0.0000E+00
       0.0000E+00  0.0000E+00  0.0000E+00  0.0000E+00  0.0000E+00  0.0000E+00  0.0000E+00  0.0000E+00  0.0000E+00  0.0000E+00
       0.0000E+00  0.0000E+00  0.0000E+00  0.0000E+00  0.0000E+00  0.0000E+00  0.0000E+00  0.0000E+00  0.0000E+00  0.0000E+00
       0.0000E+00  0.0000E+00  0.0000E+00  0.0000E+00  0.0000E+00  0.0000E+00  0.0000E+00  0.0000E+00  0.0000E+00  0.0000E+00
       0.0000E+00  0.0000E+00  0.0000E+00  0.0000E+00  0.0000E+00  0.0000E+00  0.0000E+00  0.0000E+00  0.0000E+00  0.0000E+00
       0.0000E+00  0.0000E+00  0.0000E+00  0.0000E+00  0.0000E+00  0.0000E+00  0.0000E+00  0.0000E+00  0.0000E+00  0.0000E+00
       0.0000E+00  0.0000E+00  0.0000E+00  0.0000E+00  0.0000E+00  0.0000E+00  0.0000E+00  0.0000E+00  0.0000E+00  0.0000E+00
       0.0000E+00  0.0000E+00  0.0000E+00  0.0000E+00  0.0000E+00  0.0000E+00  0.0000E+00  0.0000E+00  0.0000E+00  0.0000E+00
