
 *****  Protons in Lexan (0.23GeV, 1.0cm)                                                 *****

           DATE: 11/30/18,  TIME: 22:54:36

          Total number of particles followed       10000000, for a total weight of  1.0000E+07

1

   Bdrx n.   2  "ofluence  " , generalized particle n.    1, from region n.     5 to region n.     4
      detector area:  1.0000E+02 cm**2
      this is a one way only estimator
      this is a fluence like estimator
      linear energy binning from   1.5000E-01 to  2.8000E-01 GeV,   650 bins ( 2.0000E-04 GeV wide)
      linear angular binning from  0.0000E+00 to  6.2832E+00 sr ,     1 bins ( 6.2832E+00 sr wide )
      Data follow in a matrix A(ie,ia), format (1(5x,1p,10(1x,e11.4)))

       1.3669E-04  1.5004E-04  1.3393E-04  1.2997E-04  1.3715E-04  1.3715E-04  1.3086E-04  1.3982E-04  1.4290E-04  1.4154E-04
       1.3687E-04  1.5459E-04  1.2958E-04  1.3890E-04  1.0782E-04  1.3177E-04  1.4217E-04  1.4042E-04  1.3681E-04  1.1367E-04
       1.2371E-04  1.2649E-04  1.3089E-04  1.3797E-04  1.3288E-04  1.3186E-04  1.4326E-04  1.2580E-04  1.2755E-04  1.2749E-04
       1.3709E-04  1.3139E-04  1.3974E-04  1.6024E-04  1.4308E-04  1.3478E-04  1.5392E-04  1.2632E-04  1.2978E-04  1.3416E-04
       1.3369E-04  1.2644E-04  1.4783E-04  1.1961E-04  1.2125E-04  1.2893E-04  1.5036E-04  1.2025E-04  1.2395E-04  1.3731E-04
       1.2858E-04  1.1815E-04  1.1168E-04  1.0949E-04  1.4776E-04  1.3880E-04  1.3069E-04  1.5463E-04  1.5034E-04  1.3256E-04
       1.4526E-04  1.2303E-04  1.1307E-04  1.1596E-04  1.2738E-04  1.2250E-04  1.2362E-04  1.0662E-04  1.3148E-04  1.1528E-04
       1.3744E-04  1.3163E-04  1.4494E-04  1.3353E-04  1.2131E-04  1.2539E-04  1.1969E-04  1.4199E-04  1.3558E-04  1.2742E-04
       1.1638E-04  1.2093E-04  1.4253E-04  1.3574E-04  1.4566E-04  1.2554E-04  1.2408E-04  1.1410E-04  1.2607E-04  1.4247E-04
       1.2076E-04  1.3593E-04  1.3352E-04  1.5271E-04  1.2251E-04  1.1933E-04  1.4338E-04  1.2657E-04  1.4535E-04  1.2762E-04
       1.3543E-04  1.2747E-04  1.3601E-04  1.2024E-04  1.5483E-04  1.3097E-04  1.2828E-04  9.9883E-05  1.2901E-04  1.1768E-04
       1.2815E-04  1.4477E-04  1.3448E-04  1.3589E-04  1.2912E-04  1.5238E-04  1.2989E-04  1.4466E-04  1.1939E-04  1.3086E-04
       1.2664E-04  1.3969E-04  1.3757E-04  1.2958E-04  1.2033E-04  1.3484E-04  1.2105E-04  1.2844E-04  1.2663E-04  1.1559E-04
       1.3964E-04  1.2933E-04  1.1823E-04  1.1406E-04  1.1518E-04  1.0953E-04  1.2253E-04  1.3610E-04  1.4208E-04  1.3958E-04
       1.2844E-04  1.3732E-04  1.2314E-04  1.3300E-04  1.3896E-04  1.3927E-04  1.2911E-04  1.3394E-04  1.1698E-04  1.2790E-04
       1.2921E-04  1.2646E-04  1.2748E-04  1.2259E-04  1.3405E-04  1.3541E-04  1.3043E-04  1.2038E-04  1.4343E-04  1.3588E-04
       1.1964E-04  1.3493E-04  1.2624E-04  1.3186E-04  1.2566E-04  1.3156E-04  1.2958E-04  1.4743E-04  1.1970E-04  1.3467E-04
       1.2109E-04  1.3277E-04  1.0658E-04  1.2514E-04  1.2712E-04  1.2162E-04  1.2289E-04  1.1991E-04  1.0393E-04  1.0932E-04
       1.1795E-04  1.0715E-04  1.3225E-04  1.2095E-04  1.2099E-04  1.0435E-04  1.3751E-04  9.6965E-05  1.3633E-04  1.2251E-04
       1.2064E-04  1.1559E-04  1.1761E-04  1.3530E-04  1.1014E-04  1.1940E-04  1.1607E-04  1.2047E-04  1.3370E-04  1.2575E-04
       1.1833E-04  1.1869E-04  1.1052E-04  1.2463E-04  1.0561E-04  1.2676E-04  1.2720E-04  1.1273E-04  1.3214E-04  1.3140E-04
       1.2976E-04  1.2611E-04  1.1547E-04  1.0558E-04  1.0501E-04  1.1364E-04  9.9600E-05  9.4842E-05  1.1033E-04  1.1169E-04
       1.2595E-04  1.0349E-04  1.0014E-04  1.0983E-04  1.1619E-04  1.0511E-04  1.0783E-04  1.0799E-04  9.6042E-05  1.1394E-04
       9.5935E-05  9.8342E-05  1.0305E-04  9.8827E-05  1.0465E-04  1.0129E-04  1.2023E-04  9.1901E-05  9.2184E-05  9.8298E-05
       1.0565E-04  1.0082E-04  1.0550E-04  8.8337E-05  1.0190E-04  8.9595E-05  7.9725E-05  8.1490E-05  1.0729E-04  9.6490E-05
       8.5986E-05  8.8046E-05  1.0245E-04  1.0341E-04  8.5240E-05  8.8560E-05  8.2273E-05  9.1180E-05  8.6246E-05  1.0648E-04
       1.0286E-04  1.0260E-04  9.6839E-05  8.9158E-05  8.4720E-05  7.7883E-05  7.5192E-05  9.1079E-05  8.8459E-05  9.4077E-05
       9.0554E-05  8.8322E-05  7.8963E-05  8.5342E-05  9.0749E-05  8.4141E-05  9.5518E-05  8.4886E-05  8.2032E-05  8.7184E-05
       6.8927E-05  7.9583E-05  9.2041E-05  7.5170E-05  8.1428E-05  8.8942E-05  7.5514E-05  7.7209E-05  8.4072E-05  7.2036E-05
       8.8821E-05  6.2869E-05  8.0638E-05  8.5918E-05  7.5879E-05  6.7450E-05  7.2583E-05  6.2177E-05  6.7780E-05  7.3388E-05
       6.8346E-05  6.1224E-05  7.3556E-05  5.8824E-05  6.0508E-05  6.4620E-05  6.4969E-05  7.0536E-05  6.7809E-05  5.6188E-05
       5.8152E-05  6.4466E-05  4.8181E-05  6.1964E-05  5.0705E-05  5.9357E-05  5.5225E-05  4.8851E-05  4.3540E-05  5.1603E-05
       4.3682E-05  3.5775E-05  5.4400E-05  2.9795E-05  3.1847E-05  4.5189E-05  3.9726E-05  3.2927E-05  2.4746E-05  3.0166E-05
       2.9231E-05  3.8450E-05  3.6614E-05  3.2437E-05  3.5529E-05  3.9161E-05  3.7992E-05  4.3894E-05  4.9375E-05  3.8810E-05
       4.7099E-05  5.7888E-05  4.3303E-05  4.5873E-05  3.7778E-05  4.3571E-05  6.1803E-05  5.1038E-05  6.6189E-05  5.6221E-05
       5.4584E-05  6.9444E-05  8.1013E-05  9.6488E-05  1.3829E-04  1.9577E-04  3.6561E-04  6.7618E-04  1.2896E-03  2.5107E-03
       4.5358E-03  8.0336E-03  1.4172E-02  2.3344E-02  3.7989E-02  5.9227E-02  8.9136E-02  1.2887E-01  1.8069E-01  2.4128E-01
       3.1194E-01  3.8731E-01  4.6374E-01  5.3270E-01  5.8666E-01  6.2101E-01  6.3265E-01  6.1645E-01  5.7866E-01  5.1888E-01
       4.4840E-01  3.7061E-01  2.9425E-01  2.2412E-01  1.6346E-01  1.1422E-01  7.6855E-02  4.9427E-02  3.0108E-02  1.8090E-02
       1.0139E-02  5.4171E-03  2.8119E-03  1.3600E-03  6.4301E-04  3.0400E-04  1.3847E-04  4.5361E-05  2.1486E-05  7.9580E-06
       0.0000E+00  2.3874E-06  0.0000E+00  0.0000E+00  0.0000E+00  7.9579E-07  0.0000E+00  0.0000E+00  0.0000E+00  0.0000E+00
       0.0000E+00  0.0000E+00  0.0000E+00  0.0000E+00  0.0000E+00  0.0000E+00  0.0000E+00  0.0000E+00  0.0000E+00  0.0000E+00
       0.0000E+00  0.0000E+00  0.0000E+00  0.0000E+00  0.0000E+00  0.0000E+00  0.0000E+00  0.0000E+00  0.0000E+00  0.0000E+00
       0.0000E+00  0.0000E+00  0.0000E+00  0.0000E+00  0.0000E+00  0.0000E+00  0.0000E+00  0.0000E+00  0.0000E+00  0.0000E+00
       0.0000E+00  0.0000E+00  0.0000E+00  0.0000E+00  0.0000E+00  0.0000E+00  0.0000E+00  0.0000E+00  0.0000E+00  0.0000E+00
       0.0000E+00  0.0000E+00  0.0000E+00  0.0000E+00  0.0000E+00  0.0000E+00  0.0000E+00  0.0000E+00  0.0000E+00  0.0000E+00
       0.0000E+00  0.0000E+00  0.0000E+00  0.0000E+00  0.0000E+00  0.0000E+00  0.0000E+00  0.0000E+00  0.0000E+00  0.0000E+00
       0.0000E+00  0.0000E+00  0.0000E+00  0.0000E+00  0.0000E+00  0.0000E+00  0.0000E+00  0.0000E+00  0.0000E+00  0.0000E+00
       0.0000E+00  0.0000E+00  0.0000E+00  0.0000E+00  0.0000E+00  0.0000E+00  0.0000E+00  0.0000E+00  0.0000E+00  0.0000E+00
       0.0000E+00  0.0000E+00  0.0000E+00  0.0000E+00  0.0000E+00  0.0000E+00  0.0000E+00  0.0000E+00  0.0000E+00  0.0000E+00
       0.0000E+00  0.0000E+00  0.0000E+00  0.0000E+00  0.0000E+00  0.0000E+00  0.0000E+00  0.0000E+00  0.0000E+00  0.0000E+00
       0.0000E+00  0.0000E+00  0.0000E+00  0.0000E+00  0.0000E+00  0.0000E+00  0.0000E+00  0.0000E+00  0.0000E+00  0.0000E+00
       0.0000E+00  0.0000E+00  0.0000E+00  0.0000E+00  0.0000E+00  0.0000E+00  0.0000E+00  0.0000E+00  0.0000E+00  0.0000E+00
       0.0000E+00  0.0000E+00  0.0000E+00  0.0000E+00  0.0000E+00  0.0000E+00  0.0000E+00  0.0000E+00  0.0000E+00  0.0000E+00
       0.0000E+00  0.0000E+00  0.0000E+00  0.0000E+00  0.0000E+00  0.0000E+00  0.0000E+00  0.0000E+00  0.0000E+00  0.0000E+00
       0.0000E+00  0.0000E+00  0.0000E+00  0.0000E+00  0.0000E+00  0.0000E+00  0.0000E+00  0.0000E+00  0.0000E+00  0.0000E+00
       0.0000E+00  0.0000E+00  0.0000E+00  0.0000E+00  0.0000E+00  0.0000E+00  0.0000E+00  0.0000E+00  0.0000E+00  0.0000E+00
       0.0000E+00  0.0000E+00  0.0000E+00  0.0000E+00  0.0000E+00  0.0000E+00  0.0000E+00  0.0000E+00  0.0000E+00  0.0000E+00
       0.0000E+00  0.0000E+00  0.0000E+00  0.0000E+00  0.0000E+00  0.0000E+00  0.0000E+00  0.0000E+00  0.0000E+00  0.0000E+00
       0.0000E+00  0.0000E+00  0.0000E+00  0.0000E+00  0.0000E+00  0.0000E+00  0.0000E+00  0.0000E+00  0.0000E+00  0.0000E+00
       0.0000E+00  0.0000E+00  0.0000E+00  0.0000E+00  0.0000E+00  0.0000E+00  0.0000E+00  0.0000E+00  0.0000E+00  0.0000E+00
       0.0000E+00  0.0000E+00  0.0000E+00  0.0000E+00  0.0000E+00  0.0000E+00  0.0000E+00  0.0000E+00  0.0000E+00  0.0000E+00
       0.0000E+00  0.0000E+00  0.0000E+00  0.0000E+00  0.0000E+00  0.0000E+00  0.0000E+00  0.0000E+00  0.0000E+00  0.0000E+00
       0.0000E+00  0.0000E+00  0.0000E+00  0.0000E+00  0.0000E+00  0.0000E+00  0.0000E+00  0.0000E+00  0.0000E+00  0.0000E+00
       0.0000E+00  0.0000E+00  0.0000E+00  0.0000E+00  0.0000E+00  0.0000E+00  0.0000E+00  0.0000E+00  0.0000E+00  0.0000E+00
1

   Bdrx n.   6  "ofluence  " , generalized particle n.    1, from region n.     5 to region n.     4
      detector area:  1.0000E+02 cm**2
      this is a one way only estimator
      this is a fluence like estimator
      linear energy binning from   0.0000E+00 to  3.0000E+02 GeV,     1 bins ( 3.0000E+02 GeV wide)
      linear angular binning from  0.0000E+00 to  6.2832E+00 sr ,     1 bins ( 6.2832E+00 sr wide )
      Data follow in a matrix A(ie,ia), format (1(5x,1p,10(1x,e11.4)))

       5.3465E-06
