
 *****  Protons in Lexan (0.24GeV, 2cm)                                                   *****

           DATE: 12/19/18,  TIME: 22:55:51

          Total number of particles followed       16666666, for a total weight of  1.6667E+07

1

   Bdrx n.   4  "ocurrent  " , generalized particle n.    1, from region n.     5 to region n.     4
      detector area:  1.0000E+02 cm**2
      this is a one way only estimator
      this is a current like estimator
      linear energy binning from   1.6000E-01 to  2.9000E-01 GeV,   650 bins ( 2.0000E-04 GeV wide)
      linear angular binning from  0.0000E+00 to  6.2832E+00 sr ,     1 bins ( 6.2832E+00 sr wide )
      Data follow in a matrix A(ie,ia), format (1(5x,1p,10(1x,e11.4)))

       2.9985E-04  2.7836E-04  3.1274E-04  3.1226E-04  2.9221E-04  2.9364E-04  3.1656E-04  2.9412E-04  2.9651E-04  3.0605E-04
       2.9746E-04  2.9173E-04  2.9555E-04  3.1035E-04  2.7932E-04  3.0701E-04  3.0749E-04  2.9889E-04  3.1035E-04  2.8982E-04
       2.8696E-04  3.1226E-04  2.9651E-04  3.0844E-04  3.2181E-04  3.3566E-04  3.1704E-04  2.8982E-04  3.0605E-04  3.0176E-04
       3.1369E-04  2.9078E-04  2.8600E-04  3.0987E-04  2.8982E-04  2.9985E-04  3.1369E-04  3.0271E-04  3.0701E-04  3.1226E-04
       3.1942E-04  2.9794E-04  2.8934E-04  3.0701E-04  3.0940E-04  2.9842E-04  3.1369E-04  3.1895E-04  3.0128E-04  3.1942E-04
       2.7263E-04  3.0987E-04  2.8218E-04  3.0033E-04  3.1178E-04  3.1322E-04  2.8361E-04  3.1513E-04  3.1751E-04  2.8123E-04
       2.8457E-04  3.0892E-04  2.9173E-04  2.8123E-04  2.9173E-04  2.9412E-04  3.0701E-04  3.0892E-04  3.0940E-04  2.9507E-04
       2.9746E-04  2.9698E-04  3.0892E-04  3.0224E-04  3.0844E-04  2.9746E-04  3.0510E-04  3.0462E-04  2.8266E-04  3.0701E-04
       3.1369E-04  2.9842E-04  2.9555E-04  2.9507E-04  2.9603E-04  2.8982E-04  2.9603E-04  2.9460E-04  3.1847E-04  3.2086E-04
       3.1608E-04  2.9698E-04  2.9889E-04  3.1560E-04  3.0701E-04  3.2038E-04  3.0987E-04  2.9746E-04  2.9412E-04  3.0128E-04
       2.9842E-04  3.0462E-04  3.2754E-04  2.8696E-04  2.9412E-04  3.0128E-04  3.0128E-04  3.0176E-04  3.0367E-04  2.8887E-04
       3.1799E-04  3.2563E-04  3.0892E-04  3.1131E-04  3.0749E-04  3.0415E-04  2.9889E-04  3.1274E-04  3.0462E-04  2.9651E-04
       3.1656E-04  3.0605E-04  2.9651E-04  3.0176E-04  3.2372E-04  2.9698E-04  2.9746E-04  3.2754E-04  3.0080E-04  3.0892E-04
       2.8075E-04  3.1131E-04  3.0701E-04  2.9507E-04  3.0080E-04  3.2706E-04  2.7550E-04  3.1178E-04  2.7550E-04  2.7979E-04
       2.9507E-04  3.0749E-04  2.9794E-04  3.0605E-04  2.9460E-04  2.8600E-04  3.0176E-04  2.9651E-04  3.1035E-04  2.9030E-04
       2.8600E-04  2.7406E-04  2.7884E-04  2.7836E-04  3.0271E-04  2.9173E-04  2.8075E-04  2.8457E-04  2.9125E-04  2.8075E-04
       2.7215E-04  3.0224E-04  2.8552E-04  2.6595E-04  2.9603E-04  2.7979E-04  2.8027E-04  2.8505E-04  2.7215E-04  2.9889E-04
       2.8075E-04  2.6977E-04  2.7263E-04  2.7120E-04  2.8934E-04  2.6213E-04  2.7741E-04  2.9078E-04  2.7311E-04  2.5019E-04
       2.5640E-04  2.5831E-04  2.7454E-04  2.5926E-04  2.7168E-04  2.7550E-04  2.5879E-04  2.7168E-04  2.6308E-04  2.7120E-04
       2.7168E-04  2.4924E-04  2.7311E-04  2.4255E-04  2.5067E-04  2.2059E-04  2.6929E-04  2.6261E-04  2.5258E-04  2.3253E-04
       2.4589E-04  2.5115E-04  2.4828E-04  2.3157E-04  2.4112E-04  2.2871E-04  2.4971E-04  2.6786E-04  2.3300E-04  2.3778E-04
       2.3825E-04  2.3778E-04  2.4160E-04  2.4064E-04  2.3300E-04  2.3778E-04  2.1581E-04  2.3730E-04  2.2536E-04  2.5210E-04
       2.2632E-04  2.2154E-04  2.2298E-04  2.3730E-04  2.3253E-04  2.2441E-04  2.2441E-04  2.2441E-04  2.2680E-04  2.2154E-04
       2.1199E-04  2.3062E-04  2.0817E-04  2.3969E-04  2.3014E-04  2.2202E-04  2.4160E-04  2.1820E-04  1.9624E-04  2.0197E-04
       2.1247E-04  2.0674E-04  1.9290E-04  1.8812E-04  2.0961E-04  2.0865E-04  1.9099E-04  1.8908E-04  1.7953E-04  1.9433E-04
       1.9242E-04  1.7284E-04  1.8144E-04  1.8669E-04  1.7953E-04  1.8382E-04  1.7523E-04  1.7380E-04  1.6616E-04  1.5900E-04
       1.5852E-04  1.8144E-04  1.5518E-04  1.6043E-04  1.3321E-04  1.4658E-04  1.3655E-04  1.4515E-04  1.4037E-04  1.3655E-04
       1.2605E-04  1.3035E-04  1.2605E-04  1.1984E-04  1.1555E-04  1.1984E-04  1.1268E-04  1.1125E-04  1.0695E-04  9.6448E-05
       9.2151E-05  8.2124E-05  9.2628E-05  9.3583E-05  7.9259E-05  8.9286E-05  9.5970E-05  8.8808E-05  8.4989E-05  1.0027E-04
       9.6448E-05  9.8835E-05  1.0313E-04  1.1698E-04  1.1984E-04  1.0982E-04  1.1650E-04  1.4515E-04  1.5422E-04  1.5279E-04
       1.6138E-04  1.6950E-04  1.9337E-04  2.2202E-04  2.7168E-04  3.3709E-04  4.8224E-04  7.6633E-04  1.1664E-03  1.9013E-03
       2.9865E-03  4.8587E-03  7.5091E-03  1.1687E-02  1.7743E-02  2.6421E-02  3.8725E-02  5.5346E-02  7.6911E-02  1.0417E-01
       1.3832E-01  1.7802E-01  2.2367E-01  2.7395E-01  3.2585E-01  3.7847E-01  4.2631E-01  4.6657E-01  4.9933E-01  5.1707E-01
       5.2006E-01  5.0802E-01  4.8228E-01  4.4323E-01  3.9591E-01  3.4359E-01  2.8838E-01  2.3436E-01  1.8574E-01  1.4138E-01
       1.0491E-01  7.5185E-02  5.2061E-02  3.5076E-02  2.2691E-02  1.4211E-02  8.8097E-03  5.2139E-03  2.9111E-03  1.6191E-03
       8.6182E-04  4.5168E-04  2.0865E-04  9.8835E-05  4.3927E-05  1.5756E-05  1.0982E-05  4.2972E-06  4.7746E-07  0.0000E+00
       0.0000E+00  4.7746E-07  0.0000E+00  0.0000E+00  0.0000E+00  0.0000E+00  0.0000E+00  0.0000E+00  0.0000E+00  0.0000E+00
       0.0000E+00  0.0000E+00  0.0000E+00  0.0000E+00  0.0000E+00  0.0000E+00  0.0000E+00  0.0000E+00  0.0000E+00  0.0000E+00
       0.0000E+00  0.0000E+00  0.0000E+00  0.0000E+00  0.0000E+00  0.0000E+00  0.0000E+00  0.0000E+00  0.0000E+00  0.0000E+00
       0.0000E+00  0.0000E+00  0.0000E+00  0.0000E+00  0.0000E+00  0.0000E+00  0.0000E+00  0.0000E+00  0.0000E+00  0.0000E+00
       0.0000E+00  0.0000E+00  0.0000E+00  0.0000E+00  0.0000E+00  0.0000E+00  0.0000E+00  0.0000E+00  0.0000E+00  0.0000E+00
       0.0000E+00  0.0000E+00  0.0000E+00  0.0000E+00  0.0000E+00  0.0000E+00  0.0000E+00  0.0000E+00  0.0000E+00  0.0000E+00
       0.0000E+00  0.0000E+00  0.0000E+00  0.0000E+00  0.0000E+00  0.0000E+00  0.0000E+00  0.0000E+00  0.0000E+00  0.0000E+00
       0.0000E+00  0.0000E+00  0.0000E+00  0.0000E+00  0.0000E+00  0.0000E+00  0.0000E+00  0.0000E+00  0.0000E+00  0.0000E+00
       0.0000E+00  0.0000E+00  0.0000E+00  0.0000E+00  0.0000E+00  0.0000E+00  0.0000E+00  0.0000E+00  0.0000E+00  0.0000E+00
       0.0000E+00  0.0000E+00  0.0000E+00  0.0000E+00  0.0000E+00  0.0000E+00  0.0000E+00  0.0000E+00  0.0000E+00  0.0000E+00
       0.0000E+00  0.0000E+00  0.0000E+00  0.0000E+00  0.0000E+00  0.0000E+00  0.0000E+00  0.0000E+00  0.0000E+00  0.0000E+00
       0.0000E+00  0.0000E+00  0.0000E+00  0.0000E+00  0.0000E+00  0.0000E+00  0.0000E+00  0.0000E+00  0.0000E+00  0.0000E+00
       0.0000E+00  0.0000E+00  0.0000E+00  0.0000E+00  0.0000E+00  0.0000E+00  0.0000E+00  0.0000E+00  0.0000E+00  0.0000E+00
       0.0000E+00  0.0000E+00  0.0000E+00  0.0000E+00  0.0000E+00  0.0000E+00  0.0000E+00  0.0000E+00  0.0000E+00  0.0000E+00
       0.0000E+00  0.0000E+00  0.0000E+00  0.0000E+00  0.0000E+00  0.0000E+00  0.0000E+00  0.0000E+00  0.0000E+00  0.0000E+00
       0.0000E+00  0.0000E+00  0.0000E+00  0.0000E+00  0.0000E+00  0.0000E+00  0.0000E+00  0.0000E+00  0.0000E+00  0.0000E+00
       0.0000E+00  0.0000E+00  0.0000E+00  0.0000E+00  0.0000E+00  0.0000E+00  0.0000E+00  0.0000E+00  0.0000E+00  0.0000E+00
       0.0000E+00  0.0000E+00  0.0000E+00  0.0000E+00  0.0000E+00  0.0000E+00  0.0000E+00  0.0000E+00  0.0000E+00  0.0000E+00
       0.0000E+00  0.0000E+00  0.0000E+00  0.0000E+00  0.0000E+00  0.0000E+00  0.0000E+00  0.0000E+00  0.0000E+00  0.0000E+00
       0.0000E+00  0.0000E+00  0.0000E+00  0.0000E+00  0.0000E+00  0.0000E+00  0.0000E+00  0.0000E+00  0.0000E+00  0.0000E+00
       0.0000E+00  0.0000E+00  0.0000E+00  0.0000E+00  0.0000E+00  0.0000E+00  0.0000E+00  0.0000E+00  0.0000E+00  0.0000E+00
       0.0000E+00  0.0000E+00  0.0000E+00  0.0000E+00  0.0000E+00  0.0000E+00  0.0000E+00  0.0000E+00  0.0000E+00  0.0000E+00
       0.0000E+00  0.0000E+00  0.0000E+00  0.0000E+00  0.0000E+00  0.0000E+00  0.0000E+00  0.0000E+00  0.0000E+00  0.0000E+00
       0.0000E+00  0.0000E+00  0.0000E+00  0.0000E+00  0.0000E+00  0.0000E+00  0.0000E+00  0.0000E+00  0.0000E+00  0.0000E+00
       0.0000E+00  0.0000E+00  0.0000E+00  0.0000E+00  0.0000E+00  0.0000E+00  0.0000E+00  0.0000E+00  0.0000E+00  0.0000E+00
       0.0000E+00  0.0000E+00  0.0000E+00  0.0000E+00  0.0000E+00  0.0000E+00  0.0000E+00  0.0000E+00  0.0000E+00  0.0000E+00
       0.0000E+00  0.0000E+00  0.0000E+00  0.0000E+00  0.0000E+00  0.0000E+00  0.0000E+00  0.0000E+00  0.0000E+00  0.0000E+00
       0.0000E+00  0.0000E+00  0.0000E+00  0.0000E+00  0.0000E+00  0.0000E+00  0.0000E+00  0.0000E+00  0.0000E+00  0.0000E+00
       0.0000E+00  0.0000E+00  0.0000E+00  0.0000E+00  0.0000E+00  0.0000E+00  0.0000E+00  0.0000E+00  0.0000E+00  0.0000E+00
