
 *****  Protons in Lexan (0.24GeV, 2cm)                                                   *****

           DATE: 12/19/18,  TIME: 22:55:51

          Total number of particles followed       16666666, for a total weight of  1.6667E+07

1

   Res. nuclei n.   1  "Ian       " ,  all         products, region n.     5
      detector volume:  1.0000E+00 cm**3
      Max. Z:  10, Max. N-Z:  11 Min. N-Z: -4
      Data follow in a matrix A(z,n-z-k), k: -5 format (1(5x,1p,10(1x,e11.4)))

       0.0000E+00  0.0000E+00  0.0000E+00  0.0000E+00  0.0000E+00  0.0000E+00  0.0000E+00  0.0000E+00  0.0000E+00  0.0000E+00
       0.0000E+00  0.0000E+00  0.0000E+00  0.0000E+00  0.0000E+00  1.9380E-05  0.0000E+00  9.6000E-07  0.0000E+00  0.0000E+00
       0.0000E+00  0.0000E+00  0.0000E+00  0.0000E+00  1.5444E-04  3.2532E-04  3.1260E-05  7.1520E-05  0.0000E+00  0.0000E+00
       3.8168E-02  4.2758E-03  0.0000E+00  2.0240E-03  0.0000E+00  6.2095E-03  8.7660E-05  1.5065E-03  0.0000E+00  0.0000E+00
       9.2988E-03  3.4126E-02  2.7687E-03  0.0000E+00  2.2127E-03  7.3830E-03  7.2206E-04  8.5011E-04  6.0000E-08  5.4000E-07
       2.3772E-03  0.0000E+00  1.6216E-03  4.5974E-04  4.2455E-03  3.9794E-04  1.0542E-03  1.8465E-06  1.8000E-07  0.0000E+00
       0.0000E+00  1.0440E-04  1.3476E-04  3.0750E-04  5.2791E-05  1.0656E-04  2.4644E-06  9.6000E-07  0.0000E+00  0.0000E+00
       0.0000E+00  0.0000E+00  1.0740E-05  1.5600E-06  2.9400E-06  2.4000E-07  1.8600E-06  0.0000E+00  0.0000E+00  0.0000E+00
       0.0000E+00  2.4000E-07  0.0000E+00  0.0000E+00  0.0000E+00  0.0000E+00  0.0000E+00  0.0000E+00  0.0000E+00  0.0000E+00
       0.0000E+00  0.0000E+00  0.0000E+00  0.0000E+00  0.0000E+00  0.0000E+00  0.0000E+00  0.0000E+00  0.0000E+00  0.0000E+00
       0.0000E+00  0.0000E+00  0.0000E+00  0.0000E+00  0.0000E+00  0.0000E+00  0.0000E+00  0.0000E+00  0.0000E+00  0.0000E+00
       0.0000E+00  0.0000E+00  0.0000E+00  0.0000E+00  0.0000E+00  0.0000E+00  0.0000E+00  0.0000E+00  0.0000E+00  0.0000E+00
       0.0000E+00  0.0000E+00  0.0000E+00  0.0000E+00  0.0000E+00  0.0000E+00  0.0000E+00  0.0000E+00  0.0000E+00  0.0000E+00
       0.0000E+00  0.0000E+00  0.0000E+00  0.0000E+00  0.0000E+00  0.0000E+00  0.0000E+00  0.0000E+00  0.0000E+00  0.0000E+00
       0.0000E+00  0.0000E+00  0.0000E+00  0.0000E+00  0.0000E+00  0.0000E+00  0.0000E+00  0.0000E+00  0.0000E+00  0.0000E+00
       0.0000E+00  0.0000E+00  0.0000E+00  0.0000E+00  0.0000E+00  0.0000E+00  0.0000E+00  0.0000E+00  0.0000E+00  0.0000E+00
