
 *****  Protons in Lexan (0.24GeV, 2cm)                                                   *****

           DATE: 12/19/18,  TIME: 22:55:51

          Total number of particles followed       16666666, for a total weight of  1.6667E+07

1

   Bdrx n.   2  "ofluence  " , generalized particle n.    1, from region n.     5 to region n.     4
      detector area:  1.0000E+02 cm**2
      this is a one way only estimator
      this is a fluence like estimator
      linear energy binning from   1.6000E-01 to  2.9000E-01 GeV,   650 bins ( 2.0000E-04 GeV wide)
      linear angular binning from  0.0000E+00 to  6.2832E+00 sr ,     1 bins ( 6.2832E+00 sr wide )
      Data follow in a matrix A(ie,ia), format (1(5x,1p,10(1x,e11.4)))

       3.5467E-04  3.2726E-04  3.7249E-04  3.6671E-04  3.4526E-04  3.4743E-04  3.7197E-04  3.4581E-04  3.4877E-04  3.6419E-04
       3.5056E-04  3.4305E-04  3.4487E-04  3.6221E-04  3.2994E-04  3.6139E-04  3.6376E-04  3.4989E-04  3.6231E-04  3.4184E-04
       3.3845E-04  3.6574E-04  3.4503E-04  3.5710E-04  3.7519E-04  3.9252E-04  3.7053E-04  3.3824E-04  3.5709E-04  3.5106E-04
       3.6916E-04  3.3848E-04  3.3338E-04  3.6129E-04  3.3693E-04  3.4960E-04  3.6538E-04  3.5192E-04  3.5712E-04  3.6011E-04
       3.7398E-04  3.4953E-04  3.3732E-04  3.5875E-04  3.5988E-04  3.4498E-04  3.6354E-04  3.6923E-04  3.5089E-04  3.6482E-04
       3.1925E-04  3.5811E-04  3.2463E-04  3.4791E-04  3.6269E-04  3.6433E-04  3.2878E-04  3.6341E-04  3.6626E-04  3.2135E-04
       3.2624E-04  3.5551E-04  3.3594E-04  3.2495E-04  3.3340E-04  3.4232E-04  3.5429E-04  3.5406E-04  3.5796E-04  3.3991E-04
       3.4120E-04  3.4039E-04  3.5435E-04  3.4881E-04  3.5217E-04  3.4199E-04  3.5062E-04  3.4615E-04  3.2418E-04  3.5075E-04
       3.5818E-04  3.4121E-04  3.3648E-04  3.3531E-04  3.3811E-04  3.2898E-04  3.3713E-04  3.3283E-04  3.6261E-04  3.6461E-04
       3.5941E-04  3.3461E-04  3.3844E-04  3.5758E-04  3.4855E-04  3.6336E-04  3.5237E-04  3.3545E-04  3.3301E-04  3.4332E-04
       3.3712E-04  3.4382E-04  3.6922E-04  3.2387E-04  3.3005E-04  3.3829E-04  3.4154E-04  3.4136E-04  3.4151E-04  3.2525E-04
       3.6053E-04  3.6481E-04  3.4882E-04  3.4917E-04  3.4377E-04  3.4023E-04  3.3569E-04  3.4947E-04  3.4164E-04  3.3021E-04
       3.5493E-04  3.4303E-04  3.2966E-04  3.3759E-04  3.6118E-04  3.3098E-04  3.3130E-04  3.6361E-04  3.3334E-04  3.4683E-04
       3.1195E-04  3.4891E-04  3.4203E-04  3.2965E-04  3.3318E-04  3.6468E-04  3.0404E-04  3.4631E-04  3.0657E-04  3.0850E-04
       3.2942E-04  3.4107E-04  3.3034E-04  3.3771E-04  3.2353E-04  3.1571E-04  3.3324E-04  3.2931E-04  3.4232E-04  3.1849E-04
       3.1182E-04  3.0235E-04  3.0786E-04  3.0581E-04  3.3173E-04  3.2116E-04  3.1168E-04  3.1450E-04  3.2155E-04  3.0808E-04
       2.9783E-04  3.3007E-04  3.1430E-04  2.9248E-04  3.2496E-04  3.0898E-04  3.0735E-04  3.0976E-04  2.9788E-04  3.2577E-04
       3.0882E-04  2.9333E-04  2.9567E-04  2.9643E-04  3.1510E-04  2.8419E-04  3.0368E-04  3.1800E-04  2.9736E-04  2.7323E-04
       2.7899E-04  2.8287E-04  2.9818E-04  2.8352E-04  2.9570E-04  3.0007E-04  2.8036E-04  2.9551E-04  2.8565E-04  2.9238E-04
       2.9546E-04  2.7072E-04  2.9586E-04  2.6414E-04  2.7123E-04  2.3863E-04  2.9160E-04  2.8373E-04  2.7498E-04  2.4906E-04
       2.6656E-04  2.6980E-04  2.6776E-04  2.4929E-04  2.6010E-04  2.4742E-04  2.6816E-04  2.8853E-04  2.5090E-04  2.5460E-04
       2.5616E-04  2.5795E-04  2.6000E-04  2.5720E-04  2.4910E-04  2.5616E-04  2.3136E-04  2.5475E-04  2.4126E-04  2.6811E-04
       2.4125E-04  2.3682E-04  2.4091E-04  2.5223E-04  2.5154E-04  2.3810E-04  2.3941E-04  2.3883E-04  2.3993E-04  2.3561E-04
       2.2559E-04  2.4620E-04  2.2335E-04  2.5291E-04  2.4746E-04  2.3572E-04  2.5745E-04  2.3123E-04  2.0766E-04  2.1501E-04
       2.2755E-04  2.1893E-04  2.0572E-04  2.0173E-04  2.2049E-04  2.1937E-04  2.0167E-04  1.9989E-04  1.8996E-04  2.0449E-04
       2.0256E-04  1.8113E-04  1.9039E-04  1.9624E-04  1.8840E-04  1.9329E-04  1.8457E-04  1.8204E-04  1.7405E-04  1.6859E-04
       1.6621E-04  1.9045E-04  1.6384E-04  1.6938E-04  1.3962E-04  1.5335E-04  1.4308E-04  1.5200E-04  1.4734E-04  1.4466E-04
       1.3342E-04  1.3640E-04  1.3186E-04  1.2585E-04  1.2161E-04  1.2726E-04  1.1941E-04  1.1816E-04  1.1340E-04  1.0420E-04
       9.8794E-05  8.9201E-05  9.9530E-05  1.0238E-04  8.4560E-05  9.6046E-05  1.0309E-04  9.4841E-05  9.0879E-05  1.0566E-04
       1.0519E-04  1.0638E-04  1.1017E-04  1.2381E-04  1.2665E-04  1.1546E-04  1.2299E-04  1.5287E-04  1.6096E-04  1.5954E-04
       1.6806E-04  1.7771E-04  2.0069E-04  2.2902E-04  2.7977E-04  3.4550E-04  4.9053E-04  7.7688E-04  1.1768E-03  1.9143E-03
       2.9999E-03  4.8763E-03  7.5254E-03  1.1707E-02  1.7768E-02  2.6451E-02  3.8762E-02  5.5386E-02  7.6960E-02  1.0423E-01
       1.3839E-01  1.7809E-01  2.2375E-01  2.7404E-01  3.2595E-01  3.7857E-01  4.2641E-01  4.6668E-01  4.9943E-01  5.1718E-01
       5.2016E-01  5.0811E-01  4.8236E-01  4.4330E-01  3.9598E-01  3.4364E-01  2.8842E-01  2.3440E-01  1.8576E-01  1.4140E-01
       1.0492E-01  7.5195E-02  5.2068E-02  3.5080E-02  2.2693E-02  1.4212E-02  8.8108E-03  5.2145E-03  2.9114E-03  1.6193E-03
       8.6194E-04  4.5173E-04  2.0867E-04  9.8847E-05  4.3931E-05  1.5757E-05  1.0982E-05  4.2982E-06  4.7750E-07  0.0000E+00
       0.0000E+00  4.7747E-07  0.0000E+00  0.0000E+00  0.0000E+00  0.0000E+00  0.0000E+00  0.0000E+00  0.0000E+00  0.0000E+00
       0.0000E+00  0.0000E+00  0.0000E+00  0.0000E+00  0.0000E+00  0.0000E+00  0.0000E+00  0.0000E+00  0.0000E+00  0.0000E+00
       0.0000E+00  0.0000E+00  0.0000E+00  0.0000E+00  0.0000E+00  0.0000E+00  0.0000E+00  0.0000E+00  0.0000E+00  0.0000E+00
       0.0000E+00  0.0000E+00  0.0000E+00  0.0000E+00  0.0000E+00  0.0000E+00  0.0000E+00  0.0000E+00  0.0000E+00  0.0000E+00
       0.0000E+00  0.0000E+00  0.0000E+00  0.0000E+00  0.0000E+00  0.0000E+00  0.0000E+00  0.0000E+00  0.0000E+00  0.0000E+00
       0.0000E+00  0.0000E+00  0.0000E+00  0.0000E+00  0.0000E+00  0.0000E+00  0.0000E+00  0.0000E+00  0.0000E+00  0.0000E+00
       0.0000E+00  0.0000E+00  0.0000E+00  0.0000E+00  0.0000E+00  0.0000E+00  0.0000E+00  0.0000E+00  0.0000E+00  0.0000E+00
       0.0000E+00  0.0000E+00  0.0000E+00  0.0000E+00  0.0000E+00  0.0000E+00  0.0000E+00  0.0000E+00  0.0000E+00  0.0000E+00
       0.0000E+00  0.0000E+00  0.0000E+00  0.0000E+00  0.0000E+00  0.0000E+00  0.0000E+00  0.0000E+00  0.0000E+00  0.0000E+00
       0.0000E+00  0.0000E+00  0.0000E+00  0.0000E+00  0.0000E+00  0.0000E+00  0.0000E+00  0.0000E+00  0.0000E+00  0.0000E+00
       0.0000E+00  0.0000E+00  0.0000E+00  0.0000E+00  0.0000E+00  0.0000E+00  0.0000E+00  0.0000E+00  0.0000E+00  0.0000E+00
       0.0000E+00  0.0000E+00  0.0000E+00  0.0000E+00  0.0000E+00  0.0000E+00  0.0000E+00  0.0000E+00  0.0000E+00  0.0000E+00
       0.0000E+00  0.0000E+00  0.0000E+00  0.0000E+00  0.0000E+00  0.0000E+00  0.0000E+00  0.0000E+00  0.0000E+00  0.0000E+00
       0.0000E+00  0.0000E+00  0.0000E+00  0.0000E+00  0.0000E+00  0.0000E+00  0.0000E+00  0.0000E+00  0.0000E+00  0.0000E+00
       0.0000E+00  0.0000E+00  0.0000E+00  0.0000E+00  0.0000E+00  0.0000E+00  0.0000E+00  0.0000E+00  0.0000E+00  0.0000E+00
       0.0000E+00  0.0000E+00  0.0000E+00  0.0000E+00  0.0000E+00  0.0000E+00  0.0000E+00  0.0000E+00  0.0000E+00  0.0000E+00
       0.0000E+00  0.0000E+00  0.0000E+00  0.0000E+00  0.0000E+00  0.0000E+00  0.0000E+00  0.0000E+00  0.0000E+00  0.0000E+00
       0.0000E+00  0.0000E+00  0.0000E+00  0.0000E+00  0.0000E+00  0.0000E+00  0.0000E+00  0.0000E+00  0.0000E+00  0.0000E+00
       0.0000E+00  0.0000E+00  0.0000E+00  0.0000E+00  0.0000E+00  0.0000E+00  0.0000E+00  0.0000E+00  0.0000E+00  0.0000E+00
       0.0000E+00  0.0000E+00  0.0000E+00  0.0000E+00  0.0000E+00  0.0000E+00  0.0000E+00  0.0000E+00  0.0000E+00  0.0000E+00
       0.0000E+00  0.0000E+00  0.0000E+00  0.0000E+00  0.0000E+00  0.0000E+00  0.0000E+00  0.0000E+00  0.0000E+00  0.0000E+00
       0.0000E+00  0.0000E+00  0.0000E+00  0.0000E+00  0.0000E+00  0.0000E+00  0.0000E+00  0.0000E+00  0.0000E+00  0.0000E+00
       0.0000E+00  0.0000E+00  0.0000E+00  0.0000E+00  0.0000E+00  0.0000E+00  0.0000E+00  0.0000E+00  0.0000E+00  0.0000E+00
       0.0000E+00  0.0000E+00  0.0000E+00  0.0000E+00  0.0000E+00  0.0000E+00  0.0000E+00  0.0000E+00  0.0000E+00  0.0000E+00
       0.0000E+00  0.0000E+00  0.0000E+00  0.0000E+00  0.0000E+00  0.0000E+00  0.0000E+00  0.0000E+00  0.0000E+00  0.0000E+00
       0.0000E+00  0.0000E+00  0.0000E+00  0.0000E+00  0.0000E+00  0.0000E+00  0.0000E+00  0.0000E+00  0.0000E+00  0.0000E+00
       0.0000E+00  0.0000E+00  0.0000E+00  0.0000E+00  0.0000E+00  0.0000E+00  0.0000E+00  0.0000E+00  0.0000E+00  0.0000E+00
       0.0000E+00  0.0000E+00  0.0000E+00  0.0000E+00  0.0000E+00  0.0000E+00  0.0000E+00  0.0000E+00  0.0000E+00  0.0000E+00
       0.0000E+00  0.0000E+00  0.0000E+00  0.0000E+00  0.0000E+00  0.0000E+00  0.0000E+00  0.0000E+00  0.0000E+00  0.0000E+00
1

   Bdrx n.   6  "ofluence  " , generalized particle n.    1, from region n.     5 to region n.     4
      detector area:  1.0000E+02 cm**2
      this is a one way only estimator
      this is a fluence like estimator
      linear energy binning from   0.0000E+00 to  3.0000E+02 GeV,     1 bins ( 3.0000E+02 GeV wide)
      linear angular binning from  0.0000E+00 to  6.2832E+00 sr ,     1 bins ( 6.2832E+00 sr wide )
      Data follow in a matrix A(ie,ia), format (1(5x,1p,10(1x,e11.4)))

       5.3559E-06
