
 *****  Protons in Lexan (0.19GeV, 1cm)                                                   *****

           DATE: 12/19/18,  TIME: 10:57:54

          Total number of particles followed       25000000, for a total weight of  2.5000E+07

1

   Bdrx n.   2  "ofluence  " , generalized particle n.    1, from region n.     5 to region n.     4
      detector area:  1.0000E+02 cm**2
      this is a one way only estimator
      this is a fluence like estimator
      linear energy binning from   1.1000E-01 to  2.4000E-01 GeV,   650 bins ( 2.0000E-04 GeV wide)
      linear angular binning from  0.0000E+00 to  6.2832E+00 sr ,     1 bins ( 6.2832E+00 sr wide )
      Data follow in a matrix A(ie,ia), format (1(5x,1p,10(1x,e11.4)))

       3.1059E-04  3.1187E-04  2.9661E-04  3.2783E-04  3.0663E-04  3.1769E-04  3.0680E-04  3.0492E-04  3.0222E-04  2.9731E-04
       3.1159E-04  3.1822E-04  2.9947E-04  3.1210E-04  3.2175E-04  2.9177E-04  2.9862E-04  3.1867E-04  3.1743E-04  3.2129E-04
       3.2716E-04  2.9338E-04  3.0754E-04  3.3474E-04  2.9670E-04  3.0255E-04  2.9508E-04  3.0839E-04  3.2239E-04  3.0097E-04
       3.0182E-04  3.1538E-04  3.1387E-04  3.2589E-04  3.1624E-04  3.1292E-04  3.1156E-04  3.0848E-04  2.9229E-04  3.1790E-04
       3.0758E-04  2.9697E-04  3.1108E-04  2.9846E-04  2.9087E-04  3.0690E-04  2.9679E-04  3.0865E-04  3.2624E-04  3.1547E-04
       3.1178E-04  3.0043E-04  2.9050E-04  2.9821E-04  3.2699E-04  3.0660E-04  3.0685E-04  3.2479E-04  3.0921E-04  3.1109E-04
       2.9363E-04  3.2373E-04  3.0980E-04  2.9551E-04  3.0178E-04  2.9375E-04  3.0648E-04  3.0417E-04  2.9929E-04  3.1559E-04
       2.9827E-04  3.1198E-04  2.9308E-04  3.0593E-04  2.9776E-04  2.9474E-04  3.1417E-04  3.0953E-04  3.0708E-04  2.8948E-04
       2.9244E-04  2.9845E-04  3.0223E-04  2.7973E-04  3.0030E-04  3.0642E-04  3.0490E-04  2.8454E-04  2.9296E-04  2.9223E-04
       3.1334E-04  2.8489E-04  2.9108E-04  3.1995E-04  3.0449E-04  2.9433E-04  2.7355E-04  3.2544E-04  3.1962E-04  3.0596E-04
       3.1466E-04  2.8421E-04  2.9065E-04  3.0600E-04  2.9584E-04  3.1421E-04  2.9931E-04  2.9402E-04  2.9903E-04  2.8030E-04
       3.0261E-04  3.0022E-04  2.8510E-04  3.0127E-04  3.0351E-04  2.8078E-04  2.8141E-04  2.8805E-04  3.0464E-04  2.8635E-04
       2.9137E-04  3.0720E-04  2.8638E-04  2.9132E-04  2.8666E-04  2.9202E-04  2.9091E-04  2.9554E-04  3.0478E-04  2.7727E-04
       2.9619E-04  2.9180E-04  2.9098E-04  2.9985E-04  2.9205E-04  2.7683E-04  3.0541E-04  3.1169E-04  3.0244E-04  2.9736E-04
       3.2170E-04  2.7648E-04  2.7381E-04  3.0133E-04  2.9186E-04  2.9861E-04  2.9021E-04  2.9656E-04  2.7215E-04  2.7283E-04
       2.9046E-04  2.8020E-04  2.8711E-04  2.7339E-04  2.6959E-04  2.5988E-04  2.6677E-04  2.6385E-04  2.6988E-04  2.8192E-04
       2.8831E-04  2.9380E-04  2.6398E-04  2.7696E-04  2.7054E-04  2.8168E-04  2.8585E-04  2.9954E-04  2.7590E-04  2.7778E-04
       2.7476E-04  2.6296E-04  2.7724E-04  2.8607E-04  2.6538E-04  2.6492E-04  2.5677E-04  2.7455E-04  2.6095E-04  2.7363E-04
       2.6632E-04  2.6103E-04  2.5384E-04  2.7589E-04  2.6348E-04  2.5335E-04  2.6919E-04  2.5974E-04  2.5961E-04  2.5011E-04
       2.5156E-04  2.6351E-04  2.4521E-04  2.4586E-04  2.3956E-04  2.3772E-04  2.5174E-04  2.4373E-04  2.5136E-04  2.5827E-04
       2.5383E-04  2.5041E-04  2.4632E-04  2.3927E-04  2.4990E-04  2.3919E-04  2.3846E-04  2.3073E-04  2.4531E-04  2.3577E-04
       2.4742E-04  2.3852E-04  2.3025E-04  2.3367E-04  2.2210E-04  2.3252E-04  2.4028E-04  2.2991E-04  2.2709E-04  2.1532E-04
       2.3538E-04  2.2777E-04  2.1808E-04  2.1656E-04  2.1450E-04  2.2400E-04  2.3129E-04  2.2218E-04  2.0125E-04  2.1925E-04
       2.1311E-04  2.2128E-04  2.1406E-04  2.2606E-04  2.1415E-04  2.1052E-04  2.0677E-04  2.0701E-04  1.9730E-04  2.1080E-04
       2.0800E-04  1.8439E-04  2.0178E-04  2.0128E-04  2.0859E-04  1.9027E-04  2.0209E-04  2.0418E-04  1.9752E-04  2.0279E-04
       1.9494E-04  1.9229E-04  1.9103E-04  1.8747E-04  2.0038E-04  1.7660E-04  1.8606E-04  1.9325E-04  1.8276E-04  1.9806E-04
       1.7211E-04  1.8224E-04  1.8593E-04  1.7432E-04  1.6431E-04  1.7665E-04  1.7656E-04  1.6191E-04  1.6812E-04  1.5564E-04
       1.5610E-04  1.6089E-04  1.5361E-04  1.5248E-04  1.6383E-04  1.4918E-04  1.4457E-04  1.3686E-04  1.5358E-04  1.5144E-04
       1.3906E-04  1.3713E-04  1.3892E-04  1.3131E-04  1.2631E-04  1.2439E-04  1.2188E-04  1.2802E-04  1.0570E-04  1.0427E-04
       9.7496E-05  9.8143E-05  8.5241E-05  8.0194E-05  8.2883E-05  8.4484E-05  7.5517E-05  7.5942E-05  7.6392E-05  7.3889E-05
       8.4103E-05  8.2867E-05  8.0165E-05  7.7439E-05  7.5008E-05  7.6320E-05  8.5797E-05  9.8757E-05  9.4315E-05  9.4611E-05
       1.0199E-04  9.9451E-05  1.1455E-04  1.1475E-04  1.2156E-04  1.2746E-04  1.4958E-04  1.3766E-04  1.5567E-04  1.4787E-04
       1.5402E-04  1.7577E-04  1.7466E-04  1.8815E-04  2.2522E-04  2.9296E-04  4.0050E-04  6.7410E-04  1.2664E-03  2.2801E-03
       4.0964E-03  7.2986E-03  1.2903E-02  2.1940E-02  3.6439E-02  5.8152E-02  8.8737E-02  1.3101E-01  1.8612E-01  2.5337E-01
       3.3173E-01  4.1552E-01  4.9795E-01  5.7172E-01  6.2739E-01  6.5933E-01  6.6073E-01  6.3241E-01  5.7733E-01  5.0177E-01
       4.1542E-01  3.2852E-01  2.4627E-01  1.7627E-01  1.1958E-01  7.7582E-02  4.7477E-02  2.7574E-02  1.5250E-02  7.9259E-03
       4.0194E-03  1.9002E-03  8.2482E-04  3.5464E-04  1.6458E-04  6.1122E-05  1.6555E-05  6.0492E-06  9.5504E-07  1.5917E-06
       0.0000E+00  0.0000E+00  0.0000E+00  0.0000E+00  0.0000E+00  0.0000E+00  0.0000E+00  0.0000E+00  0.0000E+00  0.0000E+00
       0.0000E+00  0.0000E+00  0.0000E+00  0.0000E+00  0.0000E+00  0.0000E+00  0.0000E+00  0.0000E+00  0.0000E+00  0.0000E+00
       0.0000E+00  0.0000E+00  0.0000E+00  0.0000E+00  0.0000E+00  0.0000E+00  0.0000E+00  0.0000E+00  0.0000E+00  0.0000E+00
       0.0000E+00  0.0000E+00  0.0000E+00  0.0000E+00  0.0000E+00  0.0000E+00  0.0000E+00  0.0000E+00  0.0000E+00  0.0000E+00
       0.0000E+00  0.0000E+00  0.0000E+00  0.0000E+00  0.0000E+00  0.0000E+00  0.0000E+00  0.0000E+00  0.0000E+00  0.0000E+00
       0.0000E+00  0.0000E+00  0.0000E+00  0.0000E+00  0.0000E+00  0.0000E+00  0.0000E+00  0.0000E+00  0.0000E+00  0.0000E+00
       0.0000E+00  0.0000E+00  0.0000E+00  0.0000E+00  0.0000E+00  0.0000E+00  0.0000E+00  0.0000E+00  0.0000E+00  0.0000E+00
       0.0000E+00  0.0000E+00  0.0000E+00  0.0000E+00  0.0000E+00  0.0000E+00  0.0000E+00  0.0000E+00  0.0000E+00  0.0000E+00
       0.0000E+00  0.0000E+00  0.0000E+00  0.0000E+00  0.0000E+00  0.0000E+00  0.0000E+00  0.0000E+00  0.0000E+00  0.0000E+00
       0.0000E+00  0.0000E+00  0.0000E+00  0.0000E+00  0.0000E+00  0.0000E+00  0.0000E+00  0.0000E+00  0.0000E+00  0.0000E+00
       0.0000E+00  0.0000E+00  0.0000E+00  0.0000E+00  0.0000E+00  0.0000E+00  0.0000E+00  0.0000E+00  0.0000E+00  0.0000E+00
       0.0000E+00  0.0000E+00  0.0000E+00  0.0000E+00  0.0000E+00  0.0000E+00  0.0000E+00  0.0000E+00  0.0000E+00  0.0000E+00
       0.0000E+00  0.0000E+00  0.0000E+00  0.0000E+00  0.0000E+00  0.0000E+00  0.0000E+00  0.0000E+00  0.0000E+00  0.0000E+00
       0.0000E+00  0.0000E+00  0.0000E+00  0.0000E+00  0.0000E+00  0.0000E+00  0.0000E+00  0.0000E+00  0.0000E+00  0.0000E+00
       0.0000E+00  0.0000E+00  0.0000E+00  0.0000E+00  0.0000E+00  0.0000E+00  0.0000E+00  0.0000E+00  0.0000E+00  0.0000E+00
       0.0000E+00  0.0000E+00  0.0000E+00  0.0000E+00  0.0000E+00  0.0000E+00  0.0000E+00  0.0000E+00  0.0000E+00  0.0000E+00
       0.0000E+00  0.0000E+00  0.0000E+00  0.0000E+00  0.0000E+00  0.0000E+00  0.0000E+00  0.0000E+00  0.0000E+00  0.0000E+00
       0.0000E+00  0.0000E+00  0.0000E+00  0.0000E+00  0.0000E+00  0.0000E+00  0.0000E+00  0.0000E+00  0.0000E+00  0.0000E+00
       0.0000E+00  0.0000E+00  0.0000E+00  0.0000E+00  0.0000E+00  0.0000E+00  0.0000E+00  0.0000E+00  0.0000E+00  0.0000E+00
       0.0000E+00  0.0000E+00  0.0000E+00  0.0000E+00  0.0000E+00  0.0000E+00  0.0000E+00  0.0000E+00  0.0000E+00  0.0000E+00
       0.0000E+00  0.0000E+00  0.0000E+00  0.0000E+00  0.0000E+00  0.0000E+00  0.0000E+00  0.0000E+00  0.0000E+00  0.0000E+00
       0.0000E+00  0.0000E+00  0.0000E+00  0.0000E+00  0.0000E+00  0.0000E+00  0.0000E+00  0.0000E+00  0.0000E+00  0.0000E+00
       0.0000E+00  0.0000E+00  0.0000E+00  0.0000E+00  0.0000E+00  0.0000E+00  0.0000E+00  0.0000E+00  0.0000E+00  0.0000E+00
       0.0000E+00  0.0000E+00  0.0000E+00  0.0000E+00  0.0000E+00  0.0000E+00  0.0000E+00  0.0000E+00  0.0000E+00  0.0000E+00
       0.0000E+00  0.0000E+00  0.0000E+00  0.0000E+00  0.0000E+00  0.0000E+00  0.0000E+00  0.0000E+00  0.0000E+00  0.0000E+00
       0.0000E+00  0.0000E+00  0.0000E+00  0.0000E+00  0.0000E+00  0.0000E+00  0.0000E+00  0.0000E+00  0.0000E+00  0.0000E+00
       0.0000E+00  0.0000E+00  0.0000E+00  0.0000E+00  0.0000E+00  0.0000E+00  0.0000E+00  0.0000E+00  0.0000E+00  0.0000E+00
       0.0000E+00  0.0000E+00  0.0000E+00  0.0000E+00  0.0000E+00  0.0000E+00  0.0000E+00  0.0000E+00  0.0000E+00  0.0000E+00
1

   Bdrx n.   6  "ofluence  " , generalized particle n.    1, from region n.     5 to region n.     4
      detector area:  1.0000E+02 cm**2
      this is a one way only estimator
      this is a fluence like estimator
      linear energy binning from   0.0000E+00 to  3.0000E+02 GeV,     1 bins ( 3.0000E+02 GeV wide)
      linear angular binning from  0.0000E+00 to  6.2832E+00 sr ,     1 bins ( 6.2832E+00 sr wide )
      Data follow in a matrix A(ie,ia), format (1(5x,1p,10(1x,e11.4)))

       5.3322E-06
