
 *****  Protons in Lexan (0.19GeV, 1cm)                                                   *****

           DATE: 12/19/18,  TIME: 10:57:54

          Total number of particles followed       25000000, for a total weight of  2.5000E+07

1

   Res. nuclei n.   1  "Ian       " ,  all         products, region n.     5
      detector volume:  1.0000E+00 cm**3
      Max. Z:  10, Max. N-Z:  11 Min. N-Z: -4
      Data follow in a matrix A(z,n-z-k), k: -5 format (1(5x,1p,10(1x,e11.4)))

       0.0000E+00  0.0000E+00  0.0000E+00  0.0000E+00  0.0000E+00  0.0000E+00  0.0000E+00  0.0000E+00  0.0000E+00  0.0000E+00
       0.0000E+00  0.0000E+00  0.0000E+00  0.0000E+00  0.0000E+00  1.4520E-05  0.0000E+00  6.4000E-07  0.0000E+00  0.0000E+00
       0.0000E+00  0.0000E+00  0.0000E+00  0.0000E+00  1.0680E-04  2.1132E-04  2.5120E-05  4.2080E-05  0.0000E+00  0.0000E+00
       2.2888E-02  2.9824E-03  0.0000E+00  1.3938E-03  0.0000E+00  4.1898E-03  5.4280E-05  1.0068E-03  8.0000E-08  0.0000E+00
       5.4914E-03  2.3262E-02  1.9036E-03  0.0000E+00  1.4054E-03  5.5575E-03  4.6792E-04  6.4124E-04  4.0000E-08  1.2000E-07
       1.5474E-03  0.0000E+00  1.0376E-03  2.8891E-04  2.5563E-03  2.6282E-04  6.4297E-04  6.2781E-07  4.0000E-08  0.0000E+00
       0.0000E+00  6.4520E-05  8.3280E-05  1.7956E-04  2.7562E-05  6.3040E-05  1.4542E-06  1.0400E-06  0.0000E+00  0.0000E+00
       0.0000E+00  0.0000E+00  6.3200E-06  1.1600E-06  1.4800E-06  8.0000E-08  5.6000E-07  0.0000E+00  0.0000E+00  0.0000E+00
       0.0000E+00  8.0000E-08  0.0000E+00  8.0000E-08  0.0000E+00  4.0000E-08  0.0000E+00  0.0000E+00  0.0000E+00  0.0000E+00
       0.0000E+00  0.0000E+00  0.0000E+00  0.0000E+00  0.0000E+00  0.0000E+00  0.0000E+00  0.0000E+00  0.0000E+00  0.0000E+00
       0.0000E+00  0.0000E+00  0.0000E+00  0.0000E+00  0.0000E+00  0.0000E+00  0.0000E+00  0.0000E+00  0.0000E+00  0.0000E+00
       0.0000E+00  0.0000E+00  0.0000E+00  0.0000E+00  0.0000E+00  0.0000E+00  0.0000E+00  0.0000E+00  0.0000E+00  0.0000E+00
       0.0000E+00  0.0000E+00  0.0000E+00  0.0000E+00  0.0000E+00  0.0000E+00  0.0000E+00  0.0000E+00  0.0000E+00  0.0000E+00
       0.0000E+00  0.0000E+00  0.0000E+00  0.0000E+00  0.0000E+00  0.0000E+00  0.0000E+00  0.0000E+00  0.0000E+00  0.0000E+00
       0.0000E+00  0.0000E+00  0.0000E+00  0.0000E+00  0.0000E+00  0.0000E+00  0.0000E+00  0.0000E+00  0.0000E+00  0.0000E+00
       0.0000E+00  0.0000E+00  0.0000E+00  0.0000E+00  0.0000E+00  0.0000E+00  0.0000E+00  0.0000E+00  0.0000E+00  0.0000E+00
