
 *****  Protons in Lexan (0.19GeV, 1cm)                                                   *****

           DATE: 12/19/18,  TIME: 10:57:54

          Total number of particles followed       25000000, for a total weight of  2.5000E+07

1

   Bdrx n.   4  "ocurrent  " , generalized particle n.    1, from region n.     5 to region n.     4
      detector area:  1.0000E+02 cm**2
      this is a one way only estimator
      this is a current like estimator
      linear energy binning from   1.1000E-01 to  2.4000E-01 GeV,   650 bins ( 2.0000E-04 GeV wide)
      linear angular binning from  0.0000E+00 to  6.2832E+00 sr ,     1 bins ( 6.2832E+00 sr wide )
      Data follow in a matrix A(ie,ia), format (1(5x,1p,10(1x,e11.4)))

       2.4542E-04  2.5051E-04  2.3682E-04  2.6165E-04  2.4542E-04  2.5178E-04  2.4478E-04  2.4223E-04  2.4383E-04  2.3873E-04
       2.5051E-04  2.5528E-04  2.4128E-04  2.4828E-04  2.5465E-04  2.3300E-04  2.3778E-04  2.5306E-04  2.5146E-04  2.5847E-04
       2.5624E-04  2.3555E-04  2.4733E-04  2.7056E-04  2.4128E-04  2.4414E-04  2.3619E-04  2.5083E-04  2.6324E-04  2.4383E-04
       2.4128E-04  2.5688E-04  2.5497E-04  2.6261E-04  2.5306E-04  2.5242E-04  2.5306E-04  2.5019E-04  2.3810E-04  2.5592E-04
       2.5242E-04  2.4064E-04  2.5306E-04  2.4478E-04  2.3746E-04  2.5083E-04  2.4128E-04  2.5401E-04  2.6738E-04  2.5624E-04
       2.5497E-04  2.4892E-04  2.4032E-04  2.4701E-04  2.7120E-04  2.4987E-04  2.5401E-04  2.6547E-04  2.5401E-04  2.5242E-04
       2.3873E-04  2.6515E-04  2.5528E-04  2.4860E-04  2.5242E-04  2.4637E-04  2.5369E-04  2.5210E-04  2.4637E-04  2.5688E-04
       2.4605E-04  2.6101E-04  2.4733E-04  2.5656E-04  2.4637E-04  2.4351E-04  2.6261E-04  2.5815E-04  2.5751E-04  2.4255E-04
       2.4701E-04  2.5337E-04  2.5115E-04  2.3491E-04  2.5178E-04  2.5560E-04  2.5719E-04  2.4001E-04  2.4510E-04  2.4733E-04
       2.6261E-04  2.4096E-04  2.4223E-04  2.6897E-04  2.5719E-04  2.4542E-04  2.3268E-04  2.7438E-04  2.7025E-04  2.6006E-04
       2.6834E-04  2.4287E-04  2.4574E-04  2.5528E-04  2.5146E-04  2.6802E-04  2.5497E-04  2.5146E-04  2.5528E-04  2.4064E-04
       2.5688E-04  2.5719E-04  2.4319E-04  2.5879E-04  2.6038E-04  2.3682E-04  2.4160E-04  2.4446E-04  2.4892E-04  2.4574E-04
       2.5083E-04  2.6324E-04  2.4637E-04  2.4828E-04  2.4637E-04  2.4987E-04  2.4955E-04  2.5306E-04  2.6133E-04  2.4064E-04
       2.5560E-04  2.5051E-04  2.5242E-04  2.6006E-04  2.5497E-04  2.3778E-04  2.6515E-04  2.6674E-04  2.6165E-04  2.5497E-04
       2.7788E-04  2.4383E-04  2.3969E-04  2.6261E-04  2.5465E-04  2.6197E-04  2.5083E-04  2.5942E-04  2.3714E-04  2.3937E-04
       2.5369E-04  2.4414E-04  2.5115E-04  2.4064E-04  2.3619E-04  2.2982E-04  2.3332E-04  2.3268E-04  2.3841E-04  2.4765E-04
       2.5497E-04  2.5974E-04  2.3332E-04  2.4128E-04  2.4064E-04  2.4892E-04  2.5401E-04  2.6324E-04  2.4383E-04  2.4510E-04
       2.4319E-04  2.3268E-04  2.4733E-04  2.5210E-04  2.3682E-04  2.3396E-04  2.2950E-04  2.4255E-04  2.3268E-04  2.4351E-04
       2.3778E-04  2.3205E-04  2.2536E-04  2.4765E-04  2.3523E-04  2.2600E-04  2.4160E-04  2.3205E-04  2.3268E-04  2.2632E-04
       2.2568E-04  2.3682E-04  2.1963E-04  2.1900E-04  2.1390E-04  2.1231E-04  2.2568E-04  2.1963E-04  2.2664E-04  2.3268E-04
       2.2918E-04  2.2505E-04  2.2091E-04  2.1677E-04  2.2664E-04  2.1454E-04  2.1645E-04  2.0754E-04  2.2377E-04  2.1390E-04
       2.2441E-04  2.1613E-04  2.1040E-04  2.1104E-04  2.0085E-04  2.0945E-04  2.1900E-04  2.0849E-04  2.0595E-04  1.9672E-04
       2.1550E-04  2.0690E-04  1.9767E-04  1.9799E-04  1.9544E-04  2.0181E-04  2.1168E-04  2.0245E-04  1.8398E-04  1.9958E-04
       1.9512E-04  2.0308E-04  1.9672E-04  2.0626E-04  1.9640E-04  1.9385E-04  1.9035E-04  1.9035E-04  1.8016E-04  1.9449E-04
       1.9162E-04  1.7030E-04  1.8653E-04  1.8653E-04  1.9194E-04  1.7698E-04  1.8685E-04  1.8939E-04  1.8462E-04  1.8780E-04
       1.8112E-04  1.7953E-04  1.7603E-04  1.7539E-04  1.8748E-04  1.6425E-04  1.7412E-04  1.7953E-04  1.6807E-04  1.8557E-04
       1.6138E-04  1.7030E-04  1.7507E-04  1.6425E-04  1.5438E-04  1.6488E-04  1.5979E-04  1.5152E-04  1.5820E-04  1.4579E-04
       1.4642E-04  1.5152E-04  1.4483E-04  1.4292E-04  1.5438E-04  1.4006E-04  1.3496E-04  1.2892E-04  1.4483E-04  1.4292E-04
       1.3178E-04  1.2923E-04  1.3114E-04  1.2319E-04  1.1937E-04  1.1650E-04  1.1427E-04  1.1968E-04  9.8994E-05  9.7721E-05
       9.1673E-05  9.2310E-05  7.9577E-05  7.3530E-05  7.6713E-05  7.7031E-05  6.8755E-05  7.0028E-05  6.9073E-05  6.7482E-05
       7.6076E-05  7.5121E-05  7.3530E-05  6.9392E-05  6.9073E-05  7.0346E-05  7.7349E-05  9.0082E-05  8.6580E-05  8.7217E-05
       9.4538E-05  9.1037E-05  1.0663E-04  1.0695E-04  1.1300E-04  1.1937E-04  1.3687E-04  1.3083E-04  1.4579E-04  1.4101E-04
       1.4642E-04  1.6743E-04  1.6552E-04  1.7985E-04  2.1518E-04  2.8202E-04  3.8866E-04  6.6081E-04  1.2500E-03  2.2622E-03
       4.0744E-03  7.2737E-03  1.2872E-02  2.1902E-02  3.6393E-02  5.8098E-02  8.8672E-02  1.3094E-01  1.8603E-01  2.5327E-01
       3.3161E-01  4.1540E-01  4.9782E-01  5.7158E-01  6.2726E-01  6.5920E-01  6.6061E-01  6.3231E-01  5.7723E-01  5.0169E-01
       4.1536E-01  3.2847E-01  2.4623E-01  1.7624E-01  1.1956E-01  7.7572E-02  4.7471E-02  2.7571E-02  1.5248E-02  7.9250E-03
       4.0190E-03  1.9000E-03  8.2474E-04  3.5460E-04  1.6457E-04  6.1115E-05  1.6552E-05  6.0479E-06  9.5493E-07  1.5915E-06
       0.0000E+00  0.0000E+00  0.0000E+00  0.0000E+00  0.0000E+00  0.0000E+00  0.0000E+00  0.0000E+00  0.0000E+00  0.0000E+00
       0.0000E+00  0.0000E+00  0.0000E+00  0.0000E+00  0.0000E+00  0.0000E+00  0.0000E+00  0.0000E+00  0.0000E+00  0.0000E+00
       0.0000E+00  0.0000E+00  0.0000E+00  0.0000E+00  0.0000E+00  0.0000E+00  0.0000E+00  0.0000E+00  0.0000E+00  0.0000E+00
       0.0000E+00  0.0000E+00  0.0000E+00  0.0000E+00  0.0000E+00  0.0000E+00  0.0000E+00  0.0000E+00  0.0000E+00  0.0000E+00
       0.0000E+00  0.0000E+00  0.0000E+00  0.0000E+00  0.0000E+00  0.0000E+00  0.0000E+00  0.0000E+00  0.0000E+00  0.0000E+00
       0.0000E+00  0.0000E+00  0.0000E+00  0.0000E+00  0.0000E+00  0.0000E+00  0.0000E+00  0.0000E+00  0.0000E+00  0.0000E+00
       0.0000E+00  0.0000E+00  0.0000E+00  0.0000E+00  0.0000E+00  0.0000E+00  0.0000E+00  0.0000E+00  0.0000E+00  0.0000E+00
       0.0000E+00  0.0000E+00  0.0000E+00  0.0000E+00  0.0000E+00  0.0000E+00  0.0000E+00  0.0000E+00  0.0000E+00  0.0000E+00
       0.0000E+00  0.0000E+00  0.0000E+00  0.0000E+00  0.0000E+00  0.0000E+00  0.0000E+00  0.0000E+00  0.0000E+00  0.0000E+00
       0.0000E+00  0.0000E+00  0.0000E+00  0.0000E+00  0.0000E+00  0.0000E+00  0.0000E+00  0.0000E+00  0.0000E+00  0.0000E+00
       0.0000E+00  0.0000E+00  0.0000E+00  0.0000E+00  0.0000E+00  0.0000E+00  0.0000E+00  0.0000E+00  0.0000E+00  0.0000E+00
       0.0000E+00  0.0000E+00  0.0000E+00  0.0000E+00  0.0000E+00  0.0000E+00  0.0000E+00  0.0000E+00  0.0000E+00  0.0000E+00
       0.0000E+00  0.0000E+00  0.0000E+00  0.0000E+00  0.0000E+00  0.0000E+00  0.0000E+00  0.0000E+00  0.0000E+00  0.0000E+00
       0.0000E+00  0.0000E+00  0.0000E+00  0.0000E+00  0.0000E+00  0.0000E+00  0.0000E+00  0.0000E+00  0.0000E+00  0.0000E+00
       0.0000E+00  0.0000E+00  0.0000E+00  0.0000E+00  0.0000E+00  0.0000E+00  0.0000E+00  0.0000E+00  0.0000E+00  0.0000E+00
       0.0000E+00  0.0000E+00  0.0000E+00  0.0000E+00  0.0000E+00  0.0000E+00  0.0000E+00  0.0000E+00  0.0000E+00  0.0000E+00
       0.0000E+00  0.0000E+00  0.0000E+00  0.0000E+00  0.0000E+00  0.0000E+00  0.0000E+00  0.0000E+00  0.0000E+00  0.0000E+00
       0.0000E+00  0.0000E+00  0.0000E+00  0.0000E+00  0.0000E+00  0.0000E+00  0.0000E+00  0.0000E+00  0.0000E+00  0.0000E+00
       0.0000E+00  0.0000E+00  0.0000E+00  0.0000E+00  0.0000E+00  0.0000E+00  0.0000E+00  0.0000E+00  0.0000E+00  0.0000E+00
       0.0000E+00  0.0000E+00  0.0000E+00  0.0000E+00  0.0000E+00  0.0000E+00  0.0000E+00  0.0000E+00  0.0000E+00  0.0000E+00
       0.0000E+00  0.0000E+00  0.0000E+00  0.0000E+00  0.0000E+00  0.0000E+00  0.0000E+00  0.0000E+00  0.0000E+00  0.0000E+00
       0.0000E+00  0.0000E+00  0.0000E+00  0.0000E+00  0.0000E+00  0.0000E+00  0.0000E+00  0.0000E+00  0.0000E+00  0.0000E+00
       0.0000E+00  0.0000E+00  0.0000E+00  0.0000E+00  0.0000E+00  0.0000E+00  0.0000E+00  0.0000E+00  0.0000E+00  0.0000E+00
       0.0000E+00  0.0000E+00  0.0000E+00  0.0000E+00  0.0000E+00  0.0000E+00  0.0000E+00  0.0000E+00  0.0000E+00  0.0000E+00
       0.0000E+00  0.0000E+00  0.0000E+00  0.0000E+00  0.0000E+00  0.0000E+00  0.0000E+00  0.0000E+00  0.0000E+00  0.0000E+00
       0.0000E+00  0.0000E+00  0.0000E+00  0.0000E+00  0.0000E+00  0.0000E+00  0.0000E+00  0.0000E+00  0.0000E+00  0.0000E+00
       0.0000E+00  0.0000E+00  0.0000E+00  0.0000E+00  0.0000E+00  0.0000E+00  0.0000E+00  0.0000E+00  0.0000E+00  0.0000E+00
       0.0000E+00  0.0000E+00  0.0000E+00  0.0000E+00  0.0000E+00  0.0000E+00  0.0000E+00  0.0000E+00  0.0000E+00  0.0000E+00
