
 *****  Protons in Lexan (0.20GeV, 3.0cm)                                                 *****

           DATE: 12/ 1/18,  TIME:  3:50:11

          Total number of particles followed       10000000, for a total weight of  1.0000E+07

1

   Bdrx n.   4  "ocurrent  " , generalized particle n.    1, from region n.     5 to region n.     4
      detector area:  1.0000E+02 cm**2
      this is a one way only estimator
      this is a current like estimator
      linear energy binning from   1.2000E-01 to  2.5000E-01 GeV,   650 bins ( 2.0000E-04 GeV wide)
      linear angular binning from  0.0000E+00 to  6.2832E+00 sr ,     1 bins ( 6.2832E+00 sr wide )
      Data follow in a matrix A(ie,ia), format (1(5x,1p,10(1x,e11.4)))

       3.7799E-04  3.6287E-04  3.4377E-04  3.6287E-04  3.5571E-04  3.4537E-04  3.5253E-04  3.3582E-04  3.3820E-04  3.4377E-04
       3.5332E-04  3.2308E-04  3.7640E-04  3.1115E-04  3.5730E-04  3.4855E-04  3.3582E-04  3.4457E-04  3.6049E-04  3.7322E-04
       3.5969E-04  3.4696E-04  3.6367E-04  3.6844E-04  3.4059E-04  3.4457E-04  3.4537E-04  3.2706E-04  3.2706E-04  3.4377E-04
       3.7879E-04  3.8913E-04  3.7958E-04  3.3661E-04  3.4537E-04  3.1115E-04  3.6924E-04  3.3900E-04  3.4457E-04  3.3263E-04
       3.3980E-04  3.5889E-04  3.7004E-04  3.5810E-04  3.4059E-04  3.6844E-04  3.7481E-04  3.4775E-04  3.5492E-04  3.5094E-04
       3.4935E-04  3.8436E-04  3.6128E-04  3.5492E-04  3.4616E-04  3.7004E-04  3.5651E-04  3.4775E-04  3.4298E-04  3.2706E-04
       3.5332E-04  3.5492E-04  3.6287E-04  3.4616E-04  3.4616E-04  3.5730E-04  3.6049E-04  3.1672E-04  3.5492E-04  3.4696E-04
       3.4696E-04  3.7242E-04  3.2786E-04  3.5730E-04  3.4537E-04  3.3184E-04  3.3582E-04  3.3104E-04  3.3582E-04  3.4537E-04
       3.2627E-04  3.6685E-04  3.6446E-04  3.5014E-04  3.6446E-04  3.6208E-04  3.7004E-04  3.6685E-04  3.6526E-04  3.2388E-04
       3.2388E-04  3.5889E-04  3.5412E-04  3.5014E-04  3.4059E-04  3.6765E-04  3.5651E-04  3.4616E-04  3.5253E-04  3.5253E-04
       3.3184E-04  3.4775E-04  3.2865E-04  3.5173E-04  3.5651E-04  3.5173E-04  3.3900E-04  3.6685E-04  3.5571E-04  3.4059E-04
       3.3900E-04  3.7561E-04  3.5014E-04  3.4298E-04  3.4616E-04  3.5889E-04  3.3263E-04  3.3263E-04  3.3423E-04  3.5014E-04
       3.6526E-04  3.1911E-04  3.6367E-04  3.3263E-04  3.4775E-04  3.4457E-04  3.7561E-04  3.3820E-04  3.3582E-04  3.4457E-04
       3.3900E-04  3.5810E-04  3.3104E-04  3.3582E-04  3.6367E-04  3.5412E-04  3.3423E-04  3.6446E-04  3.6208E-04  3.4218E-04
       3.4775E-04  3.6287E-04  3.4537E-04  3.4696E-04  3.1274E-04  3.4537E-04  3.5412E-04  3.4218E-04  3.1592E-04  3.6287E-04
       3.5094E-04  3.5094E-04  3.4059E-04  3.0080E-04  3.1672E-04  3.2070E-04  3.4457E-04  3.0558E-04  3.4696E-04  3.0717E-04
       3.1592E-04  3.3502E-04  3.2786E-04  3.0956E-04  3.3025E-04  3.2945E-04  3.0399E-04  3.1194E-04  3.1035E-04  3.2308E-04
       2.9285E-04  3.1274E-04  3.3343E-04  3.1751E-04  3.1274E-04  3.0717E-04  2.8330E-04  3.1911E-04  3.0239E-04  3.0319E-04
       3.0956E-04  3.3582E-04  3.1592E-04  3.1911E-04  2.9285E-04  2.5385E-04  3.0239E-04  3.0558E-04  2.8887E-04  2.9285E-04
       3.0080E-04  2.7215E-04  3.0956E-04  2.9762E-04  2.9205E-04  2.5704E-04  2.8568E-04  2.5306E-04  2.9921E-04  3.0478E-04
       2.7056E-04  2.7852E-04  2.7136E-04  2.9603E-04  2.6658E-04  2.6022E-04  2.6818E-04  2.6579E-04  2.7295E-04  3.0319E-04
       2.6977E-04  2.6022E-04  2.7932E-04  2.5624E-04  2.5306E-04  2.5306E-04  2.7056E-04  2.3635E-04  2.8807E-04  2.6261E-04
       2.5067E-04  2.6420E-04  2.4192E-04  2.6101E-04  2.4510E-04  2.3714E-04  2.3873E-04  2.1725E-04  2.5306E-04  2.6261E-04
       2.6022E-04  2.2282E-04  2.2839E-04  2.4032E-04  2.4192E-04  2.4669E-04  2.0770E-04  2.3714E-04  2.2123E-04  2.1963E-04
       2.1645E-04  2.2441E-04  2.2123E-04  2.2441E-04  2.0929E-04  2.0770E-04  2.2123E-04  2.3157E-04  2.2202E-04  2.0292E-04
       1.8144E-04  2.1486E-04  2.1008E-04  1.9815E-04  1.9735E-04  1.7666E-04  1.8223E-04  1.7666E-04  1.6473E-04  1.6154E-04
       1.6950E-04  1.6393E-04  1.4244E-04  1.3926E-04  1.5438E-04  1.2335E-04  1.2732E-04  1.2494E-04  1.1937E-04  1.2414E-04
       1.2255E-04  1.1141E-04  9.7880E-05  1.0027E-04  9.3901E-05  1.1300E-04  1.2971E-04  1.0425E-04  1.0504E-04  1.1061E-04
       1.1141E-04  1.2573E-04  1.0982E-04  1.2255E-04  1.2653E-04  1.2892E-04  1.4881E-04  1.6154E-04  1.7189E-04  1.6552E-04
       1.6632E-04  1.8223E-04  1.9417E-04  2.2918E-04  2.3555E-04  2.2839E-04  2.6658E-04  3.0478E-04  3.9232E-04  5.2044E-04
       7.6713E-04  1.3019E-03  2.1303E-03  3.4839E-03  5.7932E-03  9.6440E-03  1.5608E-02  2.4346E-02  3.7586E-02  5.6594E-02
       8.1034E-02  1.1548E-01  1.5693E-01  2.0839E-01  2.6656E-01  3.3031E-01  3.9838E-01  4.6022E-01  5.1409E-01  5.5614E-01
       5.7927E-01  5.8291E-01  5.6475E-01  5.2561E-01  4.7242E-01  4.0867E-01  3.3807E-01  2.6986E-01  2.0787E-01  1.5287E-01
       1.0775E-01  7.3129E-02  4.7394E-02  2.9987E-02  1.7753E-02  1.0078E-02  5.6190E-03  2.9483E-03  1.5255E-03  7.2654E-04
       3.2468E-04  1.4642E-04  6.7641E-05  1.7507E-05  8.7535E-06  1.5915E-06  7.9577E-07  0.0000E+00  0.0000E+00  0.0000E+00
       0.0000E+00  0.0000E+00  0.0000E+00  0.0000E+00  0.0000E+00  0.0000E+00  0.0000E+00  0.0000E+00  0.0000E+00  0.0000E+00
       0.0000E+00  0.0000E+00  0.0000E+00  0.0000E+00  0.0000E+00  0.0000E+00  0.0000E+00  0.0000E+00  0.0000E+00  0.0000E+00
       0.0000E+00  0.0000E+00  0.0000E+00  0.0000E+00  0.0000E+00  0.0000E+00  0.0000E+00  0.0000E+00  0.0000E+00  0.0000E+00
       0.0000E+00  0.0000E+00  0.0000E+00  0.0000E+00  0.0000E+00  0.0000E+00  0.0000E+00  0.0000E+00  0.0000E+00  0.0000E+00
       0.0000E+00  0.0000E+00  0.0000E+00  0.0000E+00  0.0000E+00  0.0000E+00  0.0000E+00  0.0000E+00  0.0000E+00  0.0000E+00
       0.0000E+00  0.0000E+00  0.0000E+00  0.0000E+00  0.0000E+00  0.0000E+00  0.0000E+00  0.0000E+00  0.0000E+00  0.0000E+00
       0.0000E+00  0.0000E+00  0.0000E+00  0.0000E+00  0.0000E+00  0.0000E+00  0.0000E+00  0.0000E+00  0.0000E+00  0.0000E+00
       0.0000E+00  0.0000E+00  0.0000E+00  0.0000E+00  0.0000E+00  0.0000E+00  0.0000E+00  0.0000E+00  0.0000E+00  0.0000E+00
       0.0000E+00  0.0000E+00  0.0000E+00  0.0000E+00  0.0000E+00  0.0000E+00  0.0000E+00  0.0000E+00  0.0000E+00  0.0000E+00
       0.0000E+00  0.0000E+00  0.0000E+00  0.0000E+00  0.0000E+00  0.0000E+00  0.0000E+00  0.0000E+00  0.0000E+00  0.0000E+00
       0.0000E+00  0.0000E+00  0.0000E+00  0.0000E+00  0.0000E+00  0.0000E+00  0.0000E+00  0.0000E+00  0.0000E+00  0.0000E+00
       0.0000E+00  0.0000E+00  0.0000E+00  0.0000E+00  0.0000E+00  0.0000E+00  0.0000E+00  0.0000E+00  0.0000E+00  0.0000E+00
       0.0000E+00  0.0000E+00  0.0000E+00  0.0000E+00  0.0000E+00  0.0000E+00  0.0000E+00  0.0000E+00  0.0000E+00  0.0000E+00
       0.0000E+00  0.0000E+00  0.0000E+00  0.0000E+00  0.0000E+00  0.0000E+00  0.0000E+00  0.0000E+00  0.0000E+00  0.0000E+00
       0.0000E+00  0.0000E+00  0.0000E+00  0.0000E+00  0.0000E+00  0.0000E+00  0.0000E+00  0.0000E+00  0.0000E+00  0.0000E+00
       0.0000E+00  0.0000E+00  0.0000E+00  0.0000E+00  0.0000E+00  0.0000E+00  0.0000E+00  0.0000E+00  0.0000E+00  0.0000E+00
       0.0000E+00  0.0000E+00  0.0000E+00  0.0000E+00  0.0000E+00  0.0000E+00  0.0000E+00  0.0000E+00  0.0000E+00  0.0000E+00
       0.0000E+00  0.0000E+00  0.0000E+00  0.0000E+00  0.0000E+00  0.0000E+00  0.0000E+00  0.0000E+00  0.0000E+00  0.0000E+00
       0.0000E+00  0.0000E+00  0.0000E+00  0.0000E+00  0.0000E+00  0.0000E+00  0.0000E+00  0.0000E+00  0.0000E+00  0.0000E+00
       0.0000E+00  0.0000E+00  0.0000E+00  0.0000E+00  0.0000E+00  0.0000E+00  0.0000E+00  0.0000E+00  0.0000E+00  0.0000E+00
       0.0000E+00  0.0000E+00  0.0000E+00  0.0000E+00  0.0000E+00  0.0000E+00  0.0000E+00  0.0000E+00  0.0000E+00  0.0000E+00
       0.0000E+00  0.0000E+00  0.0000E+00  0.0000E+00  0.0000E+00  0.0000E+00  0.0000E+00  0.0000E+00  0.0000E+00  0.0000E+00
       0.0000E+00  0.0000E+00  0.0000E+00  0.0000E+00  0.0000E+00  0.0000E+00  0.0000E+00  0.0000E+00  0.0000E+00  0.0000E+00
       0.0000E+00  0.0000E+00  0.0000E+00  0.0000E+00  0.0000E+00  0.0000E+00  0.0000E+00  0.0000E+00  0.0000E+00  0.0000E+00
       0.0000E+00  0.0000E+00  0.0000E+00  0.0000E+00  0.0000E+00  0.0000E+00  0.0000E+00  0.0000E+00  0.0000E+00  0.0000E+00
       0.0000E+00  0.0000E+00  0.0000E+00  0.0000E+00  0.0000E+00  0.0000E+00  0.0000E+00  0.0000E+00  0.0000E+00  0.0000E+00
       0.0000E+00  0.0000E+00  0.0000E+00  0.0000E+00  0.0000E+00  0.0000E+00  0.0000E+00  0.0000E+00  0.0000E+00  0.0000E+00
       0.0000E+00  0.0000E+00  0.0000E+00  0.0000E+00  0.0000E+00  0.0000E+00  0.0000E+00  0.0000E+00  0.0000E+00  0.0000E+00
       0.0000E+00  0.0000E+00  0.0000E+00  0.0000E+00  0.0000E+00  0.0000E+00  0.0000E+00  0.0000E+00  0.0000E+00  0.0000E+00
       0.0000E+00  0.0000E+00  0.0000E+00  0.0000E+00  0.0000E+00  0.0000E+00  0.0000E+00  0.0000E+00  0.0000E+00  0.0000E+00
