
 *****  Protons in Lexan (0.20GeV, 3.0cm)                                                 *****

           DATE: 12/ 1/18,  TIME:  3:50:11

          Total number of particles followed       10000000, for a total weight of  1.0000E+07

1

   Res. nuclei n.   1  "Ian       " ,  all         products, region n.     5
      detector volume:  1.0000E+00 cm**3
      Max. Z:  10, Max. N-Z:  11 Min. N-Z: -4
      Data follow in a matrix A(z,n-z-k), k: -5 format (1(5x,1p,10(1x,e11.4)))

       0.0000E+00  0.0000E+00  0.0000E+00  0.0000E+00  0.0000E+00  0.0000E+00  0.0000E+00  0.0000E+00  0.0000E+00  0.0000E+00
       0.0000E+00  0.0000E+00  0.0000E+00  0.0000E+00  0.0000E+00  1.9300E-05  0.0000E+00  1.1000E-06  0.0000E+00  0.0000E+00
       0.0000E+00  0.0000E+00  0.0000E+00  0.0000E+00  1.5830E-04  3.2390E-04  3.5000E-05  6.7000E-05  0.0000E+00  0.0000E+00
       3.9506E-02  4.4567E-03  0.0000E+00  2.1048E-03  0.0000E+00  6.2667E-03  8.3900E-05  1.5109E-03  0.0000E+00  0.0000E+00
       9.4591E-03  3.5153E-02  2.8304E-03  0.0000E+00  2.1284E-03  8.3829E-03  6.8980E-04  9.7500E-04  0.0000E+00  0.0000E+00
       2.3429E-03  0.0000E+00  1.5763E-03  4.4544E-04  3.9433E-03  4.0210E-04  9.8162E-04  9.2346E-07  0.0000E+00  0.0000E+00
       0.0000E+00  9.8000E-05  1.3050E-04  2.7160E-04  4.3108E-05  9.5300E-05  2.9802E-06  1.7000E-06  0.0000E+00  0.0000E+00
       0.0000E+00  0.0000E+00  1.1200E-05  2.0000E-06  2.1000E-06  5.0000E-07  5.0000E-07  0.0000E+00  0.0000E+00  0.0000E+00
       0.0000E+00  0.0000E+00  0.0000E+00  2.0000E-07  0.0000E+00  0.0000E+00  0.0000E+00  0.0000E+00  0.0000E+00  0.0000E+00
       0.0000E+00  0.0000E+00  0.0000E+00  0.0000E+00  0.0000E+00  0.0000E+00  0.0000E+00  0.0000E+00  0.0000E+00  0.0000E+00
       0.0000E+00  0.0000E+00  0.0000E+00  0.0000E+00  0.0000E+00  0.0000E+00  0.0000E+00  0.0000E+00  0.0000E+00  0.0000E+00
       0.0000E+00  0.0000E+00  0.0000E+00  0.0000E+00  0.0000E+00  0.0000E+00  0.0000E+00  0.0000E+00  0.0000E+00  0.0000E+00
       0.0000E+00  0.0000E+00  0.0000E+00  0.0000E+00  0.0000E+00  0.0000E+00  0.0000E+00  0.0000E+00  0.0000E+00  0.0000E+00
       0.0000E+00  0.0000E+00  0.0000E+00  0.0000E+00  0.0000E+00  0.0000E+00  0.0000E+00  0.0000E+00  0.0000E+00  0.0000E+00
       0.0000E+00  0.0000E+00  0.0000E+00  0.0000E+00  0.0000E+00  0.0000E+00  0.0000E+00  0.0000E+00  0.0000E+00  0.0000E+00
       0.0000E+00  0.0000E+00  0.0000E+00  0.0000E+00  0.0000E+00  0.0000E+00  0.0000E+00  0.0000E+00  0.0000E+00  0.0000E+00
