
 *****  Protons in Lexan (0.25GeV, 2.0cm)                                                 *****

           DATE: 12/ 6/18,  TIME:  5:54:53

          Total number of particles followed       10000000, for a total weight of  1.0000E+07

1

   Res. nuclei n.   1  "Ian       " ,  all         products, region n.     5
      detector volume:  1.0000E+00 cm**3
      Max. Z:  10, Max. N-Z:  11 Min. N-Z: -4
      Data follow in a matrix A(z,n-z-k), k: -5 format (1(5x,1p,10(1x,e11.4)))

       0.0000E+00  0.0000E+00  0.0000E+00  0.0000E+00  0.0000E+00  0.0000E+00  0.0000E+00  0.0000E+00  0.0000E+00  0.0000E+00
       0.0000E+00  0.0000E+00  0.0000E+00  0.0000E+00  0.0000E+00  1.3700E-05  0.0000E+00  1.0000E-06  0.0000E+00  0.0000E+00
       0.0000E+00  0.0000E+00  0.0000E+00  0.0000E+00  1.0440E-04  2.1890E-04  1.9800E-05  5.1800E-05  0.0000E+00  0.0000E+00
       2.1530E-02  2.7914E-03  0.0000E+00  1.3408E-03  0.0000E+00  4.1056E-03  6.2800E-05  9.9380E-04  1.0000E-07  0.0000E+00
       4.9042E-03  2.2234E-02  1.8245E-03  0.0000E+00  1.4825E-03  4.5662E-03  4.8110E-04  5.4790E-04  0.0000E+00  5.0000E-07
       1.5922E-03  0.0000E+00  1.0706E-03  3.1210E-04  2.8974E-03  2.5630E-04  7.0290E-04  9.0000E-07  1.0000E-07  0.0000E+00
       0.0000E+00  6.2600E-05  9.4000E-05  2.1100E-04  3.2500E-05  6.8200E-05  1.1000E-06  5.0000E-07  0.0000E+00  0.0000E+00
       0.0000E+00  0.0000E+00  7.1000E-06  8.0000E-07  2.1000E-06  1.0000E-07  1.2000E-06  0.0000E+00  0.0000E+00  0.0000E+00
       0.0000E+00  3.0000E-07  0.0000E+00  0.0000E+00  0.0000E+00  1.0000E-07  0.0000E+00  0.0000E+00  0.0000E+00  0.0000E+00
       0.0000E+00  0.0000E+00  0.0000E+00  0.0000E+00  0.0000E+00  0.0000E+00  0.0000E+00  0.0000E+00  0.0000E+00  0.0000E+00
       0.0000E+00  0.0000E+00  0.0000E+00  0.0000E+00  0.0000E+00  0.0000E+00  0.0000E+00  0.0000E+00  0.0000E+00  0.0000E+00
       0.0000E+00  0.0000E+00  0.0000E+00  0.0000E+00  0.0000E+00  0.0000E+00  0.0000E+00  0.0000E+00  0.0000E+00  0.0000E+00
       0.0000E+00  0.0000E+00  0.0000E+00  0.0000E+00  0.0000E+00  0.0000E+00  0.0000E+00  0.0000E+00  0.0000E+00  0.0000E+00
       0.0000E+00  0.0000E+00  0.0000E+00  0.0000E+00  0.0000E+00  0.0000E+00  0.0000E+00  0.0000E+00  0.0000E+00  0.0000E+00
       0.0000E+00  0.0000E+00  0.0000E+00  0.0000E+00  0.0000E+00  0.0000E+00  0.0000E+00  0.0000E+00  0.0000E+00  0.0000E+00
       0.0000E+00  0.0000E+00  0.0000E+00  0.0000E+00  0.0000E+00  0.0000E+00  0.0000E+00  0.0000E+00  0.0000E+00  0.0000E+00
