
 *****  Protons in Lexan (0.10GeV, 3.0cm)                                                 *****

           DATE: 12/ 1/18,  TIME:  9:28:39

          Total number of particles followed       10000000, for a total weight of  1.0000E+07

1

   Bdrx n.   4  "ocurrent  " , generalized particle n.    1, from region n.     5 to region n.     4
      detector area:  1.0000E+02 cm**2
      this is a one way only estimator
      this is a current like estimator
      linear energy binning from   0.0000E+00 to  1.5000E-01 GeV,   650 bins ( 2.3077E-04 GeV wide)
      linear angular binning from  0.0000E+00 to  6.2832E+00 sr ,     1 bins ( 6.2832E+00 sr wide )
      Data follow in a matrix A(ie,ia), format (1(5x,1p,10(1x,e11.4)))

       2.3449E-05  2.4138E-05  3.8622E-05  4.9656E-05  6.4139E-05  7.1036E-05  7.4485E-05  8.4830E-05  8.4140E-05  9.7244E-05
       1.1173E-04  9.9313E-05  1.0690E-04  1.1173E-04  1.3035E-04  1.4897E-04  1.3655E-04  1.4414E-04  1.4897E-04  1.5725E-04
       1.5449E-04  1.7104E-04  1.6069E-04  1.8621E-04  1.7380E-04  1.8690E-04  2.1449E-04  2.1518E-04  2.1104E-04  2.0621E-04
       2.2138E-04  2.0759E-04  2.0000E-04  2.3587E-04  2.2276E-04  2.4001E-04  2.5794E-04  2.4414E-04  2.4690E-04  2.2069E-04
       2.5173E-04  2.3863E-04  2.6690E-04  2.8483E-04  2.6552E-04  2.9656E-04  2.9380E-04  2.8966E-04  2.8139E-04  2.9449E-04
       2.8070E-04  2.9932E-04  3.1311E-04  2.7863E-04  3.3380E-04  2.9656E-04  3.0552E-04  3.3380E-04  3.2208E-04  3.2346E-04
       3.4277E-04  3.5173E-04  3.3173E-04  3.1863E-04  3.5311E-04  3.3173E-04  3.2552E-04  3.4622E-04  3.6622E-04  3.6415E-04
       3.6622E-04  3.5794E-04  3.7035E-04  3.7104E-04  3.8484E-04  3.7173E-04  4.0691E-04  3.8415E-04  3.9518E-04  3.8691E-04
       4.0139E-04  4.0622E-04  4.0001E-04  3.8760E-04  4.2208E-04  3.9932E-04  3.9725E-04  4.1656E-04  4.5242E-04  4.2070E-04
       4.5173E-04  4.4829E-04  4.3794E-04  4.4898E-04  4.2829E-04  4.6829E-04  4.5863E-04  4.6829E-04  4.4622E-04  4.3587E-04
       4.5794E-04  4.7863E-04  4.7725E-04  4.5518E-04  4.7036E-04  4.8415E-04  5.0001E-04  4.4691E-04  5.0622E-04  5.0070E-04
       4.9518E-04  4.8967E-04  4.8415E-04  4.6484E-04  4.8070E-04  5.3587E-04  5.0553E-04  4.9036E-04  5.0553E-04  5.0691E-04
       5.0277E-04  4.9794E-04  5.2622E-04  5.3932E-04  5.4829E-04  5.6346E-04  5.1656E-04  5.0070E-04  5.2691E-04  5.3243E-04
       5.2898E-04  5.7381E-04  5.3450E-04  5.4967E-04  5.5105E-04  5.2898E-04  5.8553E-04  5.5381E-04  5.3656E-04  5.6208E-04
       5.4001E-04  5.4484E-04  5.6415E-04  5.4139E-04  5.8484E-04  5.8001E-04  5.6967E-04  6.0898E-04  5.4346E-04  5.8898E-04
       5.8691E-04  5.5312E-04  5.5656E-04  5.9036E-04  5.6622E-04  5.5863E-04  5.7863E-04  5.8691E-04  5.8553E-04  5.9174E-04
       6.0691E-04  5.6829E-04  5.7657E-04  6.0553E-04  5.9588E-04  5.6760E-04  5.7243E-04  5.7863E-04  5.7863E-04  6.2277E-04
       5.3863E-04  5.8967E-04  5.9036E-04  6.0415E-04  5.8208E-04  6.0346E-04  5.7105E-04  5.9105E-04  6.1588E-04  6.3450E-04
       5.8277E-04  5.9519E-04  5.9519E-04  6.1726E-04  6.1450E-04  6.1243E-04  5.7588E-04  5.5656E-04  6.0346E-04  5.7174E-04
       6.1657E-04  5.7174E-04  6.3174E-04  6.0346E-04  6.0070E-04  5.6898E-04  5.5725E-04  5.9381E-04  5.7105E-04  5.9795E-04
       6.1932E-04  6.0829E-04  5.9174E-04  6.1174E-04  5.8829E-04  5.7932E-04  5.7312E-04  6.0622E-04  5.9036E-04  5.7450E-04
       5.4760E-04  5.7312E-04  5.7381E-04  5.6070E-04  5.4967E-04  5.8139E-04  5.9174E-04  5.3863E-04  5.7588E-04  5.3312E-04
       5.6622E-04  5.6760E-04  5.4829E-04  5.7794E-04  5.8829E-04  5.5243E-04  5.5794E-04  5.0622E-04  5.6070E-04  5.1587E-04
       5.6277E-04  5.7932E-04  5.4001E-04  5.2898E-04  5.2484E-04  5.7450E-04  4.9105E-04  5.2001E-04  4.9587E-04  5.0208E-04
       5.2070E-04  4.8001E-04  4.9312E-04  4.6139E-04  4.9932E-04  4.9863E-04  4.4277E-04  4.6208E-04  4.5725E-04  4.4415E-04
       4.6001E-04  4.0484E-04  4.0622E-04  4.3587E-04  4.0898E-04  4.2760E-04  3.8691E-04  3.7449E-04  3.6001E-04  3.2621E-04
       3.3863E-04  3.2001E-04  2.9104E-04  3.1449E-04  2.9794E-04  2.9794E-04  2.8897E-04  3.3035E-04  2.8277E-04  3.1449E-04
       3.1725E-04  3.3311E-04  3.3380E-04  3.4277E-04  3.7035E-04  4.0139E-04  4.1932E-04  4.2070E-04  4.4484E-04  4.5036E-04
       5.2415E-04  5.6484E-04  6.0139E-04  6.4346E-04  7.2002E-04  7.7519E-04  8.3174E-04  8.7381E-04  9.7933E-04  1.0690E-03
       1.1490E-03  1.3035E-03  1.3662E-03  1.6938E-03  1.8918E-03  2.3263E-03  2.8773E-03  3.8028E-03  5.4105E-03  8.1816E-03
       1.3002E-02  2.1469E-02  3.6747E-02  6.2459E-02  1.0290E-01  1.6095E-01  2.4160E-01  3.4182E-01  4.5387E-01  5.6292E-01
       6.5282E-01  7.0661E-01  7.0663E-01  6.5476E-01  5.6144E-01  4.4386E-01  3.2246E-01  2.1592E-01  1.3142E-01  7.3647E-02
       3.7528E-02  1.7181E-02  7.4416E-03  2.8056E-03  9.7244E-04  2.9449E-04  7.7243E-05  2.4828E-05  3.4484E-06  6.8967E-07
       0.0000E+00  0.0000E+00  0.0000E+00  0.0000E+00  0.0000E+00  0.0000E+00  0.0000E+00  0.0000E+00  0.0000E+00  0.0000E+00
       0.0000E+00  0.0000E+00  0.0000E+00  0.0000E+00  0.0000E+00  0.0000E+00  0.0000E+00  0.0000E+00  0.0000E+00  0.0000E+00
       0.0000E+00  0.0000E+00  0.0000E+00  0.0000E+00  0.0000E+00  0.0000E+00  0.0000E+00  0.0000E+00  0.0000E+00  0.0000E+00
       0.0000E+00  0.0000E+00  0.0000E+00  0.0000E+00  0.0000E+00  0.0000E+00  0.0000E+00  0.0000E+00  0.0000E+00  0.0000E+00
       0.0000E+00  0.0000E+00  0.0000E+00  0.0000E+00  0.0000E+00  0.0000E+00  0.0000E+00  0.0000E+00  0.0000E+00  0.0000E+00
       0.0000E+00  0.0000E+00  0.0000E+00  0.0000E+00  0.0000E+00  0.0000E+00  0.0000E+00  0.0000E+00  0.0000E+00  0.0000E+00
       0.0000E+00  0.0000E+00  0.0000E+00  0.0000E+00  0.0000E+00  0.0000E+00  0.0000E+00  0.0000E+00  0.0000E+00  0.0000E+00
       0.0000E+00  0.0000E+00  0.0000E+00  0.0000E+00  0.0000E+00  0.0000E+00  0.0000E+00  0.0000E+00  0.0000E+00  0.0000E+00
       0.0000E+00  0.0000E+00  0.0000E+00  0.0000E+00  0.0000E+00  0.0000E+00  0.0000E+00  0.0000E+00  0.0000E+00  0.0000E+00
       0.0000E+00  0.0000E+00  0.0000E+00  0.0000E+00  0.0000E+00  0.0000E+00  0.0000E+00  0.0000E+00  0.0000E+00  0.0000E+00
       0.0000E+00  0.0000E+00  0.0000E+00  0.0000E+00  0.0000E+00  0.0000E+00  0.0000E+00  0.0000E+00  0.0000E+00  0.0000E+00
       0.0000E+00  0.0000E+00  0.0000E+00  0.0000E+00  0.0000E+00  0.0000E+00  0.0000E+00  0.0000E+00  0.0000E+00  0.0000E+00
       0.0000E+00  0.0000E+00  0.0000E+00  0.0000E+00  0.0000E+00  0.0000E+00  0.0000E+00  0.0000E+00  0.0000E+00  0.0000E+00
       0.0000E+00  0.0000E+00  0.0000E+00  0.0000E+00  0.0000E+00  0.0000E+00  0.0000E+00  0.0000E+00  0.0000E+00  0.0000E+00
       0.0000E+00  0.0000E+00  0.0000E+00  0.0000E+00  0.0000E+00  0.0000E+00  0.0000E+00  0.0000E+00  0.0000E+00  0.0000E+00
       0.0000E+00  0.0000E+00  0.0000E+00  0.0000E+00  0.0000E+00  0.0000E+00  0.0000E+00  0.0000E+00  0.0000E+00  0.0000E+00
       0.0000E+00  0.0000E+00  0.0000E+00  0.0000E+00  0.0000E+00  0.0000E+00  0.0000E+00  0.0000E+00  0.0000E+00  0.0000E+00
       0.0000E+00  0.0000E+00  0.0000E+00  0.0000E+00  0.0000E+00  0.0000E+00  0.0000E+00  0.0000E+00  0.0000E+00  0.0000E+00
       0.0000E+00  0.0000E+00  0.0000E+00  0.0000E+00  0.0000E+00  0.0000E+00  0.0000E+00  0.0000E+00  0.0000E+00  0.0000E+00
       0.0000E+00  0.0000E+00  0.0000E+00  0.0000E+00  0.0000E+00  0.0000E+00  0.0000E+00  0.0000E+00  0.0000E+00  0.0000E+00
       0.0000E+00  0.0000E+00  0.0000E+00  0.0000E+00  0.0000E+00  0.0000E+00  0.0000E+00  0.0000E+00  0.0000E+00  0.0000E+00
       0.0000E+00  0.0000E+00  0.0000E+00  0.0000E+00  0.0000E+00  0.0000E+00  0.0000E+00  0.0000E+00  0.0000E+00  0.0000E+00
       0.0000E+00  0.0000E+00  0.0000E+00  0.0000E+00  0.0000E+00  0.0000E+00  0.0000E+00  0.0000E+00  0.0000E+00  0.0000E+00
       0.0000E+00  0.0000E+00  0.0000E+00  0.0000E+00  0.0000E+00  0.0000E+00  0.0000E+00  0.0000E+00  0.0000E+00  0.0000E+00
       0.0000E+00  0.0000E+00  0.0000E+00  0.0000E+00  0.0000E+00  0.0000E+00  0.0000E+00  0.0000E+00  0.0000E+00  0.0000E+00
       0.0000E+00  0.0000E+00  0.0000E+00  0.0000E+00  0.0000E+00  0.0000E+00  0.0000E+00  0.0000E+00  0.0000E+00  0.0000E+00
       0.0000E+00  0.0000E+00  0.0000E+00  0.0000E+00  0.0000E+00  0.0000E+00  0.0000E+00  0.0000E+00  0.0000E+00  0.0000E+00
       0.0000E+00  0.0000E+00  0.0000E+00  0.0000E+00  0.0000E+00  0.0000E+00  0.0000E+00  0.0000E+00  0.0000E+00  0.0000E+00
       0.0000E+00  0.0000E+00  0.0000E+00  0.0000E+00  0.0000E+00  0.0000E+00  0.0000E+00  0.0000E+00  0.0000E+00  0.0000E+00
       0.0000E+00  0.0000E+00  0.0000E+00  0.0000E+00  0.0000E+00  0.0000E+00  0.0000E+00  0.0000E+00  0.0000E+00  0.0000E+00
       0.0000E+00  0.0000E+00  0.0000E+00  0.0000E+00  0.0000E+00  0.0000E+00  0.0000E+00  0.0000E+00  0.0000E+00  0.0000E+00
       0.0000E+00  0.0000E+00  0.0000E+00  0.0000E+00  0.0000E+00  0.0000E+00  0.0000E+00  0.0000E+00  0.0000E+00  0.0000E+00
