
 *****  Protons in Lexan (0.10GeV, 3.0cm)                                                 *****

           DATE: 12/ 1/18,  TIME:  9:28:39

          Total number of particles followed       10000000, for a total weight of  1.0000E+07

1

   Bdrx n.   2  "ofluence  " , generalized particle n.    1, from region n.     5 to region n.     4
      detector area:  1.0000E+02 cm**2
      this is a one way only estimator
      this is a fluence like estimator
      linear energy binning from   0.0000E+00 to  1.5000E-01 GeV,   650 bins ( 2.3077E-04 GeV wide)
      linear angular binning from  0.0000E+00 to  6.2832E+00 sr ,     1 bins ( 6.2832E+00 sr wide )
      Data follow in a matrix A(ie,ia), format (1(5x,1p,10(1x,e11.4)))

       3.3379E-05  3.2219E-05  6.4106E-05  7.2503E-05  9.2124E-05  1.2725E-04  1.1313E-04  1.3573E-04  1.2517E-04  1.4471E-04
       1.6472E-04  1.4735E-04  1.5767E-04  1.7798E-04  2.0468E-04  2.1887E-04  1.9480E-04  2.2449E-04  2.3667E-04  2.5927E-04
       2.3369E-04  2.5115E-04  2.2260E-04  2.8157E-04  2.4848E-04  2.8461E-04  3.1854E-04  3.2169E-04  3.0498E-04  3.0173E-04
       3.2916E-04  2.9612E-04  2.9808E-04  3.4327E-04  3.3661E-04  3.4154E-04  3.6926E-04  3.4806E-04  3.6774E-04  3.3224E-04
       3.4679E-04  3.3779E-04  4.1225E-04  4.3215E-04  3.7152E-04  4.3432E-04  4.3156E-04  4.1180E-04  4.2613E-04  4.1786E-04
       3.9830E-04  4.1743E-04  4.5023E-04  4.0272E-04  4.8350E-04  4.2328E-04  4.3609E-04  4.5521E-04  4.5431E-04  4.5006E-04
       4.7196E-04  4.8268E-04  4.8165E-04  4.3486E-04  4.7798E-04  4.7392E-04  4.3916E-04  5.2012E-04  5.1577E-04  4.9885E-04
       5.1398E-04  4.8135E-04  5.1612E-04  4.9717E-04  5.3308E-04  5.1357E-04  5.5125E-04  5.1834E-04  5.1845E-04  5.2240E-04
       5.4786E-04  5.5003E-04  5.3469E-04  5.3616E-04  5.6365E-04  5.5568E-04  5.3155E-04  5.6839E-04  6.1146E-04  5.5488E-04
       5.9674E-04  5.9428E-04  5.8040E-04  5.8669E-04  5.6309E-04  6.4290E-04  6.6423E-04  6.1318E-04  5.8368E-04  5.8397E-04
       6.1881E-04  6.2003E-04  6.4060E-04  5.9463E-04  6.2722E-04  6.3867E-04  6.5677E-04  5.7525E-04  6.6348E-04  6.6069E-04
       6.5187E-04  6.2928E-04  6.3679E-04  6.0937E-04  6.1995E-04  6.8755E-04  6.4078E-04  6.3502E-04  6.5127E-04  6.4711E-04
       6.4123E-04  6.2073E-04  6.6853E-04  6.9824E-04  6.9642E-04  7.1833E-04  6.5835E-04  6.2795E-04  6.7328E-04  6.6951E-04
       6.5586E-04  7.2048E-04  7.0002E-04  6.8551E-04  6.8754E-04  6.5517E-04  7.2652E-04  6.8116E-04  6.9580E-04  6.9998E-04
       6.7418E-04  6.7950E-04  6.8480E-04  6.7359E-04  7.1860E-04  7.0587E-04  7.0109E-04  7.5613E-04  6.7515E-04  7.2824E-04
       7.1521E-04  6.8807E-04  6.8389E-04  7.2610E-04  6.9110E-04  6.8418E-04  7.4108E-04  7.0768E-04  7.3972E-04  7.2031E-04
       7.4111E-04  6.9013E-04  6.9137E-04  7.3803E-04  7.2265E-04  6.8787E-04  6.8121E-04  7.0302E-04  6.9407E-04  7.5752E-04
       6.5578E-04  7.1326E-04  7.0519E-04  7.2724E-04  6.9301E-04  7.3717E-04  6.8845E-04  7.0562E-04  7.3321E-04  7.5812E-04
       6.9380E-04  7.1586E-04  7.0429E-04  7.4079E-04  7.3604E-04  7.2166E-04  6.8481E-04  6.6504E-04  7.2108E-04  6.6794E-04
       8.3601E-04  6.6856E-04  7.4230E-04  6.9416E-04  7.1174E-04  6.6883E-04  6.6627E-04  7.0592E-04  6.6728E-04  6.9866E-04
       7.2893E-04  7.2026E-04  6.8902E-04  7.1542E-04  7.0061E-04  6.7165E-04  6.7084E-04  7.3349E-04  6.8274E-04  6.6034E-04
       6.3991E-04  6.6346E-04  6.6859E-04  6.5924E-04  6.3339E-04  6.6644E-04  6.8678E-04  6.1398E-04  6.7579E-04  6.1667E-04
       6.4422E-04  6.5136E-04  6.3319E-04  6.6503E-04  6.6924E-04  6.3456E-04  6.4809E-04  5.7531E-04  6.4379E-04  5.9523E-04
       6.4772E-04  6.6133E-04  6.1273E-04  6.0448E-04  5.9676E-04  6.5525E-04  5.6552E-04  5.8549E-04  5.7175E-04  5.7034E-04
       5.8549E-04  5.4636E-04  5.5490E-04  5.2858E-04  5.7505E-04  5.7188E-04  5.0700E-04  5.2655E-04  5.2541E-04  5.0754E-04
       5.3439E-04  4.6857E-04  4.6131E-04  5.0930E-04  4.7010E-04  4.9366E-04  4.4934E-04  4.3566E-04  4.3075E-04  3.8662E-04
       3.9904E-04  3.8703E-04  3.5012E-04  3.7653E-04  3.5917E-04  3.5613E-04  3.4694E-04  4.0991E-04  3.4637E-04  3.7705E-04
       3.8384E-04  4.0138E-04  4.0836E-04  4.1523E-04  4.4714E-04  4.7518E-04  4.9937E-04  4.9138E-04  5.2616E-04  5.3343E-04
       6.0737E-04  6.5714E-04  6.9018E-04  7.3336E-04  8.1168E-04  8.7843E-04  9.4317E-04  9.8357E-04  1.0931E-03  1.1975E-03
       1.2867E-03  1.4616E-03  1.5252E-03  1.8854E-03  2.0843E-03  2.5496E-03  3.1225E-03  4.0860E-03  5.7348E-03  8.5538E-03
       1.3430E-02  2.1955E-02  3.7297E-02  6.3088E-02  1.0360E-01  1.6172E-01  2.4246E-01  3.4275E-01  4.5485E-01  5.6391E-01
       6.5379E-01  7.0751E-01  7.0743E-01  6.5542E-01  5.6197E-01  4.4425E-01  3.2273E-01  2.1608E-01  1.3152E-01  7.3698E-02
       3.7554E-02  1.7192E-02  7.4464E-03  2.8073E-03  9.7303E-04  2.9469E-04  7.7288E-05  2.4840E-05  3.4505E-06  6.8980E-07
       0.0000E+00  0.0000E+00  0.0000E+00  0.0000E+00  0.0000E+00  0.0000E+00  0.0000E+00  0.0000E+00  0.0000E+00  0.0000E+00
       0.0000E+00  0.0000E+00  0.0000E+00  0.0000E+00  0.0000E+00  0.0000E+00  0.0000E+00  0.0000E+00  0.0000E+00  0.0000E+00
       0.0000E+00  0.0000E+00  0.0000E+00  0.0000E+00  0.0000E+00  0.0000E+00  0.0000E+00  0.0000E+00  0.0000E+00  0.0000E+00
       0.0000E+00  0.0000E+00  0.0000E+00  0.0000E+00  0.0000E+00  0.0000E+00  0.0000E+00  0.0000E+00  0.0000E+00  0.0000E+00
       0.0000E+00  0.0000E+00  0.0000E+00  0.0000E+00  0.0000E+00  0.0000E+00  0.0000E+00  0.0000E+00  0.0000E+00  0.0000E+00
       0.0000E+00  0.0000E+00  0.0000E+00  0.0000E+00  0.0000E+00  0.0000E+00  0.0000E+00  0.0000E+00  0.0000E+00  0.0000E+00
       0.0000E+00  0.0000E+00  0.0000E+00  0.0000E+00  0.0000E+00  0.0000E+00  0.0000E+00  0.0000E+00  0.0000E+00  0.0000E+00
       0.0000E+00  0.0000E+00  0.0000E+00  0.0000E+00  0.0000E+00  0.0000E+00  0.0000E+00  0.0000E+00  0.0000E+00  0.0000E+00
       0.0000E+00  0.0000E+00  0.0000E+00  0.0000E+00  0.0000E+00  0.0000E+00  0.0000E+00  0.0000E+00  0.0000E+00  0.0000E+00
       0.0000E+00  0.0000E+00  0.0000E+00  0.0000E+00  0.0000E+00  0.0000E+00  0.0000E+00  0.0000E+00  0.0000E+00  0.0000E+00
       0.0000E+00  0.0000E+00  0.0000E+00  0.0000E+00  0.0000E+00  0.0000E+00  0.0000E+00  0.0000E+00  0.0000E+00  0.0000E+00
       0.0000E+00  0.0000E+00  0.0000E+00  0.0000E+00  0.0000E+00  0.0000E+00  0.0000E+00  0.0000E+00  0.0000E+00  0.0000E+00
       0.0000E+00  0.0000E+00  0.0000E+00  0.0000E+00  0.0000E+00  0.0000E+00  0.0000E+00  0.0000E+00  0.0000E+00  0.0000E+00
       0.0000E+00  0.0000E+00  0.0000E+00  0.0000E+00  0.0000E+00  0.0000E+00  0.0000E+00  0.0000E+00  0.0000E+00  0.0000E+00
       0.0000E+00  0.0000E+00  0.0000E+00  0.0000E+00  0.0000E+00  0.0000E+00  0.0000E+00  0.0000E+00  0.0000E+00  0.0000E+00
       0.0000E+00  0.0000E+00  0.0000E+00  0.0000E+00  0.0000E+00  0.0000E+00  0.0000E+00  0.0000E+00  0.0000E+00  0.0000E+00
       0.0000E+00  0.0000E+00  0.0000E+00  0.0000E+00  0.0000E+00  0.0000E+00  0.0000E+00  0.0000E+00  0.0000E+00  0.0000E+00
       0.0000E+00  0.0000E+00  0.0000E+00  0.0000E+00  0.0000E+00  0.0000E+00  0.0000E+00  0.0000E+00  0.0000E+00  0.0000E+00
       0.0000E+00  0.0000E+00  0.0000E+00  0.0000E+00  0.0000E+00  0.0000E+00  0.0000E+00  0.0000E+00  0.0000E+00  0.0000E+00
       0.0000E+00  0.0000E+00  0.0000E+00  0.0000E+00  0.0000E+00  0.0000E+00  0.0000E+00  0.0000E+00  0.0000E+00  0.0000E+00
       0.0000E+00  0.0000E+00  0.0000E+00  0.0000E+00  0.0000E+00  0.0000E+00  0.0000E+00  0.0000E+00  0.0000E+00  0.0000E+00
       0.0000E+00  0.0000E+00  0.0000E+00  0.0000E+00  0.0000E+00  0.0000E+00  0.0000E+00  0.0000E+00  0.0000E+00  0.0000E+00
       0.0000E+00  0.0000E+00  0.0000E+00  0.0000E+00  0.0000E+00  0.0000E+00  0.0000E+00  0.0000E+00  0.0000E+00  0.0000E+00
       0.0000E+00  0.0000E+00  0.0000E+00  0.0000E+00  0.0000E+00  0.0000E+00  0.0000E+00  0.0000E+00  0.0000E+00  0.0000E+00
       0.0000E+00  0.0000E+00  0.0000E+00  0.0000E+00  0.0000E+00  0.0000E+00  0.0000E+00  0.0000E+00  0.0000E+00  0.0000E+00
       0.0000E+00  0.0000E+00  0.0000E+00  0.0000E+00  0.0000E+00  0.0000E+00  0.0000E+00  0.0000E+00  0.0000E+00  0.0000E+00
       0.0000E+00  0.0000E+00  0.0000E+00  0.0000E+00  0.0000E+00  0.0000E+00  0.0000E+00  0.0000E+00  0.0000E+00  0.0000E+00
       0.0000E+00  0.0000E+00  0.0000E+00  0.0000E+00  0.0000E+00  0.0000E+00  0.0000E+00  0.0000E+00  0.0000E+00  0.0000E+00
       0.0000E+00  0.0000E+00  0.0000E+00  0.0000E+00  0.0000E+00  0.0000E+00  0.0000E+00  0.0000E+00  0.0000E+00  0.0000E+00
       0.0000E+00  0.0000E+00  0.0000E+00  0.0000E+00  0.0000E+00  0.0000E+00  0.0000E+00  0.0000E+00  0.0000E+00  0.0000E+00
       0.0000E+00  0.0000E+00  0.0000E+00  0.0000E+00  0.0000E+00  0.0000E+00  0.0000E+00  0.0000E+00  0.0000E+00  0.0000E+00
       0.0000E+00  0.0000E+00  0.0000E+00  0.0000E+00  0.0000E+00  0.0000E+00  0.0000E+00  0.0000E+00  0.0000E+00  0.0000E+00
1

   Bdrx n.   6  "ofluence  " , generalized particle n.    1, from region n.     5 to region n.     4
      detector area:  1.0000E+02 cm**2
      this is a one way only estimator
      this is a fluence like estimator
      linear energy binning from   0.0000E+00 to  3.0000E+02 GeV,     1 bins ( 3.0000E+02 GeV wide)
      linear angular binning from  0.0000E+00 to  6.2832E+00 sr ,     1 bins ( 6.2832E+00 sr wide )
      Data follow in a matrix A(ie,ia), format (1(5x,1p,10(1x,e11.4)))

       5.1836E-06
