
 *****  Protons in Lexan (0.20GeV, 2.0cm)                                                 *****

           DATE: 12/ 1/18,  TIME:  8:49: 8

          Total number of particles followed       10000000, for a total weight of  1.0000E+07

1

   Bdrx n.   2  "ofluence  " , generalized particle n.    1, from region n.     5 to region n.     4
      detector area:  1.0000E+02 cm**2
      this is a one way only estimator
      this is a fluence like estimator
      linear energy binning from   1.2000E-01 to  2.5000E-01 GeV,   650 bins ( 2.0000E-04 GeV wide)
      linear angular binning from  0.0000E+00 to  6.2832E+00 sr ,     1 bins ( 6.2832E+00 sr wide )
      Data follow in a matrix A(ie,ia), format (1(5x,1p,10(1x,e11.4)))

       3.0879E-04  2.9107E-04  2.7232E-04  2.8810E-04  2.7404E-04  3.1496E-04  2.8492E-04  2.8792E-04  2.9034E-04  3.1826E-04
       3.1346E-04  3.0121E-04  3.1248E-04  3.1614E-04  3.0406E-04  3.1381E-04  2.7874E-04  3.0620E-04  2.6948E-04  2.8393E-04
       3.3128E-04  3.2305E-04  3.0149E-04  2.7911E-04  2.8173E-04  3.3001E-04  2.8739E-04  3.2222E-04  3.0481E-04  3.0847E-04
       2.6028E-04  3.1173E-04  3.1766E-04  2.9675E-04  3.0143E-04  3.1345E-04  2.9606E-04  3.0917E-04  3.0677E-04  2.9841E-04
       2.8886E-04  2.8752E-04  2.8093E-04  3.0398E-04  2.6738E-04  2.9097E-04  2.7751E-04  2.7977E-04  3.0503E-04  2.6692E-04
       2.8753E-04  3.0786E-04  2.7830E-04  2.9099E-04  2.7393E-04  2.8553E-04  2.9817E-04  3.1368E-04  3.3147E-04  2.8503E-04
       2.8424E-04  2.8388E-04  2.7141E-04  2.7358E-04  2.5421E-04  2.8247E-04  3.0241E-04  2.7518E-04  3.1189E-04  2.8927E-04
       2.6071E-04  3.2024E-04  2.9649E-04  2.6334E-04  2.9956E-04  2.7605E-04  2.9331E-04  2.8890E-04  2.8599E-04  3.0778E-04
       2.8695E-04  3.0004E-04  2.6821E-04  2.7073E-04  3.0087E-04  3.0171E-04  2.8164E-04  2.4036E-04  2.9519E-04  3.0666E-04
       2.7237E-04  2.9322E-04  2.6655E-04  2.6450E-04  3.0911E-04  2.8939E-04  2.7089E-04  3.1731E-04  2.6819E-04  2.5378E-04
       3.0679E-04  2.6758E-04  2.3362E-04  3.0460E-04  2.7941E-04  3.2067E-04  2.6971E-04  2.7850E-04  3.0454E-04  2.6797E-04
       2.8068E-04  2.8290E-04  2.9704E-04  2.7243E-04  2.8228E-04  2.7075E-04  2.6370E-04  2.8660E-04  2.6301E-04  3.0465E-04
       2.6227E-04  2.6343E-04  2.8106E-04  2.6461E-04  2.9239E-04  2.8917E-04  2.7700E-04  2.7834E-04  3.0533E-04  2.8385E-04
       2.5158E-04  2.6644E-04  3.1151E-04  2.7213E-04  2.6295E-04  2.6679E-04  2.8703E-04  2.8439E-04  2.5956E-04  2.9378E-04
       2.6131E-04  2.7528E-04  2.7268E-04  2.7524E-04  2.8975E-04  2.8064E-04  2.8794E-04  2.8005E-04  2.5536E-04  2.7083E-04
       2.6441E-04  2.6170E-04  2.8804E-04  2.6681E-04  2.5952E-04  2.8999E-04  2.6987E-04  2.6849E-04  2.7047E-04  2.4720E-04
       2.5594E-04  2.7950E-04  2.7447E-04  2.6361E-04  2.7493E-04  2.5672E-04  2.7685E-04  2.6195E-04  2.7103E-04  2.6039E-04
       2.7481E-04  2.4723E-04  2.7204E-04  2.3136E-04  2.3950E-04  2.5786E-04  2.4465E-04  2.5214E-04  2.4533E-04  2.5069E-04
       2.5243E-04  2.3673E-04  2.3864E-04  2.2685E-04  2.4662E-04  2.3692E-04  2.2467E-04  2.5038E-04  2.3856E-04  2.7854E-04
       2.3454E-04  2.3399E-04  2.2466E-04  2.1337E-04  2.4599E-04  2.4916E-04  2.1033E-04  2.2808E-04  2.2135E-04  2.2385E-04
       2.5265E-04  2.5327E-04  2.4537E-04  2.3934E-04  2.2128E-04  2.1330E-04  2.4033E-04  2.2765E-04  2.3405E-04  2.6259E-04
       2.2365E-04  2.2275E-04  2.2264E-04  2.2268E-04  2.3517E-04  2.2941E-04  2.1262E-04  2.2704E-04  2.0944E-04  2.2989E-04
       2.0973E-04  2.2766E-04  2.1679E-04  2.3017E-04  2.3508E-04  2.1185E-04  2.3442E-04  2.0053E-04  2.1724E-04  2.2180E-04
       1.9738E-04  1.7826E-04  2.0725E-04  2.1362E-04  2.0916E-04  2.0557E-04  2.0423E-04  2.0836E-04  1.9500E-04  2.0123E-04
       1.9759E-04  2.1163E-04  2.0010E-04  1.9667E-04  2.1128E-04  1.8624E-04  1.7762E-04  1.7658E-04  1.9048E-04  1.7604E-04
       1.9528E-04  1.7599E-04  1.7843E-04  1.7531E-04  2.0176E-04  1.7437E-04  1.8725E-04  1.7479E-04  1.7215E-04  1.7944E-04
       1.7975E-04  1.6690E-04  1.7445E-04  1.8549E-04  1.8927E-04  1.6412E-04  1.7214E-04  1.7205E-04  1.5874E-04  1.7403E-04
       1.6037E-04  1.6204E-04  1.7152E-04  1.5035E-04  1.5373E-04  1.4814E-04  1.3999E-04  1.2972E-04  1.5930E-04  1.5512E-04
       1.5059E-04  1.3093E-04  1.2589E-04  1.2824E-04  1.4223E-04  1.3442E-04  1.2841E-04  1.1347E-04  1.1798E-04  9.0915E-05
       9.8481E-05  1.1161E-04  1.0417E-04  9.5244E-05  7.1035E-05  7.7023E-05  8.6688E-05  7.9425E-05  8.0509E-05  7.8160E-05
       7.9449E-05  8.8760E-05  8.0969E-05  7.2159E-05  7.1333E-05  7.0309E-05  7.9818E-05  7.5886E-05  7.8191E-05  7.2791E-05
       8.5913E-05  7.9296E-05  1.0118E-04  1.0954E-04  9.5770E-05  9.7754E-05  1.1791E-04  1.3325E-04  1.3256E-04  1.4077E-04
       1.4558E-04  1.4684E-04  1.4778E-04  1.6812E-04  1.7264E-04  1.9532E-04  2.4617E-04  3.5047E-04  5.9126E-04  1.0225E-03
       1.7670E-03  3.2315E-03  5.7251E-03  1.0105E-02  1.7084E-02  2.7821E-02  4.4849E-02  6.9147E-02  1.0272E-01  1.4658E-01
       2.0312E-01  2.7069E-01  3.4556E-01  4.2387E-01  4.9986E-01  5.6619E-01  6.1517E-01  6.3875E-01  6.3551E-01  6.0824E-01
       5.5316E-01  4.8315E-01  4.0389E-01  3.2204E-01  2.4578E-01  1.7853E-01  1.2367E-01  8.1278E-02  5.1679E-02  3.0911E-02
       1.7508E-02  9.8194E-03  5.0768E-03  2.4942E-03  1.2256E-03  5.5074E-04  2.2681E-04  9.0727E-05  4.4568E-05  1.0346E-05
       5.5707E-06  2.3901E-06  0.0000E+00  0.0000E+00  0.0000E+00  0.0000E+00  0.0000E+00  0.0000E+00  0.0000E+00  0.0000E+00
       0.0000E+00  0.0000E+00  0.0000E+00  0.0000E+00  0.0000E+00  0.0000E+00  0.0000E+00  0.0000E+00  0.0000E+00  0.0000E+00
       0.0000E+00  0.0000E+00  0.0000E+00  0.0000E+00  0.0000E+00  0.0000E+00  0.0000E+00  0.0000E+00  0.0000E+00  0.0000E+00
       0.0000E+00  0.0000E+00  0.0000E+00  0.0000E+00  0.0000E+00  0.0000E+00  0.0000E+00  0.0000E+00  0.0000E+00  0.0000E+00
       0.0000E+00  0.0000E+00  0.0000E+00  0.0000E+00  0.0000E+00  0.0000E+00  0.0000E+00  0.0000E+00  0.0000E+00  0.0000E+00
       0.0000E+00  0.0000E+00  0.0000E+00  0.0000E+00  0.0000E+00  0.0000E+00  0.0000E+00  0.0000E+00  0.0000E+00  0.0000E+00
       0.0000E+00  0.0000E+00  0.0000E+00  0.0000E+00  0.0000E+00  0.0000E+00  0.0000E+00  0.0000E+00  0.0000E+00  0.0000E+00
       0.0000E+00  0.0000E+00  0.0000E+00  0.0000E+00  0.0000E+00  0.0000E+00  0.0000E+00  0.0000E+00  0.0000E+00  0.0000E+00
       0.0000E+00  0.0000E+00  0.0000E+00  0.0000E+00  0.0000E+00  0.0000E+00  0.0000E+00  0.0000E+00  0.0000E+00  0.0000E+00
       0.0000E+00  0.0000E+00  0.0000E+00  0.0000E+00  0.0000E+00  0.0000E+00  0.0000E+00  0.0000E+00  0.0000E+00  0.0000E+00
       0.0000E+00  0.0000E+00  0.0000E+00  0.0000E+00  0.0000E+00  0.0000E+00  0.0000E+00  0.0000E+00  0.0000E+00  0.0000E+00
       0.0000E+00  0.0000E+00  0.0000E+00  0.0000E+00  0.0000E+00  0.0000E+00  0.0000E+00  0.0000E+00  0.0000E+00  0.0000E+00
       0.0000E+00  0.0000E+00  0.0000E+00  0.0000E+00  0.0000E+00  0.0000E+00  0.0000E+00  0.0000E+00  0.0000E+00  0.0000E+00
       0.0000E+00  0.0000E+00  0.0000E+00  0.0000E+00  0.0000E+00  0.0000E+00  0.0000E+00  0.0000E+00  0.0000E+00  0.0000E+00
       0.0000E+00  0.0000E+00  0.0000E+00  0.0000E+00  0.0000E+00  0.0000E+00  0.0000E+00  0.0000E+00  0.0000E+00  0.0000E+00
       0.0000E+00  0.0000E+00  0.0000E+00  0.0000E+00  0.0000E+00  0.0000E+00  0.0000E+00  0.0000E+00  0.0000E+00  0.0000E+00
       0.0000E+00  0.0000E+00  0.0000E+00  0.0000E+00  0.0000E+00  0.0000E+00  0.0000E+00  0.0000E+00  0.0000E+00  0.0000E+00
       0.0000E+00  0.0000E+00  0.0000E+00  0.0000E+00  0.0000E+00  0.0000E+00  0.0000E+00  0.0000E+00  0.0000E+00  0.0000E+00
       0.0000E+00  0.0000E+00  0.0000E+00  0.0000E+00  0.0000E+00  0.0000E+00  0.0000E+00  0.0000E+00  0.0000E+00  0.0000E+00
       0.0000E+00  0.0000E+00  0.0000E+00  0.0000E+00  0.0000E+00  0.0000E+00  0.0000E+00  0.0000E+00  0.0000E+00  0.0000E+00
       0.0000E+00  0.0000E+00  0.0000E+00  0.0000E+00  0.0000E+00  0.0000E+00  0.0000E+00  0.0000E+00  0.0000E+00  0.0000E+00
       0.0000E+00  0.0000E+00  0.0000E+00  0.0000E+00  0.0000E+00  0.0000E+00  0.0000E+00  0.0000E+00  0.0000E+00  0.0000E+00
       0.0000E+00  0.0000E+00  0.0000E+00  0.0000E+00  0.0000E+00  0.0000E+00  0.0000E+00  0.0000E+00  0.0000E+00  0.0000E+00
       0.0000E+00  0.0000E+00  0.0000E+00  0.0000E+00  0.0000E+00  0.0000E+00  0.0000E+00  0.0000E+00  0.0000E+00  0.0000E+00
       0.0000E+00  0.0000E+00  0.0000E+00  0.0000E+00  0.0000E+00  0.0000E+00  0.0000E+00  0.0000E+00  0.0000E+00  0.0000E+00
       0.0000E+00  0.0000E+00  0.0000E+00  0.0000E+00  0.0000E+00  0.0000E+00  0.0000E+00  0.0000E+00  0.0000E+00  0.0000E+00
       0.0000E+00  0.0000E+00  0.0000E+00  0.0000E+00  0.0000E+00  0.0000E+00  0.0000E+00  0.0000E+00  0.0000E+00  0.0000E+00
       0.0000E+00  0.0000E+00  0.0000E+00  0.0000E+00  0.0000E+00  0.0000E+00  0.0000E+00  0.0000E+00  0.0000E+00  0.0000E+00
1

   Bdrx n.   6  "ofluence  " , generalized particle n.    1, from region n.     5 to region n.     4
      detector area:  1.0000E+02 cm**2
      this is a one way only estimator
      this is a fluence like estimator
      linear energy binning from   0.0000E+00 to  3.0000E+02 GeV,     1 bins ( 3.0000E+02 GeV wide)
      linear angular binning from  0.0000E+00 to  6.2832E+00 sr ,     1 bins ( 6.2832E+00 sr wide )
      Data follow in a matrix A(ie,ia), format (1(5x,1p,10(1x,e11.4)))

       5.3391E-06
