
 *****  Protons in Lexan (0.16GeV, 2cm)                                                   *****

           DATE: 12/19/18,  TIME: 13: 9: 9

          Total number of particles followed       16666666, for a total weight of  1.6667E+07

1

   Bdrx n.   2  "ofluence  " , generalized particle n.    1, from region n.     5 to region n.     4
      detector area:  1.0000E+02 cm**2
      this is a one way only estimator
      this is a fluence like estimator
      linear energy binning from   8.0000E-02 to  2.1000E-01 GeV,   650 bins ( 2.0000E-04 GeV wide)
      linear angular binning from  0.0000E+00 to  6.2832E+00 sr ,     1 bins ( 6.2832E+00 sr wide )
      Data follow in a matrix A(ie,ia), format (1(5x,1p,10(1x,e11.4)))

       5.1116E-04  4.9686E-04  5.2377E-04  5.1598E-04  4.9909E-04  5.3340E-04  5.2137E-04  5.0385E-04  5.1434E-04  5.0505E-04
       5.1278E-04  5.2208E-04  5.0859E-04  5.1142E-04  5.2315E-04  5.1456E-04  5.4500E-04  5.0177E-04  5.2050E-04  4.9464E-04
       5.1787E-04  5.0639E-04  4.7965E-04  5.0172E-04  5.1075E-04  5.1725E-04  5.3729E-04  5.0892E-04  4.9145E-04  4.8723E-04
       5.4726E-04  5.0322E-04  5.2044E-04  5.2517E-04  4.9135E-04  4.9129E-04  5.2733E-04  4.6861E-04  5.0746E-04  4.7454E-04
       5.1039E-04  4.4764E-04  5.1417E-04  5.2004E-04  5.2107E-04  5.0482E-04  5.2265E-04  4.5674E-04  5.1440E-04  5.2167E-04
       5.3843E-04  5.0127E-04  4.9504E-04  4.7218E-04  4.9845E-04  5.3377E-04  4.8052E-04  4.9171E-04  5.0374E-04  4.7342E-04
       4.7684E-04  5.3069E-04  5.1890E-04  4.8422E-04  4.8420E-04  5.2195E-04  5.3021E-04  5.1442E-04  5.1544E-04  4.8583E-04
       5.3170E-04  4.7362E-04  4.9783E-04  5.0829E-04  4.9255E-04  5.0336E-04  5.0673E-04  5.1193E-04  5.3812E-04  4.8918E-04
       5.1013E-04  4.9056E-04  5.1983E-04  5.2159E-04  5.0086E-04  5.0271E-04  4.8524E-04  4.9086E-04  4.7404E-04  5.1214E-04
       4.7648E-04  4.9190E-04  4.9551E-04  4.6121E-04  4.9040E-04  5.0304E-04  5.0237E-04  4.9962E-04  5.4244E-04  4.8667E-04
       4.9494E-04  5.2234E-04  4.8599E-04  5.0104E-04  4.7727E-04  5.0693E-04  4.8780E-04  4.7653E-04  4.8544E-04  4.6657E-04
       4.8606E-04  4.8750E-04  4.7605E-04  4.8087E-04  4.7334E-04  4.9470E-04  4.8905E-04  4.6768E-04  4.6683E-04  5.2242E-04
       5.0397E-04  4.9919E-04  4.8234E-04  5.1018E-04  4.9036E-04  4.6030E-04  4.8821E-04  4.6849E-04  4.3161E-04  4.5275E-04
       4.8077E-04  4.6273E-04  4.6661E-04  4.6096E-04  4.4800E-04  4.5270E-04  4.7424E-04  4.5994E-04  4.6677E-04  4.4888E-04
       4.6496E-04  4.5182E-04  4.5271E-04  4.6264E-04  4.4035E-04  4.7819E-04  4.2766E-04  4.4981E-04  4.2562E-04  4.3660E-04
       4.7264E-04  4.2177E-04  4.3861E-04  4.4379E-04  4.3312E-04  4.4536E-04  4.1442E-04  4.1919E-04  4.2451E-04  4.3288E-04
       4.3165E-04  4.4769E-04  3.9548E-04  3.9930E-04  4.1620E-04  4.1596E-04  4.0467E-04  4.2488E-04  4.1422E-04  4.0944E-04
       4.2138E-04  4.0354E-04  3.8490E-04  4.2903E-04  4.1392E-04  3.8991E-04  3.9942E-04  3.9345E-04  3.8826E-04  3.9822E-04
       3.6561E-04  3.8830E-04  3.9441E-04  3.8810E-04  4.1169E-04  3.9904E-04  3.8313E-04  3.8316E-04  3.8359E-04  3.8525E-04
       3.6884E-04  3.6676E-04  3.7466E-04  3.7123E-04  4.2412E-04  3.8939E-04  3.5333E-04  3.8423E-04  3.3908E-04  3.5875E-04
       3.6178E-04  3.6346E-04  3.5466E-04  3.5468E-04  3.7785E-04  3.3683E-04  3.6619E-04  3.4521E-04  3.8641E-04  3.2491E-04
       3.3314E-04  3.3476E-04  3.3425E-04  3.2730E-04  3.2509E-04  3.5289E-04  3.5222E-04  3.2704E-04  3.3175E-04  3.1918E-04
       3.2985E-04  2.9463E-04  3.0754E-04  3.2135E-04  3.0555E-04  3.1080E-04  3.0627E-04  2.9431E-04  2.9334E-04  3.1315E-04
       2.9670E-04  2.8205E-04  2.9484E-04  2.8054E-04  2.8919E-04  2.6258E-04  2.6222E-04  2.7993E-04  2.5845E-04  2.4327E-04
       2.3272E-04  2.3825E-04  2.4260E-04  2.1888E-04  2.4051E-04  2.1981E-04  2.0307E-04  2.1290E-04  1.9682E-04  1.8539E-04
       1.8425E-04  1.7127E-04  1.6007E-04  1.5575E-04  1.5629E-04  1.5147E-04  1.5750E-04  1.4444E-04  1.3667E-04  1.4877E-04
       1.4719E-04  1.4333E-04  1.5689E-04  1.3523E-04  1.5161E-04  1.6039E-04  1.4750E-04  1.6200E-04  1.7308E-04  1.7124E-04
       1.7739E-04  2.1468E-04  1.9558E-04  2.1676E-04  2.3624E-04  2.5315E-04  2.6075E-04  2.8387E-04  3.0892E-04  2.8529E-04
       3.1203E-04  3.3806E-04  3.3959E-04  3.4195E-04  3.7228E-04  4.4208E-04  5.3767E-04  7.4889E-04  1.0534E-03  1.6760E-03
       2.7485E-03  4.7790E-03  8.1641E-03  1.3852E-02  2.2770E-02  3.6901E-02  5.7881E-02  8.7973E-02  1.2908E-01  1.8226E-01
       2.4799E-01  3.2317E-01  4.0448E-01  4.8566E-01  5.5937E-01  6.1551E-01  6.4866E-01  6.5254E-01  6.2633E-01  5.7259E-01
       5.0102E-01  4.1447E-01  3.2706E-01  2.4532E-01  1.7426E-01  1.1829E-01  7.5491E-02  4.5747E-02  2.6165E-02  1.4329E-02
       7.2917E-03  3.5579E-03  1.6228E-03  6.9776E-04  2.8272E-04  1.0888E-04  3.6771E-05  1.4804E-05  2.3880E-06  1.4325E-06
       0.0000E+00  0.0000E+00  0.0000E+00  0.0000E+00  0.0000E+00  0.0000E+00  0.0000E+00  0.0000E+00  0.0000E+00  0.0000E+00
       0.0000E+00  0.0000E+00  0.0000E+00  0.0000E+00  0.0000E+00  0.0000E+00  0.0000E+00  0.0000E+00  0.0000E+00  0.0000E+00
       0.0000E+00  0.0000E+00  0.0000E+00  0.0000E+00  0.0000E+00  0.0000E+00  0.0000E+00  0.0000E+00  0.0000E+00  0.0000E+00
       0.0000E+00  0.0000E+00  0.0000E+00  0.0000E+00  0.0000E+00  0.0000E+00  0.0000E+00  0.0000E+00  0.0000E+00  0.0000E+00
       0.0000E+00  0.0000E+00  0.0000E+00  0.0000E+00  0.0000E+00  0.0000E+00  0.0000E+00  0.0000E+00  0.0000E+00  0.0000E+00
       0.0000E+00  0.0000E+00  0.0000E+00  0.0000E+00  0.0000E+00  0.0000E+00  0.0000E+00  0.0000E+00  0.0000E+00  0.0000E+00
       0.0000E+00  0.0000E+00  0.0000E+00  0.0000E+00  0.0000E+00  0.0000E+00  0.0000E+00  0.0000E+00  0.0000E+00  0.0000E+00
       0.0000E+00  0.0000E+00  0.0000E+00  0.0000E+00  0.0000E+00  0.0000E+00  0.0000E+00  0.0000E+00  0.0000E+00  0.0000E+00
       0.0000E+00  0.0000E+00  0.0000E+00  0.0000E+00  0.0000E+00  0.0000E+00  0.0000E+00  0.0000E+00  0.0000E+00  0.0000E+00
       0.0000E+00  0.0000E+00  0.0000E+00  0.0000E+00  0.0000E+00  0.0000E+00  0.0000E+00  0.0000E+00  0.0000E+00  0.0000E+00
       0.0000E+00  0.0000E+00  0.0000E+00  0.0000E+00  0.0000E+00  0.0000E+00  0.0000E+00  0.0000E+00  0.0000E+00  0.0000E+00
       0.0000E+00  0.0000E+00  0.0000E+00  0.0000E+00  0.0000E+00  0.0000E+00  0.0000E+00  0.0000E+00  0.0000E+00  0.0000E+00
       0.0000E+00  0.0000E+00  0.0000E+00  0.0000E+00  0.0000E+00  0.0000E+00  0.0000E+00  0.0000E+00  0.0000E+00  0.0000E+00
       0.0000E+00  0.0000E+00  0.0000E+00  0.0000E+00  0.0000E+00  0.0000E+00  0.0000E+00  0.0000E+00  0.0000E+00  0.0000E+00
       0.0000E+00  0.0000E+00  0.0000E+00  0.0000E+00  0.0000E+00  0.0000E+00  0.0000E+00  0.0000E+00  0.0000E+00  0.0000E+00
       0.0000E+00  0.0000E+00  0.0000E+00  0.0000E+00  0.0000E+00  0.0000E+00  0.0000E+00  0.0000E+00  0.0000E+00  0.0000E+00
       0.0000E+00  0.0000E+00  0.0000E+00  0.0000E+00  0.0000E+00  0.0000E+00  0.0000E+00  0.0000E+00  0.0000E+00  0.0000E+00
       0.0000E+00  0.0000E+00  0.0000E+00  0.0000E+00  0.0000E+00  0.0000E+00  0.0000E+00  0.0000E+00  0.0000E+00  0.0000E+00
       0.0000E+00  0.0000E+00  0.0000E+00  0.0000E+00  0.0000E+00  0.0000E+00  0.0000E+00  0.0000E+00  0.0000E+00  0.0000E+00
       0.0000E+00  0.0000E+00  0.0000E+00  0.0000E+00  0.0000E+00  0.0000E+00  0.0000E+00  0.0000E+00  0.0000E+00  0.0000E+00
       0.0000E+00  0.0000E+00  0.0000E+00  0.0000E+00  0.0000E+00  0.0000E+00  0.0000E+00  0.0000E+00  0.0000E+00  0.0000E+00
       0.0000E+00  0.0000E+00  0.0000E+00  0.0000E+00  0.0000E+00  0.0000E+00  0.0000E+00  0.0000E+00  0.0000E+00  0.0000E+00
       0.0000E+00  0.0000E+00  0.0000E+00  0.0000E+00  0.0000E+00  0.0000E+00  0.0000E+00  0.0000E+00  0.0000E+00  0.0000E+00
       0.0000E+00  0.0000E+00  0.0000E+00  0.0000E+00  0.0000E+00  0.0000E+00  0.0000E+00  0.0000E+00  0.0000E+00  0.0000E+00
       0.0000E+00  0.0000E+00  0.0000E+00  0.0000E+00  0.0000E+00  0.0000E+00  0.0000E+00  0.0000E+00  0.0000E+00  0.0000E+00
       0.0000E+00  0.0000E+00  0.0000E+00  0.0000E+00  0.0000E+00  0.0000E+00  0.0000E+00  0.0000E+00  0.0000E+00  0.0000E+00
       0.0000E+00  0.0000E+00  0.0000E+00  0.0000E+00  0.0000E+00  0.0000E+00  0.0000E+00  0.0000E+00  0.0000E+00  0.0000E+00
       0.0000E+00  0.0000E+00  0.0000E+00  0.0000E+00  0.0000E+00  0.0000E+00  0.0000E+00  0.0000E+00  0.0000E+00  0.0000E+00
       0.0000E+00  0.0000E+00  0.0000E+00  0.0000E+00  0.0000E+00  0.0000E+00  0.0000E+00  0.0000E+00  0.0000E+00  0.0000E+00
       0.0000E+00  0.0000E+00  0.0000E+00  0.0000E+00  0.0000E+00  0.0000E+00  0.0000E+00  0.0000E+00  0.0000E+00  0.0000E+00
       0.0000E+00  0.0000E+00  0.0000E+00  0.0000E+00  0.0000E+00  0.0000E+00  0.0000E+00  0.0000E+00  0.0000E+00  0.0000E+00
       0.0000E+00  0.0000E+00  0.0000E+00  0.0000E+00  0.0000E+00  0.0000E+00  0.0000E+00  0.0000E+00  0.0000E+00  0.0000E+00
1

   Bdrx n.   6  "ofluence  " , generalized particle n.    1, from region n.     5 to region n.     4
      detector area:  1.0000E+02 cm**2
      this is a one way only estimator
      this is a fluence like estimator
      linear energy binning from   0.0000E+00 to  3.0000E+02 GeV,     1 bins ( 3.0000E+02 GeV wide)
      linear angular binning from  0.0000E+00 to  6.2832E+00 sr ,     1 bins ( 6.2832E+00 sr wide )
      Data follow in a matrix A(ie,ia), format (1(5x,1p,10(1x,e11.4)))

       5.2834E-06
