
 *****  Protons in Lexan (0.16GeV, 2cm)                                                   *****

           DATE: 12/19/18,  TIME: 13: 9: 9

          Total number of particles followed       16666666, for a total weight of  1.6667E+07

1

   Bdrx n.   4  "ocurrent  " , generalized particle n.    1, from region n.     5 to region n.     4
      detector area:  1.0000E+02 cm**2
      this is a one way only estimator
      this is a current like estimator
      linear energy binning from   8.0000E-02 to  2.1000E-01 GeV,   650 bins ( 2.0000E-04 GeV wide)
      linear angular binning from  0.0000E+00 to  6.2832E+00 sr ,     1 bins ( 6.2832E+00 sr wide )
      Data follow in a matrix A(ie,ia), format (1(5x,1p,10(1x,e11.4)))

       4.0632E-04  3.9200E-04  4.0966E-04  4.0775E-04  4.0155E-04  4.1874E-04  4.1539E-04  4.0537E-04  4.0489E-04  4.0441E-04
       3.9630E-04  4.1683E-04  4.0441E-04  4.0775E-04  4.2351E-04  4.0537E-04  4.2160E-04  4.0250E-04  4.1587E-04  3.9534E-04
       4.1014E-04  4.0775E-04  3.9009E-04  4.0394E-04  4.0966E-04  4.1778E-04  4.3211E-04  4.1157E-04  4.0012E-04  3.9677E-04
       4.4547E-04  4.1253E-04  4.1874E-04  4.2829E-04  4.0489E-04  4.0012E-04  4.2638E-04  3.8102E-04  4.1730E-04  3.8627E-04
       4.1587E-04  3.6478E-04  4.1396E-04  4.1874E-04  4.2590E-04  4.1205E-04  4.2112E-04  3.7481E-04  4.2399E-04  4.3402E-04
       4.4547E-04  4.1014E-04  4.0489E-04  3.8245E-04  4.0966E-04  4.4356E-04  3.9439E-04  4.0871E-04  4.1444E-04  3.9439E-04
       3.9295E-04  4.3736E-04  4.2160E-04  4.0728E-04  4.0823E-04  4.3258E-04  4.4213E-04  4.2733E-04  4.2972E-04  4.0394E-04
       4.4118E-04  3.9773E-04  4.1587E-04  4.2256E-04  4.1444E-04  4.2399E-04  4.2829E-04  4.2685E-04  4.4738E-04  4.0728E-04
       4.2447E-04  4.1444E-04  4.3831E-04  4.4547E-04  4.2208E-04  4.2494E-04  4.0919E-04  4.1778E-04  4.0203E-04  4.3927E-04
       4.0298E-04  4.1683E-04  4.2112E-04  3.9439E-04  4.2017E-04  4.2924E-04  4.2876E-04  4.2590E-04  4.5932E-04  4.1492E-04
       4.2351E-04  4.4691E-04  4.1921E-04  4.3211E-04  4.1444E-04  4.3736E-04  4.2112E-04  4.0871E-04  4.2160E-04  4.0107E-04
       4.1921E-04  4.2351E-04  4.1205E-04  4.1969E-04  4.1014E-04  4.2876E-04  4.2542E-04  4.0680E-04  4.0489E-04  4.5216E-04
       4.3784E-04  4.3115E-04  4.2065E-04  4.4404E-04  4.2685E-04  4.0203E-04  4.2876E-04  4.0250E-04  3.7958E-04  3.9677E-04
       4.2256E-04  4.0775E-04  4.0871E-04  4.0394E-04  3.9725E-04  4.0012E-04  4.1205E-04  4.0298E-04  4.1110E-04  3.9582E-04
       4.0728E-04  3.9534E-04  3.9534E-04  4.0775E-04  3.9295E-04  4.2065E-04  3.7911E-04  3.9868E-04  3.8006E-04  3.8675E-04
       4.2017E-04  3.7290E-04  3.8818E-04  3.9104E-04  3.8627E-04  3.9439E-04  3.6908E-04  3.7147E-04  3.7624E-04  3.8054E-04
       3.8579E-04  4.0107E-04  3.5285E-04  3.5619E-04  3.7290E-04  3.7385E-04  3.6049E-04  3.7767E-04  3.7004E-04  3.6431E-04
       3.8006E-04  3.6287E-04  3.4282E-04  3.8436E-04  3.7290E-04  3.5141E-04  3.5762E-04  3.5523E-04  3.4903E-04  3.6001E-04
       3.2850E-04  3.4568E-04  3.5619E-04  3.5285E-04  3.7147E-04  3.5953E-04  3.4568E-04  3.4664E-04  3.4664E-04  3.4521E-04
       3.3423E-04  3.3423E-04  3.3852E-04  3.3805E-04  3.7815E-04  3.5380E-04  3.2086E-04  3.4998E-04  3.1131E-04  3.2706E-04
       3.3088E-04  3.3041E-04  3.2324E-04  3.2468E-04  3.4712E-04  3.0844E-04  3.3614E-04  3.1656E-04  3.5189E-04  2.9985E-04
       3.0558E-04  3.0844E-04  3.0605E-04  3.0224E-04  3.0128E-04  3.2611E-04  3.2563E-04  2.9937E-04  3.0271E-04  2.9507E-04
       2.9460E-04  2.7263E-04  2.8600E-04  2.9794E-04  2.8361E-04  2.8791E-04  2.8314E-04  2.7359E-04  2.7454E-04  2.9030E-04
       2.7597E-04  2.6404E-04  2.7359E-04  2.6117E-04  2.6834E-04  2.4351E-04  2.4303E-04  2.5926E-04  2.4112E-04  2.2632E-04
       2.1772E-04  2.2059E-04  2.2680E-04  2.0388E-04  2.2154E-04  2.0245E-04  1.8573E-04  1.9672E-04  1.8382E-04  1.7093E-04
       1.6759E-04  1.5088E-04  1.4515E-04  1.4037E-04  1.4372E-04  1.3560E-04  1.4181E-04  1.3083E-04  1.2366E-04  1.3369E-04
       1.3274E-04  1.2987E-04  1.3990E-04  1.2319E-04  1.3512E-04  1.4419E-04  1.3226E-04  1.4515E-04  1.5661E-04  1.5613E-04
       1.6138E-04  1.9337E-04  1.7953E-04  2.0006E-04  2.1916E-04  2.3539E-04  2.4160E-04  2.6452E-04  2.8982E-04  2.6356E-04
       2.9269E-04  3.1608E-04  3.2086E-04  3.1990E-04  3.5094E-04  4.1444E-04  5.0850E-04  7.1667E-04  1.0165E-03  1.6310E-03
       2.6996E-03  4.7202E-03  8.0935E-03  1.3771E-02  2.2677E-02  3.6790E-02  5.7749E-02  8.7812E-02  1.2890E-01  1.8205E-01
       2.4777E-01  3.2292E-01  4.0420E-01  4.8537E-01  5.5908E-01  6.1522E-01  6.4838E-01  6.5228E-01  6.2610E-01  5.7239E-01
       5.0086E-01  4.1434E-01  3.2697E-01  2.4525E-01  1.7421E-01  1.1826E-01  7.5471E-02  4.5736E-02  2.6159E-02  1.4325E-02
       7.2899E-03  3.5571E-03  1.6224E-03  6.9758E-04  2.8266E-04  1.0886E-04  3.6765E-05  1.4801E-05  2.3873E-06  1.4324E-06
       0.0000E+00  0.0000E+00  0.0000E+00  0.0000E+00  0.0000E+00  0.0000E+00  0.0000E+00  0.0000E+00  0.0000E+00  0.0000E+00
       0.0000E+00  0.0000E+00  0.0000E+00  0.0000E+00  0.0000E+00  0.0000E+00  0.0000E+00  0.0000E+00  0.0000E+00  0.0000E+00
       0.0000E+00  0.0000E+00  0.0000E+00  0.0000E+00  0.0000E+00  0.0000E+00  0.0000E+00  0.0000E+00  0.0000E+00  0.0000E+00
       0.0000E+00  0.0000E+00  0.0000E+00  0.0000E+00  0.0000E+00  0.0000E+00  0.0000E+00  0.0000E+00  0.0000E+00  0.0000E+00
       0.0000E+00  0.0000E+00  0.0000E+00  0.0000E+00  0.0000E+00  0.0000E+00  0.0000E+00  0.0000E+00  0.0000E+00  0.0000E+00
       0.0000E+00  0.0000E+00  0.0000E+00  0.0000E+00  0.0000E+00  0.0000E+00  0.0000E+00  0.0000E+00  0.0000E+00  0.0000E+00
       0.0000E+00  0.0000E+00  0.0000E+00  0.0000E+00  0.0000E+00  0.0000E+00  0.0000E+00  0.0000E+00  0.0000E+00  0.0000E+00
       0.0000E+00  0.0000E+00  0.0000E+00  0.0000E+00  0.0000E+00  0.0000E+00  0.0000E+00  0.0000E+00  0.0000E+00  0.0000E+00
       0.0000E+00  0.0000E+00  0.0000E+00  0.0000E+00  0.0000E+00  0.0000E+00  0.0000E+00  0.0000E+00  0.0000E+00  0.0000E+00
       0.0000E+00  0.0000E+00  0.0000E+00  0.0000E+00  0.0000E+00  0.0000E+00  0.0000E+00  0.0000E+00  0.0000E+00  0.0000E+00
       0.0000E+00  0.0000E+00  0.0000E+00  0.0000E+00  0.0000E+00  0.0000E+00  0.0000E+00  0.0000E+00  0.0000E+00  0.0000E+00
       0.0000E+00  0.0000E+00  0.0000E+00  0.0000E+00  0.0000E+00  0.0000E+00  0.0000E+00  0.0000E+00  0.0000E+00  0.0000E+00
       0.0000E+00  0.0000E+00  0.0000E+00  0.0000E+00  0.0000E+00  0.0000E+00  0.0000E+00  0.0000E+00  0.0000E+00  0.0000E+00
       0.0000E+00  0.0000E+00  0.0000E+00  0.0000E+00  0.0000E+00  0.0000E+00  0.0000E+00  0.0000E+00  0.0000E+00  0.0000E+00
       0.0000E+00  0.0000E+00  0.0000E+00  0.0000E+00  0.0000E+00  0.0000E+00  0.0000E+00  0.0000E+00  0.0000E+00  0.0000E+00
       0.0000E+00  0.0000E+00  0.0000E+00  0.0000E+00  0.0000E+00  0.0000E+00  0.0000E+00  0.0000E+00  0.0000E+00  0.0000E+00
       0.0000E+00  0.0000E+00  0.0000E+00  0.0000E+00  0.0000E+00  0.0000E+00  0.0000E+00  0.0000E+00  0.0000E+00  0.0000E+00
       0.0000E+00  0.0000E+00  0.0000E+00  0.0000E+00  0.0000E+00  0.0000E+00  0.0000E+00  0.0000E+00  0.0000E+00  0.0000E+00
       0.0000E+00  0.0000E+00  0.0000E+00  0.0000E+00  0.0000E+00  0.0000E+00  0.0000E+00  0.0000E+00  0.0000E+00  0.0000E+00
       0.0000E+00  0.0000E+00  0.0000E+00  0.0000E+00  0.0000E+00  0.0000E+00  0.0000E+00  0.0000E+00  0.0000E+00  0.0000E+00
       0.0000E+00  0.0000E+00  0.0000E+00  0.0000E+00  0.0000E+00  0.0000E+00  0.0000E+00  0.0000E+00  0.0000E+00  0.0000E+00
       0.0000E+00  0.0000E+00  0.0000E+00  0.0000E+00  0.0000E+00  0.0000E+00  0.0000E+00  0.0000E+00  0.0000E+00  0.0000E+00
       0.0000E+00  0.0000E+00  0.0000E+00  0.0000E+00  0.0000E+00  0.0000E+00  0.0000E+00  0.0000E+00  0.0000E+00  0.0000E+00
       0.0000E+00  0.0000E+00  0.0000E+00  0.0000E+00  0.0000E+00  0.0000E+00  0.0000E+00  0.0000E+00  0.0000E+00  0.0000E+00
       0.0000E+00  0.0000E+00  0.0000E+00  0.0000E+00  0.0000E+00  0.0000E+00  0.0000E+00  0.0000E+00  0.0000E+00  0.0000E+00
       0.0000E+00  0.0000E+00  0.0000E+00  0.0000E+00  0.0000E+00  0.0000E+00  0.0000E+00  0.0000E+00  0.0000E+00  0.0000E+00
       0.0000E+00  0.0000E+00  0.0000E+00  0.0000E+00  0.0000E+00  0.0000E+00  0.0000E+00  0.0000E+00  0.0000E+00  0.0000E+00
       0.0000E+00  0.0000E+00  0.0000E+00  0.0000E+00  0.0000E+00  0.0000E+00  0.0000E+00  0.0000E+00  0.0000E+00  0.0000E+00
       0.0000E+00  0.0000E+00  0.0000E+00  0.0000E+00  0.0000E+00  0.0000E+00  0.0000E+00  0.0000E+00  0.0000E+00  0.0000E+00
       0.0000E+00  0.0000E+00  0.0000E+00  0.0000E+00  0.0000E+00  0.0000E+00  0.0000E+00  0.0000E+00  0.0000E+00  0.0000E+00
       0.0000E+00  0.0000E+00  0.0000E+00  0.0000E+00  0.0000E+00  0.0000E+00  0.0000E+00  0.0000E+00  0.0000E+00  0.0000E+00
       0.0000E+00  0.0000E+00  0.0000E+00  0.0000E+00  0.0000E+00  0.0000E+00  0.0000E+00  0.0000E+00  0.0000E+00  0.0000E+00
