
 *****  Protons in Lexan (0.16GeV, 2cm)                                                   *****

           DATE: 12/19/18,  TIME: 13: 9: 9

          Total number of particles followed       16666666, for a total weight of  1.6667E+07

1

   Res. nuclei n.   1  "Ian       " ,  all         products, region n.     5
      detector volume:  1.0000E+00 cm**3
      Max. Z:  10, Max. N-Z:  11 Min. N-Z: -4
      Data follow in a matrix A(z,n-z-k), k: -5 format (1(5x,1p,10(1x,e11.4)))

       0.0000E+00  0.0000E+00  0.0000E+00  0.0000E+00  0.0000E+00  0.0000E+00  0.0000E+00  0.0000E+00  0.0000E+00  0.0000E+00
       0.0000E+00  0.0000E+00  0.0000E+00  0.0000E+00  0.0000E+00  2.0460E-05  0.0000E+00  9.6000E-07  0.0000E+00  0.0000E+00
       0.0000E+00  0.0000E+00  0.0000E+00  0.0000E+00  1.7076E-04  2.9160E-04  3.8520E-05  5.5140E-05  0.0000E+00  0.0000E+00
       4.1977E-02  4.6891E-03  0.0000E+00  2.1994E-03  0.0000E+00  6.3455E-03  8.6880E-05  1.5162E-03  0.0000E+00  0.0000E+00
       9.9838E-03  3.7397E-02  3.0237E-03  0.0000E+00  2.0705E-03  1.0763E-02  7.0794E-04  1.2497E-03  6.0000E-08  3.6000E-07
       2.3250E-03  0.0000E+00  1.5601E-03  4.4235E-04  3.7384E-03  4.3046E-04  9.3969E-04  1.3536E-06  6.0000E-08  0.0000E+00
       0.0000E+00  9.1380E-05  1.2348E-04  2.5428E-04  4.1094E-05  9.3360E-05  2.5956E-06  1.3800E-06  0.0000E+00  0.0000E+00
       0.0000E+00  0.0000E+00  6.3600E-06  1.1400E-06  2.7000E-06  1.8000E-07  1.0200E-06  0.0000E+00  0.0000E+00  0.0000E+00
       0.0000E+00  1.2000E-07  0.0000E+00  6.0000E-08  0.0000E+00  6.0000E-08  0.0000E+00  0.0000E+00  0.0000E+00  0.0000E+00
       0.0000E+00  0.0000E+00  0.0000E+00  0.0000E+00  0.0000E+00  0.0000E+00  0.0000E+00  0.0000E+00  0.0000E+00  0.0000E+00
       0.0000E+00  0.0000E+00  0.0000E+00  0.0000E+00  0.0000E+00  0.0000E+00  0.0000E+00  0.0000E+00  0.0000E+00  0.0000E+00
       0.0000E+00  0.0000E+00  0.0000E+00  0.0000E+00  0.0000E+00  0.0000E+00  0.0000E+00  0.0000E+00  0.0000E+00  0.0000E+00
       0.0000E+00  0.0000E+00  0.0000E+00  0.0000E+00  0.0000E+00  0.0000E+00  0.0000E+00  0.0000E+00  0.0000E+00  0.0000E+00
       0.0000E+00  0.0000E+00  0.0000E+00  0.0000E+00  0.0000E+00  0.0000E+00  0.0000E+00  0.0000E+00  0.0000E+00  0.0000E+00
       0.0000E+00  0.0000E+00  0.0000E+00  0.0000E+00  0.0000E+00  0.0000E+00  0.0000E+00  0.0000E+00  0.0000E+00  0.0000E+00
       0.0000E+00  0.0000E+00  0.0000E+00  0.0000E+00  0.0000E+00  0.0000E+00  0.0000E+00  0.0000E+00  0.0000E+00  0.0000E+00
