
 *****  Protons in Lexan (0.25GeV, 1.0cm)                                                 *****

           DATE: 11/30/18,  TIME: 23:36: 0

          Total number of particles followed       10000000, for a total weight of  1.0000E+07

1

   Res. nuclei n.   1  "Ian       " ,  all         products, region n.     5
      detector volume:  1.0000E+00 cm**3
      Max. Z:  10, Max. N-Z:  11 Min. N-Z: -4
      Data follow in a matrix A(z,n-z-k), k: -5 format (1(5x,1p,10(1x,e11.4)))

       0.0000E+00  0.0000E+00  0.0000E+00  0.0000E+00  0.0000E+00  0.0000E+00  0.0000E+00  0.0000E+00  0.0000E+00  0.0000E+00
       0.0000E+00  0.0000E+00  0.0000E+00  0.0000E+00  0.0000E+00  7.2000E-06  0.0000E+00  5.0000E-07  0.0000E+00  0.0000E+00
       0.0000E+00  0.0000E+00  0.0000E+00  0.0000E+00  5.0400E-05  1.0920E-04  1.0700E-05  2.4400E-05  0.0000E+00  0.0000E+00
       8.7665E-03  1.4013E-03  0.0000E+00  6.5100E-04  0.0000E+00  2.0181E-03  2.8100E-05  4.9670E-04  0.0000E+00  0.0000E+00
       2.2944E-03  1.0986E-02  9.2140E-04  0.0000E+00  7.3600E-04  2.1218E-03  2.3054E-04  2.4792E-04  0.0000E+00  0.0000E+00
       7.5600E-04  0.0000E+00  5.4100E-04  1.4270E-04  1.4176E-03  1.2995E-04  3.5652E-04  6.0260E-07  0.0000E+00  0.0000E+00
       0.0000E+00  3.5000E-05  4.8600E-05  1.0480E-04  1.3908E-05  3.5500E-05  5.3808E-07  4.0000E-07  0.0000E+00  0.0000E+00
       0.0000E+00  0.0000E+00  2.6000E-06  8.0000E-07  1.2000E-06  1.0000E-07  2.0000E-07  0.0000E+00  0.0000E+00  0.0000E+00
       0.0000E+00  0.0000E+00  0.0000E+00  1.0000E-07  0.0000E+00  0.0000E+00  0.0000E+00  0.0000E+00  0.0000E+00  0.0000E+00
       0.0000E+00  0.0000E+00  0.0000E+00  0.0000E+00  0.0000E+00  0.0000E+00  0.0000E+00  0.0000E+00  0.0000E+00  0.0000E+00
       0.0000E+00  0.0000E+00  0.0000E+00  0.0000E+00  0.0000E+00  0.0000E+00  0.0000E+00  0.0000E+00  0.0000E+00  0.0000E+00
       0.0000E+00  0.0000E+00  0.0000E+00  0.0000E+00  0.0000E+00  0.0000E+00  0.0000E+00  0.0000E+00  0.0000E+00  0.0000E+00
       0.0000E+00  0.0000E+00  0.0000E+00  0.0000E+00  0.0000E+00  0.0000E+00  0.0000E+00  0.0000E+00  0.0000E+00  0.0000E+00
       0.0000E+00  0.0000E+00  0.0000E+00  0.0000E+00  0.0000E+00  0.0000E+00  0.0000E+00  0.0000E+00  0.0000E+00  0.0000E+00
       0.0000E+00  0.0000E+00  0.0000E+00  0.0000E+00  0.0000E+00  0.0000E+00  0.0000E+00  0.0000E+00  0.0000E+00  0.0000E+00
       0.0000E+00  0.0000E+00  0.0000E+00  0.0000E+00  0.0000E+00  0.0000E+00  0.0000E+00  0.0000E+00  0.0000E+00  0.0000E+00
