
 *****  Protons in Lexan (0.08GeV, 1.0cm)                                                 *****

           DATE: 12/16/18,  TIME: 17:13:45

          Total number of particles followed       20000000, for a total weight of  2.0000E+07

1

   Res. nuclei n.   1  "Ian       " ,  all         products, region n.     5
      detector volume:  1.0000E+00 cm**3
      Max. Z:  10, Max. N-Z:  11 Min. N-Z: -4
      Data follow in a matrix A(z,n-z-k), k: -5 format (1(5x,1p,10(1x,e11.4)))

       0.0000E+00  0.0000E+00  0.0000E+00  0.0000E+00  0.0000E+00  0.0000E+00  0.0000E+00  0.0000E+00  0.0000E+00  0.0000E+00
       0.0000E+00  0.0000E+00  0.0000E+00  0.0000E+00  0.0000E+00  3.1000E-06  0.0000E+00  9.5000E-07  0.0000E+00  0.0000E+00
       0.0000E+00  0.0000E+00  0.0000E+00  0.0000E+00  5.7100E-05  9.9650E-05  5.3650E-05  9.7500E-05  0.0000E+00  0.0000E+00
       1.4280E+00  2.0429E-03  0.0000E+00  6.7630E-04  0.0000E+00  2.7416E-03  6.0415E-04  9.6769E-03  1.2000E-06  0.0000E+00
       3.6696E-01  5.9616E-02  1.6932E-03  0.0000E+00  1.1526E-03  2.3243E-02  4.7665E-03  3.1027E-02  8.5000E-06  1.9000E-06
       7.3796E-04  0.0000E+00  4.1505E-04  2.7093E-04  2.3898E-03  2.0991E-03  9.4834E-03  3.4381E-05  0.0000E+00  0.0000E+00
       0.0000E+00  1.0850E-05  1.4200E-05  8.8800E-05  3.3100E-05  5.4160E-04  4.1880E-05  5.1100E-05  0.0000E+00  0.0000E+00
       0.0000E+00  0.0000E+00  1.5000E-07  1.0000E-07  1.7500E-06  5.5000E-07  4.1500E-06  0.0000E+00  0.0000E+00  0.0000E+00
       0.0000E+00  0.0000E+00  0.0000E+00  0.0000E+00  0.0000E+00  1.0000E-07  0.0000E+00  0.0000E+00  0.0000E+00  0.0000E+00
       0.0000E+00  0.0000E+00  0.0000E+00  0.0000E+00  0.0000E+00  0.0000E+00  0.0000E+00  0.0000E+00  0.0000E+00  0.0000E+00
       0.0000E+00  0.0000E+00  0.0000E+00  0.0000E+00  0.0000E+00  0.0000E+00  0.0000E+00  0.0000E+00  0.0000E+00  0.0000E+00
       0.0000E+00  0.0000E+00  0.0000E+00  0.0000E+00  0.0000E+00  0.0000E+00  0.0000E+00  0.0000E+00  0.0000E+00  0.0000E+00
       0.0000E+00  0.0000E+00  0.0000E+00  0.0000E+00  0.0000E+00  0.0000E+00  0.0000E+00  0.0000E+00  0.0000E+00  0.0000E+00
       0.0000E+00  0.0000E+00  0.0000E+00  0.0000E+00  0.0000E+00  0.0000E+00  0.0000E+00  0.0000E+00  0.0000E+00  0.0000E+00
       0.0000E+00  0.0000E+00  0.0000E+00  0.0000E+00  0.0000E+00  0.0000E+00  0.0000E+00  0.0000E+00  0.0000E+00  0.0000E+00
       0.0000E+00  0.0000E+00  0.0000E+00  0.0000E+00  0.0000E+00  0.0000E+00  0.0000E+00  0.0000E+00  0.0000E+00  0.0000E+00
