
 *****  Protons in Lexan (0.23GeV, 2.0cm)                                                 *****

           DATE: 12/ 1/18,  TIME:  4:49:29

          Total number of particles followed       10000000, for a total weight of  1.0000E+07

1

   Res. nuclei n.   1  "Ian       " ,  all         products, region n.     5
      detector volume:  1.0000E+00 cm**3
      Max. Z:  10, Max. N-Z:  11 Min. N-Z: -4
      Data follow in a matrix A(z,n-z-k), k: -5 format (1(5x,1p,10(1x,e11.4)))

       0.0000E+00  0.0000E+00  0.0000E+00  0.0000E+00  0.0000E+00  0.0000E+00  0.0000E+00  0.0000E+00  0.0000E+00  0.0000E+00
       0.0000E+00  0.0000E+00  0.0000E+00  0.0000E+00  0.0000E+00  1.1200E-05  0.0000E+00  4.0000E-07  0.0000E+00  0.0000E+00
       0.0000E+00  0.0000E+00  0.0000E+00  0.0000E+00  1.0330E-04  2.1030E-04  2.2800E-05  5.2500E-05  0.0000E+00  0.0000E+00
       2.1967E-02  2.8436E-03  0.0000E+00  1.3711E-03  0.0000E+00  4.1096E-03  5.7000E-05  1.0168E-03  0.0000E+00  0.0000E+00
       5.2472E-03  2.2433E-02  1.8228E-03  0.0000E+00  1.4659E-03  4.7728E-03  4.8090E-04  5.6004E-04  0.0000E+00  2.0000E-07
       1.5402E-03  0.0000E+00  1.0618E-03  2.9990E-04  2.7843E-03  2.5611E-04  6.8245E-04  1.4097E-06  0.0000E+00  0.0000E+00
       0.0000E+00  6.4000E-05  8.5000E-05  1.9860E-04  3.2104E-05  7.0800E-05  1.2408E-06  6.0000E-07  0.0000E+00  0.0000E+00
       0.0000E+00  0.0000E+00  7.7000E-06  9.0000E-07  1.0000E-06  0.0000E+00  8.0000E-07  0.0000E+00  0.0000E+00  0.0000E+00
       0.0000E+00  3.0000E-07  0.0000E+00  2.0000E-07  1.0000E-07  0.0000E+00  0.0000E+00  0.0000E+00  0.0000E+00  0.0000E+00
       0.0000E+00  0.0000E+00  0.0000E+00  0.0000E+00  0.0000E+00  0.0000E+00  0.0000E+00  0.0000E+00  0.0000E+00  0.0000E+00
       0.0000E+00  0.0000E+00  0.0000E+00  0.0000E+00  0.0000E+00  0.0000E+00  0.0000E+00  0.0000E+00  0.0000E+00  0.0000E+00
       0.0000E+00  0.0000E+00  0.0000E+00  0.0000E+00  0.0000E+00  0.0000E+00  0.0000E+00  0.0000E+00  0.0000E+00  0.0000E+00
       0.0000E+00  0.0000E+00  0.0000E+00  0.0000E+00  0.0000E+00  0.0000E+00  0.0000E+00  0.0000E+00  0.0000E+00  0.0000E+00
       0.0000E+00  0.0000E+00  0.0000E+00  0.0000E+00  0.0000E+00  0.0000E+00  0.0000E+00  0.0000E+00  0.0000E+00  0.0000E+00
       0.0000E+00  0.0000E+00  0.0000E+00  0.0000E+00  0.0000E+00  0.0000E+00  0.0000E+00  0.0000E+00  0.0000E+00  0.0000E+00
       0.0000E+00  0.0000E+00  0.0000E+00  0.0000E+00  0.0000E+00  0.0000E+00  0.0000E+00  0.0000E+00  0.0000E+00  0.0000E+00
