
 *****  Protons in Lexan (0.23GeV, 2.0cm)                                                 *****

           DATE: 12/ 1/18,  TIME:  4:49:29

          Total number of particles followed       10000000, for a total weight of  1.0000E+07

1

   Bdrx n.   2  "ofluence  " , generalized particle n.    1, from region n.     5 to region n.     4
      detector area:  1.0000E+02 cm**2
      this is a one way only estimator
      this is a fluence like estimator
      linear energy binning from   1.5000E-01 to  2.8000E-01 GeV,   650 bins ( 2.0000E-04 GeV wide)
      linear angular binning from  0.0000E+00 to  6.2832E+00 sr ,     1 bins ( 6.2832E+00 sr wide )
      Data follow in a matrix A(ie,ia), format (1(5x,1p,10(1x,e11.4)))

       2.4577E-04  2.5576E-04  2.4502E-04  2.3823E-04  2.3784E-04  2.6056E-04  2.7589E-04  2.8104E-04  2.6967E-04  2.6048E-04
       2.4898E-04  2.7492E-04  2.8232E-04  2.6451E-04  2.4157E-04  2.5206E-04  2.4466E-04  2.4713E-04  2.5974E-04  2.4256E-04
       2.3849E-04  2.7496E-04  2.7045E-04  2.5877E-04  2.6399E-04  2.8095E-04  2.2684E-04  2.3439E-04  2.6108E-04  2.8405E-04
       2.6343E-04  2.7433E-04  2.4819E-04  2.5668E-04  2.4087E-04  2.4912E-04  2.4721E-04  2.3944E-04  2.5948E-04  2.6028E-04
       2.5707E-04  2.4618E-04  2.4851E-04  2.6522E-04  2.6356E-04  2.7659E-04  2.5470E-04  2.5509E-04  2.3305E-04  2.3528E-04
       2.6410E-04  2.6851E-04  2.5590E-04  2.6755E-04  2.8291E-04  2.4737E-04  2.6150E-04  2.5801E-04  2.8279E-04  2.5213E-04
       2.6262E-04  2.6024E-04  2.5397E-04  2.5649E-04  2.5034E-04  2.7704E-04  2.5418E-04  2.1259E-04  2.1784E-04  2.6403E-04
       2.5406E-04  2.5160E-04  2.6035E-04  2.7467E-04  2.2833E-04  2.5496E-04  2.4070E-04  2.3310E-04  2.6050E-04  2.4113E-04
       2.4821E-04  2.5580E-04  2.4529E-04  2.5922E-04  2.4417E-04  2.4494E-04  2.2578E-04  2.6608E-04  2.5702E-04  2.6690E-04
       2.4271E-04  2.3487E-04  2.3362E-04  2.5502E-04  2.7821E-04  2.5583E-04  2.5191E-04  2.5779E-04  2.3856E-04  2.3934E-04
       2.0350E-04  2.3737E-04  2.6011E-04  2.3360E-04  2.6124E-04  2.2749E-04  2.3943E-04  2.6045E-04  2.4706E-04  2.5259E-04
       2.4439E-04  2.2232E-04  2.1885E-04  2.4437E-04  2.3696E-04  2.5622E-04  2.4635E-04  2.5298E-04  2.3239E-04  2.3483E-04
       2.6701E-04  2.3715E-04  2.3044E-04  2.4991E-04  2.3766E-04  2.6312E-04  2.4940E-04  2.5427E-04  2.3504E-04  2.2978E-04
       2.4042E-04  2.4094E-04  2.2578E-04  2.5870E-04  2.1705E-04  2.3078E-04  2.3405E-04  2.3535E-04  2.5245E-04  2.4940E-04
       2.4026E-04  2.4196E-04  2.6598E-04  2.3150E-04  2.4740E-04  2.3613E-04  2.2609E-04  2.5072E-04  2.5999E-04  2.2816E-04
       2.3085E-04  2.2623E-04  2.2927E-04  2.3255E-04  2.4952E-04  2.3708E-04  2.6445E-04  2.2647E-04  2.2206E-04  2.3008E-04
       2.3348E-04  2.4996E-04  2.3053E-04  2.1707E-04  2.1886E-04  2.1766E-04  2.4514E-04  2.3050E-04  2.1872E-04  2.1330E-04
       2.1516E-04  2.3780E-04  2.0918E-04  2.3395E-04  2.2940E-04  2.2206E-04  2.4877E-04  2.2510E-04  2.1824E-04  2.3589E-04
       2.2730E-04  2.2362E-04  2.2370E-04  2.1528E-04  2.2840E-04  2.2415E-04  2.5130E-04  2.1573E-04  2.0820E-04  2.2137E-04
       2.2017E-04  2.1743E-04  2.1890E-04  2.2325E-04  2.3369E-04  2.1815E-04  2.1723E-04  2.3237E-04  2.0602E-04  2.0400E-04
       2.0876E-04  2.0139E-04  2.1064E-04  1.9925E-04  2.1290E-04  2.0964E-04  1.9413E-04  2.0902E-04  1.8566E-04  2.1495E-04
       1.8848E-04  1.9603E-04  1.7707E-04  1.9937E-04  2.1279E-04  1.6463E-04  1.7184E-04  2.0360E-04  1.9570E-04  1.7599E-04
       1.8777E-04  1.9548E-04  1.9695E-04  1.8370E-04  1.7583E-04  1.8838E-04  2.0473E-04  1.9322E-04  2.0500E-04  1.9942E-04
       1.8483E-04  1.9388E-04  1.9267E-04  1.9241E-04  1.8860E-04  1.8473E-04  1.9608E-04  1.8188E-04  1.9329E-04  1.6820E-04
       1.8665E-04  1.8409E-04  1.5997E-04  1.8281E-04  1.8218E-04  1.8426E-04  1.8552E-04  1.6588E-04  1.5737E-04  1.4833E-04
       1.6274E-04  1.4963E-04  1.5791E-04  1.5460E-04  1.6819E-04  1.8290E-04  1.6670E-04  1.6162E-04  1.3975E-04  1.6007E-04
       1.5828E-04  1.5468E-04  1.5304E-04  1.6469E-04  1.3816E-04  1.3862E-04  1.7112E-04  1.6022E-04  1.3726E-04  1.4102E-04
       1.4906E-04  1.4582E-04  1.4036E-04  1.5350E-04  1.2890E-04  1.3405E-04  1.3415E-04  1.5913E-04  1.4555E-04  1.0958E-04
       1.3510E-04  1.4439E-04  1.3605E-04  1.2937E-04  1.4059E-04  1.1339E-04  1.0085E-04  1.1855E-04  1.1243E-04  1.0481E-04
       1.1579E-04  1.2791E-04  8.5629E-05  9.7637E-05  8.2040E-05  8.2285E-05  8.2153E-05  7.1629E-05  7.9808E-05  8.1524E-05
       7.3395E-05  6.2158E-05  5.9017E-05  8.0479E-05  7.9211E-05  6.7771E-05  5.7792E-05  5.0399E-05  6.8714E-05  6.1213E-05
       6.4274E-05  7.1936E-05  6.1938E-05  7.1082E-05  8.4216E-05  7.4880E-05  8.3657E-05  7.8150E-05  8.6560E-05  9.1736E-05
       1.0523E-04  1.1128E-04  1.0141E-04  1.0358E-04  1.3069E-04  1.3671E-04  1.2660E-04  1.6088E-04  1.9376E-04  2.4893E-04
       3.7133E-04  5.8461E-04  1.0216E-03  1.7717E-03  2.8558E-03  5.0711E-03  8.4488E-03  1.3659E-02  2.1776E-02  3.3779E-02
       5.0921E-02  7.4200E-02  1.0504E-01  1.4536E-01  1.9296E-01  2.4856E-01  3.1141E-01  3.7523E-01  4.3761E-01  4.9532E-01
       5.4033E-01  5.6972E-01  5.7969E-01  5.7020E-01  5.4011E-01  4.9308E-01  4.3616E-01  3.7154E-01  3.0400E-01  2.3977E-01
       1.8297E-01  1.3342E-01  9.4209E-02  6.4105E-02  4.2104E-02  2.6502E-02  1.5942E-02  9.3869E-03  5.1602E-03  2.7974E-03
       1.4508E-03  7.0033E-04  3.5573E-04  1.4643E-04  7.0031E-05  3.1038E-05  1.1937E-05  4.7749E-06  2.3874E-06  7.9578E-07
       0.0000E+00  0.0000E+00  0.0000E+00  0.0000E+00  0.0000E+00  0.0000E+00  0.0000E+00  0.0000E+00  0.0000E+00  0.0000E+00
       0.0000E+00  0.0000E+00  0.0000E+00  0.0000E+00  0.0000E+00  0.0000E+00  0.0000E+00  0.0000E+00  0.0000E+00  0.0000E+00
       0.0000E+00  0.0000E+00  0.0000E+00  0.0000E+00  0.0000E+00  0.0000E+00  0.0000E+00  0.0000E+00  0.0000E+00  0.0000E+00
       0.0000E+00  0.0000E+00  0.0000E+00  0.0000E+00  0.0000E+00  0.0000E+00  0.0000E+00  0.0000E+00  0.0000E+00  0.0000E+00
       0.0000E+00  0.0000E+00  0.0000E+00  0.0000E+00  0.0000E+00  0.0000E+00  0.0000E+00  0.0000E+00  0.0000E+00  0.0000E+00
       0.0000E+00  0.0000E+00  0.0000E+00  0.0000E+00  0.0000E+00  0.0000E+00  0.0000E+00  0.0000E+00  0.0000E+00  0.0000E+00
       0.0000E+00  0.0000E+00  0.0000E+00  0.0000E+00  0.0000E+00  0.0000E+00  0.0000E+00  0.0000E+00  0.0000E+00  0.0000E+00
       0.0000E+00  0.0000E+00  0.0000E+00  0.0000E+00  0.0000E+00  0.0000E+00  0.0000E+00  0.0000E+00  0.0000E+00  0.0000E+00
       0.0000E+00  0.0000E+00  0.0000E+00  0.0000E+00  0.0000E+00  0.0000E+00  0.0000E+00  0.0000E+00  0.0000E+00  0.0000E+00
       0.0000E+00  0.0000E+00  0.0000E+00  0.0000E+00  0.0000E+00  0.0000E+00  0.0000E+00  0.0000E+00  0.0000E+00  0.0000E+00
       0.0000E+00  0.0000E+00  0.0000E+00  0.0000E+00  0.0000E+00  0.0000E+00  0.0000E+00  0.0000E+00  0.0000E+00  0.0000E+00
       0.0000E+00  0.0000E+00  0.0000E+00  0.0000E+00  0.0000E+00  0.0000E+00  0.0000E+00  0.0000E+00  0.0000E+00  0.0000E+00
       0.0000E+00  0.0000E+00  0.0000E+00  0.0000E+00  0.0000E+00  0.0000E+00  0.0000E+00  0.0000E+00  0.0000E+00  0.0000E+00
       0.0000E+00  0.0000E+00  0.0000E+00  0.0000E+00  0.0000E+00  0.0000E+00  0.0000E+00  0.0000E+00  0.0000E+00  0.0000E+00
       0.0000E+00  0.0000E+00  0.0000E+00  0.0000E+00  0.0000E+00  0.0000E+00  0.0000E+00  0.0000E+00  0.0000E+00  0.0000E+00
       0.0000E+00  0.0000E+00  0.0000E+00  0.0000E+00  0.0000E+00  0.0000E+00  0.0000E+00  0.0000E+00  0.0000E+00  0.0000E+00
       0.0000E+00  0.0000E+00  0.0000E+00  0.0000E+00  0.0000E+00  0.0000E+00  0.0000E+00  0.0000E+00  0.0000E+00  0.0000E+00
       0.0000E+00  0.0000E+00  0.0000E+00  0.0000E+00  0.0000E+00  0.0000E+00  0.0000E+00  0.0000E+00  0.0000E+00  0.0000E+00
       0.0000E+00  0.0000E+00  0.0000E+00  0.0000E+00  0.0000E+00  0.0000E+00  0.0000E+00  0.0000E+00  0.0000E+00  0.0000E+00
       0.0000E+00  0.0000E+00  0.0000E+00  0.0000E+00  0.0000E+00  0.0000E+00  0.0000E+00  0.0000E+00  0.0000E+00  0.0000E+00
       0.0000E+00  0.0000E+00  0.0000E+00  0.0000E+00  0.0000E+00  0.0000E+00  0.0000E+00  0.0000E+00  0.0000E+00  0.0000E+00
       0.0000E+00  0.0000E+00  0.0000E+00  0.0000E+00  0.0000E+00  0.0000E+00  0.0000E+00  0.0000E+00  0.0000E+00  0.0000E+00
       0.0000E+00  0.0000E+00  0.0000E+00  0.0000E+00  0.0000E+00  0.0000E+00  0.0000E+00  0.0000E+00  0.0000E+00  0.0000E+00
       0.0000E+00  0.0000E+00  0.0000E+00  0.0000E+00  0.0000E+00  0.0000E+00  0.0000E+00  0.0000E+00  0.0000E+00  0.0000E+00
       0.0000E+00  0.0000E+00  0.0000E+00  0.0000E+00  0.0000E+00  0.0000E+00  0.0000E+00  0.0000E+00  0.0000E+00  0.0000E+00
       0.0000E+00  0.0000E+00  0.0000E+00  0.0000E+00  0.0000E+00  0.0000E+00  0.0000E+00  0.0000E+00  0.0000E+00  0.0000E+00
       0.0000E+00  0.0000E+00  0.0000E+00  0.0000E+00  0.0000E+00  0.0000E+00  0.0000E+00  0.0000E+00  0.0000E+00  0.0000E+00
1

   Bdrx n.   6  "ofluence  " , generalized particle n.    1, from region n.     5 to region n.     4
      detector area:  1.0000E+02 cm**2
      this is a one way only estimator
      this is a fluence like estimator
      linear energy binning from   0.0000E+00 to  3.0000E+02 GeV,     1 bins ( 3.0000E+02 GeV wide)
      linear angular binning from  0.0000E+00 to  6.2832E+00 sr ,     1 bins ( 6.2832E+00 sr wide )
      Data follow in a matrix A(ie,ia), format (1(5x,1p,10(1x,e11.4)))

       5.3541E-06
