
 *****  Protons in Lexan (0.10GeV, 0cm)                                                   *****

           DATE: 12/21/18,  TIME: 10:32:10

          Total number of particles followed       50000000, for a total weight of  5.0000E+07

1

   Res. nuclei n.   1  "Ian       " ,  all         products, region n.     5
      detector volume:  1.0000E+00 cm**3
      Max. Z:  10, Max. N-Z:  11 Min. N-Z: -4
      Data follow in a matrix A(z,n-z-k), k: -5 format (1(5x,1p,10(1x,e11.4)))

       0.0000E+00  0.0000E+00  0.0000E+00  0.0000E+00  0.0000E+00  0.0000E+00  0.0000E+00  0.0000E+00  0.0000E+00  0.0000E+00
       0.0000E+00  0.0000E+00  0.0000E+00  0.0000E+00  0.0000E+00  5.8000E-06  0.0000E+00  2.0000E-07  0.0000E+00  0.0000E+00
       0.0000E+00  0.0000E+00  0.0000E+00  0.0000E+00  5.8720E-05  8.0000E-05  1.5340E-05  1.3420E-05  0.0000E+00  0.0000E+00
       1.1586E-02  1.6335E-03  0.0000E+00  8.7326E-04  0.0000E+00  2.2709E-03  2.7500E-05  5.0664E-04  0.0000E+00  0.0000E+00
       2.7251E-03  1.5370E-02  1.1924E-03  0.0000E+00  7.1264E-04  6.6248E-03  2.8042E-04  7.6608E-04  0.0000E+00  2.0000E-07
       7.3156E-04  0.0000E+00  5.7454E-04  1.4638E-04  1.3372E-03  1.8460E-04  3.3492E-04  8.8000E-07  2.0000E-08  0.0000E+00
       0.0000E+00  2.4060E-05  3.8960E-05  7.0960E-05  1.0880E-05  2.9560E-05  4.4000E-07  1.2200E-06  0.0000E+00  0.0000E+00
       0.0000E+00  0.0000E+00  9.6000E-07  1.4000E-07  5.8000E-07  4.0000E-08  3.0000E-07  0.0000E+00  0.0000E+00  0.0000E+00
       0.0000E+00  0.0000E+00  0.0000E+00  0.0000E+00  0.0000E+00  0.0000E+00  0.0000E+00  0.0000E+00  0.0000E+00  0.0000E+00
       0.0000E+00  0.0000E+00  0.0000E+00  0.0000E+00  0.0000E+00  0.0000E+00  0.0000E+00  0.0000E+00  0.0000E+00  0.0000E+00
       0.0000E+00  0.0000E+00  0.0000E+00  0.0000E+00  0.0000E+00  0.0000E+00  0.0000E+00  0.0000E+00  0.0000E+00  0.0000E+00
       0.0000E+00  0.0000E+00  0.0000E+00  0.0000E+00  0.0000E+00  0.0000E+00  0.0000E+00  0.0000E+00  0.0000E+00  0.0000E+00
       0.0000E+00  0.0000E+00  0.0000E+00  0.0000E+00  0.0000E+00  0.0000E+00  0.0000E+00  0.0000E+00  0.0000E+00  0.0000E+00
       0.0000E+00  0.0000E+00  0.0000E+00  0.0000E+00  0.0000E+00  0.0000E+00  0.0000E+00  0.0000E+00  0.0000E+00  0.0000E+00
       0.0000E+00  0.0000E+00  0.0000E+00  0.0000E+00  0.0000E+00  0.0000E+00  0.0000E+00  0.0000E+00  0.0000E+00  0.0000E+00
       0.0000E+00  0.0000E+00  0.0000E+00  0.0000E+00  0.0000E+00  0.0000E+00  0.0000E+00  0.0000E+00  0.0000E+00  0.0000E+00
