
 *****  Protons in Lexan (0.10GeV, 0cm)                                                   *****

           DATE: 12/21/18,  TIME: 10:32:10

          Total number of particles followed       50000000, for a total weight of  5.0000E+07

1

   Bdrx n.   4  "ocurrent  " , generalized particle n.    1, from region n.     5 to region n.     4
      detector area:  1.0000E+02 cm**2
      this is a one way only estimator
      this is a current like estimator
      linear energy binning from   2.0000E-02 to  1.5000E-01 GeV,   650 bins ( 2.0000E-04 GeV wide)
      linear angular binning from  0.0000E+00 to  6.2832E+00 sr ,     1 bins ( 6.2832E+00 sr wide )
      Data follow in a matrix A(ie,ia), format (1(5x,1p,10(1x,e11.4)))

       1.5820E-04  1.6600E-04  1.6234E-04  1.6727E-04  1.6711E-04  1.6839E-04  1.6393E-04  1.7252E-04  1.6473E-04  1.7555E-04
       1.7698E-04  1.5884E-04  1.6568E-04  1.6775E-04  1.6759E-04  1.7412E-04  1.6648E-04  1.7825E-04  1.6409E-04  1.7475E-04
       1.7634E-04  1.7284E-04  1.7300E-04  1.7173E-04  1.7618E-04  1.8048E-04  1.8239E-04  1.8000E-04  1.8191E-04  1.9178E-04
       1.8207E-04  1.7603E-04  1.8748E-04  1.9146E-04  1.8780E-04  1.9592E-04  1.8542E-04  1.8239E-04  1.8892E-04  1.8971E-04
       1.9910E-04  1.9401E-04  1.9083E-04  1.9146E-04  1.8860E-04  1.8510E-04  1.9847E-04  1.9417E-04  2.0611E-04  1.9496E-04
       1.9576E-04  1.9162E-04  2.0213E-04  1.9990E-04  2.0006E-04  2.0945E-04  1.9544E-04  1.9385E-04  1.9687E-04  2.0722E-04
       1.9640E-04  1.9799E-04  1.9242E-04  2.0245E-04  1.9353E-04  1.9799E-04  1.9815E-04  1.9274E-04  2.0165E-04  2.0706E-04
       2.0165E-04  2.0897E-04  2.0626E-04  1.9640E-04  2.0706E-04  2.0706E-04  2.0754E-04  2.0929E-04  2.2011E-04  2.0292E-04
       2.1788E-04  2.1868E-04  2.1661E-04  2.1327E-04  2.1534E-04  2.1741E-04  2.1311E-04  2.1470E-04  2.1947E-04  2.2839E-04
       2.0993E-04  2.1104E-04  2.1916E-04  2.2266E-04  2.1884E-04  2.1741E-04  2.1518E-04  2.1470E-04  2.1502E-04  2.1645E-04
       2.2568E-04  2.1804E-04  2.1390E-04  2.2282E-04  2.2632E-04  2.2489E-04  2.2632E-04  2.2568E-04  2.3014E-04  2.1868E-04
       2.1868E-04  2.2234E-04  2.2409E-04  2.2361E-04  2.2632E-04  2.3332E-04  2.3778E-04  2.3985E-04  2.2345E-04  2.1709E-04
       2.2568E-04  2.2982E-04  2.2727E-04  2.3682E-04  2.4016E-04  2.3825E-04  2.4064E-04  2.4064E-04  2.3969E-04  2.3412E-04
       2.3953E-04  2.3412E-04  2.4414E-04  2.3650E-04  2.4080E-04  2.3364E-04  2.5051E-04  2.4478E-04  2.4494E-04  2.3253E-04
       2.4653E-04  2.3348E-04  2.4812E-04  2.4796E-04  2.4478E-04  2.4064E-04  2.4621E-04  2.6213E-04  2.5258E-04  2.4542E-04
       2.5926E-04  2.5083E-04  2.6658E-04  2.5608E-04  2.3985E-04  2.3539E-04  2.6213E-04  2.5576E-04  2.4192E-04  2.4446E-04
       2.5544E-04  2.4112E-04  2.4669E-04  2.5974E-04  2.6038E-04  2.5274E-04  2.6197E-04  2.6070E-04  2.6261E-04  2.5067E-04
       2.4876E-04  2.4780E-04  2.5449E-04  2.4892E-04  2.4749E-04  2.5131E-04  2.5353E-04  2.4478E-04  2.5306E-04  2.5958E-04
       2.5990E-04  2.4589E-04  2.5131E-04  2.3953E-04  2.4462E-04  2.4558E-04  2.5879E-04  2.4207E-04  2.4924E-04  2.3985E-04
       2.5035E-04  2.5719E-04  2.4526E-04  2.5210E-04  2.4589E-04  2.5926E-04  2.4303E-04  2.4637E-04  2.5115E-04  2.4971E-04
       2.4796E-04  2.2998E-04  2.4223E-04  2.5178E-04  2.5290E-04  2.5051E-04  2.3825E-04  2.5465E-04  2.4828E-04  2.4510E-04
       2.3284E-04  2.3746E-04  2.3730E-04  2.3523E-04  2.3762E-04  2.3571E-04  2.3491E-04  2.4526E-04  2.4144E-04  2.2982E-04
       2.3985E-04  2.3810E-04  2.4176E-04  2.4096E-04  2.2982E-04  2.2552E-04  2.3587E-04  2.2632E-04  2.3698E-04  2.2409E-04
       2.2473E-04  2.3189E-04  2.2855E-04  2.2982E-04  2.2839E-04  2.3348E-04  2.3619E-04  2.2775E-04  2.2632E-04  2.2775E-04
       2.2107E-04  2.2409E-04  2.2934E-04  2.2871E-04  2.1741E-04  2.1804E-04  2.1836E-04  2.1932E-04  2.1836E-04  2.1629E-04
       2.2266E-04  2.1725E-04  2.1963E-04  2.0372E-04  2.1629E-04  2.1756E-04  2.1375E-04  2.1422E-04  2.1518E-04  2.1534E-04
       2.1231E-04  2.0977E-04  2.0435E-04  2.0404E-04  2.0897E-04  1.9926E-04  2.1836E-04  2.0849E-04  2.0069E-04  2.0069E-04
       2.0658E-04  2.0563E-04  2.0674E-04  1.9656E-04  2.0674E-04  1.8955E-04  1.9130E-04  1.8542E-04  1.8796E-04  1.9019E-04
       1.8748E-04  1.8016E-04  1.8287E-04  1.8144E-04  1.8271E-04  1.7491E-04  1.7045E-04  1.7794E-04  1.7157E-04  1.7698E-04
       1.7141E-04  1.6425E-04  1.6075E-04  1.5836E-04  1.5390E-04  1.4181E-04  1.3926E-04  1.3942E-04  1.3465E-04  1.2876E-04
       1.2525E-04  1.2000E-04  1.0727E-04  1.0011E-04  9.5334E-05  9.2151E-05  8.6103E-05  8.0055E-05  8.4830E-05  8.4830E-05
       8.1010E-05  8.0692E-05  8.4511E-05  8.2761E-05  8.8490E-05  8.5944E-05  8.8331E-05  9.9631E-05  9.3583E-05  9.9154E-05
       1.0234E-04  1.1109E-04  1.1650E-04  1.1889E-04  1.2955E-04  1.4324E-04  1.5677E-04  1.6711E-04  1.7778E-04  2.1581E-04
       2.2170E-04  2.3189E-04  2.2839E-04  2.2393E-04  2.1168E-04  1.9751E-04  1.9210E-04  1.9146E-04  2.0515E-04  2.4303E-04
       2.7486E-04  3.4218E-04  4.3911E-04  5.9031E-04  8.6437E-04  1.4362E-03  2.7865E-03  6.2600E-03  1.5074E-02  3.5700E-02
       7.9686E-02  1.6342E-01  3.0314E-01  5.0282E-01  7.4231E-01  9.6840E-01  1.1130E+00  1.1219E+00  9.8900E-01  7.5796E-01
       5.0363E-01  2.8981E-01  1.4301E-01  6.0715E-02  2.1851E-02  6.7972E-03  1.7883E-03  4.0600E-04  7.0665E-05  1.0663E-05
       2.3873E-06  1.5915E-07  0.0000E+00  0.0000E+00  0.0000E+00  0.0000E+00  0.0000E+00  0.0000E+00  0.0000E+00  0.0000E+00
       0.0000E+00  0.0000E+00  0.0000E+00  0.0000E+00  0.0000E+00  0.0000E+00  0.0000E+00  0.0000E+00  0.0000E+00  0.0000E+00
       0.0000E+00  0.0000E+00  0.0000E+00  0.0000E+00  0.0000E+00  0.0000E+00  0.0000E+00  0.0000E+00  0.0000E+00  0.0000E+00
       0.0000E+00  0.0000E+00  0.0000E+00  0.0000E+00  0.0000E+00  0.0000E+00  0.0000E+00  0.0000E+00  0.0000E+00  0.0000E+00
       0.0000E+00  0.0000E+00  0.0000E+00  0.0000E+00  0.0000E+00  0.0000E+00  0.0000E+00  0.0000E+00  0.0000E+00  0.0000E+00
       0.0000E+00  0.0000E+00  0.0000E+00  0.0000E+00  0.0000E+00  0.0000E+00  0.0000E+00  0.0000E+00  0.0000E+00  0.0000E+00
       0.0000E+00  0.0000E+00  0.0000E+00  0.0000E+00  0.0000E+00  0.0000E+00  0.0000E+00  0.0000E+00  0.0000E+00  0.0000E+00
       0.0000E+00  0.0000E+00  0.0000E+00  0.0000E+00  0.0000E+00  0.0000E+00  0.0000E+00  0.0000E+00  0.0000E+00  0.0000E+00
       0.0000E+00  0.0000E+00  0.0000E+00  0.0000E+00  0.0000E+00  0.0000E+00  0.0000E+00  0.0000E+00  0.0000E+00  0.0000E+00
       0.0000E+00  0.0000E+00  0.0000E+00  0.0000E+00  0.0000E+00  0.0000E+00  0.0000E+00  0.0000E+00  0.0000E+00  0.0000E+00
       0.0000E+00  0.0000E+00  0.0000E+00  0.0000E+00  0.0000E+00  0.0000E+00  0.0000E+00  0.0000E+00  0.0000E+00  0.0000E+00
       0.0000E+00  0.0000E+00  0.0000E+00  0.0000E+00  0.0000E+00  0.0000E+00  0.0000E+00  0.0000E+00  0.0000E+00  0.0000E+00
       0.0000E+00  0.0000E+00  0.0000E+00  0.0000E+00  0.0000E+00  0.0000E+00  0.0000E+00  0.0000E+00  0.0000E+00  0.0000E+00
       0.0000E+00  0.0000E+00  0.0000E+00  0.0000E+00  0.0000E+00  0.0000E+00  0.0000E+00  0.0000E+00  0.0000E+00  0.0000E+00
       0.0000E+00  0.0000E+00  0.0000E+00  0.0000E+00  0.0000E+00  0.0000E+00  0.0000E+00  0.0000E+00  0.0000E+00  0.0000E+00
       0.0000E+00  0.0000E+00  0.0000E+00  0.0000E+00  0.0000E+00  0.0000E+00  0.0000E+00  0.0000E+00  0.0000E+00  0.0000E+00
       0.0000E+00  0.0000E+00  0.0000E+00  0.0000E+00  0.0000E+00  0.0000E+00  0.0000E+00  0.0000E+00  0.0000E+00  0.0000E+00
       0.0000E+00  0.0000E+00  0.0000E+00  0.0000E+00  0.0000E+00  0.0000E+00  0.0000E+00  0.0000E+00  0.0000E+00  0.0000E+00
       0.0000E+00  0.0000E+00  0.0000E+00  0.0000E+00  0.0000E+00  0.0000E+00  0.0000E+00  0.0000E+00  0.0000E+00  0.0000E+00
       0.0000E+00  0.0000E+00  0.0000E+00  0.0000E+00  0.0000E+00  0.0000E+00  0.0000E+00  0.0000E+00  0.0000E+00  0.0000E+00
       0.0000E+00  0.0000E+00  0.0000E+00  0.0000E+00  0.0000E+00  0.0000E+00  0.0000E+00  0.0000E+00  0.0000E+00  0.0000E+00
       0.0000E+00  0.0000E+00  0.0000E+00  0.0000E+00  0.0000E+00  0.0000E+00  0.0000E+00  0.0000E+00  0.0000E+00  0.0000E+00
       0.0000E+00  0.0000E+00  0.0000E+00  0.0000E+00  0.0000E+00  0.0000E+00  0.0000E+00  0.0000E+00  0.0000E+00  0.0000E+00
       0.0000E+00  0.0000E+00  0.0000E+00  0.0000E+00  0.0000E+00  0.0000E+00  0.0000E+00  0.0000E+00  0.0000E+00  0.0000E+00
       0.0000E+00  0.0000E+00  0.0000E+00  0.0000E+00  0.0000E+00  0.0000E+00  0.0000E+00  0.0000E+00  0.0000E+00  0.0000E+00
       0.0000E+00  0.0000E+00  0.0000E+00  0.0000E+00  0.0000E+00  0.0000E+00  0.0000E+00  0.0000E+00  0.0000E+00  0.0000E+00
       0.0000E+00  0.0000E+00  0.0000E+00  0.0000E+00  0.0000E+00  0.0000E+00  0.0000E+00  0.0000E+00  0.0000E+00  0.0000E+00
       0.0000E+00  0.0000E+00  0.0000E+00  0.0000E+00  0.0000E+00  0.0000E+00  0.0000E+00  0.0000E+00  0.0000E+00  0.0000E+00
