
 *****  Protons in Lexan (0.09GeV, 1.0cm)                                                 *****

           DATE: 12/17/18,  TIME: 12:55: 5

          Total number of particles followed       19000000, for a total weight of  1.9000E+07

1

   Res. nuclei n.   1  "Ian       " ,  all         products, region n.     5
      detector volume:  1.0000E+00 cm**3
      Max. Z:  10, Max. N-Z:  11 Min. N-Z: -4
      Data follow in a matrix A(z,n-z-k), k: -5 format (1(5x,1p,10(1x,e11.4)))

       0.0000E+00  0.0000E+00  0.0000E+00  0.0000E+00  0.0000E+00  0.0000E+00  0.0000E+00  0.0000E+00  0.0000E+00  0.0000E+00
       0.0000E+00  0.0000E+00  0.0000E+00  0.0000E+00  0.0000E+00  5.9474E-06  0.0000E+00  2.0000E-06  0.0000E+00  0.0000E+00
       0.0000E+00  0.0000E+00  0.0000E+00  0.0000E+00  8.7158E-05  1.5789E-04  6.5579E-05  1.4921E-04  0.0000E+00  0.0000E+00
       1.5826E+00  2.8400E-03  0.0000E+00  9.1853E-04  0.0000E+00  3.5547E-03  7.0489E-04  1.2114E-02  1.3684E-06  0.0000E+00
       5.0589E-01  7.0229E-02  2.3998E-03  0.0000E+00  1.5814E-03  2.5412E-02  6.1678E-03  3.5250E-02  8.0526E-06  2.5263E-06
       1.0715E-03  0.0000E+00  6.0832E-04  4.0068E-04  3.0562E-03  2.7720E-03  1.1186E-02  3.9670E-05  2.1053E-07  0.0000E+00
       0.0000E+00  1.8053E-05  2.8789E-05  1.4511E-04  5.2632E-05  6.9742E-04  5.4767E-05  5.5474E-05  0.0000E+00  0.0000E+00
       0.0000E+00  0.0000E+00  4.7368E-07  7.8947E-07  4.1579E-06  5.7895E-07  5.7895E-06  0.0000E+00  0.0000E+00  0.0000E+00
       0.0000E+00  0.0000E+00  0.0000E+00  5.2632E-08  0.0000E+00  5.2632E-08  0.0000E+00  0.0000E+00  0.0000E+00  0.0000E+00
       0.0000E+00  0.0000E+00  0.0000E+00  0.0000E+00  0.0000E+00  0.0000E+00  0.0000E+00  0.0000E+00  0.0000E+00  0.0000E+00
       0.0000E+00  0.0000E+00  0.0000E+00  0.0000E+00  0.0000E+00  0.0000E+00  0.0000E+00  0.0000E+00  0.0000E+00  0.0000E+00
       0.0000E+00  0.0000E+00  0.0000E+00  0.0000E+00  0.0000E+00  0.0000E+00  0.0000E+00  0.0000E+00  0.0000E+00  0.0000E+00
       0.0000E+00  0.0000E+00  0.0000E+00  0.0000E+00  0.0000E+00  0.0000E+00  0.0000E+00  0.0000E+00  0.0000E+00  0.0000E+00
       0.0000E+00  0.0000E+00  0.0000E+00  0.0000E+00  0.0000E+00  0.0000E+00  0.0000E+00  0.0000E+00  0.0000E+00  0.0000E+00
       0.0000E+00  0.0000E+00  0.0000E+00  0.0000E+00  0.0000E+00  0.0000E+00  0.0000E+00  0.0000E+00  0.0000E+00  0.0000E+00
       0.0000E+00  0.0000E+00  0.0000E+00  0.0000E+00  0.0000E+00  0.0000E+00  0.0000E+00  0.0000E+00  0.0000E+00  0.0000E+00
