
 *****  Protons in Lexan (0.11GeV, 3cm)                                                   *****

           DATE: 12/18/18,  TIME:  6:57:53

          Total number of particles followed       10000000, for a total weight of  1.0000E+07

1

   Res. nuclei n.   1  "Ian       " ,  all         products, region n.     5
      detector volume:  1.0000E+00 cm**3
      Max. Z:  10, Max. N-Z:  11 Min. N-Z: -4
      Data follow in a matrix A(z,n-z-k), k: -5 format (1(5x,1p,10(1x,e11.4)))

       0.0000E+00  0.0000E+00  0.0000E+00  0.0000E+00  0.0000E+00  0.0000E+00  0.0000E+00  0.0000E+00  0.0000E+00  0.0000E+00
       0.0000E+00  0.0000E+00  0.0000E+00  0.0000E+00  0.0000E+00  2.2500E-05  0.0000E+00  1.1000E-06  0.0000E+00  0.0000E+00
       0.0000E+00  0.0000E+00  0.0000E+00  0.0000E+00  3.0110E-04  3.6180E-04  8.0600E-05  5.6100E-05  0.0000E+00  0.0000E+00
       1.1037E-01  8.0517E-03  0.0000E+00  4.4229E-03  0.0000E+00  1.1437E-02  1.2180E-04  2.6041E-03  0.0000E+00  0.0000E+00
       3.0565E-02  8.2529E-02  6.0016E-03  0.0000E+00  3.5223E-03  3.9730E-02  1.4495E-03  4.5000E-03  4.0000E-07  1.0000E-06
       3.6689E-03  0.0000E+00  2.9365E-03  7.9265E-04  6.9997E-03  9.8551E-04  1.7740E-03  3.7582E-06  1.0000E-07  0.0000E+00
       0.0000E+00  1.0630E-04  1.7740E-04  3.3390E-04  6.1605E-05  1.5050E-04  5.1190E-06  6.3000E-06  0.0000E+00  0.0000E+00
       0.0000E+00  0.0000E+00  4.0000E-06  9.0000E-07  2.3000E-06  2.0000E-07  1.2000E-06  0.0000E+00  0.0000E+00  0.0000E+00
       0.0000E+00  0.0000E+00  0.0000E+00  0.0000E+00  0.0000E+00  0.0000E+00  0.0000E+00  0.0000E+00  0.0000E+00  0.0000E+00
       0.0000E+00  0.0000E+00  0.0000E+00  0.0000E+00  0.0000E+00  0.0000E+00  0.0000E+00  0.0000E+00  0.0000E+00  0.0000E+00
       0.0000E+00  0.0000E+00  0.0000E+00  0.0000E+00  0.0000E+00  0.0000E+00  0.0000E+00  0.0000E+00  0.0000E+00  0.0000E+00
       0.0000E+00  0.0000E+00  0.0000E+00  0.0000E+00  0.0000E+00  0.0000E+00  0.0000E+00  0.0000E+00  0.0000E+00  0.0000E+00
       0.0000E+00  0.0000E+00  0.0000E+00  0.0000E+00  0.0000E+00  0.0000E+00  0.0000E+00  0.0000E+00  0.0000E+00  0.0000E+00
       0.0000E+00  0.0000E+00  0.0000E+00  0.0000E+00  0.0000E+00  0.0000E+00  0.0000E+00  0.0000E+00  0.0000E+00  0.0000E+00
       0.0000E+00  0.0000E+00  0.0000E+00  0.0000E+00  0.0000E+00  0.0000E+00  0.0000E+00  0.0000E+00  0.0000E+00  0.0000E+00
       0.0000E+00  0.0000E+00  0.0000E+00  0.0000E+00  0.0000E+00  0.0000E+00  0.0000E+00  0.0000E+00  0.0000E+00  0.0000E+00
