
 *****  Protons in Lexan (0.15GeV, 1.0cm)                                                 *****

           DATE: 12/ 1/18,  TIME:  0:41: 5

          Total number of particles followed       10000000, for a total weight of  1.0000E+07

1

   Bdrx n.   4  "ocurrent  " , generalized particle n.    1, from region n.     5 to region n.     4
      detector area:  1.0000E+02 cm**2
      this is a one way only estimator
      this is a current like estimator
      linear energy binning from   6.0000E-02 to  2.0000E-01 GeV,   650 bins ( 2.1538E-04 GeV wide)
      linear angular binning from  0.0000E+00 to  6.2832E+00 sr ,     1 bins ( 6.2832E+00 sr wide )
      Data follow in a matrix A(ie,ia), format (1(5x,1p,10(1x,e11.4)))

       1.3744E-04  1.5518E-04  1.4114E-04  1.5148E-04  1.4853E-04  1.5000E-04  1.6109E-04  1.5222E-04  1.6404E-04  1.5961E-04
       1.6109E-04  1.5296E-04  1.4557E-04  1.3892E-04  1.7217E-04  1.5296E-04  1.3966E-04  1.6183E-04  1.5370E-04  1.6035E-04
       1.3301E-04  1.3818E-04  1.7882E-04  1.5000E-04  1.4926E-04  1.5444E-04  1.4853E-04  1.5961E-04  1.4926E-04  1.5148E-04
       1.6478E-04  1.5887E-04  1.4779E-04  1.4779E-04  1.5370E-04  1.3744E-04  1.6183E-04  1.5296E-04  1.5739E-04  1.8104E-04
       1.6183E-04  1.6774E-04  1.4483E-04  1.6257E-04  1.6183E-04  1.6774E-04  1.5518E-04  1.6552E-04  1.7587E-04  1.5296E-04
       1.6330E-04  1.6774E-04  1.5961E-04  1.5444E-04  1.7143E-04  1.7734E-04  1.5739E-04  1.4483E-04  1.5592E-04  1.7143E-04
       1.5148E-04  1.5592E-04  1.7587E-04  1.5665E-04  1.4853E-04  1.5148E-04  1.7143E-04  1.6478E-04  1.6774E-04  1.5074E-04
       1.5518E-04  1.4409E-04  1.5444E-04  1.5370E-04  1.6404E-04  1.6626E-04  1.5813E-04  1.4926E-04  1.6257E-04  1.7808E-04
       1.7143E-04  1.6109E-04  1.4853E-04  1.7143E-04  1.6330E-04  1.4779E-04  1.7439E-04  1.5074E-04  1.5739E-04  1.5961E-04
       1.4926E-04  1.6404E-04  1.5887E-04  1.4853E-04  1.4705E-04  1.5370E-04  1.4926E-04  1.5665E-04  1.7661E-04  1.6109E-04
       1.7143E-04  1.6552E-04  1.6183E-04  1.3227E-04  1.5961E-04  1.5000E-04  1.6700E-04  1.8473E-04  1.5296E-04  1.7439E-04
       1.6183E-04  1.7291E-04  1.7439E-04  1.6995E-04  1.4779E-04  1.5592E-04  1.6995E-04  1.6478E-04  1.5739E-04  1.5813E-04
       1.6552E-04  1.8326E-04  1.5813E-04  1.5518E-04  1.5444E-04  1.4040E-04  1.5813E-04  1.6922E-04  1.4335E-04  1.6552E-04
       1.7808E-04  1.7661E-04  1.7808E-04  1.6774E-04  1.6035E-04  1.5222E-04  1.7365E-04  1.8030E-04  1.6404E-04  1.8399E-04
       1.6922E-04  1.6183E-04  1.6774E-04  1.5444E-04  1.4705E-04  1.6995E-04  1.8030E-04  1.6257E-04  1.7513E-04  1.6774E-04
       1.4557E-04  1.6478E-04  1.4261E-04  1.6035E-04  1.6109E-04  1.5296E-04  1.5296E-04  1.8178E-04  1.7069E-04  1.5444E-04
       1.7069E-04  1.6552E-04  1.6552E-04  1.4409E-04  1.4705E-04  1.6552E-04  1.3153E-04  1.4705E-04  1.6109E-04  1.5887E-04
       1.7587E-04  1.5739E-04  1.7217E-04  1.6922E-04  1.5296E-04  1.5887E-04  1.6922E-04  1.7143E-04  1.6478E-04  1.7882E-04
       1.6257E-04  1.6700E-04  1.7439E-04  1.6552E-04  1.5887E-04  1.5887E-04  1.7587E-04  1.7882E-04  1.6922E-04  1.7143E-04
       1.6552E-04  1.6035E-04  1.5592E-04  1.6774E-04  1.5148E-04  1.6183E-04  1.6330E-04  1.5370E-04  1.6109E-04  1.6478E-04
       1.6995E-04  1.4705E-04  1.5887E-04  1.6995E-04  1.6700E-04  1.6035E-04  1.5887E-04  1.9286E-04  1.8030E-04  1.7217E-04
       1.7808E-04  1.6183E-04  1.7069E-04  1.7956E-04  1.5813E-04  1.5813E-04  1.8473E-04  1.5518E-04  1.4631E-04  1.5813E-04
       1.6109E-04  1.6848E-04  1.6478E-04  1.6848E-04  1.4779E-04  1.5222E-04  1.4705E-04  1.6922E-04  1.4779E-04  1.5887E-04
       1.6848E-04  1.6109E-04  1.6552E-04  1.4853E-04  1.3818E-04  1.5370E-04  1.4261E-04  1.5592E-04  1.4557E-04  1.3449E-04
       1.6478E-04  1.5074E-04  1.6183E-04  1.7439E-04  1.5665E-04  1.3744E-04  1.3522E-04  1.4853E-04  1.5148E-04  1.3818E-04
       1.3966E-04  1.2931E-04  1.5592E-04  1.5592E-04  1.6109E-04  1.3227E-04  1.5148E-04  1.4779E-04  1.3375E-04  1.5592E-04
       1.3522E-04  1.3966E-04  1.3079E-04  1.1897E-04  1.4853E-04  1.4188E-04  1.4114E-04  1.1897E-04  1.3375E-04  1.3966E-04
       1.3596E-04  1.2931E-04  1.2488E-04  1.3892E-04  1.2931E-04  1.4040E-04  1.6183E-04  1.3744E-04  1.3301E-04  1.2784E-04
       1.1897E-04  1.4188E-04  1.1971E-04  1.2119E-04  1.4926E-04  1.2931E-04  1.3301E-04  1.3449E-04  1.2414E-04  1.1380E-04
       1.2488E-04  1.2857E-04  1.2931E-04  1.0715E-04  1.4188E-04  1.2857E-04  1.0936E-04  1.2340E-04  1.2192E-04  1.3227E-04
       1.1823E-04  1.2414E-04  1.0715E-04  1.2857E-04  1.1823E-04  1.1527E-04  1.1232E-04  1.1823E-04  1.0641E-04  1.1306E-04
       1.1380E-04  1.1675E-04  9.2367E-05  1.0641E-04  1.2636E-04  1.0641E-04  1.1084E-04  9.7539E-05  1.0197E-04  1.0197E-04
       9.2367E-05  9.0889E-05  8.5716E-05  9.4584E-05  9.6800E-05  1.0715E-04  8.5716E-05  8.1283E-05  9.0150E-05  8.2022E-05
       9.3106E-05  8.2761E-05  8.2761E-05  7.9066E-05  8.5716E-05  7.9805E-05  7.3154E-05  5.6159E-05  5.6898E-05  5.7637E-05
       5.0986E-05  4.5814E-05  4.8770E-05  4.7292E-05  4.9509E-05  4.1380E-05  3.8425E-05  3.8425E-05  4.5814E-05  4.2119E-05
       5.3942E-05  4.6553E-05  6.7982E-05  5.3203E-05  4.5075E-05  5.4681E-05  6.6504E-05  6.2070E-05  5.8376E-05  7.0938E-05
       8.7194E-05  9.0150E-05  9.0150E-05  1.1601E-04  1.0862E-04  1.0345E-04  1.0788E-04  9.6061E-05  9.4584E-05  9.0889E-05
       9.9017E-05  1.1971E-04  1.3375E-04  1.7882E-04  3.3695E-04  7.7071E-04  1.8496E-03  4.4912E-03  1.0403E-02  2.2857E-02
       4.7699E-02  9.2113E-02  1.6326E-01  2.7003E-01  4.0964E-01  5.6619E-01  7.2100E-01  8.3592E-01  8.8578E-01  8.5463E-01
       7.4994E-01  6.0043E-01  4.3434E-01  2.8373E-01  1.6819E-01  9.0177E-02  4.3960E-02  1.9028E-02  7.5992E-03  2.6882E-03
       8.4756E-04  2.3720E-04  6.1331E-05  1.4779E-05  3.6947E-06  7.3893E-07  0.0000E+00  0.0000E+00  0.0000E+00  0.0000E+00
       0.0000E+00  0.0000E+00  0.0000E+00  0.0000E+00  0.0000E+00  0.0000E+00  0.0000E+00  0.0000E+00  0.0000E+00  0.0000E+00
       0.0000E+00  0.0000E+00  0.0000E+00  0.0000E+00  0.0000E+00  0.0000E+00  0.0000E+00  0.0000E+00  0.0000E+00  0.0000E+00
       0.0000E+00  0.0000E+00  0.0000E+00  0.0000E+00  0.0000E+00  0.0000E+00  0.0000E+00  0.0000E+00  0.0000E+00  0.0000E+00
       0.0000E+00  0.0000E+00  0.0000E+00  0.0000E+00  0.0000E+00  0.0000E+00  0.0000E+00  0.0000E+00  0.0000E+00  0.0000E+00
       0.0000E+00  0.0000E+00  0.0000E+00  0.0000E+00  0.0000E+00  0.0000E+00  0.0000E+00  0.0000E+00  0.0000E+00  0.0000E+00
       0.0000E+00  0.0000E+00  0.0000E+00  0.0000E+00  0.0000E+00  0.0000E+00  0.0000E+00  0.0000E+00  0.0000E+00  0.0000E+00
       0.0000E+00  0.0000E+00  0.0000E+00  0.0000E+00  0.0000E+00  0.0000E+00  0.0000E+00  0.0000E+00  0.0000E+00  0.0000E+00
       0.0000E+00  0.0000E+00  0.0000E+00  0.0000E+00  0.0000E+00  0.0000E+00  0.0000E+00  0.0000E+00  0.0000E+00  0.0000E+00
       0.0000E+00  0.0000E+00  0.0000E+00  0.0000E+00  0.0000E+00  0.0000E+00  0.0000E+00  0.0000E+00  0.0000E+00  0.0000E+00
       0.0000E+00  0.0000E+00  0.0000E+00  0.0000E+00  0.0000E+00  0.0000E+00  0.0000E+00  0.0000E+00  0.0000E+00  0.0000E+00
       0.0000E+00  0.0000E+00  0.0000E+00  0.0000E+00  0.0000E+00  0.0000E+00  0.0000E+00  0.0000E+00  0.0000E+00  0.0000E+00
       0.0000E+00  0.0000E+00  0.0000E+00  0.0000E+00  0.0000E+00  0.0000E+00  0.0000E+00  0.0000E+00  0.0000E+00  0.0000E+00
       0.0000E+00  0.0000E+00  0.0000E+00  0.0000E+00  0.0000E+00  0.0000E+00  0.0000E+00  0.0000E+00  0.0000E+00  0.0000E+00
       0.0000E+00  0.0000E+00  0.0000E+00  0.0000E+00  0.0000E+00  0.0000E+00  0.0000E+00  0.0000E+00  0.0000E+00  0.0000E+00
       0.0000E+00  0.0000E+00  0.0000E+00  0.0000E+00  0.0000E+00  0.0000E+00  0.0000E+00  0.0000E+00  0.0000E+00  0.0000E+00
       0.0000E+00  0.0000E+00  0.0000E+00  0.0000E+00  0.0000E+00  0.0000E+00  0.0000E+00  0.0000E+00  0.0000E+00  0.0000E+00
       0.0000E+00  0.0000E+00  0.0000E+00  0.0000E+00  0.0000E+00  0.0000E+00  0.0000E+00  0.0000E+00  0.0000E+00  0.0000E+00
       0.0000E+00  0.0000E+00  0.0000E+00  0.0000E+00  0.0000E+00  0.0000E+00  0.0000E+00  0.0000E+00  0.0000E+00  0.0000E+00
       0.0000E+00  0.0000E+00  0.0000E+00  0.0000E+00  0.0000E+00  0.0000E+00  0.0000E+00  0.0000E+00  0.0000E+00  0.0000E+00
       0.0000E+00  0.0000E+00  0.0000E+00  0.0000E+00  0.0000E+00  0.0000E+00  0.0000E+00  0.0000E+00  0.0000E+00  0.0000E+00
       0.0000E+00  0.0000E+00  0.0000E+00  0.0000E+00  0.0000E+00  0.0000E+00  0.0000E+00  0.0000E+00  0.0000E+00  0.0000E+00
       0.0000E+00  0.0000E+00  0.0000E+00  0.0000E+00  0.0000E+00  0.0000E+00  0.0000E+00  0.0000E+00  0.0000E+00  0.0000E+00
       0.0000E+00  0.0000E+00  0.0000E+00  0.0000E+00  0.0000E+00  0.0000E+00  0.0000E+00  0.0000E+00  0.0000E+00  0.0000E+00
       0.0000E+00  0.0000E+00  0.0000E+00  0.0000E+00  0.0000E+00  0.0000E+00  0.0000E+00  0.0000E+00  0.0000E+00  0.0000E+00
