
 *****  Protons in Lexan (0.20GeV, 2.0cm)                                                 *****

           DATE: 12/13/18,  TIME:  8:21:59

          Total number of particles followed        1000000, for a total weight of  1.0000E+06

1

   Res. nuclei n.   1  "Ian       " ,  all         products, region n.     5
      detector volume:  1.0000E+00 cm**3
      Max. Z:  10, Max. N-Z:  11 Min. N-Z: -4
      Data follow in a matrix A(z,n-z-k), k: -5 format (1(5x,1p,10(1x,e11.4)))

       0.0000E+00  0.0000E+00  0.0000E+00  0.0000E+00  0.0000E+00  0.0000E+00  0.0000E+00  0.0000E+00  0.0000E+00  0.0000E+00
       0.0000E+00  0.0000E+00  0.0000E+00  0.0000E+00  0.0000E+00  5.8000E-05  0.0000E+00  2.7000E-05  0.0000E+00  0.0000E+00
       0.0000E+00  0.0000E+00  0.0000E+00  0.0000E+00  4.9500E-04  9.7800E-04  2.2000E-04  1.3740E-03  0.0000E+00  0.0000E+00
       4.2125E+00  1.3581E-02  0.0000E+00  4.4360E-03  0.0000E+00  1.2530E-02  2.5640E-03  4.3691E-02  2.0000E-06  0.0000E+00
       2.8808E+00  1.8946E-01  1.1154E-02  0.0000E+00  6.8040E-03  4.6068E-02  2.2031E-02  6.7402E-02  1.0000E-05  3.0000E-06
       6.7788E-03  0.0000E+00  3.5430E-03  2.1707E-03  1.0451E-02  1.1105E-02  3.3483E-02  7.3469E-05  1.0000E-06  0.0000E+00
       0.0000E+00  2.3800E-04  4.5000E-04  1.1310E-03  3.2900E-04  2.7160E-03  2.3607E-04  9.7000E-05  0.0000E+00  0.0000E+00
       0.0000E+00  0.0000E+00  3.2000E-05  1.4000E-05  6.1000E-05  6.0000E-06  3.3000E-05  0.0000E+00  0.0000E+00  0.0000E+00
       0.0000E+00  0.0000E+00  0.0000E+00  0.0000E+00  0.0000E+00  1.0000E-06  0.0000E+00  0.0000E+00  0.0000E+00  0.0000E+00
       0.0000E+00  0.0000E+00  0.0000E+00  0.0000E+00  0.0000E+00  0.0000E+00  0.0000E+00  0.0000E+00  0.0000E+00  0.0000E+00
       0.0000E+00  0.0000E+00  0.0000E+00  0.0000E+00  0.0000E+00  0.0000E+00  0.0000E+00  0.0000E+00  0.0000E+00  0.0000E+00
       0.0000E+00  0.0000E+00  0.0000E+00  0.0000E+00  0.0000E+00  0.0000E+00  0.0000E+00  0.0000E+00  0.0000E+00  0.0000E+00
       0.0000E+00  0.0000E+00  0.0000E+00  0.0000E+00  0.0000E+00  0.0000E+00  0.0000E+00  0.0000E+00  0.0000E+00  0.0000E+00
       0.0000E+00  0.0000E+00  0.0000E+00  0.0000E+00  0.0000E+00  0.0000E+00  0.0000E+00  0.0000E+00  0.0000E+00  0.0000E+00
       0.0000E+00  0.0000E+00  0.0000E+00  0.0000E+00  0.0000E+00  0.0000E+00  0.0000E+00  0.0000E+00  0.0000E+00  0.0000E+00
       0.0000E+00  0.0000E+00  0.0000E+00  0.0000E+00  0.0000E+00  0.0000E+00  0.0000E+00  0.0000E+00  0.0000E+00  0.0000E+00
