
 *****  Protons in Lexan (0.15GeV, 1.0cm)                                                 *****

           DATE: 12/ 1/18,  TIME:  0:41: 5

          Total number of particles followed       10000000, for a total weight of  1.0000E+07

1

   Bdrx n.   2  "ofluence  " , generalized particle n.    1, from region n.     5 to region n.     4
      detector area:  1.0000E+02 cm**2
      this is a one way only estimator
      this is a fluence like estimator
      linear energy binning from   6.0000E-02 to  2.0000E-01 GeV,   650 bins ( 2.1538E-04 GeV wide)
      linear angular binning from  0.0000E+00 to  6.2832E+00 sr ,     1 bins ( 6.2832E+00 sr wide )
      Data follow in a matrix A(ie,ia), format (1(5x,1p,10(1x,e11.4)))

       2.2579E-04  2.2637E-04  1.9853E-04  2.1832E-04  2.2899E-04  2.2662E-04  2.3489E-04  2.1809E-04  2.3409E-04  2.6050E-04
       2.5290E-04  2.2559E-04  2.1663E-04  2.1280E-04  2.3860E-04  2.3035E-04  2.0011E-04  2.4101E-04  2.3738E-04  2.3095E-04
       1.9628E-04  1.9740E-04  2.5358E-04  2.2935E-04  2.1275E-04  2.2959E-04  2.1660E-04  2.3084E-04  2.3207E-04  2.1903E-04
       2.3715E-04  2.3415E-04  2.0031E-04  2.1289E-04  2.1859E-04  1.8979E-04  2.4713E-04  2.4049E-04  2.1693E-04  2.6413E-04
       2.3167E-04  2.4225E-04  1.9796E-04  2.4851E-04  2.1536E-04  2.3288E-04  2.2018E-04  2.3423E-04  2.4859E-04  2.1651E-04
       2.3618E-04  2.3623E-04  2.3718E-04  2.1400E-04  2.4226E-04  2.4172E-04  2.2090E-04  1.9944E-04  2.1470E-04  2.5162E-04
       2.0798E-04  2.2095E-04  2.4457E-04  2.2992E-04  2.0791E-04  2.4130E-04  2.3553E-04  2.2662E-04  2.3495E-04  2.1741E-04
       2.0811E-04  1.9987E-04  2.0681E-04  2.1462E-04  2.2133E-04  2.1562E-04  2.1200E-04  2.0415E-04  2.1184E-04  2.4978E-04
       2.4006E-04  2.2015E-04  2.0478E-04  2.2932E-04  2.2783E-04  1.9771E-04  2.2900E-04  2.0003E-04  2.0612E-04  2.0917E-04
       2.0398E-04  2.1882E-04  2.2344E-04  1.9639E-04  2.0498E-04  2.0807E-04  2.0044E-04  2.0516E-04  2.2721E-04  2.2182E-04
       2.2776E-04  2.2011E-04  2.2888E-04  1.7744E-04  2.0836E-04  1.9488E-04  2.3135E-04  2.3927E-04  1.9751E-04  2.2933E-04
       2.0756E-04  2.3407E-04  2.2856E-04  2.3031E-04  1.8991E-04  1.9828E-04  2.2470E-04  2.1802E-04  2.0138E-04  2.0580E-04
       2.1815E-04  2.3852E-04  2.1338E-04  2.0085E-04  2.0027E-04  1.8169E-04  2.0519E-04  2.1733E-04  1.8072E-04  2.1269E-04
       2.3013E-04  2.2813E-04  2.3623E-04  2.1578E-04  2.0030E-04  1.9353E-04  2.2054E-04  2.2638E-04  2.0627E-04  2.3109E-04
       2.0481E-04  2.0273E-04  2.1428E-04  1.8921E-04  1.9046E-04  2.2435E-04  2.2802E-04  2.1062E-04  2.2388E-04  2.2726E-04
       1.7757E-04  2.0312E-04  1.8458E-04  1.9465E-04  2.0306E-04  1.9556E-04  1.9828E-04  2.3336E-04  2.0920E-04  1.9447E-04
       2.1071E-04  2.0651E-04  2.0183E-04  1.8041E-04  1.8403E-04  2.0651E-04  1.6527E-04  1.8755E-04  2.0283E-04  1.9767E-04
       2.2379E-04  1.8990E-04  2.0969E-04  2.0533E-04  1.9131E-04  1.9577E-04  2.0989E-04  2.0806E-04  2.0858E-04  2.2180E-04
       2.0019E-04  2.0971E-04  2.0754E-04  2.0176E-04  1.8878E-04  1.8962E-04  2.1179E-04  2.1914E-04  2.0738E-04  2.0858E-04
       2.0342E-04  1.9085E-04  1.8921E-04  2.0947E-04  1.8129E-04  1.9780E-04  1.9264E-04  1.8525E-04  1.9360E-04  1.9653E-04
       2.0201E-04  1.7307E-04  1.9133E-04  2.0348E-04  1.9398E-04  1.9140E-04  1.8459E-04  2.2522E-04  2.1019E-04  2.0411E-04
       2.1222E-04  1.9236E-04  1.9574E-04  2.1759E-04  1.8223E-04  1.8279E-04  2.1946E-04  1.8650E-04  1.7118E-04  1.8429E-04
       1.9190E-04  1.9424E-04  1.9620E-04  1.9383E-04  1.6824E-04  1.7684E-04  1.6874E-04  1.9547E-04  1.7124E-04  1.8658E-04
       1.9472E-04  1.8340E-04  1.9249E-04  1.7107E-04  1.5985E-04  1.7888E-04  1.6453E-04  1.7736E-04  1.6723E-04  1.5515E-04
       1.8570E-04  1.7255E-04  1.8909E-04  2.0109E-04  1.7883E-04  1.5821E-04  1.5706E-04  1.7514E-04  1.7067E-04  1.5665E-04
       1.5888E-04  1.4716E-04  1.7693E-04  1.7721E-04  1.8387E-04  1.5073E-04  1.7350E-04  1.6712E-04  1.5082E-04  1.7485E-04
       1.5445E-04  1.6256E-04  1.4992E-04  1.3282E-04  1.6928E-04  1.6380E-04  1.5646E-04  1.3314E-04  1.4853E-04  1.5612E-04
       1.5313E-04  1.4586E-04  1.4410E-04  1.5589E-04  1.4605E-04  1.5736E-04  1.7988E-04  1.5180E-04  1.4798E-04  1.4182E-04
       1.3360E-04  1.5934E-04  1.3438E-04  1.3547E-04  1.6604E-04  1.4530E-04  1.4859E-04  1.4974E-04  1.3749E-04  1.2657E-04
       1.3567E-04  1.4268E-04  1.4421E-04  1.1892E-04  1.5838E-04  1.4134E-04  1.1981E-04  1.3544E-04  1.3472E-04  1.4520E-04
       1.3049E-04  1.3657E-04  1.1787E-04  1.4004E-04  1.3114E-04  1.2459E-04  1.2664E-04  1.2893E-04  1.1535E-04  1.2225E-04
       1.2281E-04  1.2477E-04  9.9818E-05  1.1379E-04  1.3553E-04  1.1848E-04  1.2066E-04  1.0462E-04  1.0994E-04  1.0972E-04
       1.0217E-04  9.6637E-05  9.2052E-05  1.0124E-04  1.0315E-04  1.1620E-04  9.2792E-05  8.6723E-05  9.5266E-05  8.7749E-05
       1.0128E-04  8.7947E-05  8.9219E-05  8.6366E-05  9.0719E-05  8.6625E-05  7.9512E-05  6.0489E-05  6.3108E-05  6.2819E-05
       5.5658E-05  4.9433E-05  5.5313E-05  5.3299E-05  5.5888E-05  4.5250E-05  4.2824E-05  4.7840E-05  5.1000E-05  4.6878E-05
       6.1869E-05  5.2344E-05  7.6976E-05  5.9655E-05  4.9204E-05  6.1738E-05  7.2963E-05  6.7492E-05  6.3719E-05  7.7640E-05
       9.5462E-05  1.0412E-04  9.5821E-05  1.2492E-04  1.1566E-04  1.1162E-04  1.1426E-04  1.0362E-04  1.0181E-04  9.7213E-05
       1.1146E-04  1.3300E-04  1.4426E-04  1.8924E-04  3.5611E-04  7.8793E-04  1.8767E-03  4.5197E-03  1.0438E-02  2.2902E-02
       4.7755E-02  9.2188E-02  1.6334E-01  2.7013E-01  4.0976E-01  5.6632E-01  7.2113E-01  8.3606E-01  8.8591E-01  8.5474E-01
       7.5003E-01  6.0050E-01  4.3439E-01  2.8376E-01  1.6821E-01  9.0185E-02  4.3964E-02  1.9030E-02  7.5999E-03  2.6885E-03
       8.4765E-04  2.3721E-04  6.1335E-05  1.4780E-05  3.6960E-06  7.3895E-07  0.0000E+00  0.0000E+00  0.0000E+00  0.0000E+00
       0.0000E+00  0.0000E+00  0.0000E+00  0.0000E+00  0.0000E+00  0.0000E+00  0.0000E+00  0.0000E+00  0.0000E+00  0.0000E+00
       0.0000E+00  0.0000E+00  0.0000E+00  0.0000E+00  0.0000E+00  0.0000E+00  0.0000E+00  0.0000E+00  0.0000E+00  0.0000E+00
       0.0000E+00  0.0000E+00  0.0000E+00  0.0000E+00  0.0000E+00  0.0000E+00  0.0000E+00  0.0000E+00  0.0000E+00  0.0000E+00
       0.0000E+00  0.0000E+00  0.0000E+00  0.0000E+00  0.0000E+00  0.0000E+00  0.0000E+00  0.0000E+00  0.0000E+00  0.0000E+00
       0.0000E+00  0.0000E+00  0.0000E+00  0.0000E+00  0.0000E+00  0.0000E+00  0.0000E+00  0.0000E+00  0.0000E+00  0.0000E+00
       0.0000E+00  0.0000E+00  0.0000E+00  0.0000E+00  0.0000E+00  0.0000E+00  0.0000E+00  0.0000E+00  0.0000E+00  0.0000E+00
       0.0000E+00  0.0000E+00  0.0000E+00  0.0000E+00  0.0000E+00  0.0000E+00  0.0000E+00  0.0000E+00  0.0000E+00  0.0000E+00
       0.0000E+00  0.0000E+00  0.0000E+00  0.0000E+00  0.0000E+00  0.0000E+00  0.0000E+00  0.0000E+00  0.0000E+00  0.0000E+00
       0.0000E+00  0.0000E+00  0.0000E+00  0.0000E+00  0.0000E+00  0.0000E+00  0.0000E+00  0.0000E+00  0.0000E+00  0.0000E+00
       0.0000E+00  0.0000E+00  0.0000E+00  0.0000E+00  0.0000E+00  0.0000E+00  0.0000E+00  0.0000E+00  0.0000E+00  0.0000E+00
       0.0000E+00  0.0000E+00  0.0000E+00  0.0000E+00  0.0000E+00  0.0000E+00  0.0000E+00  0.0000E+00  0.0000E+00  0.0000E+00
       0.0000E+00  0.0000E+00  0.0000E+00  0.0000E+00  0.0000E+00  0.0000E+00  0.0000E+00  0.0000E+00  0.0000E+00  0.0000E+00
       0.0000E+00  0.0000E+00  0.0000E+00  0.0000E+00  0.0000E+00  0.0000E+00  0.0000E+00  0.0000E+00  0.0000E+00  0.0000E+00
       0.0000E+00  0.0000E+00  0.0000E+00  0.0000E+00  0.0000E+00  0.0000E+00  0.0000E+00  0.0000E+00  0.0000E+00  0.0000E+00
       0.0000E+00  0.0000E+00  0.0000E+00  0.0000E+00  0.0000E+00  0.0000E+00  0.0000E+00  0.0000E+00  0.0000E+00  0.0000E+00
       0.0000E+00  0.0000E+00  0.0000E+00  0.0000E+00  0.0000E+00  0.0000E+00  0.0000E+00  0.0000E+00  0.0000E+00  0.0000E+00
       0.0000E+00  0.0000E+00  0.0000E+00  0.0000E+00  0.0000E+00  0.0000E+00  0.0000E+00  0.0000E+00  0.0000E+00  0.0000E+00
       0.0000E+00  0.0000E+00  0.0000E+00  0.0000E+00  0.0000E+00  0.0000E+00  0.0000E+00  0.0000E+00  0.0000E+00  0.0000E+00
       0.0000E+00  0.0000E+00  0.0000E+00  0.0000E+00  0.0000E+00  0.0000E+00  0.0000E+00  0.0000E+00  0.0000E+00  0.0000E+00
       0.0000E+00  0.0000E+00  0.0000E+00  0.0000E+00  0.0000E+00  0.0000E+00  0.0000E+00  0.0000E+00  0.0000E+00  0.0000E+00
       0.0000E+00  0.0000E+00  0.0000E+00  0.0000E+00  0.0000E+00  0.0000E+00  0.0000E+00  0.0000E+00  0.0000E+00  0.0000E+00
       0.0000E+00  0.0000E+00  0.0000E+00  0.0000E+00  0.0000E+00  0.0000E+00  0.0000E+00  0.0000E+00  0.0000E+00  0.0000E+00
       0.0000E+00  0.0000E+00  0.0000E+00  0.0000E+00  0.0000E+00  0.0000E+00  0.0000E+00  0.0000E+00  0.0000E+00  0.0000E+00
       0.0000E+00  0.0000E+00  0.0000E+00  0.0000E+00  0.0000E+00  0.0000E+00  0.0000E+00  0.0000E+00  0.0000E+00  0.0000E+00
1

   Bdrx n.   6  "ofluence  " , generalized particle n.    1, from region n.     5 to region n.     4
      detector area:  1.0000E+02 cm**2
      this is a one way only estimator
      this is a fluence like estimator
      linear energy binning from   0.0000E+00 to  3.0000E+02 GeV,     1 bins ( 3.0000E+02 GeV wide)
      linear angular binning from  0.0000E+00 to  6.2832E+00 sr ,     1 bins ( 6.2832E+00 sr wide )
      Data follow in a matrix A(ie,ia), format (1(5x,1p,10(1x,e11.4)))

       5.3215E-06
