
 *****  Protons in Lexan (0.12GeV, 0cm)                                                   *****

           DATE: 12/21/18,  TIME:  1:51:27

          Total number of particles followed       50000000, for a total weight of  5.0000E+07

1

   Bdrx n.   2  "ofluence  " , generalized particle n.    1, from region n.     5 to region n.     4
      detector area:  1.0000E+02 cm**2
      this is a one way only estimator
      this is a fluence like estimator
      linear energy binning from   4.0000E-02 to  1.7000E-01 GeV,   650 bins ( 2.0000E-04 GeV wide)
      linear angular binning from  0.0000E+00 to  6.2832E+00 sr ,     1 bins ( 6.2832E+00 sr wide )
      Data follow in a matrix A(ie,ia), format (1(5x,1p,10(1x,e11.4)))

       2.4896E-04  2.5402E-04  2.6364E-04  2.6924E-04  2.6762E-04  2.6323E-04  2.6419E-04  2.6121E-04  2.7897E-04  2.7813E-04
       2.8151E-04  2.6882E-04  2.7683E-04  2.5725E-04  2.7454E-04  2.6697E-04  2.5196E-04  2.5454E-04  2.7553E-04  2.7470E-04
       2.6396E-04  2.6840E-04  2.5549E-04  2.5617E-04  2.5998E-04  2.7193E-04  2.6722E-04  2.7176E-04  2.6780E-04  2.6915E-04
       2.6728E-04  2.3984E-04  2.7517E-04  2.6479E-04  2.7111E-04  2.6998E-04  2.7533E-04  2.5731E-04  2.6847E-04  2.6406E-04
       2.7733E-04  2.5637E-04  2.7408E-04  2.6212E-04  2.8175E-04  2.6594E-04  2.6130E-04  2.8167E-04  2.7467E-04  2.8071E-04
       2.8291E-04  2.7887E-04  2.7136E-04  2.6919E-04  2.5996E-04  2.7232E-04  2.5692E-04  2.7486E-04  2.6190E-04  2.7228E-04
       2.5765E-04  2.6937E-04  2.6885E-04  2.5921E-04  2.5800E-04  2.7838E-04  2.6544E-04  2.6995E-04  2.7476E-04  2.7719E-04
       2.6046E-04  2.5098E-04  2.7166E-04  2.6921E-04  2.7701E-04  2.7700E-04  2.6251E-04  2.6651E-04  2.5648E-04  2.7241E-04
       2.7620E-04  2.7374E-04  2.5965E-04  2.5481E-04  2.7528E-04  2.5664E-04  2.6564E-04  2.6988E-04  2.6928E-04  2.5628E-04
       2.6913E-04  2.4783E-04  2.6332E-04  2.5236E-04  2.5359E-04  2.6604E-04  2.7711E-04  2.5288E-04  2.6100E-04  2.4301E-04
       2.5649E-04  2.6627E-04  2.5885E-04  2.5600E-04  2.7391E-04  2.7356E-04  2.5096E-04  2.5757E-04  2.5403E-04  2.7188E-04
       2.5825E-04  2.5240E-04  2.6330E-04  2.6450E-04  2.4984E-04  2.5192E-04  2.5654E-04  2.6343E-04  2.6569E-04  2.5642E-04
       2.5568E-04  2.5106E-04  2.5345E-04  2.6074E-04  2.5909E-04  2.5645E-04  2.6592E-04  2.6285E-04  2.4824E-04  2.6537E-04
       2.5500E-04  2.5226E-04  2.5115E-04  2.6027E-04  2.5942E-04  2.7137E-04  2.6413E-04  2.7141E-04  2.7047E-04  2.6178E-04
       2.4956E-04  2.5874E-04  2.6146E-04  2.5861E-04  2.5423E-04  2.7185E-04  2.6548E-04  2.7072E-04  2.5929E-04  2.6995E-04
       2.7217E-04  2.4734E-04  2.6818E-04  2.5944E-04  2.5233E-04  2.5352E-04  2.5946E-04  2.4982E-04  2.6659E-04  2.6815E-04
       2.5925E-04  2.6365E-04  2.6869E-04  2.4994E-04  2.6663E-04  2.5216E-04  2.6431E-04  2.4620E-04  2.6762E-04  2.6029E-04
       2.4826E-04  2.4343E-04  2.4365E-04  2.6243E-04  2.5133E-04  2.4678E-04  2.6201E-04  2.3549E-04  2.5650E-04  2.6857E-04
       2.5763E-04  2.6884E-04  2.5205E-04  2.5623E-04  2.4574E-04  2.5138E-04  2.3829E-04  2.5657E-04  2.5617E-04  2.5365E-04
       2.4715E-04  2.4022E-04  2.3889E-04  2.4880E-04  2.3764E-04  2.3568E-04  2.4348E-04  2.4543E-04  2.2769E-04  2.4017E-04
       2.3589E-04  2.2250E-04  2.3686E-04  2.3126E-04  2.3463E-04  2.4050E-04  2.4089E-04  2.3579E-04  2.4309E-04  2.2954E-04
       2.2833E-04  2.2701E-04  2.1360E-04  2.4064E-04  2.3838E-04  2.2455E-04  2.1400E-04  2.2427E-04  2.1618E-04  2.2180E-04
       2.3523E-04  2.2275E-04  2.2526E-04  2.3203E-04  2.2619E-04  2.1464E-04  2.2286E-04  2.1684E-04  2.2503E-04  2.1558E-04
       2.1849E-04  2.1461E-04  2.2087E-04  2.0834E-04  2.1698E-04  1.9896E-04  1.9720E-04  2.0330E-04  2.1646E-04  2.0443E-04
       2.0824E-04  2.1317E-04  2.0199E-04  1.9727E-04  2.0988E-04  2.0028E-04  2.0606E-04  1.9585E-04  1.9494E-04  1.9454E-04
       2.0138E-04  1.9814E-04  1.8279E-04  1.9446E-04  1.9827E-04  1.8227E-04  1.9950E-04  1.9704E-04  1.8910E-04  1.8153E-04
       1.9327E-04  1.7846E-04  1.8946E-04  1.8318E-04  1.8185E-04  1.8375E-04  1.8596E-04  1.7979E-04  1.7799E-04  1.8382E-04
       1.7494E-04  1.7820E-04  1.6109E-04  1.7875E-04  1.7191E-04  1.6698E-04  1.6972E-04  1.7120E-04  1.6785E-04  1.7227E-04
       1.6861E-04  1.5714E-04  1.6193E-04  1.5972E-04  1.5415E-04  1.6532E-04  1.5615E-04  1.4377E-04  1.5694E-04  1.5227E-04
       1.5321E-04  1.4552E-04  1.3972E-04  1.5105E-04  1.4256E-04  1.4284E-04  1.2919E-04  1.2773E-04  1.3019E-04  1.3018E-04
       1.2115E-04  1.2795E-04  1.2715E-04  1.1229E-04  1.3763E-04  1.0822E-04  9.9191E-05  9.1891E-05  8.5078E-05  8.7363E-05
       9.0658E-05  7.5321E-05  7.3587E-05  7.0821E-05  7.3342E-05  7.5002E-05  7.0539E-05  7.0789E-05  7.5833E-05  7.5662E-05
       7.5365E-05  7.3551E-05  7.9778E-05  7.6702E-05  8.4425E-05  8.5499E-05  9.5612E-05  9.7517E-05  9.6396E-05  1.1120E-04
       1.1433E-04  1.1729E-04  1.2697E-04  1.3637E-04  1.4917E-04  1.6321E-04  1.6317E-04  1.7597E-04  1.6758E-04  1.7489E-04
       1.6337E-04  1.5763E-04  1.5562E-04  1.6253E-04  1.5710E-04  1.6939E-04  2.2053E-04  2.8868E-04  3.9071E-04  6.3399E-04
       1.1811E-03  2.5877E-03  6.0144E-03  1.4145E-02  3.1882E-02  6.7308E-02  1.3149E-01  2.3553E-01  3.8502E-01  5.7259E-01
       7.7047E-01  9.3553E-01  1.0229E+00  1.0038E+00  8.8189E-01  6.9233E-01  4.8445E-01  3.0169E-01  1.6665E-01  8.1405E-02
       3.5190E-02  1.3455E-02  4.5523E-03  1.3113E-03  3.5702E-04  8.2928E-05  1.6394E-05  2.8650E-06  1.5916E-07  0.0000E+00
       0.0000E+00  0.0000E+00  0.0000E+00  0.0000E+00  0.0000E+00  0.0000E+00  0.0000E+00  0.0000E+00  0.0000E+00  0.0000E+00
       0.0000E+00  0.0000E+00  0.0000E+00  0.0000E+00  0.0000E+00  0.0000E+00  0.0000E+00  0.0000E+00  0.0000E+00  0.0000E+00
       0.0000E+00  0.0000E+00  0.0000E+00  0.0000E+00  0.0000E+00  0.0000E+00  0.0000E+00  0.0000E+00  0.0000E+00  0.0000E+00
       0.0000E+00  0.0000E+00  0.0000E+00  0.0000E+00  0.0000E+00  0.0000E+00  0.0000E+00  0.0000E+00  0.0000E+00  0.0000E+00
       0.0000E+00  0.0000E+00  0.0000E+00  0.0000E+00  0.0000E+00  0.0000E+00  0.0000E+00  0.0000E+00  0.0000E+00  0.0000E+00
       0.0000E+00  0.0000E+00  0.0000E+00  0.0000E+00  0.0000E+00  0.0000E+00  0.0000E+00  0.0000E+00  0.0000E+00  0.0000E+00
       0.0000E+00  0.0000E+00  0.0000E+00  0.0000E+00  0.0000E+00  0.0000E+00  0.0000E+00  0.0000E+00  0.0000E+00  0.0000E+00
       0.0000E+00  0.0000E+00  0.0000E+00  0.0000E+00  0.0000E+00  0.0000E+00  0.0000E+00  0.0000E+00  0.0000E+00  0.0000E+00
       0.0000E+00  0.0000E+00  0.0000E+00  0.0000E+00  0.0000E+00  0.0000E+00  0.0000E+00  0.0000E+00  0.0000E+00  0.0000E+00
       0.0000E+00  0.0000E+00  0.0000E+00  0.0000E+00  0.0000E+00  0.0000E+00  0.0000E+00  0.0000E+00  0.0000E+00  0.0000E+00
       0.0000E+00  0.0000E+00  0.0000E+00  0.0000E+00  0.0000E+00  0.0000E+00  0.0000E+00  0.0000E+00  0.0000E+00  0.0000E+00
       0.0000E+00  0.0000E+00  0.0000E+00  0.0000E+00  0.0000E+00  0.0000E+00  0.0000E+00  0.0000E+00  0.0000E+00  0.0000E+00
       0.0000E+00  0.0000E+00  0.0000E+00  0.0000E+00  0.0000E+00  0.0000E+00  0.0000E+00  0.0000E+00  0.0000E+00  0.0000E+00
       0.0000E+00  0.0000E+00  0.0000E+00  0.0000E+00  0.0000E+00  0.0000E+00  0.0000E+00  0.0000E+00  0.0000E+00  0.0000E+00
       0.0000E+00  0.0000E+00  0.0000E+00  0.0000E+00  0.0000E+00  0.0000E+00  0.0000E+00  0.0000E+00  0.0000E+00  0.0000E+00
       0.0000E+00  0.0000E+00  0.0000E+00  0.0000E+00  0.0000E+00  0.0000E+00  0.0000E+00  0.0000E+00  0.0000E+00  0.0000E+00
       0.0000E+00  0.0000E+00  0.0000E+00  0.0000E+00  0.0000E+00  0.0000E+00  0.0000E+00  0.0000E+00  0.0000E+00  0.0000E+00
       0.0000E+00  0.0000E+00  0.0000E+00  0.0000E+00  0.0000E+00  0.0000E+00  0.0000E+00  0.0000E+00  0.0000E+00  0.0000E+00
       0.0000E+00  0.0000E+00  0.0000E+00  0.0000E+00  0.0000E+00  0.0000E+00  0.0000E+00  0.0000E+00  0.0000E+00  0.0000E+00
       0.0000E+00  0.0000E+00  0.0000E+00  0.0000E+00  0.0000E+00  0.0000E+00  0.0000E+00  0.0000E+00  0.0000E+00  0.0000E+00
       0.0000E+00  0.0000E+00  0.0000E+00  0.0000E+00  0.0000E+00  0.0000E+00  0.0000E+00  0.0000E+00  0.0000E+00  0.0000E+00
       0.0000E+00  0.0000E+00  0.0000E+00  0.0000E+00  0.0000E+00  0.0000E+00  0.0000E+00  0.0000E+00  0.0000E+00  0.0000E+00
       0.0000E+00  0.0000E+00  0.0000E+00  0.0000E+00  0.0000E+00  0.0000E+00  0.0000E+00  0.0000E+00  0.0000E+00  0.0000E+00
       0.0000E+00  0.0000E+00  0.0000E+00  0.0000E+00  0.0000E+00  0.0000E+00  0.0000E+00  0.0000E+00  0.0000E+00  0.0000E+00
       0.0000E+00  0.0000E+00  0.0000E+00  0.0000E+00  0.0000E+00  0.0000E+00  0.0000E+00  0.0000E+00  0.0000E+00  0.0000E+00
       0.0000E+00  0.0000E+00  0.0000E+00  0.0000E+00  0.0000E+00  0.0000E+00  0.0000E+00  0.0000E+00  0.0000E+00  0.0000E+00
       0.0000E+00  0.0000E+00  0.0000E+00  0.0000E+00  0.0000E+00  0.0000E+00  0.0000E+00  0.0000E+00  0.0000E+00  0.0000E+00
1

   Bdrx n.   6  "ofluence  " , generalized particle n.    1, from region n.     5 to region n.     4
      detector area:  1.0000E+02 cm**2
      this is a one way only estimator
      this is a fluence like estimator
      linear energy binning from   0.0000E+00 to  3.0000E+02 GeV,     1 bins ( 3.0000E+02 GeV wide)
      linear angular binning from  0.0000E+00 to  6.2832E+00 sr ,     1 bins ( 6.2832E+00 sr wide )
      Data follow in a matrix A(ie,ia), format (1(5x,1p,10(1x,e11.4)))

       5.3089E-06
