
 *****  Protons in Lexan (0.12GeV, 0cm)                                                   *****

           DATE: 12/21/18,  TIME:  1:51:27

          Total number of particles followed       50000000, for a total weight of  5.0000E+07

1

   Res. nuclei n.   1  "Ian       " ,  all         products, region n.     5
      detector volume:  1.0000E+00 cm**3
      Max. Z:  10, Max. N-Z:  11 Min. N-Z: -4
      Data follow in a matrix A(z,n-z-k), k: -5 format (1(5x,1p,10(1x,e11.4)))

       0.0000E+00  0.0000E+00  0.0000E+00  0.0000E+00  0.0000E+00  0.0000E+00  0.0000E+00  0.0000E+00  0.0000E+00  0.0000E+00
       0.0000E+00  0.0000E+00  0.0000E+00  0.0000E+00  0.0000E+00  5.9800E-06  0.0000E+00  3.6000E-07  0.0000E+00  0.0000E+00
       0.0000E+00  0.0000E+00  0.0000E+00  0.0000E+00  5.8820E-05  8.5540E-05  1.3760E-05  1.4740E-05  0.0000E+00  0.0000E+00
       1.0608E-02  1.6408E-03  0.0000E+00  8.0864E-04  0.0000E+00  2.1804E-03  2.7400E-05  5.0746E-04  0.0000E+00  0.0000E+00
       2.6064E-03  1.3671E-02  1.1151E-03  0.0000E+00  6.9020E-04  4.8803E-03  2.5598E-04  5.6982E-04  4.0000E-08  1.0000E-07
       7.4676E-04  0.0000E+00  5.4252E-04  1.4234E-04  1.2381E-03  1.5794E-04  3.1134E-04  3.8000E-07  0.0000E+00  0.0000E+00
       0.0000E+00  2.9020E-05  4.2100E-05  7.4740E-05  1.0600E-05  2.9060E-05  4.8000E-07  5.8000E-07  0.0000E+00  0.0000E+00
       0.0000E+00  0.0000E+00  1.7400E-06  2.2000E-07  5.2000E-07  0.0000E+00  1.6000E-07  0.0000E+00  0.0000E+00  0.0000E+00
       0.0000E+00  0.0000E+00  0.0000E+00  2.0000E-08  0.0000E+00  2.0000E-08  0.0000E+00  0.0000E+00  0.0000E+00  0.0000E+00
       0.0000E+00  0.0000E+00  0.0000E+00  0.0000E+00  0.0000E+00  0.0000E+00  0.0000E+00  0.0000E+00  0.0000E+00  0.0000E+00
       0.0000E+00  0.0000E+00  0.0000E+00  0.0000E+00  0.0000E+00  0.0000E+00  0.0000E+00  0.0000E+00  0.0000E+00  0.0000E+00
       0.0000E+00  0.0000E+00  0.0000E+00  0.0000E+00  0.0000E+00  0.0000E+00  0.0000E+00  0.0000E+00  0.0000E+00  0.0000E+00
       0.0000E+00  0.0000E+00  0.0000E+00  0.0000E+00  0.0000E+00  0.0000E+00  0.0000E+00  0.0000E+00  0.0000E+00  0.0000E+00
       0.0000E+00  0.0000E+00  0.0000E+00  0.0000E+00  0.0000E+00  0.0000E+00  0.0000E+00  0.0000E+00  0.0000E+00  0.0000E+00
       0.0000E+00  0.0000E+00  0.0000E+00  0.0000E+00  0.0000E+00  0.0000E+00  0.0000E+00  0.0000E+00  0.0000E+00  0.0000E+00
       0.0000E+00  0.0000E+00  0.0000E+00  0.0000E+00  0.0000E+00  0.0000E+00  0.0000E+00  0.0000E+00  0.0000E+00  0.0000E+00
