
 *****  Protons in Lexan (0.12GeV, 0cm)                                                   *****

           DATE: 12/21/18,  TIME:  1:51:27

          Total number of particles followed       50000000, for a total weight of  5.0000E+07

1

   Bdrx n.   4  "ocurrent  " , generalized particle n.    1, from region n.     5 to region n.     4
      detector area:  1.0000E+02 cm**2
      this is a one way only estimator
      this is a current like estimator
      linear energy binning from   4.0000E-02 to  1.7000E-01 GeV,   650 bins ( 2.0000E-04 GeV wide)
      linear angular binning from  0.0000E+00 to  6.2832E+00 sr ,     1 bins ( 6.2832E+00 sr wide )
      Data follow in a matrix A(ie,ia), format (1(5x,1p,10(1x,e11.4)))

       1.7173E-04  1.7061E-04  1.6966E-04  1.7348E-04  1.7682E-04  1.7109E-04  1.7268E-04  1.7348E-04  1.7985E-04  1.8080E-04
       1.8557E-04  1.8191E-04  1.8064E-04  1.7236E-04  1.7889E-04  1.7603E-04  1.7189E-04  1.7475E-04  1.8510E-04  1.8430E-04
       1.7443E-04  1.8573E-04  1.7077E-04  1.7507E-04  1.7666E-04  1.8557E-04  1.7889E-04  1.8828E-04  1.7841E-04  1.8144E-04
       1.7921E-04  1.6918E-04  1.9067E-04  1.8366E-04  1.7523E-04  1.8223E-04  1.9019E-04  1.7778E-04  1.8589E-04  1.8478E-04
       1.8955E-04  1.7618E-04  1.9178E-04  1.8239E-04  1.9496E-04  1.8112E-04  1.8430E-04  1.9099E-04  1.8717E-04  1.9512E-04
       1.9544E-04  1.9162E-04  1.8780E-04  1.8032E-04  1.8287E-04  1.8892E-04  1.8398E-04  1.9385E-04  1.8860E-04  1.9274E-04
       1.8223E-04  1.8939E-04  1.9083E-04  1.8239E-04  1.8462E-04  1.9401E-04  1.8621E-04  1.9194E-04  1.9624E-04  1.9433E-04
       1.8605E-04  1.8287E-04  1.8924E-04  1.9083E-04  2.0245E-04  1.9863E-04  1.8939E-04  1.9274E-04  1.8764E-04  1.9433E-04
       1.9640E-04  1.9894E-04  1.8733E-04  1.8733E-04  1.9703E-04  1.8812E-04  1.8780E-04  1.9162E-04  1.9703E-04  1.8924E-04
       1.9831E-04  1.8351E-04  1.9385E-04  1.8733E-04  1.8860E-04  2.0006E-04  2.0197E-04  1.8701E-04  1.9576E-04  1.8510E-04
       1.8939E-04  1.9958E-04  1.9433E-04  1.9146E-04  1.9799E-04  2.0435E-04  1.8796E-04  1.9146E-04  1.8860E-04  2.0388E-04
       1.9465E-04  1.9258E-04  2.0276E-04  1.9958E-04  1.8573E-04  1.8733E-04  1.9799E-04  1.9751E-04  1.9942E-04  1.9433E-04
       1.9815E-04  1.9369E-04  1.9560E-04  1.9926E-04  1.9831E-04  1.9083E-04  2.0324E-04  2.0308E-04  1.9385E-04  2.0722E-04
       1.9496E-04  1.9672E-04  1.9751E-04  2.0054E-04  1.9799E-04  2.1040E-04  2.0229E-04  2.1008E-04  2.0690E-04  2.0467E-04
       1.9990E-04  2.0324E-04  2.0356E-04  2.0149E-04  2.0213E-04  2.1327E-04  2.0881E-04  2.1168E-04  2.0292E-04  2.1343E-04
       2.1645E-04  2.0069E-04  2.1788E-04  2.0770E-04  2.0229E-04  2.0324E-04  2.0642E-04  1.9624E-04  2.1597E-04  2.1359E-04
       2.1024E-04  2.1168E-04  2.1661E-04  2.0404E-04  2.0690E-04  2.0658E-04  2.0913E-04  1.9990E-04  2.1518E-04  2.0961E-04
       2.0499E-04  1.9847E-04  1.9990E-04  2.1311E-04  2.0690E-04  2.0245E-04  2.1518E-04  1.9560E-04  2.0865E-04  2.1693E-04
       2.0977E-04  2.1645E-04  2.0993E-04  2.0977E-04  2.0483E-04  2.0961E-04  1.9894E-04  2.1534E-04  2.1263E-04  2.1406E-04
       2.0595E-04  2.0245E-04  2.0038E-04  2.0674E-04  1.9974E-04  1.9783E-04  2.0101E-04  2.0722E-04  1.9130E-04  2.0372E-04
       1.9767E-04  1.8892E-04  1.9878E-04  1.9258E-04  1.9878E-04  2.0340E-04  2.0611E-04  1.9719E-04  2.0706E-04  1.9576E-04
       1.9290E-04  1.9385E-04  1.8462E-04  2.0435E-04  2.0101E-04  1.9385E-04  1.8303E-04  1.9258E-04  1.8510E-04  1.8987E-04
       2.0260E-04  1.9067E-04  1.9178E-04  1.9831E-04  1.9433E-04  1.8510E-04  1.9162E-04  1.8637E-04  1.9321E-04  1.8621E-04
       1.8892E-04  1.8637E-04  1.8924E-04  1.8016E-04  1.8573E-04  1.7205E-04  1.7189E-04  1.7666E-04  1.8701E-04  1.7714E-04
       1.7794E-04  1.8462E-04  1.7794E-04  1.7364E-04  1.8239E-04  1.7523E-04  1.7937E-04  1.7284E-04  1.7173E-04  1.7157E-04
       1.7778E-04  1.7412E-04  1.6170E-04  1.7109E-04  1.7491E-04  1.6122E-04  1.7603E-04  1.7268E-04  1.6600E-04  1.6122E-04
       1.7014E-04  1.5565E-04  1.6855E-04  1.6091E-04  1.6091E-04  1.6218E-04  1.6695E-04  1.6234E-04  1.5995E-04  1.6345E-04
       1.5661E-04  1.6011E-04  1.4372E-04  1.5931E-04  1.5136E-04  1.5088E-04  1.5374E-04  1.5104E-04  1.5088E-04  1.5518E-04
       1.5120E-04  1.4117E-04  1.4658E-04  1.4547E-04  1.3958E-04  1.5056E-04  1.4165E-04  1.3130E-04  1.4213E-04  1.3719E-04
       1.3846E-04  1.3162E-04  1.2653E-04  1.3783E-04  1.2414E-04  1.2987E-04  1.1682E-04  1.1507E-04  1.1666E-04  1.1825E-04
       1.1093E-04  1.1586E-04  1.1157E-04  1.0281E-04  1.0775E-04  9.8039E-05  8.9286E-05  8.2442E-05  7.5439E-05  7.6235E-05
       8.0532E-05  6.3185E-05  6.3025E-05  5.9683E-05  6.3344E-05  6.3025E-05  6.0956E-05  6.0001E-05  6.1275E-05  6.3821E-05
       6.2548E-05  6.3025E-05  6.6527E-05  6.4617E-05  7.1938E-05  7.3211E-05  8.1806E-05  8.3716E-05  8.3238E-05  9.6607E-05
       9.8039E-05  1.0441E-04  1.1427E-04  1.2239E-04  1.3480E-04  1.4801E-04  1.5056E-04  1.6106E-04  1.5374E-04  1.6154E-04
       1.5024E-04  1.4276E-04  1.3831E-04  1.4388E-04  1.4006E-04  1.5056E-04  1.9656E-04  2.5847E-04  3.5921E-04  5.9508E-04
       1.1332E-03  2.5293E-03  5.9420E-03  1.4054E-02  3.1769E-02  6.7172E-02  1.3133E-01  2.3535E-01  3.8481E-01  5.7235E-01
       7.7022E-01  9.3528E-01  1.0227E+00  1.0036E+00  8.8172E-01  6.9221E-01  4.8437E-01  3.0164E-01  1.6662E-01  8.1394E-02
       3.5185E-02  1.3453E-02  4.5517E-03  1.3111E-03  3.5698E-04  8.2920E-05  1.6393E-05  2.8648E-06  1.5915E-07  0.0000E+00
       0.0000E+00  0.0000E+00  0.0000E+00  0.0000E+00  0.0000E+00  0.0000E+00  0.0000E+00  0.0000E+00  0.0000E+00  0.0000E+00
       0.0000E+00  0.0000E+00  0.0000E+00  0.0000E+00  0.0000E+00  0.0000E+00  0.0000E+00  0.0000E+00  0.0000E+00  0.0000E+00
       0.0000E+00  0.0000E+00  0.0000E+00  0.0000E+00  0.0000E+00  0.0000E+00  0.0000E+00  0.0000E+00  0.0000E+00  0.0000E+00
       0.0000E+00  0.0000E+00  0.0000E+00  0.0000E+00  0.0000E+00  0.0000E+00  0.0000E+00  0.0000E+00  0.0000E+00  0.0000E+00
       0.0000E+00  0.0000E+00  0.0000E+00  0.0000E+00  0.0000E+00  0.0000E+00  0.0000E+00  0.0000E+00  0.0000E+00  0.0000E+00
       0.0000E+00  0.0000E+00  0.0000E+00  0.0000E+00  0.0000E+00  0.0000E+00  0.0000E+00  0.0000E+00  0.0000E+00  0.0000E+00
       0.0000E+00  0.0000E+00  0.0000E+00  0.0000E+00  0.0000E+00  0.0000E+00  0.0000E+00  0.0000E+00  0.0000E+00  0.0000E+00
       0.0000E+00  0.0000E+00  0.0000E+00  0.0000E+00  0.0000E+00  0.0000E+00  0.0000E+00  0.0000E+00  0.0000E+00  0.0000E+00
       0.0000E+00  0.0000E+00  0.0000E+00  0.0000E+00  0.0000E+00  0.0000E+00  0.0000E+00  0.0000E+00  0.0000E+00  0.0000E+00
       0.0000E+00  0.0000E+00  0.0000E+00  0.0000E+00  0.0000E+00  0.0000E+00  0.0000E+00  0.0000E+00  0.0000E+00  0.0000E+00
       0.0000E+00  0.0000E+00  0.0000E+00  0.0000E+00  0.0000E+00  0.0000E+00  0.0000E+00  0.0000E+00  0.0000E+00  0.0000E+00
       0.0000E+00  0.0000E+00  0.0000E+00  0.0000E+00  0.0000E+00  0.0000E+00  0.0000E+00  0.0000E+00  0.0000E+00  0.0000E+00
       0.0000E+00  0.0000E+00  0.0000E+00  0.0000E+00  0.0000E+00  0.0000E+00  0.0000E+00  0.0000E+00  0.0000E+00  0.0000E+00
       0.0000E+00  0.0000E+00  0.0000E+00  0.0000E+00  0.0000E+00  0.0000E+00  0.0000E+00  0.0000E+00  0.0000E+00  0.0000E+00
       0.0000E+00  0.0000E+00  0.0000E+00  0.0000E+00  0.0000E+00  0.0000E+00  0.0000E+00  0.0000E+00  0.0000E+00  0.0000E+00
       0.0000E+00  0.0000E+00  0.0000E+00  0.0000E+00  0.0000E+00  0.0000E+00  0.0000E+00  0.0000E+00  0.0000E+00  0.0000E+00
       0.0000E+00  0.0000E+00  0.0000E+00  0.0000E+00  0.0000E+00  0.0000E+00  0.0000E+00  0.0000E+00  0.0000E+00  0.0000E+00
       0.0000E+00  0.0000E+00  0.0000E+00  0.0000E+00  0.0000E+00  0.0000E+00  0.0000E+00  0.0000E+00  0.0000E+00  0.0000E+00
       0.0000E+00  0.0000E+00  0.0000E+00  0.0000E+00  0.0000E+00  0.0000E+00  0.0000E+00  0.0000E+00  0.0000E+00  0.0000E+00
       0.0000E+00  0.0000E+00  0.0000E+00  0.0000E+00  0.0000E+00  0.0000E+00  0.0000E+00  0.0000E+00  0.0000E+00  0.0000E+00
       0.0000E+00  0.0000E+00  0.0000E+00  0.0000E+00  0.0000E+00  0.0000E+00  0.0000E+00  0.0000E+00  0.0000E+00  0.0000E+00
       0.0000E+00  0.0000E+00  0.0000E+00  0.0000E+00  0.0000E+00  0.0000E+00  0.0000E+00  0.0000E+00  0.0000E+00  0.0000E+00
       0.0000E+00  0.0000E+00  0.0000E+00  0.0000E+00  0.0000E+00  0.0000E+00  0.0000E+00  0.0000E+00  0.0000E+00  0.0000E+00
       0.0000E+00  0.0000E+00  0.0000E+00  0.0000E+00  0.0000E+00  0.0000E+00  0.0000E+00  0.0000E+00  0.0000E+00  0.0000E+00
       0.0000E+00  0.0000E+00  0.0000E+00  0.0000E+00  0.0000E+00  0.0000E+00  0.0000E+00  0.0000E+00  0.0000E+00  0.0000E+00
       0.0000E+00  0.0000E+00  0.0000E+00  0.0000E+00  0.0000E+00  0.0000E+00  0.0000E+00  0.0000E+00  0.0000E+00  0.0000E+00
       0.0000E+00  0.0000E+00  0.0000E+00  0.0000E+00  0.0000E+00  0.0000E+00  0.0000E+00  0.0000E+00  0.0000E+00  0.0000E+00
