
 *****  Protons in Lexan (0.21GeV, 1.0cm)                                                 *****

           DATE: 12/18/18,  TIME:  2:37:43

          Total number of particles followed        7000000, for a total weight of  7.0000E+06

1

   Res. nuclei n.   1  "Ian       " ,  all         products, region n.     5
      detector volume:  1.0000E+00 cm**3
      Max. Z:  10, Max. N-Z:  11 Min. N-Z: -4
      Data follow in a matrix A(z,n-z-k), k: -5 format (1(5x,1p,10(1x,e11.4)))

       0.0000E+00  0.0000E+00  0.0000E+00  0.0000E+00  0.0000E+00  0.0000E+00  0.0000E+00  0.0000E+00  0.0000E+00  0.0000E+00
       0.0000E+00  0.0000E+00  0.0000E+00  0.0000E+00  0.0000E+00  7.2000E-05  0.0000E+00  3.3714E-05  0.0000E+00  0.0000E+00
       0.0000E+00  0.0000E+00  0.0000E+00  0.0000E+00  6.3443E-04  1.1597E-03  2.1929E-04  1.6990E-03  0.0000E+00  0.0000E+00
       4.9215E+00  1.6026E-02  0.0000E+00  5.1356E-03  0.0000E+00  1.4221E-02  2.9193E-03  5.1514E-02  2.7143E-06  1.4286E-07
       3.5293E+00  2.1792E-01  1.3099E-02  0.0000E+00  8.1190E-03  5.0616E-02  2.5649E-02  7.3059E-02  1.1000E-05  8.8571E-06
       8.3369E-03  0.0000E+00  4.3460E-03  2.5697E-03  1.2250E-02  1.3061E-02  3.8840E-02  8.6726E-05  5.7143E-07  0.0000E+00
       0.0000E+00  3.0557E-04  5.2943E-04  1.4097E-03  4.4100E-04  3.3713E-03  2.6324E-04  1.0529E-04  0.0000E+00  0.0000E+00
       0.0000E+00  0.0000E+00  4.5286E-05  2.1571E-05  7.2571E-05  9.4286E-06  3.4857E-05  0.0000E+00  0.0000E+00  0.0000E+00
       0.0000E+00  8.5714E-07  0.0000E+00  1.0000E-06  1.4286E-07  1.0000E-06  1.4286E-07  0.0000E+00  0.0000E+00  0.0000E+00
       0.0000E+00  0.0000E+00  0.0000E+00  0.0000E+00  0.0000E+00  0.0000E+00  0.0000E+00  0.0000E+00  0.0000E+00  0.0000E+00
       0.0000E+00  0.0000E+00  0.0000E+00  0.0000E+00  0.0000E+00  0.0000E+00  0.0000E+00  0.0000E+00  0.0000E+00  0.0000E+00
       0.0000E+00  0.0000E+00  0.0000E+00  0.0000E+00  0.0000E+00  0.0000E+00  0.0000E+00  0.0000E+00  0.0000E+00  0.0000E+00
       0.0000E+00  0.0000E+00  0.0000E+00  0.0000E+00  0.0000E+00  0.0000E+00  0.0000E+00  0.0000E+00  0.0000E+00  0.0000E+00
       0.0000E+00  0.0000E+00  0.0000E+00  0.0000E+00  0.0000E+00  0.0000E+00  0.0000E+00  0.0000E+00  0.0000E+00  0.0000E+00
       0.0000E+00  0.0000E+00  0.0000E+00  0.0000E+00  0.0000E+00  0.0000E+00  0.0000E+00  0.0000E+00  0.0000E+00  0.0000E+00
       0.0000E+00  0.0000E+00  0.0000E+00  0.0000E+00  0.0000E+00  0.0000E+00  0.0000E+00  0.0000E+00  0.0000E+00  0.0000E+00
