
 *****  Protons in Lexan (0.25GeV, 5.0cm)                                                 *****

           DATE: 12/13/18,  TIME:  5:44:44

          Total number of particles followed        1000000, for a total weight of  1.0000E+06

1

   Res. nuclei n.   1  "Ian       " ,  all         products, region n.     5
      detector volume:  1.0000E+00 cm**3
      Max. Z:  10, Max. N-Z:  11 Min. N-Z: -4
      Data follow in a matrix A(z,n-z-k), k: -5 format (1(5x,1p,10(1x,e11.4)))

       0.0000E+00  0.0000E+00  0.0000E+00  0.0000E+00  0.0000E+00  0.0000E+00  0.0000E+00  0.0000E+00  0.0000E+00  0.0000E+00
       0.0000E+00  0.0000E+00  0.0000E+00  0.0000E+00  0.0000E+00  7.7000E-05  0.0000E+00  3.8000E-05  0.0000E+00  0.0000E+00
       0.0000E+00  0.0000E+00  0.0000E+00  0.0000E+00  6.8200E-04  1.3740E-03  2.4900E-04  2.0470E-03  0.0000E+00  0.0000E+00
       5.3699E+00  1.7919E-02  0.0000E+00  5.8340E-03  0.0000E+00  1.5843E-02  3.3450E-03  5.8379E-02  2.0000E-06  0.0000E+00
       3.9249E+00  2.3944E-01  1.4648E-02  0.0000E+00  9.0980E-03  5.4240E-02  2.8767E-02  7.7179E-02  6.0000E-06  3.0000E-06
       9.6966E-03  0.0000E+00  4.9060E-03  2.9311E-03  1.3573E-02  1.4599E-02  4.3938E-02  1.0208E-04  1.0000E-06  0.0000E+00
       0.0000E+00  3.3500E-04  6.3700E-04  1.5500E-03  4.6400E-04  3.8500E-03  3.1288E-04  1.3100E-04  0.0000E+00  0.0000E+00
       0.0000E+00  0.0000E+00  5.2000E-05  2.2000E-05  1.0000E-04  1.0000E-05  5.2000E-05  0.0000E+00  0.0000E+00  0.0000E+00
       0.0000E+00  0.0000E+00  0.0000E+00  0.0000E+00  0.0000E+00  2.0000E-06  1.0000E-06  0.0000E+00  0.0000E+00  0.0000E+00
       0.0000E+00  0.0000E+00  0.0000E+00  0.0000E+00  0.0000E+00  0.0000E+00  0.0000E+00  0.0000E+00  0.0000E+00  0.0000E+00
       0.0000E+00  0.0000E+00  0.0000E+00  0.0000E+00  0.0000E+00  0.0000E+00  0.0000E+00  0.0000E+00  0.0000E+00  0.0000E+00
       0.0000E+00  0.0000E+00  0.0000E+00  0.0000E+00  0.0000E+00  0.0000E+00  0.0000E+00  0.0000E+00  0.0000E+00  0.0000E+00
       0.0000E+00  0.0000E+00  0.0000E+00  0.0000E+00  0.0000E+00  0.0000E+00  0.0000E+00  0.0000E+00  0.0000E+00  0.0000E+00
       0.0000E+00  0.0000E+00  0.0000E+00  0.0000E+00  0.0000E+00  0.0000E+00  0.0000E+00  0.0000E+00  0.0000E+00  0.0000E+00
       0.0000E+00  0.0000E+00  0.0000E+00  0.0000E+00  0.0000E+00  0.0000E+00  0.0000E+00  0.0000E+00  0.0000E+00  0.0000E+00
       0.0000E+00  0.0000E+00  0.0000E+00  0.0000E+00  0.0000E+00  0.0000E+00  0.0000E+00  0.0000E+00  0.0000E+00  0.0000E+00
