
 *****  Protons in Lexan (0.10GeV, 2.0cm)                                                 *****

           DATE: 12/ 1/18,  TIME:  3:50: 6

          Total number of particles followed       10000000, for a total weight of  1.0000E+07

1

   Bdrx n.   4  "ocurrent  " , generalized particle n.    1, from region n.     5 to region n.     4
      detector area:  1.0000E+02 cm**2
      this is a one way only estimator
      this is a current like estimator
      linear energy binning from   0.0000E+00 to  1.5000E-01 GeV,   650 bins ( 2.3077E-04 GeV wide)
      linear angular binning from  0.0000E+00 to  6.2832E+00 sr ,     1 bins ( 6.2832E+00 sr wide )
      Data follow in a matrix A(ie,ia), format (1(5x,1p,10(1x,e11.4)))

       1.6552E-05  2.8966E-05  2.4828E-05  3.5863E-05  3.7932E-05  5.0346E-05  5.3105E-05  6.8277E-05  6.6898E-05  8.3450E-05
       7.2415E-05  8.5519E-05  8.0692E-05  8.3450E-05  9.7933E-05  9.5864E-05  1.0069E-04  8.2071E-05  1.3655E-04  1.0621E-04
       1.0621E-04  1.1862E-04  1.4759E-04  1.2000E-04  1.2552E-04  1.4828E-04  1.2276E-04  1.4759E-04  1.3104E-04  1.5311E-04
       1.4552E-04  1.7311E-04  1.6552E-04  1.5793E-04  1.7173E-04  1.7449E-04  1.6000E-04  1.4207E-04  1.8621E-04  1.7725E-04
       1.7931E-04  1.7725E-04  1.8483E-04  1.9311E-04  1.9656E-04  1.8621E-04  1.8000E-04  2.1725E-04  2.1932E-04  2.2207E-04
       1.8759E-04  1.9932E-04  1.9518E-04  2.1104E-04  2.0966E-04  2.1863E-04  2.0552E-04  2.2069E-04  2.1104E-04  2.2414E-04
       2.4138E-04  2.4483E-04  2.3932E-04  2.5242E-04  2.4207E-04  2.3656E-04  2.4070E-04  2.2345E-04  2.4483E-04  2.5380E-04
       2.4276E-04  2.4207E-04  2.5725E-04  2.5173E-04  2.5863E-04  2.6966E-04  2.9725E-04  2.7725E-04  2.4414E-04  2.6276E-04
       2.4690E-04  2.7449E-04  2.7932E-04  2.7380E-04  2.7311E-04  2.8414E-04  2.8345E-04  2.9656E-04  2.8277E-04  2.8897E-04
       3.0690E-04  2.9932E-04  2.9311E-04  3.1725E-04  3.0415E-04  3.1035E-04  2.8414E-04  3.1449E-04  3.2139E-04  3.1380E-04
       3.1587E-04  2.9932E-04  3.3311E-04  3.4415E-04  2.9449E-04  3.2621E-04  3.1449E-04  3.1656E-04  3.1725E-04  3.2277E-04
       3.5380E-04  3.3380E-04  3.5725E-04  3.3104E-04  3.2070E-04  3.4553E-04  3.4346E-04  3.3242E-04  3.3794E-04  3.4897E-04
       3.6070E-04  3.4897E-04  3.6070E-04  3.7863E-04  3.5035E-04  3.6139E-04  3.6828E-04  3.5932E-04  3.6759E-04  3.4139E-04
       3.5518E-04  3.6001E-04  3.9311E-04  3.8553E-04  3.7656E-04  3.6897E-04  3.8001E-04  3.8139E-04  4.0415E-04  3.9794E-04
       3.6828E-04  3.9035E-04  3.6691E-04  4.0829E-04  3.6691E-04  3.9242E-04  3.9656E-04  3.8139E-04  4.0070E-04  4.0829E-04
       3.6553E-04  3.7794E-04  4.2001E-04  4.0346E-04  3.9932E-04  3.9863E-04  3.8346E-04  4.0622E-04  4.3311E-04  4.1863E-04
       4.1725E-04  4.1242E-04  4.3311E-04  4.3725E-04  3.9035E-04  4.0277E-04  4.3656E-04  3.8966E-04  4.1587E-04  4.4967E-04
       4.0277E-04  4.3311E-04  4.3656E-04  4.5311E-04  4.1587E-04  4.3725E-04  4.5311E-04  4.1794E-04  4.1449E-04  4.5725E-04
       4.5449E-04  4.5518E-04  4.1656E-04  4.2898E-04  4.1518E-04  4.4553E-04  4.2484E-04  4.2553E-04  4.3863E-04  4.2967E-04
       4.1035E-04  4.6001E-04  4.5449E-04  4.5449E-04  4.5794E-04  4.6277E-04  4.4760E-04  4.2001E-04  4.2760E-04  4.8070E-04
       4.0277E-04  4.5518E-04  4.2415E-04  4.6484E-04  4.7242E-04  4.5656E-04  4.3242E-04  4.7311E-04  4.3932E-04  4.3794E-04
       4.7794E-04  4.2829E-04  4.4346E-04  4.3380E-04  4.6139E-04  4.4829E-04  4.6760E-04  4.2691E-04  4.4484E-04  4.6208E-04
       4.1104E-04  4.3932E-04  4.3518E-04  4.3380E-04  4.2760E-04  4.4277E-04  4.3725E-04  4.5794E-04  4.3173E-04  4.6070E-04
       4.5036E-04  4.3173E-04  4.4484E-04  4.5173E-04  4.3725E-04  4.1656E-04  4.2898E-04  4.3035E-04  4.3656E-04  4.3518E-04
       4.2415E-04  4.2208E-04  4.2277E-04  4.3104E-04  4.3863E-04  4.3242E-04  4.1725E-04  4.2139E-04  4.4070E-04  4.0760E-04
       4.4415E-04  3.8760E-04  3.9932E-04  4.1380E-04  4.4553E-04  3.9035E-04  4.1725E-04  4.4208E-04  4.3173E-04  4.2001E-04
       4.2967E-04  3.8622E-04  4.1449E-04  4.5173E-04  4.0277E-04  3.9518E-04  3.8484E-04  4.1932E-04  4.2484E-04  3.9863E-04
       4.0898E-04  3.9173E-04  4.2208E-04  4.0415E-04  3.8484E-04  3.7587E-04  3.7104E-04  3.8277E-04  4.0553E-04  3.9380E-04
       3.7725E-04  3.6415E-04  3.6622E-04  3.8277E-04  3.4070E-04  3.5863E-04  3.4277E-04  3.2897E-04  3.4897E-04  3.5380E-04
       3.6277E-04  3.4208E-04  3.3587E-04  3.1380E-04  3.3794E-04  3.1173E-04  3.0966E-04  3.1725E-04  2.7311E-04  3.2484E-04
       2.7518E-04  2.8001E-04  2.6208E-04  2.5587E-04  2.4897E-04  2.3242E-04  1.9794E-04  2.1794E-04  1.9173E-04  1.9863E-04
       1.7794E-04  1.8483E-04  1.8207E-04  1.8138E-04  1.7449E-04  1.7173E-04  1.7104E-04  1.7794E-04  1.9104E-04  2.0069E-04
       2.1242E-04  2.4001E-04  2.0069E-04  2.3242E-04  2.6759E-04  2.6552E-04  3.0208E-04  3.1380E-04  3.7242E-04  4.0898E-04
       3.9587E-04  4.3242E-04  4.7036E-04  5.0208E-04  4.8139E-04  5.3036E-04  5.6001E-04  5.9105E-04  6.8002E-04  7.9795E-04
       9.3657E-04  1.2580E-03  1.6187E-03  2.3070E-03  3.7097E-03  6.5202E-03  1.2884E-02  2.6283E-02  5.2642E-02  1.0189E-01
       1.8348E-01  3.0467E-01  4.6058E-01  6.3213E-01  7.8450E-01  8.7481E-01  8.7431E-01  7.7874E-01  6.1540E-01  4.3226E-01
       2.6808E-01  1.4484E-01  6.9451E-02  2.8835E-02  1.0275E-02  3.2132E-03  8.6485E-04  2.1380E-04  4.2760E-05  6.8967E-06
       0.0000E+00  0.0000E+00  0.0000E+00  0.0000E+00  0.0000E+00  0.0000E+00  0.0000E+00  0.0000E+00  0.0000E+00  0.0000E+00
       0.0000E+00  0.0000E+00  0.0000E+00  0.0000E+00  0.0000E+00  0.0000E+00  0.0000E+00  0.0000E+00  0.0000E+00  0.0000E+00
       0.0000E+00  0.0000E+00  0.0000E+00  0.0000E+00  0.0000E+00  0.0000E+00  0.0000E+00  0.0000E+00  0.0000E+00  0.0000E+00
       0.0000E+00  0.0000E+00  0.0000E+00  0.0000E+00  0.0000E+00  0.0000E+00  0.0000E+00  0.0000E+00  0.0000E+00  0.0000E+00
       0.0000E+00  0.0000E+00  0.0000E+00  0.0000E+00  0.0000E+00  0.0000E+00  0.0000E+00  0.0000E+00  0.0000E+00  0.0000E+00
       0.0000E+00  0.0000E+00  0.0000E+00  0.0000E+00  0.0000E+00  0.0000E+00  0.0000E+00  0.0000E+00  0.0000E+00  0.0000E+00
       0.0000E+00  0.0000E+00  0.0000E+00  0.0000E+00  0.0000E+00  0.0000E+00  0.0000E+00  0.0000E+00  0.0000E+00  0.0000E+00
       0.0000E+00  0.0000E+00  0.0000E+00  0.0000E+00  0.0000E+00  0.0000E+00  0.0000E+00  0.0000E+00  0.0000E+00  0.0000E+00
       0.0000E+00  0.0000E+00  0.0000E+00  0.0000E+00  0.0000E+00  0.0000E+00  0.0000E+00  0.0000E+00  0.0000E+00  0.0000E+00
       0.0000E+00  0.0000E+00  0.0000E+00  0.0000E+00  0.0000E+00  0.0000E+00  0.0000E+00  0.0000E+00  0.0000E+00  0.0000E+00
       0.0000E+00  0.0000E+00  0.0000E+00  0.0000E+00  0.0000E+00  0.0000E+00  0.0000E+00  0.0000E+00  0.0000E+00  0.0000E+00
       0.0000E+00  0.0000E+00  0.0000E+00  0.0000E+00  0.0000E+00  0.0000E+00  0.0000E+00  0.0000E+00  0.0000E+00  0.0000E+00
       0.0000E+00  0.0000E+00  0.0000E+00  0.0000E+00  0.0000E+00  0.0000E+00  0.0000E+00  0.0000E+00  0.0000E+00  0.0000E+00
       0.0000E+00  0.0000E+00  0.0000E+00  0.0000E+00  0.0000E+00  0.0000E+00  0.0000E+00  0.0000E+00  0.0000E+00  0.0000E+00
       0.0000E+00  0.0000E+00  0.0000E+00  0.0000E+00  0.0000E+00  0.0000E+00  0.0000E+00  0.0000E+00  0.0000E+00  0.0000E+00
       0.0000E+00  0.0000E+00  0.0000E+00  0.0000E+00  0.0000E+00  0.0000E+00  0.0000E+00  0.0000E+00  0.0000E+00  0.0000E+00
       0.0000E+00  0.0000E+00  0.0000E+00  0.0000E+00  0.0000E+00  0.0000E+00  0.0000E+00  0.0000E+00  0.0000E+00  0.0000E+00
       0.0000E+00  0.0000E+00  0.0000E+00  0.0000E+00  0.0000E+00  0.0000E+00  0.0000E+00  0.0000E+00  0.0000E+00  0.0000E+00
       0.0000E+00  0.0000E+00  0.0000E+00  0.0000E+00  0.0000E+00  0.0000E+00  0.0000E+00  0.0000E+00  0.0000E+00  0.0000E+00
       0.0000E+00  0.0000E+00  0.0000E+00  0.0000E+00  0.0000E+00  0.0000E+00  0.0000E+00  0.0000E+00  0.0000E+00  0.0000E+00
       0.0000E+00  0.0000E+00  0.0000E+00  0.0000E+00  0.0000E+00  0.0000E+00  0.0000E+00  0.0000E+00  0.0000E+00  0.0000E+00
       0.0000E+00  0.0000E+00  0.0000E+00  0.0000E+00  0.0000E+00  0.0000E+00  0.0000E+00  0.0000E+00  0.0000E+00  0.0000E+00
       0.0000E+00  0.0000E+00  0.0000E+00  0.0000E+00  0.0000E+00  0.0000E+00  0.0000E+00  0.0000E+00  0.0000E+00  0.0000E+00
       0.0000E+00  0.0000E+00  0.0000E+00  0.0000E+00  0.0000E+00  0.0000E+00  0.0000E+00  0.0000E+00  0.0000E+00  0.0000E+00
       0.0000E+00  0.0000E+00  0.0000E+00  0.0000E+00  0.0000E+00  0.0000E+00  0.0000E+00  0.0000E+00  0.0000E+00  0.0000E+00
       0.0000E+00  0.0000E+00  0.0000E+00  0.0000E+00  0.0000E+00  0.0000E+00  0.0000E+00  0.0000E+00  0.0000E+00  0.0000E+00
       0.0000E+00  0.0000E+00  0.0000E+00  0.0000E+00  0.0000E+00  0.0000E+00  0.0000E+00  0.0000E+00  0.0000E+00  0.0000E+00
       0.0000E+00  0.0000E+00  0.0000E+00  0.0000E+00  0.0000E+00  0.0000E+00  0.0000E+00  0.0000E+00  0.0000E+00  0.0000E+00
