
 *****  Protons in Lexan (0.10GeV, 2.0cm)                                                 *****

           DATE: 12/ 1/18,  TIME:  3:50: 6

          Total number of particles followed       10000000, for a total weight of  1.0000E+07

1

   Bdrx n.   2  "ofluence  " , generalized particle n.    1, from region n.     5 to region n.     4
      detector area:  1.0000E+02 cm**2
      this is a one way only estimator
      this is a fluence like estimator
      linear energy binning from   0.0000E+00 to  1.5000E-01 GeV,   650 bins ( 2.3077E-04 GeV wide)
      linear angular binning from  0.0000E+00 to  6.2832E+00 sr ,     1 bins ( 6.2832E+00 sr wide )
      Data follow in a matrix A(ie,ia), format (1(5x,1p,10(1x,e11.4)))

       2.7113E-05  4.6549E-05  4.3605E-05  5.3941E-05  6.0705E-05  8.0702E-05  8.6058E-05  1.1627E-04  1.0414E-04  1.2681E-04
       1.1865E-04  1.5185E-04  1.4018E-04  1.2956E-04  1.4442E-04  1.4592E-04  1.5661E-04  1.3295E-04  2.1695E-04  1.6579E-04
       1.6943E-04  2.4813E-04  2.3872E-04  1.9398E-04  1.8722E-04  2.1880E-04  1.7936E-04  2.2995E-04  2.1755E-04  2.4609E-04
       2.4525E-04  2.7805E-04  2.6405E-04  2.5013E-04  2.5303E-04  2.6582E-04  2.5053E-04  2.4539E-04  2.8742E-04  2.7074E-04
       2.6865E-04  2.7832E-04  2.8105E-04  2.9374E-04  2.9510E-04  2.9847E-04  2.8085E-04  3.3831E-04  3.3598E-04  3.3156E-04
       2.8556E-04  3.1276E-04  2.9320E-04  3.2445E-04  3.1657E-04  3.2656E-04  3.4582E-04  3.4380E-04  3.0674E-04  3.4150E-04
       3.5395E-04  3.5757E-04  3.6159E-04  3.8709E-04  3.5924E-04  3.7742E-04  3.6537E-04  3.4173E-04  3.4638E-04  3.9195E-04
       3.4798E-04  3.7485E-04  3.8159E-04  3.7770E-04  3.8088E-04  3.9475E-04  4.2533E-04  4.3088E-04  3.6238E-04  3.7545E-04
       3.6267E-04  3.9738E-04  3.9496E-04  3.9152E-04  3.9178E-04  4.0304E-04  4.0684E-04  4.3888E-04  4.1234E-04  4.2095E-04
       4.4058E-04  4.2412E-04  4.4930E-04  4.5981E-04  4.1818E-04  4.3488E-04  4.0117E-04  4.6394E-04  4.4594E-04  4.5384E-04
       4.6350E-04  4.0431E-04  4.8296E-04  4.7733E-04  4.3331E-04  4.4754E-04  4.4425E-04  4.6371E-04  4.4635E-04  4.4219E-04
       5.1603E-04  4.5099E-04  4.9933E-04  4.5079E-04  4.5161E-04  4.7879E-04  4.7688E-04  4.6304E-04  4.7124E-04  4.7851E-04
       4.8265E-04  4.7675E-04  4.9357E-04  5.2248E-04  5.0464E-04  5.1260E-04  5.0294E-04  4.8170E-04  5.0039E-04  4.4137E-04
       4.8207E-04  4.6930E-04  5.5716E-04  5.2500E-04  5.0988E-04  5.0668E-04  5.2316E-04  5.2569E-04  5.4937E-04  5.2928E-04
       4.9091E-04  5.4889E-04  5.0071E-04  5.5053E-04  4.8525E-04  5.3610E-04  5.1615E-04  4.9640E-04  5.4119E-04  5.4473E-04
       4.8446E-04  4.9812E-04  5.5679E-04  5.4300E-04  5.1605E-04  5.2809E-04  4.9911E-04  5.4093E-04  5.4799E-04  5.4191E-04
       5.3825E-04  5.4997E-04  5.4852E-04  5.5940E-04  5.0258E-04  5.1897E-04  5.5514E-04  4.9505E-04  5.3602E-04  5.8701E-04
       5.0368E-04  5.4933E-04  5.5760E-04  5.7334E-04  5.5051E-04  5.4817E-04  5.5833E-04  5.2496E-04  5.3329E-04  5.7439E-04
       5.7432E-04  5.7055E-04  5.3550E-04  5.3825E-04  5.4693E-04  5.6290E-04  5.3343E-04  5.1722E-04  5.5694E-04  5.4249E-04
       5.0518E-04  5.6262E-04  5.6840E-04  5.5718E-04  5.6333E-04  5.7115E-04  5.5280E-04  5.1724E-04  5.3547E-04  5.9242E-04
       4.9543E-04  5.4546E-04  5.1634E-04  5.7754E-04  5.7142E-04  5.5186E-04  5.1493E-04  5.7506E-04  5.3769E-04  5.2350E-04
       5.7012E-04  5.3201E-04  5.3454E-04  5.2865E-04  5.5484E-04  5.3866E-04  5.5149E-04  5.0906E-04  5.2554E-04  5.6015E-04
       4.8455E-04  5.2595E-04  5.2132E-04  5.1845E-04  5.1570E-04  5.3328E-04  5.3067E-04  5.4166E-04  5.1717E-04  5.4867E-04
       5.2797E-04  5.0973E-04  5.1799E-04  5.3164E-04  5.1968E-04  4.9140E-04  5.1379E-04  5.1038E-04  5.1385E-04  5.1491E-04
       4.9670E-04  4.9393E-04  4.9950E-04  5.0712E-04  5.1140E-04  5.0473E-04  4.8368E-04  4.8573E-04  5.1272E-04  4.7365E-04
       5.2424E-04  4.4958E-04  4.7192E-04  4.8013E-04  5.1354E-04  4.4890E-04  4.7831E-04  5.1369E-04  4.9852E-04  5.0017E-04
       4.9264E-04  4.4356E-04  4.8696E-04  5.1761E-04  4.7114E-04  4.5308E-04  4.3939E-04  4.7718E-04  4.9901E-04  4.6582E-04
       4.6288E-04  4.4824E-04  4.9516E-04  4.5823E-04  4.3329E-04  4.3288E-04  4.3388E-04  4.3051E-04  4.5840E-04  4.4881E-04
       4.2559E-04  4.1423E-04  4.1345E-04  4.4267E-04  3.7939E-04  4.1430E-04  3.8838E-04  3.7423E-04  3.9673E-04  4.0063E-04
       4.1115E-04  3.8603E-04  3.8193E-04  3.5279E-04  3.7939E-04  3.5134E-04  3.4619E-04  3.6041E-04  3.1607E-04  3.7513E-04
       3.1060E-04  3.1944E-04  2.9761E-04  3.0759E-04  2.8639E-04  2.7095E-04  2.3747E-04  2.6858E-04  2.2622E-04  2.3186E-04
       2.1562E-04  2.2100E-04  2.1448E-04  2.2386E-04  2.1400E-04  2.1194E-04  2.0570E-04  2.1421E-04  2.2967E-04  2.4904E-04
       2.5208E-04  2.8771E-04  2.3864E-04  2.7764E-04  3.1669E-04  3.1812E-04  3.4824E-04  3.6718E-04  4.3038E-04  4.6449E-04
       4.4361E-04  4.8953E-04  5.2803E-04  5.6413E-04  5.3694E-04  6.0016E-04  6.3089E-04  6.6881E-04  7.7363E-04  9.0111E-04
       1.0486E-03  1.3968E-03  1.7675E-03  2.4816E-03  3.9179E-03  6.7724E-03  1.3189E-02  2.6632E-02  5.3054E-02  1.0239E-01
       1.8404E-01  3.0530E-01  4.6127E-01  6.3284E-01  7.8522E-01  8.7547E-01  8.7488E-01  7.7919E-01  6.1573E-01  4.3247E-01
       2.6820E-01  1.4490E-01  6.9480E-02  2.8847E-02  1.0279E-02  3.2144E-03  8.6515E-04  2.1387E-04  4.2773E-05  6.8986E-06
       0.0000E+00  0.0000E+00  0.0000E+00  0.0000E+00  0.0000E+00  0.0000E+00  0.0000E+00  0.0000E+00  0.0000E+00  0.0000E+00
       0.0000E+00  0.0000E+00  0.0000E+00  0.0000E+00  0.0000E+00  0.0000E+00  0.0000E+00  0.0000E+00  0.0000E+00  0.0000E+00
       0.0000E+00  0.0000E+00  0.0000E+00  0.0000E+00  0.0000E+00  0.0000E+00  0.0000E+00  0.0000E+00  0.0000E+00  0.0000E+00
       0.0000E+00  0.0000E+00  0.0000E+00  0.0000E+00  0.0000E+00  0.0000E+00  0.0000E+00  0.0000E+00  0.0000E+00  0.0000E+00
       0.0000E+00  0.0000E+00  0.0000E+00  0.0000E+00  0.0000E+00  0.0000E+00  0.0000E+00  0.0000E+00  0.0000E+00  0.0000E+00
       0.0000E+00  0.0000E+00  0.0000E+00  0.0000E+00  0.0000E+00  0.0000E+00  0.0000E+00  0.0000E+00  0.0000E+00  0.0000E+00
       0.0000E+00  0.0000E+00  0.0000E+00  0.0000E+00  0.0000E+00  0.0000E+00  0.0000E+00  0.0000E+00  0.0000E+00  0.0000E+00
       0.0000E+00  0.0000E+00  0.0000E+00  0.0000E+00  0.0000E+00  0.0000E+00  0.0000E+00  0.0000E+00  0.0000E+00  0.0000E+00
       0.0000E+00  0.0000E+00  0.0000E+00  0.0000E+00  0.0000E+00  0.0000E+00  0.0000E+00  0.0000E+00  0.0000E+00  0.0000E+00
       0.0000E+00  0.0000E+00  0.0000E+00  0.0000E+00  0.0000E+00  0.0000E+00  0.0000E+00  0.0000E+00  0.0000E+00  0.0000E+00
       0.0000E+00  0.0000E+00  0.0000E+00  0.0000E+00  0.0000E+00  0.0000E+00  0.0000E+00  0.0000E+00  0.0000E+00  0.0000E+00
       0.0000E+00  0.0000E+00  0.0000E+00  0.0000E+00  0.0000E+00  0.0000E+00  0.0000E+00  0.0000E+00  0.0000E+00  0.0000E+00
       0.0000E+00  0.0000E+00  0.0000E+00  0.0000E+00  0.0000E+00  0.0000E+00  0.0000E+00  0.0000E+00  0.0000E+00  0.0000E+00
       0.0000E+00  0.0000E+00  0.0000E+00  0.0000E+00  0.0000E+00  0.0000E+00  0.0000E+00  0.0000E+00  0.0000E+00  0.0000E+00
       0.0000E+00  0.0000E+00  0.0000E+00  0.0000E+00  0.0000E+00  0.0000E+00  0.0000E+00  0.0000E+00  0.0000E+00  0.0000E+00
       0.0000E+00  0.0000E+00  0.0000E+00  0.0000E+00  0.0000E+00  0.0000E+00  0.0000E+00  0.0000E+00  0.0000E+00  0.0000E+00
       0.0000E+00  0.0000E+00  0.0000E+00  0.0000E+00  0.0000E+00  0.0000E+00  0.0000E+00  0.0000E+00  0.0000E+00  0.0000E+00
       0.0000E+00  0.0000E+00  0.0000E+00  0.0000E+00  0.0000E+00  0.0000E+00  0.0000E+00  0.0000E+00  0.0000E+00  0.0000E+00
       0.0000E+00  0.0000E+00  0.0000E+00  0.0000E+00  0.0000E+00  0.0000E+00  0.0000E+00  0.0000E+00  0.0000E+00  0.0000E+00
       0.0000E+00  0.0000E+00  0.0000E+00  0.0000E+00  0.0000E+00  0.0000E+00  0.0000E+00  0.0000E+00  0.0000E+00  0.0000E+00
       0.0000E+00  0.0000E+00  0.0000E+00  0.0000E+00  0.0000E+00  0.0000E+00  0.0000E+00  0.0000E+00  0.0000E+00  0.0000E+00
       0.0000E+00  0.0000E+00  0.0000E+00  0.0000E+00  0.0000E+00  0.0000E+00  0.0000E+00  0.0000E+00  0.0000E+00  0.0000E+00
       0.0000E+00  0.0000E+00  0.0000E+00  0.0000E+00  0.0000E+00  0.0000E+00  0.0000E+00  0.0000E+00  0.0000E+00  0.0000E+00
       0.0000E+00  0.0000E+00  0.0000E+00  0.0000E+00  0.0000E+00  0.0000E+00  0.0000E+00  0.0000E+00  0.0000E+00  0.0000E+00
       0.0000E+00  0.0000E+00  0.0000E+00  0.0000E+00  0.0000E+00  0.0000E+00  0.0000E+00  0.0000E+00  0.0000E+00  0.0000E+00
       0.0000E+00  0.0000E+00  0.0000E+00  0.0000E+00  0.0000E+00  0.0000E+00  0.0000E+00  0.0000E+00  0.0000E+00  0.0000E+00
       0.0000E+00  0.0000E+00  0.0000E+00  0.0000E+00  0.0000E+00  0.0000E+00  0.0000E+00  0.0000E+00  0.0000E+00  0.0000E+00
       0.0000E+00  0.0000E+00  0.0000E+00  0.0000E+00  0.0000E+00  0.0000E+00  0.0000E+00  0.0000E+00  0.0000E+00  0.0000E+00
1

   Bdrx n.   6  "ofluence  " , generalized particle n.    1, from region n.     5 to region n.     4
      detector area:  1.0000E+02 cm**2
      this is a one way only estimator
      this is a fluence like estimator
      linear energy binning from   0.0000E+00 to  3.0000E+02 GeV,     1 bins ( 3.0000E+02 GeV wide)
      linear angular binning from  0.0000E+00 to  6.2832E+00 sr ,     1 bins ( 6.2832E+00 sr wide )
      Data follow in a matrix A(ie,ia), format (1(5x,1p,10(1x,e11.4)))

       5.2525E-06
