
 *****  Protons in Lexan (0.09GeV, 0cm)                                                   *****

           DATE: 12/19/18,  TIME:  5:47:22

          Total number of particles followed       50000000, for a total weight of  5.0000E+07

1

   Res. nuclei n.   1  "Ian       " ,  all         products, region n.     5
      detector volume:  1.0000E+00 cm**3
      Max. Z:  10, Max. N-Z:  11 Min. N-Z: -4
      Data follow in a matrix A(z,n-z-k), k: -5 format (1(5x,1p,10(1x,e11.4)))

       0.0000E+00  0.0000E+00  0.0000E+00  0.0000E+00  0.0000E+00  0.0000E+00  0.0000E+00  0.0000E+00  0.0000E+00  0.0000E+00
       0.0000E+00  0.0000E+00  0.0000E+00  0.0000E+00  0.0000E+00  5.3800E-06  0.0000E+00  2.0000E-07  0.0000E+00  0.0000E+00
       0.0000E+00  0.0000E+00  0.0000E+00  0.0000E+00  6.1880E-05  7.2780E-05  1.7080E-05  1.0380E-05  0.0000E+00  0.0000E+00
       1.2272E-02  1.6351E-03  0.0000E+00  9.0400E-04  0.0000E+00  2.3218E-03  2.5180E-05  5.1920E-04  2.0000E-08  0.0000E+00
       2.8386E-03  1.6419E-02  1.2392E-03  0.0000E+00  7.1854E-04  7.9183E-03  2.9482E-04  8.9521E-04  1.2000E-07  1.6000E-07
       7.1744E-04  0.0000E+00  5.9380E-04  1.4937E-04  1.3969E-03  1.9850E-04  3.5600E-04  6.4352E-07  0.0000E+00  0.0000E+00
       0.0000E+00  2.1520E-05  3.7800E-05  7.0120E-05  1.0006E-05  3.1660E-05  3.6929E-07  1.3200E-06  0.0000E+00  0.0000E+00
       0.0000E+00  0.0000E+00  4.0000E-07  6.0000E-08  4.2000E-07  2.0000E-08  2.2000E-07  0.0000E+00  0.0000E+00  0.0000E+00
       0.0000E+00  0.0000E+00  0.0000E+00  0.0000E+00  0.0000E+00  0.0000E+00  0.0000E+00  0.0000E+00  0.0000E+00  0.0000E+00
       0.0000E+00  0.0000E+00  0.0000E+00  0.0000E+00  0.0000E+00  0.0000E+00  0.0000E+00  0.0000E+00  0.0000E+00  0.0000E+00
       0.0000E+00  0.0000E+00  0.0000E+00  0.0000E+00  0.0000E+00  0.0000E+00  0.0000E+00  0.0000E+00  0.0000E+00  0.0000E+00
       0.0000E+00  0.0000E+00  0.0000E+00  0.0000E+00  0.0000E+00  0.0000E+00  0.0000E+00  0.0000E+00  0.0000E+00  0.0000E+00
       0.0000E+00  0.0000E+00  0.0000E+00  0.0000E+00  0.0000E+00  0.0000E+00  0.0000E+00  0.0000E+00  0.0000E+00  0.0000E+00
       0.0000E+00  0.0000E+00  0.0000E+00  0.0000E+00  0.0000E+00  0.0000E+00  0.0000E+00  0.0000E+00  0.0000E+00  0.0000E+00
       0.0000E+00  0.0000E+00  0.0000E+00  0.0000E+00  0.0000E+00  0.0000E+00  0.0000E+00  0.0000E+00  0.0000E+00  0.0000E+00
       0.0000E+00  0.0000E+00  0.0000E+00  0.0000E+00  0.0000E+00  0.0000E+00  0.0000E+00  0.0000E+00  0.0000E+00  0.0000E+00
