
 *****  Protons in Lexan (0.09GeV, 0cm)                                                   *****

           DATE: 12/19/18,  TIME:  5:47:22

          Total number of particles followed       50000000, for a total weight of  5.0000E+07

1

   Bdrx n.   4  "ocurrent  " , generalized particle n.    1, from region n.     5 to region n.     4
      detector area:  1.0000E+02 cm**2
      this is a one way only estimator
      this is a current like estimator
      linear energy binning from   1.0000E-02 to  1.4000E-01 GeV,   650 bins ( 2.0000E-04 GeV wide)
      linear angular binning from  0.0000E+00 to  6.2832E+00 sr ,     1 bins ( 6.2832E+00 sr wide )
      Data follow in a matrix A(ie,ia), format (1(5x,1p,10(1x,e11.4)))

       1.2669E-04  1.3512E-04  1.3210E-04  1.3035E-04  1.4531E-04  1.5231E-04  1.4133E-04  1.4451E-04  1.4563E-04  1.3655E-04
       1.5088E-04  1.4674E-04  1.4785E-04  1.4642E-04  1.4833E-04  1.5167E-04  1.5199E-04  1.4419E-04  1.5549E-04  1.5677E-04
       1.5963E-04  1.5995E-04  1.5820E-04  1.6520E-04  1.6266E-04  1.5852E-04  1.5454E-04  1.6218E-04  1.6679E-04  1.6520E-04
       1.7348E-04  1.6934E-04  1.6743E-04  1.7109E-04  1.7396E-04  1.7794E-04  1.7077E-04  1.7475E-04  1.7205E-04  1.8255E-04
       1.6934E-04  1.7809E-04  1.8287E-04  1.7666E-04  1.8621E-04  1.7714E-04  1.8653E-04  1.8685E-04  1.8080E-04  1.8637E-04
       1.9258E-04  1.8494E-04  2.0117E-04  1.7794E-04  1.7953E-04  1.9337E-04  1.7634E-04  1.9353E-04  1.9258E-04  1.9019E-04
       1.9321E-04  1.9194E-04  1.7921E-04  2.0324E-04  1.9512E-04  1.9751E-04  1.9608E-04  2.0308E-04  2.0849E-04  2.1136E-04
       2.0738E-04  2.0340E-04  2.0229E-04  2.0245E-04  2.1199E-04  2.0515E-04  2.0133E-04  2.1024E-04  2.1279E-04  2.1359E-04
       2.0658E-04  2.1056E-04  2.1040E-04  2.1502E-04  2.1820E-04  2.2027E-04  2.1390E-04  2.1979E-04  2.1581E-04  2.1486E-04
       2.1756E-04  2.2314E-04  2.1979E-04  2.2298E-04  2.2043E-04  2.2584E-04  2.1311E-04  2.2473E-04  2.1963E-04  2.2218E-04
       2.3205E-04  2.1852E-04  2.2457E-04  2.2807E-04  2.4717E-04  2.2536E-04  2.3921E-04  2.3428E-04  2.2568E-04  2.4287E-04
       2.3666E-04  2.3030E-04  2.4064E-04  2.4526E-04  2.4096E-04  2.3873E-04  2.3650E-04  2.3905E-04  2.4653E-04  2.3109E-04
       2.4892E-04  2.5735E-04  2.5497E-04  2.4526E-04  2.5115E-04  2.4637E-04  2.4128E-04  2.4414E-04  2.5513E-04  2.5767E-04
       2.5608E-04  2.4796E-04  2.4780E-04  2.4160E-04  2.4414E-04  2.5322E-04  2.6372E-04  2.6054E-04  2.5815E-04  2.4335E-04
       2.5401E-04  2.6611E-04  2.6643E-04  2.6070E-04  2.7168E-04  2.5863E-04  2.7025E-04  2.6515E-04  2.6165E-04  2.6690E-04
       2.6404E-04  2.7550E-04  2.5751E-04  2.7009E-04  2.6627E-04  2.6181E-04  2.5926E-04  2.8282E-04  2.7104E-04  2.6388E-04
       2.6499E-04  2.7884E-04  2.7391E-04  2.6452E-04  2.7215E-04  2.7836E-04  2.7247E-04  2.7295E-04  2.8186E-04  2.6706E-04
       2.6674E-04  2.7438E-04  2.7868E-04  2.7263E-04  2.6897E-04  2.6483E-04  2.8377E-04  2.7773E-04  2.8139E-04  2.8839E-04
       2.7375E-04  2.7932E-04  2.7629E-04  2.8345E-04  2.7215E-04  2.8330E-04  2.6977E-04  2.7661E-04  2.7582E-04  2.7454E-04
       2.8345E-04  2.8075E-04  2.8775E-04  2.8521E-04  2.7613E-04  2.7518E-04  2.6308E-04  2.6722E-04  2.5815E-04  2.6452E-04
       2.8234E-04  2.6786E-04  2.8807E-04  2.7470E-04  2.7311E-04  2.7375E-04  2.8155E-04  2.6770E-04  2.7391E-04  2.6276E-04
       2.8377E-04  2.6436E-04  2.6658E-04  2.6181E-04  2.6738E-04  2.6881E-04  2.7009E-04  2.7152E-04  2.6054E-04  2.6006E-04
       2.6149E-04  2.6977E-04  2.7152E-04  2.7359E-04  2.6420E-04  2.5942E-04  2.7263E-04  2.6149E-04  2.5847E-04  2.5544E-04
       2.7040E-04  2.6308E-04  2.5067E-04  2.5544E-04  2.5417E-04  2.6101E-04  2.4605E-04  2.6038E-04  2.4860E-04  2.4812E-04
       2.5258E-04  2.5353E-04  2.5958E-04  2.5306E-04  2.5353E-04  2.6420E-04  2.4605E-04  2.4621E-04  2.5799E-04  2.4494E-04
       2.5592E-04  2.5465E-04  2.4828E-04  2.5401E-04  2.4016E-04  2.4064E-04  2.4987E-04  2.4669E-04  2.4398E-04  2.3762E-04
       2.4160E-04  2.3841E-04  2.4160E-04  2.4733E-04  2.3332E-04  2.3332E-04  2.3364E-04  2.4160E-04  2.3062E-04  2.2918E-04
       2.3523E-04  2.2170E-04  2.2345E-04  2.2648E-04  2.2409E-04  2.1534E-04  2.1820E-04  2.2138E-04  2.2011E-04  2.1184E-04
       2.0913E-04  2.1168E-04  2.0738E-04  2.0770E-04  2.0595E-04  1.8303E-04  1.9687E-04  1.8446E-04  1.8144E-04  1.7427E-04
       1.7762E-04  1.7316E-04  1.6807E-04  1.5549E-04  1.5756E-04  1.5406E-04  1.4244E-04  1.3210E-04  1.2016E-04  1.1077E-04
       1.0695E-04  1.0568E-04  9.9631E-05  1.0313E-04  9.7562E-05  9.7403E-05  9.2310E-05  9.5175E-05  9.9154E-05  9.9154E-05
       1.0998E-04  1.0616E-04  1.1014E-04  1.1220E-04  1.1427E-04  1.2064E-04  1.3226E-04  1.2987E-04  1.4404E-04  1.4801E-04
       1.6393E-04  1.7189E-04  2.0165E-04  2.0451E-04  2.2950E-04  2.4717E-04  2.6388E-04  2.8027E-04  2.8712E-04  2.7900E-04
       2.6483E-04  2.3873E-04  2.3300E-04  2.4892E-04  2.6133E-04  3.0303E-04  3.6781E-04  4.4723E-04  5.6691E-04  7.2527E-04
       9.8819E-04  1.4298E-03  2.3662E-03  4.7046E-03  1.0736E-02  2.5587E-02  6.0634E-02  1.3252E-01  2.6222E-01  4.6139E-01
       7.1713E-01  9.7451E-01  1.1540E+00  1.1835E+00  1.0450E+00  7.9201E-01  5.1216E-01  2.8082E-01  1.3039E-01  5.0825E-02
       1.6626E-02  4.5451E-03  1.0493E-03  1.9719E-04  3.4377E-05  5.0930E-06  1.5915E-07  0.0000E+00  0.0000E+00  0.0000E+00
       0.0000E+00  0.0000E+00  0.0000E+00  0.0000E+00  0.0000E+00  0.0000E+00  0.0000E+00  0.0000E+00  0.0000E+00  0.0000E+00
       0.0000E+00  0.0000E+00  0.0000E+00  0.0000E+00  0.0000E+00  0.0000E+00  0.0000E+00  0.0000E+00  0.0000E+00  0.0000E+00
       0.0000E+00  0.0000E+00  0.0000E+00  0.0000E+00  0.0000E+00  0.0000E+00  0.0000E+00  0.0000E+00  0.0000E+00  0.0000E+00
       0.0000E+00  0.0000E+00  0.0000E+00  0.0000E+00  0.0000E+00  0.0000E+00  0.0000E+00  0.0000E+00  0.0000E+00  0.0000E+00
       0.0000E+00  0.0000E+00  0.0000E+00  0.0000E+00  0.0000E+00  0.0000E+00  0.0000E+00  0.0000E+00  0.0000E+00  0.0000E+00
       0.0000E+00  0.0000E+00  0.0000E+00  0.0000E+00  0.0000E+00  0.0000E+00  0.0000E+00  0.0000E+00  0.0000E+00  0.0000E+00
       0.0000E+00  0.0000E+00  0.0000E+00  0.0000E+00  0.0000E+00  0.0000E+00  0.0000E+00  0.0000E+00  0.0000E+00  0.0000E+00
       0.0000E+00  0.0000E+00  0.0000E+00  0.0000E+00  0.0000E+00  0.0000E+00  0.0000E+00  0.0000E+00  0.0000E+00  0.0000E+00
       0.0000E+00  0.0000E+00  0.0000E+00  0.0000E+00  0.0000E+00  0.0000E+00  0.0000E+00  0.0000E+00  0.0000E+00  0.0000E+00
       0.0000E+00  0.0000E+00  0.0000E+00  0.0000E+00  0.0000E+00  0.0000E+00  0.0000E+00  0.0000E+00  0.0000E+00  0.0000E+00
       0.0000E+00  0.0000E+00  0.0000E+00  0.0000E+00  0.0000E+00  0.0000E+00  0.0000E+00  0.0000E+00  0.0000E+00  0.0000E+00
       0.0000E+00  0.0000E+00  0.0000E+00  0.0000E+00  0.0000E+00  0.0000E+00  0.0000E+00  0.0000E+00  0.0000E+00  0.0000E+00
       0.0000E+00  0.0000E+00  0.0000E+00  0.0000E+00  0.0000E+00  0.0000E+00  0.0000E+00  0.0000E+00  0.0000E+00  0.0000E+00
       0.0000E+00  0.0000E+00  0.0000E+00  0.0000E+00  0.0000E+00  0.0000E+00  0.0000E+00  0.0000E+00  0.0000E+00  0.0000E+00
       0.0000E+00  0.0000E+00  0.0000E+00  0.0000E+00  0.0000E+00  0.0000E+00  0.0000E+00  0.0000E+00  0.0000E+00  0.0000E+00
       0.0000E+00  0.0000E+00  0.0000E+00  0.0000E+00  0.0000E+00  0.0000E+00  0.0000E+00  0.0000E+00  0.0000E+00  0.0000E+00
       0.0000E+00  0.0000E+00  0.0000E+00  0.0000E+00  0.0000E+00  0.0000E+00  0.0000E+00  0.0000E+00  0.0000E+00  0.0000E+00
       0.0000E+00  0.0000E+00  0.0000E+00  0.0000E+00  0.0000E+00  0.0000E+00  0.0000E+00  0.0000E+00  0.0000E+00  0.0000E+00
       0.0000E+00  0.0000E+00  0.0000E+00  0.0000E+00  0.0000E+00  0.0000E+00  0.0000E+00  0.0000E+00  0.0000E+00  0.0000E+00
       0.0000E+00  0.0000E+00  0.0000E+00  0.0000E+00  0.0000E+00  0.0000E+00  0.0000E+00  0.0000E+00  0.0000E+00  0.0000E+00
       0.0000E+00  0.0000E+00  0.0000E+00  0.0000E+00  0.0000E+00  0.0000E+00  0.0000E+00  0.0000E+00  0.0000E+00  0.0000E+00
       0.0000E+00  0.0000E+00  0.0000E+00  0.0000E+00  0.0000E+00  0.0000E+00  0.0000E+00  0.0000E+00  0.0000E+00  0.0000E+00
       0.0000E+00  0.0000E+00  0.0000E+00  0.0000E+00  0.0000E+00  0.0000E+00  0.0000E+00  0.0000E+00  0.0000E+00  0.0000E+00
       0.0000E+00  0.0000E+00  0.0000E+00  0.0000E+00  0.0000E+00  0.0000E+00  0.0000E+00  0.0000E+00  0.0000E+00  0.0000E+00
       0.0000E+00  0.0000E+00  0.0000E+00  0.0000E+00  0.0000E+00  0.0000E+00  0.0000E+00  0.0000E+00  0.0000E+00  0.0000E+00
       0.0000E+00  0.0000E+00  0.0000E+00  0.0000E+00  0.0000E+00  0.0000E+00  0.0000E+00  0.0000E+00  0.0000E+00  0.0000E+00
       0.0000E+00  0.0000E+00  0.0000E+00  0.0000E+00  0.0000E+00  0.0000E+00  0.0000E+00  0.0000E+00  0.0000E+00  0.0000E+00
       0.0000E+00  0.0000E+00  0.0000E+00  0.0000E+00  0.0000E+00  0.0000E+00  0.0000E+00  0.0000E+00  0.0000E+00  0.0000E+00
