
 *****  Protons in Lexan (0.09GeV, 0cm)                                                   *****

           DATE: 12/19/18,  TIME:  5:47:22

          Total number of particles followed       50000000, for a total weight of  5.0000E+07

1

   Bdrx n.   2  "ofluence  " , generalized particle n.    1, from region n.     5 to region n.     4
      detector area:  1.0000E+02 cm**2
      this is a one way only estimator
      this is a fluence like estimator
      linear energy binning from   1.0000E-02 to  1.4000E-01 GeV,   650 bins ( 2.0000E-04 GeV wide)
      linear angular binning from  0.0000E+00 to  6.2832E+00 sr ,     1 bins ( 6.2832E+00 sr wide )
      Data follow in a matrix A(ie,ia), format (1(5x,1p,10(1x,e11.4)))

       2.2161E-04  2.2464E-04  2.1349E-04  2.1377E-04  2.3715E-04  2.5322E-04  2.3278E-04  2.3363E-04  2.3983E-04  2.1960E-04
       2.5562E-04  2.3986E-04  2.3727E-04  2.3302E-04  2.5533E-04  2.5672E-04  2.5753E-04  2.3036E-04  2.6294E-04  2.5492E-04
       2.5816E-04  2.6535E-04  2.5638E-04  2.6692E-04  2.5681E-04  2.5290E-04  2.4003E-04  2.6722E-04  2.7304E-04  2.6710E-04
       2.8235E-04  2.6370E-04  2.6657E-04  2.6889E-04  2.8190E-04  2.7900E-04  2.7231E-04  2.7097E-04  2.7767E-04  2.9846E-04
       2.6316E-04  2.8913E-04  2.8546E-04  2.7892E-04  2.9353E-04  2.7214E-04  2.9678E-04  2.8722E-04  2.8828E-04  2.8388E-04
       3.0261E-04  2.8982E-04  3.1523E-04  2.6864E-04  2.7841E-04  2.9370E-04  2.7985E-04  2.9128E-04  3.0167E-04  2.8849E-04
       3.0647E-04  2.9620E-04  2.8059E-04  3.0775E-04  3.1717E-04  2.9637E-04  2.9980E-04  3.4125E-04  3.1784E-04  3.4201E-04
       3.2387E-04  3.0523E-04  2.9522E-04  3.0427E-04  3.2302E-04  3.0421E-04  2.9764E-04  3.1779E-04  3.1557E-04  3.1470E-04
       2.9953E-04  3.1276E-04  3.1443E-04  3.3240E-04  3.2751E-04  3.2700E-04  3.0654E-04  3.3042E-04  3.2360E-04  3.1949E-04
       3.0939E-04  3.1800E-04  3.1541E-04  3.2716E-04  3.2439E-04  3.2360E-04  3.1154E-04  3.2116E-04  3.1807E-04  3.1853E-04
       3.4224E-04  3.1230E-04  3.2360E-04  3.3462E-04  3.6314E-04  3.1476E-04  3.3728E-04  3.2797E-04  3.1267E-04  3.4212E-04
       3.3644E-04  3.1870E-04  3.4154E-04  3.4434E-04  3.3153E-04  3.6287E-04  3.3612E-04  3.2818E-04  3.5439E-04  3.2776E-04
       3.4440E-04  3.5962E-04  3.4230E-04  3.3829E-04  3.4193E-04  3.4119E-04  3.4000E-04  3.3522E-04  3.5016E-04  3.5200E-04
       3.4191E-04  3.3249E-04  3.3817E-04  3.2395E-04  3.3534E-04  3.4212E-04  3.6493E-04  3.4486E-04  3.4159E-04  3.2314E-04
       3.4089E-04  3.5889E-04  3.5640E-04  3.5104E-04  3.7067E-04  3.3999E-04  3.6016E-04  3.4519E-04  3.4352E-04  3.5395E-04
       3.4713E-04  3.6989E-04  3.4142E-04  3.5385E-04  3.4561E-04  3.3814E-04  3.3920E-04  3.6645E-04  3.4917E-04  3.4650E-04
       3.3892E-04  3.5808E-04  3.4938E-04  3.4283E-04  3.4788E-04  3.5990E-04  3.4939E-04  3.6077E-04  3.6565E-04  3.4259E-04
       3.4095E-04  3.5283E-04  3.5555E-04  3.4888E-04  3.3778E-04  3.3598E-04  3.5440E-04  3.5564E-04  3.5906E-04  3.6668E-04
       3.4926E-04  3.5347E-04  3.5098E-04  3.5949E-04  3.4415E-04  3.5496E-04  3.3881E-04  3.4818E-04  3.4754E-04  3.4086E-04
       3.5651E-04  3.5118E-04  3.5764E-04  3.5283E-04  3.4444E-04  3.4310E-04  3.2956E-04  3.2718E-04  3.2467E-04  3.3013E-04
       3.4903E-04  3.3553E-04  3.5137E-04  3.4431E-04  3.3545E-04  3.3738E-04  3.4302E-04  3.2578E-04  3.3727E-04  3.2233E-04
       3.5233E-04  3.2193E-04  3.2614E-04  3.1684E-04  3.2314E-04  3.2758E-04  3.2937E-04  3.2989E-04  3.1738E-04  3.1696E-04
       3.1416E-04  3.2363E-04  3.2729E-04  3.3491E-04  3.1611E-04  3.0982E-04  3.2946E-04  3.1040E-04  3.0827E-04  3.0950E-04
       3.2067E-04  3.1930E-04  3.0111E-04  3.0447E-04  3.0280E-04  3.1155E-04  2.9574E-04  3.0875E-04  2.9354E-04  2.9422E-04
       2.9614E-04  3.0056E-04  3.0613E-04  3.0397E-04  3.0182E-04  3.1276E-04  2.8907E-04  2.9163E-04  3.0119E-04  2.9185E-04
       2.9654E-04  2.9803E-04  2.9191E-04  2.9555E-04  2.7892E-04  2.8733E-04  2.8900E-04  2.9003E-04  2.8914E-04  2.7397E-04
       2.8559E-04  2.7672E-04  2.7847E-04  2.8449E-04  2.6992E-04  2.7211E-04  2.7166E-04  2.7798E-04  2.7028E-04  2.6652E-04
       2.6825E-04  2.5448E-04  2.5798E-04  2.5722E-04  2.5577E-04  2.4689E-04  2.5234E-04  2.5453E-04  2.5556E-04  2.4383E-04
       2.4747E-04  2.4224E-04  2.3559E-04  2.4263E-04  2.3696E-04  2.1044E-04  2.2379E-04  2.1492E-04  2.0825E-04  2.0138E-04
       2.0832E-04  2.0156E-04  1.9392E-04  1.8257E-04  1.9198E-04  1.8037E-04  1.6903E-04  1.5966E-04  1.5003E-04  1.3468E-04
       1.3136E-04  1.3801E-04  1.2455E-04  1.3225E-04  1.2491E-04  1.2243E-04  1.1718E-04  1.2289E-04  1.2915E-04  1.2765E-04
       1.3973E-04  1.3736E-04  1.3889E-04  1.3900E-04  1.4428E-04  1.5138E-04  1.6300E-04  1.5910E-04  1.7500E-04  1.7979E-04
       1.9716E-04  2.0617E-04  2.3727E-04  2.3890E-04  2.6625E-04  2.8081E-04  3.0033E-04  3.1608E-04  3.2194E-04  3.1463E-04
       3.0105E-04  2.7520E-04  2.7248E-04  2.9427E-04  3.0736E-04  3.5568E-04  4.2851E-04  5.1434E-04  6.4505E-04  8.1565E-04
       1.0953E-03  1.5581E-03  2.5248E-03  4.8978E-03  1.0968E-02  2.5862E-02  6.0961E-02  1.3290E-01  2.6266E-01  4.6189E-01
       7.1766E-01  9.7505E-01  1.1545E+00  1.1839E+00  1.0453E+00  7.9225E-01  5.1230E-01  2.8089E-01  1.3042E-01  5.0837E-02
       1.6629E-02  4.5462E-03  1.0495E-03  1.9724E-04  3.4385E-05  5.0938E-06  1.5916E-07  0.0000E+00  0.0000E+00  0.0000E+00
       0.0000E+00  0.0000E+00  0.0000E+00  0.0000E+00  0.0000E+00  0.0000E+00  0.0000E+00  0.0000E+00  0.0000E+00  0.0000E+00
       0.0000E+00  0.0000E+00  0.0000E+00  0.0000E+00  0.0000E+00  0.0000E+00  0.0000E+00  0.0000E+00  0.0000E+00  0.0000E+00
       0.0000E+00  0.0000E+00  0.0000E+00  0.0000E+00  0.0000E+00  0.0000E+00  0.0000E+00  0.0000E+00  0.0000E+00  0.0000E+00
       0.0000E+00  0.0000E+00  0.0000E+00  0.0000E+00  0.0000E+00  0.0000E+00  0.0000E+00  0.0000E+00  0.0000E+00  0.0000E+00
       0.0000E+00  0.0000E+00  0.0000E+00  0.0000E+00  0.0000E+00  0.0000E+00  0.0000E+00  0.0000E+00  0.0000E+00  0.0000E+00
       0.0000E+00  0.0000E+00  0.0000E+00  0.0000E+00  0.0000E+00  0.0000E+00  0.0000E+00  0.0000E+00  0.0000E+00  0.0000E+00
       0.0000E+00  0.0000E+00  0.0000E+00  0.0000E+00  0.0000E+00  0.0000E+00  0.0000E+00  0.0000E+00  0.0000E+00  0.0000E+00
       0.0000E+00  0.0000E+00  0.0000E+00  0.0000E+00  0.0000E+00  0.0000E+00  0.0000E+00  0.0000E+00  0.0000E+00  0.0000E+00
       0.0000E+00  0.0000E+00  0.0000E+00  0.0000E+00  0.0000E+00  0.0000E+00  0.0000E+00  0.0000E+00  0.0000E+00  0.0000E+00
       0.0000E+00  0.0000E+00  0.0000E+00  0.0000E+00  0.0000E+00  0.0000E+00  0.0000E+00  0.0000E+00  0.0000E+00  0.0000E+00
       0.0000E+00  0.0000E+00  0.0000E+00  0.0000E+00  0.0000E+00  0.0000E+00  0.0000E+00  0.0000E+00  0.0000E+00  0.0000E+00
       0.0000E+00  0.0000E+00  0.0000E+00  0.0000E+00  0.0000E+00  0.0000E+00  0.0000E+00  0.0000E+00  0.0000E+00  0.0000E+00
       0.0000E+00  0.0000E+00  0.0000E+00  0.0000E+00  0.0000E+00  0.0000E+00  0.0000E+00  0.0000E+00  0.0000E+00  0.0000E+00
       0.0000E+00  0.0000E+00  0.0000E+00  0.0000E+00  0.0000E+00  0.0000E+00  0.0000E+00  0.0000E+00  0.0000E+00  0.0000E+00
       0.0000E+00  0.0000E+00  0.0000E+00  0.0000E+00  0.0000E+00  0.0000E+00  0.0000E+00  0.0000E+00  0.0000E+00  0.0000E+00
       0.0000E+00  0.0000E+00  0.0000E+00  0.0000E+00  0.0000E+00  0.0000E+00  0.0000E+00  0.0000E+00  0.0000E+00  0.0000E+00
       0.0000E+00  0.0000E+00  0.0000E+00  0.0000E+00  0.0000E+00  0.0000E+00  0.0000E+00  0.0000E+00  0.0000E+00  0.0000E+00
       0.0000E+00  0.0000E+00  0.0000E+00  0.0000E+00  0.0000E+00  0.0000E+00  0.0000E+00  0.0000E+00  0.0000E+00  0.0000E+00
       0.0000E+00  0.0000E+00  0.0000E+00  0.0000E+00  0.0000E+00  0.0000E+00  0.0000E+00  0.0000E+00  0.0000E+00  0.0000E+00
       0.0000E+00  0.0000E+00  0.0000E+00  0.0000E+00  0.0000E+00  0.0000E+00  0.0000E+00  0.0000E+00  0.0000E+00  0.0000E+00
       0.0000E+00  0.0000E+00  0.0000E+00  0.0000E+00  0.0000E+00  0.0000E+00  0.0000E+00  0.0000E+00  0.0000E+00  0.0000E+00
       0.0000E+00  0.0000E+00  0.0000E+00  0.0000E+00  0.0000E+00  0.0000E+00  0.0000E+00  0.0000E+00  0.0000E+00  0.0000E+00
       0.0000E+00  0.0000E+00  0.0000E+00  0.0000E+00  0.0000E+00  0.0000E+00  0.0000E+00  0.0000E+00  0.0000E+00  0.0000E+00
       0.0000E+00  0.0000E+00  0.0000E+00  0.0000E+00  0.0000E+00  0.0000E+00  0.0000E+00  0.0000E+00  0.0000E+00  0.0000E+00
       0.0000E+00  0.0000E+00  0.0000E+00  0.0000E+00  0.0000E+00  0.0000E+00  0.0000E+00  0.0000E+00  0.0000E+00  0.0000E+00
       0.0000E+00  0.0000E+00  0.0000E+00  0.0000E+00  0.0000E+00  0.0000E+00  0.0000E+00  0.0000E+00  0.0000E+00  0.0000E+00
       0.0000E+00  0.0000E+00  0.0000E+00  0.0000E+00  0.0000E+00  0.0000E+00  0.0000E+00  0.0000E+00  0.0000E+00  0.0000E+00
       0.0000E+00  0.0000E+00  0.0000E+00  0.0000E+00  0.0000E+00  0.0000E+00  0.0000E+00  0.0000E+00  0.0000E+00  0.0000E+00
1

   Bdrx n.   6  "ofluence  " , generalized particle n.    1, from region n.     5 to region n.     4
      detector area:  1.0000E+02 cm**2
      this is a one way only estimator
      this is a fluence like estimator
      linear energy binning from   0.0000E+00 to  3.0000E+02 GeV,     1 bins ( 3.0000E+02 GeV wide)
      linear angular binning from  0.0000E+00 to  6.2832E+00 sr ,     1 bins ( 6.2832E+00 sr wide )
      Data follow in a matrix A(ie,ia), format (1(5x,1p,10(1x,e11.4)))

       5.2926E-06
