
 *****  Protons in Lexan (0.10GeV, 3.0cm)                                                 *****

           DATE: 12/ 1/18,  TIME:  9:28:39

          Total number of particles followed       10000000, for a total weight of  1.0000E+07

1

   Res. nuclei n.   1  "Ian       " ,  all         products, region n.     5
      detector volume:  1.0000E+00 cm**3
      Max. Z:  10, Max. N-Z:  11 Min. N-Z: -4
      Data follow in a matrix A(z,n-z-k), k: -5 format (1(5x,1p,10(1x,e11.4)))

       0.0000E+00  0.0000E+00  0.0000E+00  0.0000E+00  0.0000E+00  0.0000E+00  0.0000E+00  0.0000E+00  0.0000E+00  0.0000E+00
       0.0000E+00  0.0000E+00  0.0000E+00  0.0000E+00  0.0000E+00  1.4000E-05  0.0000E+00  1.1000E-06  0.0000E+00  0.0000E+00
       0.0000E+00  0.0000E+00  0.0000E+00  0.0000E+00  1.7760E-04  2.2530E-04  5.2200E-05  3.1600E-05  0.0000E+00  0.0000E+00
       5.2368E-02  4.8914E-03  0.0000E+00  2.6827E-03  0.0000E+00  6.9302E-03  7.7300E-05  1.5450E-03  0.0000E+00  0.0000E+00
       1.2343E-02  4.9448E-02  3.6319E-03  0.0000E+00  2.1309E-03  2.3968E-02  8.7304E-04  2.7039E-03  3.0000E-07  4.0000E-07
       2.1972E-03  0.0000E+00  1.7704E-03  4.7096E-04  4.2154E-03  6.1015E-04  1.0814E-03  2.6283E-06  1.0000E-07  0.0000E+00
       0.0000E+00  6.2200E-05  1.0340E-04  2.0660E-04  3.5596E-05  9.5300E-05  3.0692E-06  3.2000E-06  0.0000E+00  0.0000E+00
       0.0000E+00  0.0000E+00  1.7000E-06  7.0000E-07  1.1000E-06  1.0000E-07  7.0000E-07  0.0000E+00  0.0000E+00  0.0000E+00
       0.0000E+00  1.0000E-07  0.0000E+00  0.0000E+00  0.0000E+00  0.0000E+00  0.0000E+00  0.0000E+00  0.0000E+00  0.0000E+00
       0.0000E+00  0.0000E+00  0.0000E+00  0.0000E+00  0.0000E+00  0.0000E+00  0.0000E+00  0.0000E+00  0.0000E+00  0.0000E+00
       0.0000E+00  0.0000E+00  0.0000E+00  0.0000E+00  0.0000E+00  0.0000E+00  0.0000E+00  0.0000E+00  0.0000E+00  0.0000E+00
       0.0000E+00  0.0000E+00  0.0000E+00  0.0000E+00  0.0000E+00  0.0000E+00  0.0000E+00  0.0000E+00  0.0000E+00  0.0000E+00
       0.0000E+00  0.0000E+00  0.0000E+00  0.0000E+00  0.0000E+00  0.0000E+00  0.0000E+00  0.0000E+00  0.0000E+00  0.0000E+00
       0.0000E+00  0.0000E+00  0.0000E+00  0.0000E+00  0.0000E+00  0.0000E+00  0.0000E+00  0.0000E+00  0.0000E+00  0.0000E+00
       0.0000E+00  0.0000E+00  0.0000E+00  0.0000E+00  0.0000E+00  0.0000E+00  0.0000E+00  0.0000E+00  0.0000E+00  0.0000E+00
       0.0000E+00  0.0000E+00  0.0000E+00  0.0000E+00  0.0000E+00  0.0000E+00  0.0000E+00  0.0000E+00  0.0000E+00  0.0000E+00
