
 *****  Protons in Lexan (0.14GeV, 0cm)                                                   *****

           DATE: 12/20/18,  TIME: 16:50:35

          Total number of particles followed       50000000, for a total weight of  5.0000E+07

1

   Bdrx n.   4  "ocurrent  " , generalized particle n.    1, from region n.     5 to region n.     4
      detector area:  1.0000E+02 cm**2
      this is a one way only estimator
      this is a current like estimator
      linear energy binning from   6.0000E-02 to  1.9000E-01 GeV,   650 bins ( 2.0000E-04 GeV wide)
      linear angular binning from  0.0000E+00 to  6.2832E+00 sr ,     1 bins ( 6.2832E+00 sr wide )
      Data follow in a matrix A(ie,ia), format (1(5x,1p,10(1x,e11.4)))

       1.6584E-04  1.6154E-04  1.6759E-04  1.7332E-04  1.5852E-04  1.6202E-04  1.6218E-04  1.6011E-04  1.6504E-04  1.6441E-04
       1.6568E-04  1.7045E-04  1.6759E-04  1.6823E-04  1.6106E-04  1.6759E-04  1.6266E-04  1.6250E-04  1.6266E-04  1.6329E-04
       1.6855E-04  1.6791E-04  1.6902E-04  1.6695E-04  1.6600E-04  1.6648E-04  1.6664E-04  1.6982E-04  1.7682E-04  1.5438E-04
       1.7459E-04  1.5677E-04  1.6695E-04  1.6186E-04  1.6488E-04  1.6695E-04  1.6345E-04  1.6711E-04  1.6743E-04  1.6138E-04
       1.6329E-04  1.6743E-04  1.6807E-04  1.6759E-04  1.6377E-04  1.6122E-04  1.6361E-04  1.6154E-04  1.7666E-04  1.7507E-04
       1.7093E-04  1.7857E-04  1.7459E-04  1.6154E-04  1.7141E-04  1.6632E-04  1.6807E-04  1.6520E-04  1.6234E-04  1.6457E-04
       1.7109E-04  1.7937E-04  1.6425E-04  1.6218E-04  1.5709E-04  1.6950E-04  1.7555E-04  1.7157E-04  1.6361E-04  1.6743E-04
       1.7634E-04  1.6759E-04  1.7252E-04  1.6902E-04  1.7061E-04  1.7587E-04  1.7507E-04  1.7109E-04  1.6823E-04  1.6632E-04
       1.7778E-04  1.6568E-04  1.6870E-04  1.6457E-04  1.7443E-04  1.7427E-04  1.7014E-04  1.6982E-04  1.7587E-04  1.6839E-04
       1.7045E-04  1.5900E-04  1.6393E-04  1.5915E-04  1.7714E-04  1.6886E-04  1.7809E-04  1.6473E-04  1.7587E-04  1.7682E-04
       1.6632E-04  1.6870E-04  1.6918E-04  1.8000E-04  1.7173E-04  1.7412E-04  1.7125E-04  1.7985E-04  1.6823E-04  1.7141E-04
       1.7045E-04  1.7714E-04  1.6043E-04  1.6870E-04  1.6998E-04  1.7300E-04  1.7221E-04  1.6759E-04  1.6998E-04  1.8271E-04
       1.7746E-04  1.6504E-04  1.7157E-04  1.7682E-04  1.7364E-04  1.8271E-04  1.7380E-04  1.7937E-04  1.7364E-04  1.8462E-04
       1.7364E-04  1.6982E-04  1.8080E-04  1.7523E-04  1.7284E-04  1.7889E-04  1.6934E-04  1.7459E-04  1.7762E-04  1.7730E-04
       1.7650E-04  1.6679E-04  1.8144E-04  1.7300E-04  1.7157E-04  1.8223E-04  1.7666E-04  1.7555E-04  1.8828E-04  1.7332E-04
       1.7841E-04  1.8892E-04  1.7905E-04  1.8589E-04  1.8128E-04  1.7825E-04  1.7459E-04  1.7396E-04  1.7316E-04  1.8255E-04
       1.6966E-04  1.8175E-04  1.7427E-04  1.8032E-04  1.7571E-04  1.8000E-04  1.7714E-04  1.7571E-04  1.7268E-04  1.7348E-04
       1.7348E-04  1.7221E-04  1.8589E-04  1.8446E-04  1.7650E-04  1.7475E-04  1.8335E-04  1.7300E-04  1.8128E-04  1.8096E-04
       1.7189E-04  1.8191E-04  1.7173E-04  1.7873E-04  1.7905E-04  1.6982E-04  1.6425E-04  1.7236E-04  1.8191E-04  1.7555E-04
       1.7507E-04  1.8160E-04  1.6679E-04  1.7634E-04  1.8080E-04  1.7348E-04  1.7332E-04  1.6106E-04  1.7778E-04  1.7077E-04
       1.6727E-04  1.7618E-04  1.6839E-04  1.7141E-04  1.6918E-04  1.6520E-04  1.6409E-04  1.7539E-04  1.6377E-04  1.6075E-04
       1.6886E-04  1.6425E-04  1.6441E-04  1.6059E-04  1.5486E-04  1.5836E-04  1.6250E-04  1.5454E-04  1.5804E-04  1.6329E-04
       1.6170E-04  1.6950E-04  1.5486E-04  1.6504E-04  1.5231E-04  1.6202E-04  1.6250E-04  1.5152E-04  1.4817E-04  1.5549E-04
       1.5613E-04  1.4961E-04  1.3846E-04  1.4738E-04  1.4674E-04  1.5470E-04  1.4658E-04  1.5597E-04  1.5804E-04  1.5167E-04
       1.4754E-04  1.4754E-04  1.4531E-04  1.4483E-04  1.4801E-04  1.4610E-04  1.4626E-04  1.4006E-04  1.4419E-04  1.3385E-04
       1.4610E-04  1.4340E-04  1.3974E-04  1.4228E-04  1.4340E-04  1.4149E-04  1.2828E-04  1.4419E-04  1.4658E-04  1.4801E-04
       1.3226E-04  1.3274E-04  1.3767E-04  1.3353E-04  1.3926E-04  1.3655E-04  1.3369E-04  1.3321E-04  1.3974E-04  1.3274E-04
       1.2716E-04  1.2939E-04  1.2478E-04  1.2589E-04  1.2701E-04  1.2907E-04  1.2621E-04  1.2812E-04  1.2430E-04  1.2812E-04
       1.2653E-04  1.2573E-04  1.2446E-04  1.1984E-04  1.1650E-04  1.1809E-04  1.1586E-04  1.1491E-04  1.1332E-04  1.1682E-04
       1.1730E-04  1.1777E-04  1.1109E-04  1.1348E-04  1.1173E-04  1.0488E-04  9.8676E-05  1.0425E-04  1.0520E-04  1.0202E-04
       9.3424E-05  9.9313E-05  9.7562E-05  9.6766E-05  9.1355E-05  8.4193E-05  8.7854E-05  8.2442E-05  8.6580E-05  7.4325E-05
       7.2415E-05  7.5599E-05  6.2389E-05  6.4935E-05  6.3344E-05  5.5704E-05  5.7296E-05  5.2839E-05  5.1566E-05  5.0611E-05
       4.7587E-05  4.6951E-05  4.9497E-05  4.8701E-05  5.0930E-05  5.4908E-05  5.2521E-05  5.3476E-05  5.8092E-05  6.0001E-05
       7.1461E-05  5.8887E-05  7.0506E-05  6.8596E-05  7.5280E-05  8.5785E-05  9.0559E-05  9.8994E-05  1.0186E-04  1.1348E-04
       1.1777E-04  1.2955E-04  1.2350E-04  1.1762E-04  1.1730E-04  1.0329E-04  1.0807E-04  1.0775E-04  1.1284E-04  1.3321E-04
       1.7698E-04  2.5258E-04  4.5677E-04  9.2962E-04  2.1217E-03  4.9324E-03  1.1042E-02  2.3751E-02  4.8539E-02  9.2248E-02
       1.6287E-01  2.6650E-01  4.0359E-01  5.6302E-01  7.2372E-01  8.5459E-01  9.2474E-01  9.1590E-01  8.3011E-01  6.8603E-01
       5.1676E-01  3.5460E-01  2.2113E-01  1.2518E-01  6.4218E-02  3.0013E-02  1.2655E-02  4.8367E-03  1.6652E-03  5.1009E-04
       1.4372E-04  3.3900E-05  9.5493E-06  1.9099E-06  4.7746E-07  3.1831E-07  0.0000E+00  0.0000E+00  0.0000E+00  0.0000E+00
       0.0000E+00  0.0000E+00  0.0000E+00  0.0000E+00  0.0000E+00  0.0000E+00  0.0000E+00  0.0000E+00  0.0000E+00  0.0000E+00
       0.0000E+00  0.0000E+00  0.0000E+00  0.0000E+00  0.0000E+00  0.0000E+00  0.0000E+00  0.0000E+00  0.0000E+00  0.0000E+00
       0.0000E+00  0.0000E+00  0.0000E+00  0.0000E+00  0.0000E+00  0.0000E+00  0.0000E+00  0.0000E+00  0.0000E+00  0.0000E+00
       0.0000E+00  0.0000E+00  0.0000E+00  0.0000E+00  0.0000E+00  0.0000E+00  0.0000E+00  0.0000E+00  0.0000E+00  0.0000E+00
       0.0000E+00  0.0000E+00  0.0000E+00  0.0000E+00  0.0000E+00  0.0000E+00  0.0000E+00  0.0000E+00  0.0000E+00  0.0000E+00
       0.0000E+00  0.0000E+00  0.0000E+00  0.0000E+00  0.0000E+00  0.0000E+00  0.0000E+00  0.0000E+00  0.0000E+00  0.0000E+00
       0.0000E+00  0.0000E+00  0.0000E+00  0.0000E+00  0.0000E+00  0.0000E+00  0.0000E+00  0.0000E+00  0.0000E+00  0.0000E+00
       0.0000E+00  0.0000E+00  0.0000E+00  0.0000E+00  0.0000E+00  0.0000E+00  0.0000E+00  0.0000E+00  0.0000E+00  0.0000E+00
       0.0000E+00  0.0000E+00  0.0000E+00  0.0000E+00  0.0000E+00  0.0000E+00  0.0000E+00  0.0000E+00  0.0000E+00  0.0000E+00
       0.0000E+00  0.0000E+00  0.0000E+00  0.0000E+00  0.0000E+00  0.0000E+00  0.0000E+00  0.0000E+00  0.0000E+00  0.0000E+00
       0.0000E+00  0.0000E+00  0.0000E+00  0.0000E+00  0.0000E+00  0.0000E+00  0.0000E+00  0.0000E+00  0.0000E+00  0.0000E+00
       0.0000E+00  0.0000E+00  0.0000E+00  0.0000E+00  0.0000E+00  0.0000E+00  0.0000E+00  0.0000E+00  0.0000E+00  0.0000E+00
       0.0000E+00  0.0000E+00  0.0000E+00  0.0000E+00  0.0000E+00  0.0000E+00  0.0000E+00  0.0000E+00  0.0000E+00  0.0000E+00
       0.0000E+00  0.0000E+00  0.0000E+00  0.0000E+00  0.0000E+00  0.0000E+00  0.0000E+00  0.0000E+00  0.0000E+00  0.0000E+00
       0.0000E+00  0.0000E+00  0.0000E+00  0.0000E+00  0.0000E+00  0.0000E+00  0.0000E+00  0.0000E+00  0.0000E+00  0.0000E+00
       0.0000E+00  0.0000E+00  0.0000E+00  0.0000E+00  0.0000E+00  0.0000E+00  0.0000E+00  0.0000E+00  0.0000E+00  0.0000E+00
       0.0000E+00  0.0000E+00  0.0000E+00  0.0000E+00  0.0000E+00  0.0000E+00  0.0000E+00  0.0000E+00  0.0000E+00  0.0000E+00
       0.0000E+00  0.0000E+00  0.0000E+00  0.0000E+00  0.0000E+00  0.0000E+00  0.0000E+00  0.0000E+00  0.0000E+00  0.0000E+00
       0.0000E+00  0.0000E+00  0.0000E+00  0.0000E+00  0.0000E+00  0.0000E+00  0.0000E+00  0.0000E+00  0.0000E+00  0.0000E+00
       0.0000E+00  0.0000E+00  0.0000E+00  0.0000E+00  0.0000E+00  0.0000E+00  0.0000E+00  0.0000E+00  0.0000E+00  0.0000E+00
       0.0000E+00  0.0000E+00  0.0000E+00  0.0000E+00  0.0000E+00  0.0000E+00  0.0000E+00  0.0000E+00  0.0000E+00  0.0000E+00
       0.0000E+00  0.0000E+00  0.0000E+00  0.0000E+00  0.0000E+00  0.0000E+00  0.0000E+00  0.0000E+00  0.0000E+00  0.0000E+00
       0.0000E+00  0.0000E+00  0.0000E+00  0.0000E+00  0.0000E+00  0.0000E+00  0.0000E+00  0.0000E+00  0.0000E+00  0.0000E+00
       0.0000E+00  0.0000E+00  0.0000E+00  0.0000E+00  0.0000E+00  0.0000E+00  0.0000E+00  0.0000E+00  0.0000E+00  0.0000E+00
       0.0000E+00  0.0000E+00  0.0000E+00  0.0000E+00  0.0000E+00  0.0000E+00  0.0000E+00  0.0000E+00  0.0000E+00  0.0000E+00
       0.0000E+00  0.0000E+00  0.0000E+00  0.0000E+00  0.0000E+00  0.0000E+00  0.0000E+00  0.0000E+00  0.0000E+00  0.0000E+00
