
 *****  Protons in Lexan (0.14GeV, 0cm)                                                   *****

           DATE: 12/20/18,  TIME: 16:50:35

          Total number of particles followed       50000000, for a total weight of  5.0000E+07

1

   Bdrx n.   2  "ofluence  " , generalized particle n.    1, from region n.     5 to region n.     4
      detector area:  1.0000E+02 cm**2
      this is a one way only estimator
      this is a fluence like estimator
      linear energy binning from   6.0000E-02 to  1.9000E-01 GeV,   650 bins ( 2.0000E-04 GeV wide)
      linear angular binning from  0.0000E+00 to  6.2832E+00 sr ,     1 bins ( 6.2832E+00 sr wide )
      Data follow in a matrix A(ie,ia), format (1(5x,1p,10(1x,e11.4)))

       2.3884E-04  2.4173E-04  2.4417E-04  2.5094E-04  2.2397E-04  2.3611E-04  2.3396E-04  2.3056E-04  2.4773E-04  2.3456E-04
       2.4630E-04  2.3848E-04  2.4049E-04  2.4541E-04  2.2589E-04  2.3986E-04  2.3259E-04  2.3245E-04  2.2808E-04  2.3531E-04
       2.4195E-04  2.4531E-04  2.3607E-04  2.3708E-04  2.3919E-04  2.3173E-04  2.3507E-04  2.3624E-04  2.4928E-04  2.1847E-04
       2.4867E-04  2.1644E-04  2.5033E-04  2.2143E-04  2.2583E-04  2.3671E-04  2.2940E-04  2.3189E-04  2.3586E-04  2.2212E-04
       2.2516E-04  2.3283E-04  2.3195E-04  2.2741E-04  2.2438E-04  2.2472E-04  2.2099E-04  2.2230E-04  2.4066E-04  2.3950E-04
       2.3808E-04  2.4732E-04  2.4887E-04  2.2608E-04  2.3443E-04  2.2493E-04  2.2923E-04  2.2517E-04  2.2206E-04  2.2743E-04
       2.3212E-04  2.4796E-04  2.1911E-04  2.1451E-04  2.0784E-04  2.2897E-04  2.3328E-04  2.3004E-04  2.2226E-04  2.2298E-04
       2.3559E-04  2.2016E-04  2.4544E-04  2.2455E-04  2.2915E-04  2.3424E-04  2.3221E-04  2.2542E-04  2.2881E-04  2.2517E-04
       2.3438E-04  2.2336E-04  2.2256E-04  2.1692E-04  2.2963E-04  2.2843E-04  2.2817E-04  2.2633E-04  2.3024E-04  2.2404E-04
       2.2428E-04  2.1402E-04  2.1950E-04  2.0993E-04  2.2781E-04  2.1915E-04  2.2731E-04  2.2259E-04  2.2590E-04  2.2975E-04
       2.1379E-04  2.1362E-04  2.1959E-04  2.3103E-04  2.2216E-04  2.2341E-04  2.2053E-04  2.3104E-04  2.1529E-04  2.2218E-04
       2.1952E-04  2.2599E-04  2.0653E-04  2.1154E-04  2.1850E-04  2.2028E-04  2.2368E-04  2.1393E-04  2.1572E-04  2.2930E-04
       2.2542E-04  2.0781E-04  2.2074E-04  2.2582E-04  2.2182E-04  2.3245E-04  2.1756E-04  2.2333E-04  2.1794E-04  2.3240E-04
       2.1673E-04  2.0805E-04  2.2416E-04  2.1814E-04  2.1735E-04  2.2531E-04  2.1407E-04  2.1988E-04  2.2391E-04  2.1885E-04
       2.2138E-04  2.0334E-04  2.2412E-04  2.1699E-04  2.1290E-04  2.2828E-04  2.1515E-04  2.1286E-04  2.3236E-04  2.1214E-04
       2.1870E-04  2.3313E-04  2.1928E-04  2.2277E-04  2.1789E-04  2.1569E-04  2.1359E-04  2.1332E-04  2.0866E-04  2.2180E-04
       2.0662E-04  2.1634E-04  2.1107E-04  2.1897E-04  2.1063E-04  2.1765E-04  2.1244E-04  2.1103E-04  2.0804E-04  2.0846E-04
       2.0868E-04  2.0614E-04  2.2150E-04  2.2277E-04  2.1114E-04  2.1127E-04  2.1825E-04  2.0462E-04  2.1767E-04  2.1418E-04
       2.0409E-04  2.1513E-04  2.0197E-04  2.1423E-04  2.1331E-04  2.0092E-04  1.9456E-04  2.0558E-04  2.1575E-04  2.0617E-04
       2.0550E-04  2.1298E-04  1.9583E-04  2.0753E-04  2.1414E-04  2.0599E-04  2.0195E-04  1.8684E-04  2.0973E-04  2.0269E-04
       1.9469E-04  2.0577E-04  1.9938E-04  1.9973E-04  1.9552E-04  1.9009E-04  1.9333E-04  2.0372E-04  1.8872E-04  1.8611E-04
       1.9513E-04  1.9045E-04  1.8947E-04  1.8691E-04  1.7828E-04  1.8237E-04  1.8571E-04  1.8004E-04  1.7877E-04  1.8692E-04
       1.8367E-04  1.9522E-04  1.7866E-04  1.8965E-04  1.7424E-04  1.8509E-04  1.8626E-04  1.7266E-04  1.6811E-04  1.8087E-04
       1.8108E-04  1.7133E-04  1.5809E-04  1.6801E-04  1.6629E-04  1.7546E-04  1.6582E-04  1.7597E-04  1.7899E-04  1.7315E-04
       1.6792E-04  1.6555E-04  1.6484E-04  1.6261E-04  1.6734E-04  1.6512E-04  1.6438E-04  1.5724E-04  1.6156E-04  1.4999E-04
       1.6501E-04  1.6391E-04  1.5506E-04  1.5932E-04  1.5988E-04  1.5741E-04  1.4417E-04  1.6217E-04  1.6349E-04  1.6380E-04
       1.4633E-04  1.4630E-04  1.5365E-04  1.4772E-04  1.5369E-04  1.5687E-04  1.4783E-04  1.4710E-04  1.5757E-04  1.4871E-04
       1.4013E-04  1.4244E-04  1.3752E-04  1.3914E-04  1.4041E-04  1.4282E-04  1.3917E-04  1.4129E-04  1.3796E-04  1.4035E-04
       1.3930E-04  1.3717E-04  1.3776E-04  1.3200E-04  1.2781E-04  1.2939E-04  1.2690E-04  1.2591E-04  1.2310E-04  1.2746E-04
       1.2909E-04  1.2881E-04  1.2210E-04  1.2251E-04  1.2118E-04  1.1356E-04  1.0594E-04  1.1235E-04  1.1355E-04  1.1120E-04
       1.0090E-04  1.0768E-04  1.0579E-04  1.0563E-04  9.8409E-05  9.1782E-05  9.4998E-05  9.0806E-05  9.3912E-05  8.0578E-05
       7.9397E-05  8.2023E-05  6.8031E-05  7.1591E-05  7.0582E-05  6.3687E-05  6.5619E-05  5.9088E-05  5.8428E-05  5.7035E-05
       5.4973E-05  5.4554E-05  5.6465E-05  5.5726E-05  5.8852E-05  6.3157E-05  5.9242E-05  6.1876E-05  6.6927E-05  6.9341E-05
       8.0685E-05  6.5939E-05  7.9190E-05  7.6034E-05  8.2870E-05  9.5081E-05  9.9803E-05  1.0815E-04  1.0974E-04  1.2206E-04
       1.2646E-04  1.3835E-04  1.3124E-04  1.2707E-04  1.2567E-04  1.1086E-04  1.1782E-04  1.1814E-04  1.2521E-04  1.4625E-04
       1.9283E-04  2.7012E-04  4.7725E-04  9.5398E-04  2.1533E-03  4.9722E-03  1.1091E-02  2.3809E-02  4.8611E-02  9.2338E-02
       1.6298E-01  2.6662E-01  4.0373E-01  5.6317E-01  7.2388E-01  8.5476E-01  9.2490E-01  9.1604E-01  8.3022E-01  6.8612E-01
       5.1682E-01  3.5464E-01  2.2116E-01  1.2519E-01  6.4225E-02  3.0016E-02  1.2656E-02  4.8372E-03  1.6654E-03  5.1014E-04
       1.4373E-04  3.3903E-05  9.5501E-06  1.9099E-06  4.7748E-07  3.1833E-07  0.0000E+00  0.0000E+00  0.0000E+00  0.0000E+00
       0.0000E+00  0.0000E+00  0.0000E+00  0.0000E+00  0.0000E+00  0.0000E+00  0.0000E+00  0.0000E+00  0.0000E+00  0.0000E+00
       0.0000E+00  0.0000E+00  0.0000E+00  0.0000E+00  0.0000E+00  0.0000E+00  0.0000E+00  0.0000E+00  0.0000E+00  0.0000E+00
       0.0000E+00  0.0000E+00  0.0000E+00  0.0000E+00  0.0000E+00  0.0000E+00  0.0000E+00  0.0000E+00  0.0000E+00  0.0000E+00
       0.0000E+00  0.0000E+00  0.0000E+00  0.0000E+00  0.0000E+00  0.0000E+00  0.0000E+00  0.0000E+00  0.0000E+00  0.0000E+00
       0.0000E+00  0.0000E+00  0.0000E+00  0.0000E+00  0.0000E+00  0.0000E+00  0.0000E+00  0.0000E+00  0.0000E+00  0.0000E+00
       0.0000E+00  0.0000E+00  0.0000E+00  0.0000E+00  0.0000E+00  0.0000E+00  0.0000E+00  0.0000E+00  0.0000E+00  0.0000E+00
       0.0000E+00  0.0000E+00  0.0000E+00  0.0000E+00  0.0000E+00  0.0000E+00  0.0000E+00  0.0000E+00  0.0000E+00  0.0000E+00
       0.0000E+00  0.0000E+00  0.0000E+00  0.0000E+00  0.0000E+00  0.0000E+00  0.0000E+00  0.0000E+00  0.0000E+00  0.0000E+00
       0.0000E+00  0.0000E+00  0.0000E+00  0.0000E+00  0.0000E+00  0.0000E+00  0.0000E+00  0.0000E+00  0.0000E+00  0.0000E+00
       0.0000E+00  0.0000E+00  0.0000E+00  0.0000E+00  0.0000E+00  0.0000E+00  0.0000E+00  0.0000E+00  0.0000E+00  0.0000E+00
       0.0000E+00  0.0000E+00  0.0000E+00  0.0000E+00  0.0000E+00  0.0000E+00  0.0000E+00  0.0000E+00  0.0000E+00  0.0000E+00
       0.0000E+00  0.0000E+00  0.0000E+00  0.0000E+00  0.0000E+00  0.0000E+00  0.0000E+00  0.0000E+00  0.0000E+00  0.0000E+00
       0.0000E+00  0.0000E+00  0.0000E+00  0.0000E+00  0.0000E+00  0.0000E+00  0.0000E+00  0.0000E+00  0.0000E+00  0.0000E+00
       0.0000E+00  0.0000E+00  0.0000E+00  0.0000E+00  0.0000E+00  0.0000E+00  0.0000E+00  0.0000E+00  0.0000E+00  0.0000E+00
       0.0000E+00  0.0000E+00  0.0000E+00  0.0000E+00  0.0000E+00  0.0000E+00  0.0000E+00  0.0000E+00  0.0000E+00  0.0000E+00
       0.0000E+00  0.0000E+00  0.0000E+00  0.0000E+00  0.0000E+00  0.0000E+00  0.0000E+00  0.0000E+00  0.0000E+00  0.0000E+00
       0.0000E+00  0.0000E+00  0.0000E+00  0.0000E+00  0.0000E+00  0.0000E+00  0.0000E+00  0.0000E+00  0.0000E+00  0.0000E+00
       0.0000E+00  0.0000E+00  0.0000E+00  0.0000E+00  0.0000E+00  0.0000E+00  0.0000E+00  0.0000E+00  0.0000E+00  0.0000E+00
       0.0000E+00  0.0000E+00  0.0000E+00  0.0000E+00  0.0000E+00  0.0000E+00  0.0000E+00  0.0000E+00  0.0000E+00  0.0000E+00
       0.0000E+00  0.0000E+00  0.0000E+00  0.0000E+00  0.0000E+00  0.0000E+00  0.0000E+00  0.0000E+00  0.0000E+00  0.0000E+00
       0.0000E+00  0.0000E+00  0.0000E+00  0.0000E+00  0.0000E+00  0.0000E+00  0.0000E+00  0.0000E+00  0.0000E+00  0.0000E+00
       0.0000E+00  0.0000E+00  0.0000E+00  0.0000E+00  0.0000E+00  0.0000E+00  0.0000E+00  0.0000E+00  0.0000E+00  0.0000E+00
       0.0000E+00  0.0000E+00  0.0000E+00  0.0000E+00  0.0000E+00  0.0000E+00  0.0000E+00  0.0000E+00  0.0000E+00  0.0000E+00
       0.0000E+00  0.0000E+00  0.0000E+00  0.0000E+00  0.0000E+00  0.0000E+00  0.0000E+00  0.0000E+00  0.0000E+00  0.0000E+00
       0.0000E+00  0.0000E+00  0.0000E+00  0.0000E+00  0.0000E+00  0.0000E+00  0.0000E+00  0.0000E+00  0.0000E+00  0.0000E+00
       0.0000E+00  0.0000E+00  0.0000E+00  0.0000E+00  0.0000E+00  0.0000E+00  0.0000E+00  0.0000E+00  0.0000E+00  0.0000E+00
1

   Bdrx n.   6  "ofluence  " , generalized particle n.    1, from region n.     5 to region n.     4
      detector area:  1.0000E+02 cm**2
      this is a one way only estimator
      this is a fluence like estimator
      linear energy binning from   0.0000E+00 to  3.0000E+02 GeV,     1 bins ( 3.0000E+02 GeV wide)
      linear angular binning from  0.0000E+00 to  6.2832E+00 sr ,     1 bins ( 6.2832E+00 sr wide )
      Data follow in a matrix A(ie,ia), format (1(5x,1p,10(1x,e11.4)))

       5.3176E-06
