
 *****  Protons in Lexan (0.14GeV, 0cm)                                                   *****

           DATE: 12/20/18,  TIME: 16:50:35

          Total number of particles followed       50000000, for a total weight of  5.0000E+07

1

   Res. nuclei n.   1  "Ian       " ,  all         products, region n.     5
      detector volume:  1.0000E+00 cm**3
      Max. Z:  10, Max. N-Z:  11 Min. N-Z: -4
      Data follow in a matrix A(z,n-z-k), k: -5 format (1(5x,1p,10(1x,e11.4)))

       0.0000E+00  0.0000E+00  0.0000E+00  0.0000E+00  0.0000E+00  0.0000E+00  0.0000E+00  0.0000E+00  0.0000E+00  0.0000E+00
       0.0000E+00  0.0000E+00  0.0000E+00  0.0000E+00  0.0000E+00  7.6600E-06  0.0000E+00  3.8000E-07  0.0000E+00  0.0000E+00
       0.0000E+00  0.0000E+00  0.0000E+00  0.0000E+00  5.6200E-05  9.3060E-05  1.3000E-05  1.8660E-05  0.0000E+00  0.0000E+00
       1.0063E-02  1.5994E-03  0.0000E+00  7.5338E-04  0.0000E+00  2.1351E-03  2.8760E-05  5.1280E-04  0.0000E+00  2.0000E-08
       2.5321E-03  1.2651E-02  1.0460E-03  0.0000E+00  6.8404E-04  3.8523E-03  2.4040E-04  4.5166E-04  4.0000E-08  1.8000E-07
       7.5884E-04  0.0000E+00  5.2276E-04  1.4064E-04  1.2276E-03  1.4512E-04  3.0466E-04  5.2000E-07  4.0000E-08  0.0000E+00
       0.0000E+00  2.9820E-05  4.2200E-05  7.9600E-05  1.0960E-05  2.9980E-05  3.6000E-07  7.2000E-07  0.0000E+00  0.0000E+00
       0.0000E+00  0.0000E+00  2.0200E-06  3.0000E-07  7.6000E-07  4.0000E-08  4.4000E-07  0.0000E+00  0.0000E+00  0.0000E+00
       0.0000E+00  6.0000E-08  0.0000E+00  0.0000E+00  0.0000E+00  2.0000E-08  0.0000E+00  0.0000E+00  0.0000E+00  0.0000E+00
       0.0000E+00  0.0000E+00  0.0000E+00  0.0000E+00  0.0000E+00  0.0000E+00  0.0000E+00  0.0000E+00  0.0000E+00  0.0000E+00
       0.0000E+00  0.0000E+00  0.0000E+00  0.0000E+00  0.0000E+00  0.0000E+00  0.0000E+00  0.0000E+00  0.0000E+00  0.0000E+00
       0.0000E+00  0.0000E+00  0.0000E+00  0.0000E+00  0.0000E+00  0.0000E+00  0.0000E+00  0.0000E+00  0.0000E+00  0.0000E+00
       0.0000E+00  0.0000E+00  0.0000E+00  0.0000E+00  0.0000E+00  0.0000E+00  0.0000E+00  0.0000E+00  0.0000E+00  0.0000E+00
       0.0000E+00  0.0000E+00  0.0000E+00  0.0000E+00  0.0000E+00  0.0000E+00  0.0000E+00  0.0000E+00  0.0000E+00  0.0000E+00
       0.0000E+00  0.0000E+00  0.0000E+00  0.0000E+00  0.0000E+00  0.0000E+00  0.0000E+00  0.0000E+00  0.0000E+00  0.0000E+00
       0.0000E+00  0.0000E+00  0.0000E+00  0.0000E+00  0.0000E+00  0.0000E+00  0.0000E+00  0.0000E+00  0.0000E+00  0.0000E+00
