
 *****  Protons in Lexan (0.20GeV, 2.0cm)                                                 *****

           DATE: 11/21/18,  TIME:  2:21:10

          Total number of particles followed       10000000, for a total weight of  1.0000E+07

1

   Res. nuclei n.   1  "Ian       " ,  all         products, region n.     5
      detector volume:  1.0000E+00 cm**3
      Max. Z:  10, Max. N-Z:  11 Min. N-Z: -4
      Data follow in a matrix A(z,n-z-k), k: -5 format (1(5x,1p,10(1x,e11.4)))

       0.0000E+00  0.0000E+00  0.0000E+00  0.0000E+00  0.0000E+00  0.0000E+00  0.0000E+00  0.0000E+00  0.0000E+00  0.0000E+00
       0.0000E+00  0.0000E+00  0.0000E+00  0.0000E+00  0.0000E+00  1.3900E-05  0.0000E+00  1.4000E-06  0.0000E+00  0.0000E+00
       0.0000E+00  0.0000E+00  0.0000E+00  0.0000E+00  1.0450E-04  2.1030E-04  2.5900E-05  4.4300E-05  0.0000E+00  0.0000E+00
       2.2720E-02  2.9505E-03  0.0000E+00  1.3847E-03  0.0000E+00  4.1793E-03  5.9800E-05  9.8860E-04  0.0000E+00  0.0000E+00
       5.4229E-03  2.3165E-02  1.9070E-03  0.0000E+00  1.4391E-03  5.4044E-03  4.6960E-04  6.2770E-04  2.0000E-07  2.0000E-07
       1.5464E-03  0.0000E+00  1.0526E-03  2.8700E-04  2.6392E-03  2.6598E-04  6.5409E-04  1.1095E-06  1.0000E-07  0.0000E+00
       0.0000E+00  6.5300E-05  8.3500E-05  1.8590E-04  3.0984E-05  6.3700E-05  1.3729E-06  1.3000E-06  0.0000E+00  0.0000E+00
       0.0000E+00  0.0000E+00  6.7000E-06  1.1000E-06  1.8000E-06  4.0000E-07  8.0000E-07  0.0000E+00  0.0000E+00  0.0000E+00
       0.0000E+00  1.0000E-07  0.0000E+00  1.0000E-07  0.0000E+00  1.0000E-07  0.0000E+00  0.0000E+00  0.0000E+00  0.0000E+00
       0.0000E+00  0.0000E+00  0.0000E+00  0.0000E+00  0.0000E+00  0.0000E+00  0.0000E+00  0.0000E+00  0.0000E+00  0.0000E+00
       0.0000E+00  0.0000E+00  0.0000E+00  0.0000E+00  0.0000E+00  0.0000E+00  0.0000E+00  0.0000E+00  0.0000E+00  0.0000E+00
       0.0000E+00  0.0000E+00  0.0000E+00  0.0000E+00  0.0000E+00  0.0000E+00  0.0000E+00  0.0000E+00  0.0000E+00  0.0000E+00
       0.0000E+00  0.0000E+00  0.0000E+00  0.0000E+00  0.0000E+00  0.0000E+00  0.0000E+00  0.0000E+00  0.0000E+00  0.0000E+00
       0.0000E+00  0.0000E+00  0.0000E+00  0.0000E+00  0.0000E+00  0.0000E+00  0.0000E+00  0.0000E+00  0.0000E+00  0.0000E+00
       0.0000E+00  0.0000E+00  0.0000E+00  0.0000E+00  0.0000E+00  0.0000E+00  0.0000E+00  0.0000E+00  0.0000E+00  0.0000E+00
       0.0000E+00  0.0000E+00  0.0000E+00  0.0000E+00  0.0000E+00  0.0000E+00  0.0000E+00  0.0000E+00  0.0000E+00  0.0000E+00
