
 *****  Protons in Lexan (0.10GeV, 2.0cm)                                                 *****

           DATE: 11/20/18,  TIME: 21:15:29

          Total number of particles followed       10000000, for a total weight of  1.0000E+07

1

   Res. nuclei n.   1  "Ian       " ,  all         products, region n.     5
      detector volume:  1.0000E+00 cm**3
      Max. Z:  10, Max. N-Z:  11 Min. N-Z: -4
      Data follow in a matrix A(z,n-z-k), k: -5 format (1(5x,1p,10(1x,e11.4)))

       0.0000E+00  0.0000E+00  0.0000E+00  0.0000E+00  0.0000E+00  0.0000E+00  0.0000E+00  0.0000E+00  0.0000E+00  0.0000E+00
       0.0000E+00  0.0000E+00  0.0000E+00  0.0000E+00  0.0000E+00  1.1500E-05  0.0000E+00  9.0000E-07  0.0000E+00  0.0000E+00
       0.0000E+00  0.0000E+00  0.0000E+00  0.0000E+00  1.1940E-04  1.4920E-04  3.2500E-05  2.3800E-05  0.0000E+00  0.0000E+00
       2.9615E-02  3.2473E-03  0.0000E+00  1.7855E-03  0.0000E+00  4.6009E-03  5.3000E-05  1.0294E-03  0.0000E+00  0.0000E+00
       6.6590E-03  3.2035E-02  2.4122E-03  0.0000E+00  1.4415E-03  1.4971E-02  5.7530E-04  1.7115E-03  1.0000E-07  2.0000E-07
       1.4594E-03  0.0000E+00  1.1712E-03  2.9966E-04  2.7540E-03  3.8362E-04  7.0051E-04  2.1137E-06  0.0000E+00  0.0000E+00
       0.0000E+00  4.5600E-05  7.1800E-05  1.3950E-04  2.2968E-05  6.2100E-05  1.9722E-06  2.2000E-06  0.0000E+00  0.0000E+00
       0.0000E+00  0.0000E+00  2.1000E-06  5.0000E-07  1.5000E-06  0.0000E+00  5.0000E-07  0.0000E+00  0.0000E+00  0.0000E+00
       0.0000E+00  0.0000E+00  0.0000E+00  0.0000E+00  0.0000E+00  0.0000E+00  0.0000E+00  0.0000E+00  0.0000E+00  0.0000E+00
       0.0000E+00  0.0000E+00  0.0000E+00  0.0000E+00  0.0000E+00  0.0000E+00  0.0000E+00  0.0000E+00  0.0000E+00  0.0000E+00
       0.0000E+00  0.0000E+00  0.0000E+00  0.0000E+00  0.0000E+00  0.0000E+00  0.0000E+00  0.0000E+00  0.0000E+00  0.0000E+00
       0.0000E+00  0.0000E+00  0.0000E+00  0.0000E+00  0.0000E+00  0.0000E+00  0.0000E+00  0.0000E+00  0.0000E+00  0.0000E+00
       0.0000E+00  0.0000E+00  0.0000E+00  0.0000E+00  0.0000E+00  0.0000E+00  0.0000E+00  0.0000E+00  0.0000E+00  0.0000E+00
       0.0000E+00  0.0000E+00  0.0000E+00  0.0000E+00  0.0000E+00  0.0000E+00  0.0000E+00  0.0000E+00  0.0000E+00  0.0000E+00
       0.0000E+00  0.0000E+00  0.0000E+00  0.0000E+00  0.0000E+00  0.0000E+00  0.0000E+00  0.0000E+00  0.0000E+00  0.0000E+00
       0.0000E+00  0.0000E+00  0.0000E+00  0.0000E+00  0.0000E+00  0.0000E+00  0.0000E+00  0.0000E+00  0.0000E+00  0.0000E+00
