
 *****  Protons in Lexan (0.20GeV, 1.0cm)                                                 *****

           DATE: 12/17/18,  TIME:  4:38:45

          Total number of particles followed        8000000, for a total weight of  8.0000E+06

1

   Res. nuclei n.   1  "Ian       " ,  all         products, region n.     5
      detector volume:  1.0000E+00 cm**3
      Max. Z:  10, Max. N-Z:  11 Min. N-Z: -4
      Data follow in a matrix A(z,n-z-k), k: -5 format (1(5x,1p,10(1x,e11.4)))

       0.0000E+00  0.0000E+00  0.0000E+00  0.0000E+00  0.0000E+00  0.0000E+00  0.0000E+00  0.0000E+00  0.0000E+00  0.0000E+00
       0.0000E+00  0.0000E+00  0.0000E+00  0.0000E+00  0.0000E+00  6.2875E-05  0.0000E+00  2.8750E-05  0.0000E+00  0.0000E+00
       0.0000E+00  0.0000E+00  0.0000E+00  0.0000E+00  5.9275E-04  1.0647E-03  2.0963E-04  1.4882E-03  0.0000E+00  0.0000E+00
       4.5949E+00  1.4804E-02  0.0000E+00  4.7509E-03  0.0000E+00  1.3344E-02  2.6760E-03  4.7725E-02  2.7500E-06  0.0000E+00
       3.2325E+00  2.0437E-01  1.2105E-02  0.0000E+00  7.4174E-03  4.8492E-02  2.3684E-02  7.0444E-02  8.1250E-06  6.6250E-06
       7.6080E-03  0.0000E+00  3.9411E-03  2.4031E-03  1.1408E-02  1.2110E-02  3.5884E-02  8.0493E-05  1.1250E-06  0.0000E+00
       0.0000E+00  2.6337E-04  4.7600E-04  1.2531E-03  3.9275E-04  3.0478E-03  2.5159E-04  1.0925E-04  0.0000E+00  0.0000E+00
       0.0000E+00  0.0000E+00  4.1875E-05  1.7750E-05  6.2750E-05  8.8750E-06  3.3500E-05  0.0000E+00  0.0000E+00  0.0000E+00
       0.0000E+00  6.2500E-07  0.0000E+00  1.0000E-06  0.0000E+00  1.7500E-06  0.0000E+00  0.0000E+00  0.0000E+00  0.0000E+00
       0.0000E+00  0.0000E+00  0.0000E+00  0.0000E+00  0.0000E+00  0.0000E+00  0.0000E+00  0.0000E+00  0.0000E+00  0.0000E+00
       0.0000E+00  0.0000E+00  0.0000E+00  0.0000E+00  0.0000E+00  0.0000E+00  0.0000E+00  0.0000E+00  0.0000E+00  0.0000E+00
       0.0000E+00  0.0000E+00  0.0000E+00  0.0000E+00  0.0000E+00  0.0000E+00  0.0000E+00  0.0000E+00  0.0000E+00  0.0000E+00
       0.0000E+00  0.0000E+00  0.0000E+00  0.0000E+00  0.0000E+00  0.0000E+00  0.0000E+00  0.0000E+00  0.0000E+00  0.0000E+00
       0.0000E+00  0.0000E+00  0.0000E+00  0.0000E+00  0.0000E+00  0.0000E+00  0.0000E+00  0.0000E+00  0.0000E+00  0.0000E+00
       0.0000E+00  0.0000E+00  0.0000E+00  0.0000E+00  0.0000E+00  0.0000E+00  0.0000E+00  0.0000E+00  0.0000E+00  0.0000E+00
       0.0000E+00  0.0000E+00  0.0000E+00  0.0000E+00  0.0000E+00  0.0000E+00  0.0000E+00  0.0000E+00  0.0000E+00  0.0000E+00
