
 *****  Protons in Lexan (0.08GeV, 1cm)                                                   *****

           DATE: 12/19/18,  TIME:  7:49:38

          Total number of particles followed       25000000, for a total weight of  2.5000E+07

1

   Res. nuclei n.   1  "Ian       " ,  all         products, region n.     5
      detector volume:  1.0000E+00 cm**3
      Max. Z:  10, Max. N-Z:  11 Min. N-Z: -4
      Data follow in a matrix A(z,n-z-k), k: -5 format (1(5x,1p,10(1x,e11.4)))

       0.0000E+00  0.0000E+00  0.0000E+00  0.0000E+00  0.0000E+00  0.0000E+00  0.0000E+00  0.0000E+00  0.0000E+00  0.0000E+00
       0.0000E+00  0.0000E+00  0.0000E+00  0.0000E+00  0.0000E+00  7.0400E-06  0.0000E+00  3.6000E-07  0.0000E+00  0.0000E+00
       0.0000E+00  0.0000E+00  0.0000E+00  0.0000E+00  1.3476E-04  1.2696E-04  3.8240E-05  1.5920E-05  0.0000E+00  0.0000E+00
       3.4531E-02  3.0900E-03  0.0000E+00  1.8989E-03  0.0000E+00  4.9202E-03  4.0400E-05  1.0739E-03  4.0000E-08  4.0000E-08
       7.9054E-03  3.7759E-02  2.5245E-03  0.0000E+00  1.4496E-03  2.1555E-02  6.0300E-04  2.3512E-03  2.0000E-07  4.0000E-07
       1.3217E-03  0.0000E+00  1.2478E-03  3.0851E-04  3.1121E-03  4.4160E-04  8.1481E-04  1.9736E-06  0.0000E+00  4.0000E-08
       0.0000E+00  3.1400E-05  5.1040E-05  1.0688E-04  1.8942E-05  6.5200E-05  1.1617E-06  3.2800E-06  0.0000E+00  0.0000E+00
       0.0000E+00  0.0000E+00  4.8000E-07  2.0000E-07  3.6000E-07  4.0000E-08  4.8000E-07  0.0000E+00  0.0000E+00  0.0000E+00
       0.0000E+00  0.0000E+00  0.0000E+00  0.0000E+00  0.0000E+00  0.0000E+00  0.0000E+00  0.0000E+00  0.0000E+00  0.0000E+00
       0.0000E+00  0.0000E+00  0.0000E+00  0.0000E+00  0.0000E+00  0.0000E+00  0.0000E+00  0.0000E+00  0.0000E+00  0.0000E+00
       0.0000E+00  0.0000E+00  0.0000E+00  0.0000E+00  0.0000E+00  0.0000E+00  0.0000E+00  0.0000E+00  0.0000E+00  0.0000E+00
       0.0000E+00  0.0000E+00  0.0000E+00  0.0000E+00  0.0000E+00  0.0000E+00  0.0000E+00  0.0000E+00  0.0000E+00  0.0000E+00
       0.0000E+00  0.0000E+00  0.0000E+00  0.0000E+00  0.0000E+00  0.0000E+00  0.0000E+00  0.0000E+00  0.0000E+00  0.0000E+00
       0.0000E+00  0.0000E+00  0.0000E+00  0.0000E+00  0.0000E+00  0.0000E+00  0.0000E+00  0.0000E+00  0.0000E+00  0.0000E+00
       0.0000E+00  0.0000E+00  0.0000E+00  0.0000E+00  0.0000E+00  0.0000E+00  0.0000E+00  0.0000E+00  0.0000E+00  0.0000E+00
       0.0000E+00  0.0000E+00  0.0000E+00  0.0000E+00  0.0000E+00  0.0000E+00  0.0000E+00  0.0000E+00  0.0000E+00  0.0000E+00
