
 *****  Protons in Lexan (0.08GeV, 1cm)                                                   *****

           DATE: 12/19/18,  TIME:  7:49:38

          Total number of particles followed       25000000, for a total weight of  2.5000E+07

1

   Bdrx n.   2  "ofluence  " , generalized particle n.    1, from region n.     5 to region n.     4
      detector area:  1.0000E+02 cm**2
      this is a one way only estimator
      this is a fluence like estimator
      linear energy binning from   0.0000E+00 to  1.3000E-01 GeV,   650 bins ( 2.0000E-04 GeV wide)
      linear angular binning from  0.0000E+00 to  6.2832E+00 sr ,     1 bins ( 6.2832E+00 sr wide )
      Data follow in a matrix A(ie,ia), format (1(5x,1p,10(1x,e11.4)))

       4.0664E-05  4.3666E-05  6.4631E-05  7.1889E-05  9.4451E-05  9.9854E-05  1.1775E-04  1.3701E-04  1.3721E-04  1.4775E-04
       1.3970E-04  1.7522E-04  2.0811E-04  1.9379E-04  1.8166E-04  1.9716E-04  2.1784E-04  2.0338E-04  2.2121E-04  2.3738E-04
       2.4354E-04  2.1896E-04  2.5702E-04  2.5199E-04  2.7983E-04  2.7030E-04  2.9836E-04  2.8380E-04  3.2020E-04  2.7988E-04
       2.9189E-04  3.1597E-04  3.2465E-04  3.1810E-04  3.5565E-04  3.3867E-04  3.5686E-04  3.3437E-04  3.7847E-04  3.1328E-04
       3.6885E-04  3.4331E-04  3.9170E-04  3.7439E-04  3.8140E-04  4.0277E-04  3.9390E-04  3.9521E-04  4.0545E-04  4.0556E-04
       4.2429E-04  4.0822E-04  4.2670E-04  4.0160E-04  4.1616E-04  4.5862E-04  4.5173E-04  4.5152E-04  4.5935E-04  4.7114E-04
       4.7596E-04  4.5630E-04  4.3903E-04  4.9153E-04  4.6755E-04  4.9774E-04  4.8197E-04  4.7395E-04  5.1435E-04  5.0958E-04
       5.1109E-04  4.9982E-04  5.0664E-04  5.2673E-04  4.8723E-04  4.9220E-04  5.1298E-04  5.4119E-04  5.4171E-04  5.3041E-04
       5.2682E-04  5.1375E-04  5.4565E-04  5.5087E-04  5.5466E-04  5.2780E-04  5.8488E-04  5.4351E-04  5.5871E-04  5.6986E-04
       5.6636E-04  5.4845E-04  5.7774E-04  5.5080E-04  5.7748E-04  5.6830E-04  5.7923E-04  5.7518E-04  6.1339E-04  5.9307E-04
       5.7703E-04  5.7852E-04  5.8891E-04  5.9362E-04  5.9023E-04  5.7968E-04  5.8346E-04  6.2782E-04  6.2867E-04  5.9714E-04
       6.0923E-04  5.9058E-04  5.8602E-04  6.2037E-04  6.2157E-04  6.1150E-04  6.2669E-04  6.0505E-04  6.1982E-04  6.1099E-04
       6.4729E-04  6.1832E-04  6.0049E-04  6.3118E-04  6.1772E-04  6.1835E-04  6.3396E-04  6.5989E-04  6.5394E-04  6.2313E-04
       6.3671E-04  6.4506E-04  6.7326E-04  6.4989E-04  6.0398E-04  6.6169E-04  6.1208E-04  6.6208E-04  6.2748E-04  6.4392E-04
       6.0122E-04  6.1412E-04  5.9971E-04  6.3622E-04  6.3661E-04  6.5028E-04  6.5207E-04  6.4763E-04  6.4731E-04  6.2077E-04
       6.4787E-04  6.3626E-04  6.4304E-04  6.4636E-04  6.3241E-04  6.2069E-04  6.4886E-04  6.4387E-04  6.2303E-04  6.6702E-04
       6.6338E-04  6.4418E-04  6.4437E-04  6.4824E-04  6.4746E-04  6.4063E-04  6.6695E-04  6.5847E-04  6.3689E-04  6.3826E-04
       6.6523E-04  6.6908E-04  6.3267E-04  6.2801E-04  6.6044E-04  6.3963E-04  6.5378E-04  6.6064E-04  6.3212E-04  6.2497E-04
       6.5242E-04  6.3729E-04  6.1080E-04  6.3957E-04  6.5410E-04  6.4880E-04  6.1687E-04  6.5357E-04  6.2739E-04  6.5540E-04
       6.2503E-04  6.3336E-04  6.1941E-04  6.5352E-04  5.8064E-04  6.1589E-04  6.0387E-04  5.9769E-04  6.0216E-04  5.9991E-04
       6.1017E-04  5.8856E-04  5.9785E-04  5.8409E-04  6.0109E-04  5.9893E-04  5.8207E-04  5.8556E-04  6.0570E-04  5.6353E-04
       5.5946E-04  5.8935E-04  5.4811E-04  5.3280E-04  5.5748E-04  5.6567E-04  5.1502E-04  5.2527E-04  5.4426E-04  4.9664E-04
       4.6912E-04  5.3041E-04  4.9342E-04  4.7218E-04  4.2661E-04  4.5925E-04  4.2007E-04  4.3991E-04  4.1610E-04  4.4124E-04
       3.9996E-04  3.9255E-04  4.0285E-04  3.9687E-04  3.8409E-04  3.9259E-04  3.8160E-04  4.1022E-04  3.7277E-04  3.9244E-04
       4.2068E-04  3.9286E-04  4.0613E-04  4.0265E-04  4.2813E-04  4.3065E-04  4.3173E-04  4.6912E-04  5.0564E-04  5.4660E-04
       5.3068E-04  5.7336E-04  6.3180E-04  6.2629E-04  6.8375E-04  6.8730E-04  7.6166E-04  7.7110E-04  9.0129E-04  9.1102E-04
       9.7612E-04  9.8376E-04  1.0822E-03  1.1087E-03  1.1981E-03  1.3417E-03  1.3691E-03  1.5243E-03  1.6622E-03  1.8718E-03
       2.1087E-03  2.4892E-03  2.9312E-03  3.5594E-03  4.2602E-03  5.3319E-03  7.2723E-03  1.0314E-02  1.6040E-02  2.6685E-02
       4.6084E-02  7.9848E-02  1.3537E-01  2.1792E-01  3.3258E-01  4.7240E-01  6.2444E-01  7.6406E-01  8.6213E-01  8.9493E-01
       8.4981E-01  7.3661E-01  5.8188E-01  4.1830E-01  2.7184E-01  1.6009E-01  8.5099E-02  4.0415E-02  1.7359E-02  6.5930E-03
       2.2117E-03  6.6695E-04  1.7677E-04  4.0448E-05  5.7325E-06  9.5560E-07  0.0000E+00  0.0000E+00  0.0000E+00  0.0000E+00
       0.0000E+00  0.0000E+00  0.0000E+00  0.0000E+00  0.0000E+00  0.0000E+00  0.0000E+00  0.0000E+00  0.0000E+00  0.0000E+00
       0.0000E+00  0.0000E+00  0.0000E+00  0.0000E+00  0.0000E+00  0.0000E+00  0.0000E+00  0.0000E+00  0.0000E+00  0.0000E+00
       0.0000E+00  0.0000E+00  0.0000E+00  0.0000E+00  0.0000E+00  0.0000E+00  0.0000E+00  0.0000E+00  0.0000E+00  0.0000E+00
       0.0000E+00  0.0000E+00  0.0000E+00  0.0000E+00  0.0000E+00  0.0000E+00  0.0000E+00  0.0000E+00  0.0000E+00  0.0000E+00
       0.0000E+00  0.0000E+00  0.0000E+00  0.0000E+00  0.0000E+00  0.0000E+00  0.0000E+00  0.0000E+00  0.0000E+00  0.0000E+00
       0.0000E+00  0.0000E+00  0.0000E+00  0.0000E+00  0.0000E+00  0.0000E+00  0.0000E+00  0.0000E+00  0.0000E+00  0.0000E+00
       0.0000E+00  0.0000E+00  0.0000E+00  0.0000E+00  0.0000E+00  0.0000E+00  0.0000E+00  0.0000E+00  0.0000E+00  0.0000E+00
       0.0000E+00  0.0000E+00  0.0000E+00  0.0000E+00  0.0000E+00  0.0000E+00  0.0000E+00  0.0000E+00  0.0000E+00  0.0000E+00
       0.0000E+00  0.0000E+00  0.0000E+00  0.0000E+00  0.0000E+00  0.0000E+00  0.0000E+00  0.0000E+00  0.0000E+00  0.0000E+00
       0.0000E+00  0.0000E+00  0.0000E+00  0.0000E+00  0.0000E+00  0.0000E+00  0.0000E+00  0.0000E+00  0.0000E+00  0.0000E+00
       0.0000E+00  0.0000E+00  0.0000E+00  0.0000E+00  0.0000E+00  0.0000E+00  0.0000E+00  0.0000E+00  0.0000E+00  0.0000E+00
       0.0000E+00  0.0000E+00  0.0000E+00  0.0000E+00  0.0000E+00  0.0000E+00  0.0000E+00  0.0000E+00  0.0000E+00  0.0000E+00
       0.0000E+00  0.0000E+00  0.0000E+00  0.0000E+00  0.0000E+00  0.0000E+00  0.0000E+00  0.0000E+00  0.0000E+00  0.0000E+00
       0.0000E+00  0.0000E+00  0.0000E+00  0.0000E+00  0.0000E+00  0.0000E+00  0.0000E+00  0.0000E+00  0.0000E+00  0.0000E+00
       0.0000E+00  0.0000E+00  0.0000E+00  0.0000E+00  0.0000E+00  0.0000E+00  0.0000E+00  0.0000E+00  0.0000E+00  0.0000E+00
       0.0000E+00  0.0000E+00  0.0000E+00  0.0000E+00  0.0000E+00  0.0000E+00  0.0000E+00  0.0000E+00  0.0000E+00  0.0000E+00
       0.0000E+00  0.0000E+00  0.0000E+00  0.0000E+00  0.0000E+00  0.0000E+00  0.0000E+00  0.0000E+00  0.0000E+00  0.0000E+00
       0.0000E+00  0.0000E+00  0.0000E+00  0.0000E+00  0.0000E+00  0.0000E+00  0.0000E+00  0.0000E+00  0.0000E+00  0.0000E+00
       0.0000E+00  0.0000E+00  0.0000E+00  0.0000E+00  0.0000E+00  0.0000E+00  0.0000E+00  0.0000E+00  0.0000E+00  0.0000E+00
       0.0000E+00  0.0000E+00  0.0000E+00  0.0000E+00  0.0000E+00  0.0000E+00  0.0000E+00  0.0000E+00  0.0000E+00  0.0000E+00
       0.0000E+00  0.0000E+00  0.0000E+00  0.0000E+00  0.0000E+00  0.0000E+00  0.0000E+00  0.0000E+00  0.0000E+00  0.0000E+00
       0.0000E+00  0.0000E+00  0.0000E+00  0.0000E+00  0.0000E+00  0.0000E+00  0.0000E+00  0.0000E+00  0.0000E+00  0.0000E+00
       0.0000E+00  0.0000E+00  0.0000E+00  0.0000E+00  0.0000E+00  0.0000E+00  0.0000E+00  0.0000E+00  0.0000E+00  0.0000E+00
       0.0000E+00  0.0000E+00  0.0000E+00  0.0000E+00  0.0000E+00  0.0000E+00  0.0000E+00  0.0000E+00  0.0000E+00  0.0000E+00
       0.0000E+00  0.0000E+00  0.0000E+00  0.0000E+00  0.0000E+00  0.0000E+00  0.0000E+00  0.0000E+00  0.0000E+00  0.0000E+00
       0.0000E+00  0.0000E+00  0.0000E+00  0.0000E+00  0.0000E+00  0.0000E+00  0.0000E+00  0.0000E+00  0.0000E+00  0.0000E+00
       0.0000E+00  0.0000E+00  0.0000E+00  0.0000E+00  0.0000E+00  0.0000E+00  0.0000E+00  0.0000E+00  0.0000E+00  0.0000E+00
       0.0000E+00  0.0000E+00  0.0000E+00  0.0000E+00  0.0000E+00  0.0000E+00  0.0000E+00  0.0000E+00  0.0000E+00  0.0000E+00
       0.0000E+00  0.0000E+00  0.0000E+00  0.0000E+00  0.0000E+00  0.0000E+00  0.0000E+00  0.0000E+00  0.0000E+00  0.0000E+00
       0.0000E+00  0.0000E+00  0.0000E+00  0.0000E+00  0.0000E+00  0.0000E+00  0.0000E+00  0.0000E+00  0.0000E+00  0.0000E+00
       0.0000E+00  0.0000E+00  0.0000E+00  0.0000E+00  0.0000E+00  0.0000E+00  0.0000E+00  0.0000E+00  0.0000E+00  0.0000E+00
       0.0000E+00  0.0000E+00  0.0000E+00  0.0000E+00  0.0000E+00  0.0000E+00  0.0000E+00  0.0000E+00  0.0000E+00  0.0000E+00
       0.0000E+00  0.0000E+00  0.0000E+00  0.0000E+00  0.0000E+00  0.0000E+00  0.0000E+00  0.0000E+00  0.0000E+00  0.0000E+00
       0.0000E+00  0.0000E+00  0.0000E+00  0.0000E+00  0.0000E+00  0.0000E+00  0.0000E+00  0.0000E+00  0.0000E+00  0.0000E+00
1

   Bdrx n.   6  "ofluence  " , generalized particle n.    1, from region n.     5 to region n.     4
      detector area:  1.0000E+02 cm**2
      this is a one way only estimator
      this is a fluence like estimator
      linear energy binning from   0.0000E+00 to  3.0000E+02 GeV,     1 bins ( 3.0000E+02 GeV wide)
      linear angular binning from  0.0000E+00 to  6.2832E+00 sr ,     1 bins ( 6.2832E+00 sr wide )
      Data follow in a matrix A(ie,ia), format (1(5x,1p,10(1x,e11.4)))

       5.2184E-06
