
 *****  Protons in Lexan (0.11GeV, 0cm)                                                   *****

           DATE: 12/18/18,  TIME:  7:37:36

          Total number of particles followed       50000000, for a total weight of  5.0000E+07

1

   Bdrx n.   2  "ofluence  " , generalized particle n.    1, from region n.     5 to region n.     4
      detector area:  1.0000E+02 cm**2
      this is a one way only estimator
      this is a fluence like estimator
      linear energy binning from   3.0000E-02 to  1.6000E-01 GeV,   650 bins ( 2.0000E-04 GeV wide)
      linear angular binning from  0.0000E+00 to  6.2832E+00 sr ,     1 bins ( 6.2832E+00 sr wide )
      Data follow in a matrix A(ie,ia), format (1(5x,1p,10(1x,e11.4)))

       2.7870E-04  2.5733E-04  2.7513E-04  2.7456E-04  2.8282E-04  2.7784E-04  2.6696E-04  2.9317E-04  2.7125E-04  2.8308E-04
       2.7456E-04  2.6360E-04  2.7743E-04  2.9187E-04  2.8586E-04  2.8853E-04  2.5816E-04  2.7599E-04  2.6011E-04  2.7100E-04
       2.7955E-04  2.7221E-04  2.9010E-04  2.7895E-04  2.7683E-04  2.8650E-04  2.7172E-04  2.7391E-04  2.9181E-04  2.8930E-04
       2.9134E-04  3.0104E-04  2.8425E-04  2.7678E-04  2.8067E-04  2.7632E-04  2.8240E-04  2.8878E-04  2.8086E-04  2.7356E-04
       2.9886E-04  2.8452E-04  3.0959E-04  2.6558E-04  2.7153E-04  2.7494E-04  2.7271E-04  2.7865E-04  2.7855E-04  2.6654E-04
       2.9772E-04  2.9094E-04  2.9164E-04  2.8277E-04  2.7811E-04  2.7688E-04  2.7537E-04  2.9759E-04  2.8183E-04  2.7121E-04
       2.8876E-04  2.8820E-04  2.8382E-04  2.7453E-04  2.8478E-04  2.8537E-04  2.8343E-04  2.8054E-04  2.8972E-04  3.0248E-04
       2.8315E-04  2.7709E-04  2.8594E-04  2.8034E-04  3.0416E-04  2.8642E-04  2.8659E-04  2.8381E-04  2.8289E-04  2.9128E-04
       3.0291E-04  2.8362E-04  2.7389E-04  2.8066E-04  2.8897E-04  2.7366E-04  2.7750E-04  2.8538E-04  2.7878E-04  2.9591E-04
       2.9544E-04  2.8443E-04  2.9016E-04  2.8805E-04  2.9552E-04  2.9200E-04  2.8511E-04  2.8236E-04  2.8588E-04  3.0284E-04
       2.8389E-04  2.9095E-04  2.9281E-04  2.9278E-04  2.7888E-04  2.9577E-04  2.8113E-04  2.8854E-04  2.9120E-04  2.8597E-04
       2.9280E-04  2.8835E-04  2.8022E-04  2.8072E-04  2.8860E-04  2.9608E-04  2.8610E-04  2.9002E-04  2.9341E-04  2.9237E-04
       2.9538E-04  2.8393E-04  2.8462E-04  2.8001E-04  2.9178E-04  2.8722E-04  2.8246E-04  2.8730E-04  3.0032E-04  2.9673E-04
       2.9330E-04  2.7864E-04  2.8706E-04  2.8363E-04  2.7987E-04  2.8510E-04  2.9657E-04  2.8278E-04  3.0223E-04  2.9226E-04
       2.9240E-04  2.7785E-04  2.8917E-04  2.8862E-04  2.8286E-04  2.7518E-04  2.9219E-04  2.8961E-04  2.9553E-04  2.8721E-04
       2.9691E-04  2.8481E-04  2.8543E-04  2.8837E-04  2.9239E-04  3.0128E-04  2.8178E-04  2.9954E-04  2.8337E-04  2.9191E-04
       2.8536E-04  2.8376E-04  2.9348E-04  2.7366E-04  2.7299E-04  2.7618E-04  2.9558E-04  2.8352E-04  2.8388E-04  3.0072E-04
       2.9788E-04  2.7407E-04  2.7931E-04  2.9901E-04  2.8315E-04  2.9280E-04  2.8127E-04  2.8873E-04  2.7055E-04  2.5470E-04
       2.8260E-04  2.7562E-04  2.9222E-04  2.8096E-04  2.9496E-04  2.7799E-04  2.6114E-04  2.6153E-04  2.7265E-04  2.6599E-04
       2.7181E-04  2.5976E-04  2.7862E-04  2.7862E-04  2.6186E-04  2.6795E-04  2.7645E-04  2.8016E-04  2.7074E-04  2.7999E-04
       2.7968E-04  2.5624E-04  2.6285E-04  2.6214E-04  2.6622E-04  2.5768E-04  2.5656E-04  2.5653E-04  2.5756E-04  2.4434E-04
       2.5527E-04  2.5052E-04  2.6043E-04  2.4979E-04  2.5783E-04  2.5314E-04  2.6095E-04  2.5191E-04  2.4674E-04  2.4302E-04
       2.5862E-04  2.5350E-04  2.5816E-04  2.5141E-04  2.4265E-04  2.3814E-04  2.4764E-04  2.4626E-04  2.3540E-04  2.3936E-04
       2.4181E-04  2.3842E-04  2.3238E-04  2.3510E-04  2.2977E-04  2.2828E-04  2.3858E-04  2.3171E-04  2.3160E-04  2.2631E-04
       2.4135E-04  2.2761E-04  2.2480E-04  2.2720E-04  2.2405E-04  2.1537E-04  2.2293E-04  2.2692E-04  2.2369E-04  2.2052E-04
       2.2709E-04  2.1648E-04  2.1792E-04  2.1127E-04  2.1343E-04  2.1519E-04  2.1239E-04  2.0752E-04  2.1438E-04  1.9790E-04
       1.9721E-04  2.0621E-04  2.2044E-04  1.9997E-04  1.9974E-04  1.9660E-04  2.0284E-04  2.0106E-04  1.9304E-04  1.9813E-04
       2.0061E-04  1.8494E-04  1.8838E-04  2.0403E-04  1.8928E-04  1.8480E-04  1.8363E-04  1.9116E-04  1.8559E-04  1.8624E-04
       1.9371E-04  1.9456E-04  1.9207E-04  1.7707E-04  1.7818E-04  1.8177E-04  1.6353E-04  1.8000E-04  1.7315E-04  1.6478E-04
       1.6511E-04  1.6541E-04  1.5663E-04  1.6513E-04  1.5767E-04  1.5352E-04  1.5285E-04  1.4146E-04  1.3664E-04  1.3711E-04
       1.3884E-04  1.2478E-04  1.2341E-04  1.1592E-04  1.1313E-04  1.0548E-04  1.0150E-04  1.0092E-04  8.5472E-05  9.6616E-05
       8.8975E-05  7.7711E-05  8.6209E-05  8.2789E-05  8.7915E-05  7.7610E-05  9.0114E-05  9.1202E-05  7.8948E-05  9.7349E-05
       9.6080E-05  1.0308E-04  9.4850E-05  1.0564E-04  1.0556E-04  1.1645E-04  1.2906E-04  1.2378E-04  1.4383E-04  1.5060E-04
       1.6273E-04  1.7659E-04  1.8245E-04  1.9761E-04  2.0968E-04  1.9930E-04  2.0225E-04  1.9811E-04  1.8668E-04  1.7844E-04
       1.7390E-04  1.8012E-04  2.1577E-04  2.3859E-04  2.8430E-04  3.7900E-04  5.3505E-04  8.2766E-04  1.5075E-03  3.1826E-03
       7.3887E-03  1.7622E-02  4.0311E-02  8.5834E-02  1.6891E-01  3.0084E-01  4.8400E-01  7.0132E-01  9.0801E-01  1.0492E+00
       1.0768E+00  9.7871E-01  7.8511E-01  5.5478E-01  3.4471E-01  1.8714E-01  8.8982E-02  3.6819E-02  1.3282E-02  4.1426E-03
       1.0982E-03  2.5214E-04  5.4279E-05  8.9136E-06  1.1144E-06  0.0000E+00  0.0000E+00  0.0000E+00  0.0000E+00  0.0000E+00
       0.0000E+00  0.0000E+00  0.0000E+00  0.0000E+00  0.0000E+00  0.0000E+00  0.0000E+00  0.0000E+00  0.0000E+00  0.0000E+00
       0.0000E+00  0.0000E+00  0.0000E+00  0.0000E+00  0.0000E+00  0.0000E+00  0.0000E+00  0.0000E+00  0.0000E+00  0.0000E+00
       0.0000E+00  0.0000E+00  0.0000E+00  0.0000E+00  0.0000E+00  0.0000E+00  0.0000E+00  0.0000E+00  0.0000E+00  0.0000E+00
       0.0000E+00  0.0000E+00  0.0000E+00  0.0000E+00  0.0000E+00  0.0000E+00  0.0000E+00  0.0000E+00  0.0000E+00  0.0000E+00
       0.0000E+00  0.0000E+00  0.0000E+00  0.0000E+00  0.0000E+00  0.0000E+00  0.0000E+00  0.0000E+00  0.0000E+00  0.0000E+00
       0.0000E+00  0.0000E+00  0.0000E+00  0.0000E+00  0.0000E+00  0.0000E+00  0.0000E+00  0.0000E+00  0.0000E+00  0.0000E+00
       0.0000E+00  0.0000E+00  0.0000E+00  0.0000E+00  0.0000E+00  0.0000E+00  0.0000E+00  0.0000E+00  0.0000E+00  0.0000E+00
       0.0000E+00  0.0000E+00  0.0000E+00  0.0000E+00  0.0000E+00  0.0000E+00  0.0000E+00  0.0000E+00  0.0000E+00  0.0000E+00
       0.0000E+00  0.0000E+00  0.0000E+00  0.0000E+00  0.0000E+00  0.0000E+00  0.0000E+00  0.0000E+00  0.0000E+00  0.0000E+00
       0.0000E+00  0.0000E+00  0.0000E+00  0.0000E+00  0.0000E+00  0.0000E+00  0.0000E+00  0.0000E+00  0.0000E+00  0.0000E+00
       0.0000E+00  0.0000E+00  0.0000E+00  0.0000E+00  0.0000E+00  0.0000E+00  0.0000E+00  0.0000E+00  0.0000E+00  0.0000E+00
       0.0000E+00  0.0000E+00  0.0000E+00  0.0000E+00  0.0000E+00  0.0000E+00  0.0000E+00  0.0000E+00  0.0000E+00  0.0000E+00
       0.0000E+00  0.0000E+00  0.0000E+00  0.0000E+00  0.0000E+00  0.0000E+00  0.0000E+00  0.0000E+00  0.0000E+00  0.0000E+00
       0.0000E+00  0.0000E+00  0.0000E+00  0.0000E+00  0.0000E+00  0.0000E+00  0.0000E+00  0.0000E+00  0.0000E+00  0.0000E+00
       0.0000E+00  0.0000E+00  0.0000E+00  0.0000E+00  0.0000E+00  0.0000E+00  0.0000E+00  0.0000E+00  0.0000E+00  0.0000E+00
       0.0000E+00  0.0000E+00  0.0000E+00  0.0000E+00  0.0000E+00  0.0000E+00  0.0000E+00  0.0000E+00  0.0000E+00  0.0000E+00
       0.0000E+00  0.0000E+00  0.0000E+00  0.0000E+00  0.0000E+00  0.0000E+00  0.0000E+00  0.0000E+00  0.0000E+00  0.0000E+00
       0.0000E+00  0.0000E+00  0.0000E+00  0.0000E+00  0.0000E+00  0.0000E+00  0.0000E+00  0.0000E+00  0.0000E+00  0.0000E+00
       0.0000E+00  0.0000E+00  0.0000E+00  0.0000E+00  0.0000E+00  0.0000E+00  0.0000E+00  0.0000E+00  0.0000E+00  0.0000E+00
       0.0000E+00  0.0000E+00  0.0000E+00  0.0000E+00  0.0000E+00  0.0000E+00  0.0000E+00  0.0000E+00  0.0000E+00  0.0000E+00
       0.0000E+00  0.0000E+00  0.0000E+00  0.0000E+00  0.0000E+00  0.0000E+00  0.0000E+00  0.0000E+00  0.0000E+00  0.0000E+00
       0.0000E+00  0.0000E+00  0.0000E+00  0.0000E+00  0.0000E+00  0.0000E+00  0.0000E+00  0.0000E+00  0.0000E+00  0.0000E+00
       0.0000E+00  0.0000E+00  0.0000E+00  0.0000E+00  0.0000E+00  0.0000E+00  0.0000E+00  0.0000E+00  0.0000E+00  0.0000E+00
       0.0000E+00  0.0000E+00  0.0000E+00  0.0000E+00  0.0000E+00  0.0000E+00  0.0000E+00  0.0000E+00  0.0000E+00  0.0000E+00
       0.0000E+00  0.0000E+00  0.0000E+00  0.0000E+00  0.0000E+00  0.0000E+00  0.0000E+00  0.0000E+00  0.0000E+00  0.0000E+00
       0.0000E+00  0.0000E+00  0.0000E+00  0.0000E+00  0.0000E+00  0.0000E+00  0.0000E+00  0.0000E+00  0.0000E+00  0.0000E+00
       0.0000E+00  0.0000E+00  0.0000E+00  0.0000E+00  0.0000E+00  0.0000E+00  0.0000E+00  0.0000E+00  0.0000E+00  0.0000E+00
1

   Bdrx n.   6  "ofluence  " , generalized particle n.    1, from region n.     5 to region n.     4
      detector area:  1.0000E+02 cm**2
      this is a one way only estimator
      this is a fluence like estimator
      linear energy binning from   0.0000E+00 to  3.0000E+02 GeV,     1 bins ( 3.0000E+02 GeV wide)
      linear angular binning from  0.0000E+00 to  6.2832E+00 sr ,     1 bins ( 6.2832E+00 sr wide )
      Data follow in a matrix A(ie,ia), format (1(5x,1p,10(1x,e11.4)))

       5.3040E-06
