
 *****  Protons in Lexan (0.11GeV, 0cm)                                                   *****

           DATE: 12/18/18,  TIME:  7:37:36

          Total number of particles followed       50000000, for a total weight of  5.0000E+07

1

   Res. nuclei n.   1  "Ian       " ,  all         products, region n.     5
      detector volume:  1.0000E+00 cm**3
      Max. Z:  10, Max. N-Z:  11 Min. N-Z: -4
      Data follow in a matrix A(z,n-z-k), k: -5 format (1(5x,1p,10(1x,e11.4)))

       0.0000E+00  0.0000E+00  0.0000E+00  0.0000E+00  0.0000E+00  0.0000E+00  0.0000E+00  0.0000E+00  0.0000E+00  0.0000E+00
       0.0000E+00  0.0000E+00  0.0000E+00  0.0000E+00  0.0000E+00  6.5400E-06  0.0000E+00  3.0000E-07  0.0000E+00  0.0000E+00
       0.0000E+00  0.0000E+00  0.0000E+00  0.0000E+00  5.9820E-05  8.5360E-05  1.4720E-05  1.2920E-05  0.0000E+00  0.0000E+00
       1.1021E-02  1.6375E-03  0.0000E+00  8.3754E-04  0.0000E+00  2.2284E-03  2.6920E-05  5.1014E-04  0.0000E+00  0.0000E+00
       2.6919E-03  1.4356E-02  1.1557E-03  0.0000E+00  7.0540E-04  5.5945E-03  2.6452E-04  6.4875E-04  0.0000E+00  1.2000E-07
       7.3406E-04  0.0000E+00  5.5388E-04  1.4372E-04  1.2894E-03  1.7361E-04  3.1916E-04  6.4251E-07  6.0000E-08  0.0000E+00
       0.0000E+00  2.4940E-05  3.8500E-05  7.4020E-05  1.1227E-05  2.9280E-05  6.3709E-07  9.0000E-07  0.0000E+00  0.0000E+00
       0.0000E+00  0.0000E+00  1.0200E-06  2.8000E-07  6.4000E-07  2.0000E-08  3.8000E-07  0.0000E+00  0.0000E+00  0.0000E+00
       0.0000E+00  0.0000E+00  0.0000E+00  0.0000E+00  0.0000E+00  0.0000E+00  0.0000E+00  0.0000E+00  0.0000E+00  0.0000E+00
       0.0000E+00  0.0000E+00  0.0000E+00  0.0000E+00  0.0000E+00  0.0000E+00  0.0000E+00  0.0000E+00  0.0000E+00  0.0000E+00
       0.0000E+00  0.0000E+00  0.0000E+00  0.0000E+00  0.0000E+00  0.0000E+00  0.0000E+00  0.0000E+00  0.0000E+00  0.0000E+00
       0.0000E+00  0.0000E+00  0.0000E+00  0.0000E+00  0.0000E+00  0.0000E+00  0.0000E+00  0.0000E+00  0.0000E+00  0.0000E+00
       0.0000E+00  0.0000E+00  0.0000E+00  0.0000E+00  0.0000E+00  0.0000E+00  0.0000E+00  0.0000E+00  0.0000E+00  0.0000E+00
       0.0000E+00  0.0000E+00  0.0000E+00  0.0000E+00  0.0000E+00  0.0000E+00  0.0000E+00  0.0000E+00  0.0000E+00  0.0000E+00
       0.0000E+00  0.0000E+00  0.0000E+00  0.0000E+00  0.0000E+00  0.0000E+00  0.0000E+00  0.0000E+00  0.0000E+00  0.0000E+00
       0.0000E+00  0.0000E+00  0.0000E+00  0.0000E+00  0.0000E+00  0.0000E+00  0.0000E+00  0.0000E+00  0.0000E+00  0.0000E+00
