
 *****  Protons in Lexan (0.11GeV, 0cm)                                                   *****

           DATE: 12/18/18,  TIME:  7:37:36

          Total number of particles followed       50000000, for a total weight of  5.0000E+07

1

   Bdrx n.   4  "ocurrent  " , generalized particle n.    1, from region n.     5 to region n.     4
      detector area:  1.0000E+02 cm**2
      this is a one way only estimator
      this is a current like estimator
      linear energy binning from   3.0000E-02 to  1.6000E-01 GeV,   650 bins ( 2.0000E-04 GeV wide)
      linear angular binning from  0.0000E+00 to  6.2832E+00 sr ,     1 bins ( 6.2832E+00 sr wide )
      Data follow in a matrix A(ie,ia), format (1(5x,1p,10(1x,e11.4)))

       1.7985E-04  1.6616E-04  1.7364E-04  1.7571E-04  1.7921E-04  1.7571E-04  1.7109E-04  1.8860E-04  1.7427E-04  1.7412E-04
       1.7730E-04  1.7045E-04  1.7459E-04  1.8398E-04  1.8080E-04  1.8796E-04  1.6584E-04  1.8319E-04  1.7300E-04  1.7841E-04
       1.8637E-04  1.7985E-04  1.8733E-04  1.8876E-04  1.7857E-04  1.8733E-04  1.8239E-04  1.8255E-04  1.9035E-04  1.8510E-04
       1.9290E-04  1.9672E-04  1.8351E-04  1.7650E-04  1.8526E-04  1.8271E-04  1.8844E-04  1.9656E-04  1.8955E-04  1.8605E-04
       1.9449E-04  1.9226E-04  1.9815E-04  1.8319E-04  1.8542E-04  1.8319E-04  1.8860E-04  1.8542E-04  1.8589E-04  1.8446E-04
       1.9656E-04  1.9783E-04  1.9831E-04  1.8844E-04  1.9130E-04  1.9401E-04  1.9369E-04  1.9433E-04  1.9369E-04  1.9162E-04
       2.0054E-04  1.9974E-04  1.9703E-04  1.9544E-04  1.9847E-04  1.9369E-04  1.9767E-04  1.9321E-04  2.0388E-04  2.1422E-04
       2.0101E-04  1.9258E-04  2.0451E-04  1.9687E-04  2.1247E-04  1.9910E-04  2.0531E-04  1.9974E-04  2.0133E-04  2.0611E-04
       2.1565E-04  2.0324E-04  1.9926E-04  2.0404E-04  2.0611E-04  1.9847E-04  1.9926E-04  2.0595E-04  2.0260E-04  2.1215E-04
       2.0738E-04  2.0579E-04  2.0770E-04  2.0611E-04  2.1422E-04  2.0324E-04  2.0499E-04  2.0420E-04  2.0690E-04  2.1438E-04
       2.0977E-04  2.1629E-04  2.1152E-04  2.1072E-04  2.0467E-04  2.0913E-04  2.1231E-04  2.1072E-04  2.1422E-04  2.1104E-04
       2.1820E-04  2.1661E-04  2.0961E-04  2.0977E-04  2.1677E-04  2.2154E-04  2.1120E-04  2.1947E-04  2.1900E-04  2.1963E-04
       2.2393E-04  2.1550E-04  2.1725E-04  2.1199E-04  2.2393E-04  2.1375E-04  2.1661E-04  2.1629E-04  2.2823E-04  2.1772E-04
       2.2107E-04  2.1231E-04  2.2091E-04  2.1772E-04  2.1518E-04  2.1995E-04  2.2966E-04  2.1709E-04  2.3093E-04  2.2520E-04
       2.2632E-04  2.1677E-04  2.2186E-04  2.2298E-04  2.1963E-04  2.1359E-04  2.2584E-04  2.2600E-04  2.2807E-04  2.2234E-04
       2.3077E-04  2.2711E-04  2.2314E-04  2.2536E-04  2.2632E-04  2.3666E-04  2.2250E-04  2.3873E-04  2.2409E-04  2.2839E-04
       2.3109E-04  2.2727E-04  2.3237E-04  2.2059E-04  2.1852E-04  2.2075E-04  2.3762E-04  2.2759E-04  2.2616E-04  2.4128E-04
       2.3937E-04  2.2250E-04  2.2759E-04  2.4255E-04  2.3014E-04  2.3380E-04  2.2441E-04  2.3459E-04  2.2186E-04  2.0993E-04
       2.3221E-04  2.2250E-04  2.3778E-04  2.2902E-04  2.3730E-04  2.2743E-04  2.1406E-04  2.1581E-04  2.2441E-04  2.1947E-04
       2.2329E-04  2.1263E-04  2.3077E-04  2.3300E-04  2.1645E-04  2.2377E-04  2.2886E-04  2.2839E-04  2.2568E-04  2.3332E-04
       2.2982E-04  2.1422E-04  2.1979E-04  2.1772E-04  2.2218E-04  2.1947E-04  2.1629E-04  2.1088E-04  2.1629E-04  2.0674E-04
       2.1836E-04  2.0977E-04  2.2218E-04  2.1056E-04  2.1772E-04  2.1263E-04  2.2186E-04  2.1215E-04  2.0849E-04  2.0754E-04
       2.1900E-04  2.1502E-04  2.1868E-04  2.1406E-04  2.0658E-04  2.0435E-04  2.1104E-04  2.0897E-04  2.0197E-04  2.0165E-04
       2.0451E-04  2.0292E-04  2.0133E-04  2.0451E-04  1.9926E-04  1.9608E-04  1.9990E-04  1.9624E-04  2.0149E-04  1.9624E-04
       2.0945E-04  1.9799E-04  1.9544E-04  1.9512E-04  1.9401E-04  1.8860E-04  1.9226E-04  1.9767E-04  1.9481E-04  1.9178E-04
       1.9576E-04  1.8876E-04  1.8860E-04  1.8478E-04  1.8573E-04  1.8748E-04  1.8653E-04  1.8382E-04  1.8908E-04  1.7475E-04
       1.7221E-04  1.7969E-04  1.9242E-04  1.7666E-04  1.7714E-04  1.7650E-04  1.8000E-04  1.7937E-04  1.7014E-04  1.7491E-04
       1.7714E-04  1.6711E-04  1.6807E-04  1.8064E-04  1.6743E-04  1.6329E-04  1.6425E-04  1.7061E-04  1.6600E-04  1.6664E-04
       1.7332E-04  1.7173E-04  1.7014E-04  1.5979E-04  1.6011E-04  1.6313E-04  1.4833E-04  1.5804E-04  1.5374E-04  1.4658E-04
       1.4722E-04  1.4913E-04  1.3878E-04  1.4690E-04  1.4292E-04  1.3815E-04  1.3417E-04  1.2701E-04  1.2128E-04  1.2239E-04
       1.2382E-04  1.1141E-04  1.1077E-04  1.0218E-04  9.6130E-05  9.3106E-05  8.8808E-05  8.6421E-05  7.4166E-05  8.0055E-05
       7.3370E-05  6.3821E-05  7.1779E-05  6.7163E-05  7.1779E-05  6.3662E-05  7.4166E-05  7.5439E-05  6.5572E-05  7.9100E-05
       7.9737E-05  8.4989E-05  7.9259E-05  8.9445E-05  8.8013E-05  9.9472E-05  1.1125E-04  1.0711E-04  1.2462E-04  1.3210E-04
       1.4435E-04  1.5740E-04  1.6488E-04  1.8064E-04  1.9130E-04  1.8319E-04  1.8398E-04  1.8000E-04  1.6791E-04  1.5725E-04
       1.5152E-04  1.5820E-04  1.8987E-04  2.1040E-04  2.5353E-04  3.4155E-04  4.8765E-04  7.7270E-04  1.4378E-03  3.0980E-03
       7.2860E-03  1.7493E-02  4.0155E-02  8.5647E-02  1.6869E-01  3.0058E-01  4.8371E-01  7.0101E-01  9.0769E-01  1.0489E+00
       1.0765E+00  9.7849E-01  7.8495E-01  5.5468E-01  3.4465E-01  1.8711E-01  8.8968E-02  3.6813E-02  1.3280E-02  4.1420E-03
       1.0980E-03  2.5210E-04  5.4272E-05  8.9127E-06  1.1141E-06  0.0000E+00  0.0000E+00  0.0000E+00  0.0000E+00  0.0000E+00
       0.0000E+00  0.0000E+00  0.0000E+00  0.0000E+00  0.0000E+00  0.0000E+00  0.0000E+00  0.0000E+00  0.0000E+00  0.0000E+00
       0.0000E+00  0.0000E+00  0.0000E+00  0.0000E+00  0.0000E+00  0.0000E+00  0.0000E+00  0.0000E+00  0.0000E+00  0.0000E+00
       0.0000E+00  0.0000E+00  0.0000E+00  0.0000E+00  0.0000E+00  0.0000E+00  0.0000E+00  0.0000E+00  0.0000E+00  0.0000E+00
       0.0000E+00  0.0000E+00  0.0000E+00  0.0000E+00  0.0000E+00  0.0000E+00  0.0000E+00  0.0000E+00  0.0000E+00  0.0000E+00
       0.0000E+00  0.0000E+00  0.0000E+00  0.0000E+00  0.0000E+00  0.0000E+00  0.0000E+00  0.0000E+00  0.0000E+00  0.0000E+00
       0.0000E+00  0.0000E+00  0.0000E+00  0.0000E+00  0.0000E+00  0.0000E+00  0.0000E+00  0.0000E+00  0.0000E+00  0.0000E+00
       0.0000E+00  0.0000E+00  0.0000E+00  0.0000E+00  0.0000E+00  0.0000E+00  0.0000E+00  0.0000E+00  0.0000E+00  0.0000E+00
       0.0000E+00  0.0000E+00  0.0000E+00  0.0000E+00  0.0000E+00  0.0000E+00  0.0000E+00  0.0000E+00  0.0000E+00  0.0000E+00
       0.0000E+00  0.0000E+00  0.0000E+00  0.0000E+00  0.0000E+00  0.0000E+00  0.0000E+00  0.0000E+00  0.0000E+00  0.0000E+00
       0.0000E+00  0.0000E+00  0.0000E+00  0.0000E+00  0.0000E+00  0.0000E+00  0.0000E+00  0.0000E+00  0.0000E+00  0.0000E+00
       0.0000E+00  0.0000E+00  0.0000E+00  0.0000E+00  0.0000E+00  0.0000E+00  0.0000E+00  0.0000E+00  0.0000E+00  0.0000E+00
       0.0000E+00  0.0000E+00  0.0000E+00  0.0000E+00  0.0000E+00  0.0000E+00  0.0000E+00  0.0000E+00  0.0000E+00  0.0000E+00
       0.0000E+00  0.0000E+00  0.0000E+00  0.0000E+00  0.0000E+00  0.0000E+00  0.0000E+00  0.0000E+00  0.0000E+00  0.0000E+00
       0.0000E+00  0.0000E+00  0.0000E+00  0.0000E+00  0.0000E+00  0.0000E+00  0.0000E+00  0.0000E+00  0.0000E+00  0.0000E+00
       0.0000E+00  0.0000E+00  0.0000E+00  0.0000E+00  0.0000E+00  0.0000E+00  0.0000E+00  0.0000E+00  0.0000E+00  0.0000E+00
       0.0000E+00  0.0000E+00  0.0000E+00  0.0000E+00  0.0000E+00  0.0000E+00  0.0000E+00  0.0000E+00  0.0000E+00  0.0000E+00
       0.0000E+00  0.0000E+00  0.0000E+00  0.0000E+00  0.0000E+00  0.0000E+00  0.0000E+00  0.0000E+00  0.0000E+00  0.0000E+00
       0.0000E+00  0.0000E+00  0.0000E+00  0.0000E+00  0.0000E+00  0.0000E+00  0.0000E+00  0.0000E+00  0.0000E+00  0.0000E+00
       0.0000E+00  0.0000E+00  0.0000E+00  0.0000E+00  0.0000E+00  0.0000E+00  0.0000E+00  0.0000E+00  0.0000E+00  0.0000E+00
       0.0000E+00  0.0000E+00  0.0000E+00  0.0000E+00  0.0000E+00  0.0000E+00  0.0000E+00  0.0000E+00  0.0000E+00  0.0000E+00
       0.0000E+00  0.0000E+00  0.0000E+00  0.0000E+00  0.0000E+00  0.0000E+00  0.0000E+00  0.0000E+00  0.0000E+00  0.0000E+00
       0.0000E+00  0.0000E+00  0.0000E+00  0.0000E+00  0.0000E+00  0.0000E+00  0.0000E+00  0.0000E+00  0.0000E+00  0.0000E+00
       0.0000E+00  0.0000E+00  0.0000E+00  0.0000E+00  0.0000E+00  0.0000E+00  0.0000E+00  0.0000E+00  0.0000E+00  0.0000E+00
       0.0000E+00  0.0000E+00  0.0000E+00  0.0000E+00  0.0000E+00  0.0000E+00  0.0000E+00  0.0000E+00  0.0000E+00  0.0000E+00
       0.0000E+00  0.0000E+00  0.0000E+00  0.0000E+00  0.0000E+00  0.0000E+00  0.0000E+00  0.0000E+00  0.0000E+00  0.0000E+00
       0.0000E+00  0.0000E+00  0.0000E+00  0.0000E+00  0.0000E+00  0.0000E+00  0.0000E+00  0.0000E+00  0.0000E+00  0.0000E+00
       0.0000E+00  0.0000E+00  0.0000E+00  0.0000E+00  0.0000E+00  0.0000E+00  0.0000E+00  0.0000E+00  0.0000E+00  0.0000E+00
