
 *****  Protons in Lexan (0.15GeV, 2.0cm)                                                 *****

           DATE: 12/ 1/18,  TIME:  6:36:47

          Total number of particles followed       10000000, for a total weight of  1.0000E+07

1

   Bdrx n.   4  "ocurrent  " , generalized particle n.    1, from region n.     5 to region n.     4
      detector area:  1.0000E+02 cm**2
      this is a one way only estimator
      this is a current like estimator
      linear energy binning from   6.0000E-02 to  2.0000E-01 GeV,   650 bins ( 2.1538E-04 GeV wide)
      linear angular binning from  0.0000E+00 to  6.2832E+00 sr ,     1 bins ( 6.2832E+00 sr wide )
      Data follow in a matrix A(ie,ia), format (1(5x,1p,10(1x,e11.4)))

       2.8375E-04  2.7636E-04  2.9040E-04  2.7267E-04  2.7784E-04  2.9853E-04  2.8079E-04  2.7267E-04  2.6749E-04  2.7341E-04
       2.7414E-04  2.9853E-04  2.8597E-04  2.7710E-04  2.8745E-04  2.7562E-04  2.9262E-04  2.8079E-04  2.9114E-04  2.9853E-04
       2.6158E-04  3.2439E-04  2.7710E-04  2.7119E-04  2.9557E-04  2.6897E-04  3.1035E-04  3.2587E-04  2.9483E-04  2.9410E-04
       2.7858E-04  2.8227E-04  2.9410E-04  3.0222E-04  2.9262E-04  2.9410E-04  2.9705E-04  3.0001E-04  2.8966E-04  2.8079E-04
       3.1700E-04  2.8966E-04  3.0740E-04  2.8671E-04  2.9483E-04  2.9410E-04  2.9779E-04  3.0001E-04  2.8523E-04  2.8153E-04
       2.8301E-04  3.0001E-04  2.8153E-04  2.7932E-04  2.8523E-04  3.0222E-04  2.9631E-04  2.8006E-04  3.0296E-04  3.3400E-04
       2.8892E-04  2.9188E-04  2.8301E-04  3.0001E-04  3.2218E-04  2.7858E-04  2.6454E-04  3.0222E-04  3.0075E-04  2.9336E-04
       3.0075E-04  2.9188E-04  3.1331E-04  3.1996E-04  3.0666E-04  3.0518E-04  2.9927E-04  2.7562E-04  3.0075E-04  3.0740E-04
       3.0666E-04  3.1257E-04  3.1552E-04  3.0075E-04  2.7636E-04  2.9705E-04  3.0740E-04  3.2291E-04  2.9410E-04  3.0001E-04
       3.1257E-04  3.1552E-04  3.0296E-04  3.1996E-04  3.2809E-04  3.0814E-04  3.1922E-04  3.0518E-04  2.8892E-04  2.9557E-04
       2.9631E-04  3.1109E-04  3.0666E-04  3.0148E-04  2.8006E-04  3.2809E-04  3.0518E-04  3.3252E-04  3.1035E-04  3.2661E-04
       3.0148E-04  3.0444E-04  2.9262E-04  2.9631E-04  3.2144E-04  2.9779E-04  3.1035E-04  3.1331E-04  3.1774E-04  3.0148E-04
       3.0814E-04  3.2291E-04  3.3695E-04  3.0887E-04  3.0518E-04  3.0075E-04  3.1035E-04  3.0961E-04  3.1479E-04  3.3104E-04
       2.9927E-04  3.0740E-04  3.0075E-04  3.0666E-04  3.1257E-04  2.9779E-04  3.0887E-04  3.1922E-04  3.2070E-04  3.1257E-04
       3.1183E-04  3.2809E-04  3.1257E-04  3.0518E-04  3.1774E-04  3.0666E-04  3.0222E-04  3.2291E-04  2.9410E-04  3.1479E-04
       3.0001E-04  3.2587E-04  2.8227E-04  3.2513E-04  2.7562E-04  3.1035E-04  2.9483E-04  3.0961E-04  3.1848E-04  3.3917E-04
       3.1996E-04  3.0961E-04  3.0075E-04  2.9705E-04  3.0001E-04  3.1035E-04  3.1405E-04  3.1848E-04  3.0222E-04  2.9853E-04
       3.5395E-04  3.2291E-04  3.1552E-04  3.2218E-04  3.1626E-04  3.5838E-04  3.2144E-04  3.0592E-04  3.1331E-04  3.0222E-04
       3.1922E-04  3.2513E-04  3.1626E-04  3.3621E-04  2.6823E-04  2.9483E-04  2.8523E-04  3.1331E-04  3.1035E-04  3.2070E-04
       3.0296E-04  3.1109E-04  2.8375E-04  3.0444E-04  3.1479E-04  3.0222E-04  3.1405E-04  2.9927E-04  2.9557E-04  3.3030E-04
       3.1183E-04  2.7267E-04  3.0518E-04  3.0518E-04  2.6454E-04  3.1479E-04  3.2291E-04  2.8449E-04  2.9853E-04  3.0370E-04
       2.9557E-04  2.9188E-04  2.9114E-04  2.6528E-04  2.8818E-04  2.7932E-04  2.7414E-04  3.0001E-04  2.8597E-04  2.8227E-04
       2.7045E-04  2.8006E-04  2.5863E-04  2.7488E-04  2.7488E-04  2.8818E-04  2.8006E-04  2.9040E-04  2.8745E-04  2.9336E-04
       2.7858E-04  2.7267E-04  2.7710E-04  2.3868E-04  2.5863E-04  2.8597E-04  2.7045E-04  2.7045E-04  2.7710E-04  2.6897E-04
       2.4237E-04  2.4902E-04  2.5863E-04  2.6454E-04  2.4163E-04  2.5050E-04  2.4533E-04  2.5567E-04  2.4902E-04  2.6380E-04
       2.4089E-04  2.8671E-04  2.5198E-04  2.5493E-04  2.3794E-04  2.4754E-04  2.5198E-04  2.2685E-04  2.5272E-04  2.3055E-04
       2.4828E-04  2.3941E-04  2.4606E-04  2.3498E-04  2.1651E-04  2.4311E-04  2.6084E-04  2.3941E-04  2.2685E-04  2.2907E-04
       2.3203E-04  2.2685E-04  2.1872E-04  2.1946E-04  2.1577E-04  2.4015E-04  2.0764E-04  2.0616E-04  2.2685E-04  2.2020E-04
       2.3424E-04  2.1060E-04  2.0099E-04  2.1207E-04  1.8252E-04  2.1799E-04  1.9582E-04  2.0247E-04  2.0986E-04  1.9730E-04
       1.8695E-04  1.9508E-04  1.6848E-04  2.0764E-04  1.6700E-04  1.8030E-04  1.8843E-04  1.5665E-04  1.6848E-04  1.5518E-04
       1.5813E-04  1.6257E-04  1.6404E-04  1.3449E-04  1.4335E-04  1.2266E-04  1.1749E-04  1.3153E-04  1.0049E-04  1.1084E-04
       9.1628E-05  8.6455E-05  9.7539E-05  9.1628E-05  9.3106E-05  9.6800E-05  9.8278E-05  9.6061E-05  9.0150E-05  9.5322E-05
       1.0049E-04  1.0715E-04  1.1453E-04  1.0049E-04  1.2710E-04  1.1306E-04  1.1010E-04  1.4557E-04  1.4705E-04  1.6995E-04
       1.8030E-04  1.8769E-04  1.8843E-04  2.0838E-04  2.0838E-04  2.0247E-04  1.8695E-04  2.2242E-04  2.5567E-04  2.5863E-04
       2.8375E-04  3.8646E-04  5.9041E-04  1.0449E-03  2.0638E-03  4.0087E-03  8.1113E-03  1.5752E-02  2.9649E-02  5.4293E-02
       9.2337E-02  1.5037E-01  2.2963E-01  3.3067E-01  4.4704E-01  5.6612E-01  6.7139E-01  7.4139E-01  7.6351E-01  7.3325E-01
       6.5375E-01  5.4312E-01  4.1669E-01  2.9487E-01  1.9330E-01  1.1774E-01  6.5580E-02  3.3732E-02  1.5914E-02  6.8521E-03
       2.7614E-03  1.0441E-03  3.5543E-04  1.0271E-04  2.8818E-05  4.4336E-06  2.2168E-06  0.0000E+00  0.0000E+00  0.0000E+00
       0.0000E+00  0.0000E+00  0.0000E+00  0.0000E+00  0.0000E+00  0.0000E+00  0.0000E+00  0.0000E+00  0.0000E+00  0.0000E+00
       0.0000E+00  0.0000E+00  0.0000E+00  0.0000E+00  0.0000E+00  0.0000E+00  0.0000E+00  0.0000E+00  0.0000E+00  0.0000E+00
       0.0000E+00  0.0000E+00  0.0000E+00  0.0000E+00  0.0000E+00  0.0000E+00  0.0000E+00  0.0000E+00  0.0000E+00  0.0000E+00
       0.0000E+00  0.0000E+00  0.0000E+00  0.0000E+00  0.0000E+00  0.0000E+00  0.0000E+00  0.0000E+00  0.0000E+00  0.0000E+00
       0.0000E+00  0.0000E+00  0.0000E+00  0.0000E+00  0.0000E+00  0.0000E+00  0.0000E+00  0.0000E+00  0.0000E+00  0.0000E+00
       0.0000E+00  0.0000E+00  0.0000E+00  0.0000E+00  0.0000E+00  0.0000E+00  0.0000E+00  0.0000E+00  0.0000E+00  0.0000E+00
       0.0000E+00  0.0000E+00  0.0000E+00  0.0000E+00  0.0000E+00  0.0000E+00  0.0000E+00  0.0000E+00  0.0000E+00  0.0000E+00
       0.0000E+00  0.0000E+00  0.0000E+00  0.0000E+00  0.0000E+00  0.0000E+00  0.0000E+00  0.0000E+00  0.0000E+00  0.0000E+00
       0.0000E+00  0.0000E+00  0.0000E+00  0.0000E+00  0.0000E+00  0.0000E+00  0.0000E+00  0.0000E+00  0.0000E+00  0.0000E+00
       0.0000E+00  0.0000E+00  0.0000E+00  0.0000E+00  0.0000E+00  0.0000E+00  0.0000E+00  0.0000E+00  0.0000E+00  0.0000E+00
       0.0000E+00  0.0000E+00  0.0000E+00  0.0000E+00  0.0000E+00  0.0000E+00  0.0000E+00  0.0000E+00  0.0000E+00  0.0000E+00
       0.0000E+00  0.0000E+00  0.0000E+00  0.0000E+00  0.0000E+00  0.0000E+00  0.0000E+00  0.0000E+00  0.0000E+00  0.0000E+00
       0.0000E+00  0.0000E+00  0.0000E+00  0.0000E+00  0.0000E+00  0.0000E+00  0.0000E+00  0.0000E+00  0.0000E+00  0.0000E+00
       0.0000E+00  0.0000E+00  0.0000E+00  0.0000E+00  0.0000E+00  0.0000E+00  0.0000E+00  0.0000E+00  0.0000E+00  0.0000E+00
       0.0000E+00  0.0000E+00  0.0000E+00  0.0000E+00  0.0000E+00  0.0000E+00  0.0000E+00  0.0000E+00  0.0000E+00  0.0000E+00
       0.0000E+00  0.0000E+00  0.0000E+00  0.0000E+00  0.0000E+00  0.0000E+00  0.0000E+00  0.0000E+00  0.0000E+00  0.0000E+00
       0.0000E+00  0.0000E+00  0.0000E+00  0.0000E+00  0.0000E+00  0.0000E+00  0.0000E+00  0.0000E+00  0.0000E+00  0.0000E+00
       0.0000E+00  0.0000E+00  0.0000E+00  0.0000E+00  0.0000E+00  0.0000E+00  0.0000E+00  0.0000E+00  0.0000E+00  0.0000E+00
       0.0000E+00  0.0000E+00  0.0000E+00  0.0000E+00  0.0000E+00  0.0000E+00  0.0000E+00  0.0000E+00  0.0000E+00  0.0000E+00
       0.0000E+00  0.0000E+00  0.0000E+00  0.0000E+00  0.0000E+00  0.0000E+00  0.0000E+00  0.0000E+00  0.0000E+00  0.0000E+00
       0.0000E+00  0.0000E+00  0.0000E+00  0.0000E+00  0.0000E+00  0.0000E+00  0.0000E+00  0.0000E+00  0.0000E+00  0.0000E+00
       0.0000E+00  0.0000E+00  0.0000E+00  0.0000E+00  0.0000E+00  0.0000E+00  0.0000E+00  0.0000E+00  0.0000E+00  0.0000E+00
       0.0000E+00  0.0000E+00  0.0000E+00  0.0000E+00  0.0000E+00  0.0000E+00  0.0000E+00  0.0000E+00  0.0000E+00  0.0000E+00
       0.0000E+00  0.0000E+00  0.0000E+00  0.0000E+00  0.0000E+00  0.0000E+00  0.0000E+00  0.0000E+00  0.0000E+00  0.0000E+00
       0.0000E+00  0.0000E+00  0.0000E+00  0.0000E+00  0.0000E+00  0.0000E+00  0.0000E+00  0.0000E+00  0.0000E+00  0.0000E+00
       0.0000E+00  0.0000E+00  0.0000E+00  0.0000E+00  0.0000E+00  0.0000E+00  0.0000E+00  0.0000E+00  0.0000E+00  0.0000E+00
       0.0000E+00  0.0000E+00  0.0000E+00  0.0000E+00  0.0000E+00  0.0000E+00  0.0000E+00  0.0000E+00  0.0000E+00  0.0000E+00
