
 *****  Protons in Lexan (0.15GeV, 2.0cm)                                                 *****

           DATE: 12/ 1/18,  TIME:  6:36:47

          Total number of particles followed       10000000, for a total weight of  1.0000E+07

1

   Res. nuclei n.   1  "Ian       " ,  all         products, region n.     5
      detector volume:  1.0000E+00 cm**3
      Max. Z:  10, Max. N-Z:  11 Min. N-Z: -4
      Data follow in a matrix A(z,n-z-k), k: -5 format (1(5x,1p,10(1x,e11.4)))

       0.0000E+00  0.0000E+00  0.0000E+00  0.0000E+00  0.0000E+00  0.0000E+00  0.0000E+00  0.0000E+00  0.0000E+00  0.0000E+00
       0.0000E+00  0.0000E+00  0.0000E+00  0.0000E+00  0.0000E+00  1.3900E-05  0.0000E+00  1.1000E-06  0.0000E+00  0.0000E+00
       0.0000E+00  0.0000E+00  0.0000E+00  0.0000E+00  1.1540E-04  1.9260E-04  2.7700E-05  3.7700E-05  0.0000E+00  0.0000E+00
       2.4372E-02  3.2136E-03  0.0000E+00  1.4823E-03  0.0000E+00  4.2773E-03  5.6900E-05  1.0168E-03  0.0000E+00  0.0000E+00
       5.7734E-03  2.5161E-02  2.0661E-03  0.0000E+00  1.3842E-03  7.3974E-03  4.7900E-04  8.7166E-04  0.0000E+00  7.0000E-07
       1.5687E-03  0.0000E+00  1.0394E-03  2.9245E-04  2.4365E-03  2.9123E-04  6.1413E-04  1.2134E-06  0.0000E+00  0.0000E+00
       0.0000E+00  6.0700E-05  9.0600E-05  1.6100E-04  2.5795E-05  6.0700E-05  1.1004E-06  1.1000E-06  0.0000E+00  0.0000E+00
       0.0000E+00  0.0000E+00  5.7000E-06  8.0000E-07  1.6000E-06  1.0000E-07  6.0000E-07  0.0000E+00  0.0000E+00  0.0000E+00
       0.0000E+00  1.0000E-07  0.0000E+00  0.0000E+00  0.0000E+00  0.0000E+00  0.0000E+00  0.0000E+00  0.0000E+00  0.0000E+00
       0.0000E+00  0.0000E+00  0.0000E+00  0.0000E+00  0.0000E+00  0.0000E+00  0.0000E+00  0.0000E+00  0.0000E+00  0.0000E+00
       0.0000E+00  0.0000E+00  0.0000E+00  0.0000E+00  0.0000E+00  0.0000E+00  0.0000E+00  0.0000E+00  0.0000E+00  0.0000E+00
       0.0000E+00  0.0000E+00  0.0000E+00  0.0000E+00  0.0000E+00  0.0000E+00  0.0000E+00  0.0000E+00  0.0000E+00  0.0000E+00
       0.0000E+00  0.0000E+00  0.0000E+00  0.0000E+00  0.0000E+00  0.0000E+00  0.0000E+00  0.0000E+00  0.0000E+00  0.0000E+00
       0.0000E+00  0.0000E+00  0.0000E+00  0.0000E+00  0.0000E+00  0.0000E+00  0.0000E+00  0.0000E+00  0.0000E+00  0.0000E+00
       0.0000E+00  0.0000E+00  0.0000E+00  0.0000E+00  0.0000E+00  0.0000E+00  0.0000E+00  0.0000E+00  0.0000E+00  0.0000E+00
       0.0000E+00  0.0000E+00  0.0000E+00  0.0000E+00  0.0000E+00  0.0000E+00  0.0000E+00  0.0000E+00  0.0000E+00  0.0000E+00
