
 *****  Protons in Lexan (0.09GeV, 2cm)                                                   *****

           DATE: 12/19/18,  TIME:  5:29:15

          Total number of particles followed       16666666, for a total weight of  1.6667E+07

1

   Bdrx n.   2  "ofluence  " , generalized particle n.    1, from region n.     5 to region n.     4
      detector area:  1.0000E+02 cm**2
      this is a one way only estimator
      this is a fluence like estimator
      linear energy binning from   1.0000E-02 to  1.4000E-01 GeV,   650 bins ( 2.0000E-04 GeV wide)
      linear angular binning from  0.0000E+00 to  6.2832E+00 sr ,     1 bins ( 6.2832E+00 sr wide )
      Data follow in a matrix A(ie,ia), format (1(5x,1p,10(1x,e11.4)))

       4.8565E-04  4.8712E-04  4.7730E-04  4.9870E-04  4.7970E-04  5.2991E-04  5.0118E-04  5.2152E-04  5.6287E-04  5.0535E-04
       5.0626E-04  5.3266E-04  5.2555E-04  5.4184E-04  5.3427E-04  5.4850E-04  5.0676E-04  5.3242E-04  5.5927E-04  5.3923E-04
       5.8914E-04  5.4494E-04  5.8811E-04  5.9649E-04  6.0548E-04  5.6911E-04  5.9276E-04  6.2415E-04  5.8140E-04  5.9841E-04
       6.1216E-04  6.1726E-04  6.7077E-04  5.7803E-04  6.2143E-04  6.1473E-04  6.1263E-04  6.1430E-04  6.2319E-04  6.1808E-04
       6.5898E-04  6.3136E-04  6.4633E-04  6.5015E-04  6.4089E-04  6.4085E-04  6.5300E-04  6.4814E-04  6.5673E-04  6.4691E-04
       6.8467E-04  6.5722E-04  6.7784E-04  6.4991E-04  6.7831E-04  7.0385E-04  6.8725E-04  6.6250E-04  6.9840E-04  6.9208E-04
       6.7996E-04  6.7926E-04  7.1102E-04  7.2698E-04  7.0859E-04  6.8227E-04  7.1839E-04  7.0386E-04  7.1166E-04  7.1834E-04
       7.2885E-04  7.3938E-04  7.6795E-04  7.1489E-04  6.7876E-04  6.8059E-04  6.9564E-04  7.5746E-04  7.2265E-04  7.3214E-04
       7.3004E-04  7.8173E-04  7.1866E-04  7.8656E-04  7.1365E-04  7.6359E-04  7.2657E-04  7.4246E-04  7.5072E-04  7.4314E-04
       7.4625E-04  7.6877E-04  7.7008E-04  7.4859E-04  7.3330E-04  7.3858E-04  7.7440E-04  7.1225E-04  7.7588E-04  7.8582E-04
       7.3000E-04  7.4761E-04  7.8116E-04  7.8945E-04  7.7097E-04  7.7400E-04  7.6094E-04  7.4765E-04  7.8123E-04  7.5269E-04
       7.2606E-04  7.3846E-04  7.3543E-04  7.7223E-04  7.2996E-04  7.6113E-04  7.2013E-04  7.3454E-04  7.7282E-04  7.7502E-04
       7.5712E-04  7.5661E-04  7.6942E-04  7.8340E-04  7.5345E-04  7.3886E-04  7.9952E-04  7.2591E-04  7.8746E-04  7.8363E-04
       7.2864E-04  7.4268E-04  7.4488E-04  7.5895E-04  7.4632E-04  7.5057E-04  7.6155E-04  7.5229E-04  7.4896E-04  7.6276E-04
       7.3955E-04  7.6118E-04  7.4717E-04  6.8841E-04  7.9736E-04  7.0783E-04  7.1357E-04  7.5606E-04  7.2648E-04  7.1585E-04
       7.2219E-04  7.3561E-04  7.0946E-04  6.9616E-04  6.9321E-04  6.9728E-04  7.0237E-04  6.9007E-04  7.0615E-04  7.0857E-04
       6.8004E-04  6.7469E-04  6.3475E-04  6.4887E-04  6.3892E-04  6.5421E-04  6.4753E-04  6.5063E-04  6.3250E-04  6.1283E-04
       6.0725E-04  6.2463E-04  6.0615E-04  6.1591E-04  5.1939E-04  6.0811E-04  5.4155E-04  5.5312E-04  5.4086E-04  5.2579E-04
       5.3405E-04  5.2477E-04  5.2155E-04  5.0260E-04  4.8543E-04  5.0098E-04  5.2040E-04  5.0518E-04  5.1767E-04  5.0079E-04
       5.1054E-04  5.2082E-04  5.1431E-04  5.0447E-04  5.3909E-04  5.7535E-04  5.6883E-04  5.7852E-04  5.9609E-04  6.4230E-04
       6.7899E-04  6.7516E-04  7.5852E-04  7.4431E-04  8.0282E-04  8.8825E-04  9.4740E-04  9.6093E-04  1.0666E-03  1.1063E-03
       1.1830E-03  1.2274E-03  1.3320E-03  1.4613E-03  1.5232E-03  1.5861E-03  1.7196E-03  1.8952E-03  2.0840E-03  2.2862E-03
       2.5321E-03  2.7936E-03  3.1534E-03  3.5749E-03  4.1553E-03  4.9715E-03  6.1102E-03  7.7540E-03  1.0154E-02  1.4114E-02
       2.0374E-02  3.0171E-02  4.5860E-02  6.9614E-02  1.0380E-01  1.5155E-01  2.1358E-01  2.8981E-01  3.7794E-01  4.7046E-01
       5.5890E-01  6.3136E-01  6.7740E-01  6.9123E-01  6.6668E-01  6.0782E-01  5.2506E-01  4.2628E-01  3.2546E-01  2.3449E-01
       1.5839E-01  9.9956E-02  5.9614E-02  3.3127E-02  1.7083E-02  8.2966E-03  3.6728E-03  1.5692E-03  5.9399E-04  2.2933E-04
       7.4535E-05  2.5325E-05  7.1653E-06  1.4339E-06  4.7784E-07  0.0000E+00  0.0000E+00  0.0000E+00  0.0000E+00  0.0000E+00
       0.0000E+00  0.0000E+00  0.0000E+00  0.0000E+00  0.0000E+00  0.0000E+00  0.0000E+00  0.0000E+00  0.0000E+00  0.0000E+00
       0.0000E+00  0.0000E+00  0.0000E+00  0.0000E+00  0.0000E+00  0.0000E+00  0.0000E+00  0.0000E+00  0.0000E+00  0.0000E+00
       0.0000E+00  0.0000E+00  0.0000E+00  0.0000E+00  0.0000E+00  0.0000E+00  0.0000E+00  0.0000E+00  0.0000E+00  0.0000E+00
       0.0000E+00  0.0000E+00  0.0000E+00  0.0000E+00  0.0000E+00  0.0000E+00  0.0000E+00  0.0000E+00  0.0000E+00  0.0000E+00
       0.0000E+00  0.0000E+00  0.0000E+00  0.0000E+00  0.0000E+00  0.0000E+00  0.0000E+00  0.0000E+00  0.0000E+00  0.0000E+00
       0.0000E+00  0.0000E+00  0.0000E+00  0.0000E+00  0.0000E+00  0.0000E+00  0.0000E+00  0.0000E+00  0.0000E+00  0.0000E+00
       0.0000E+00  0.0000E+00  0.0000E+00  0.0000E+00  0.0000E+00  0.0000E+00  0.0000E+00  0.0000E+00  0.0000E+00  0.0000E+00
       0.0000E+00  0.0000E+00  0.0000E+00  0.0000E+00  0.0000E+00  0.0000E+00  0.0000E+00  0.0000E+00  0.0000E+00  0.0000E+00
       0.0000E+00  0.0000E+00  0.0000E+00  0.0000E+00  0.0000E+00  0.0000E+00  0.0000E+00  0.0000E+00  0.0000E+00  0.0000E+00
       0.0000E+00  0.0000E+00  0.0000E+00  0.0000E+00  0.0000E+00  0.0000E+00  0.0000E+00  0.0000E+00  0.0000E+00  0.0000E+00
       0.0000E+00  0.0000E+00  0.0000E+00  0.0000E+00  0.0000E+00  0.0000E+00  0.0000E+00  0.0000E+00  0.0000E+00  0.0000E+00
       0.0000E+00  0.0000E+00  0.0000E+00  0.0000E+00  0.0000E+00  0.0000E+00  0.0000E+00  0.0000E+00  0.0000E+00  0.0000E+00
       0.0000E+00  0.0000E+00  0.0000E+00  0.0000E+00  0.0000E+00  0.0000E+00  0.0000E+00  0.0000E+00  0.0000E+00  0.0000E+00
       0.0000E+00  0.0000E+00  0.0000E+00  0.0000E+00  0.0000E+00  0.0000E+00  0.0000E+00  0.0000E+00  0.0000E+00  0.0000E+00
       0.0000E+00  0.0000E+00  0.0000E+00  0.0000E+00  0.0000E+00  0.0000E+00  0.0000E+00  0.0000E+00  0.0000E+00  0.0000E+00
       0.0000E+00  0.0000E+00  0.0000E+00  0.0000E+00  0.0000E+00  0.0000E+00  0.0000E+00  0.0000E+00  0.0000E+00  0.0000E+00
       0.0000E+00  0.0000E+00  0.0000E+00  0.0000E+00  0.0000E+00  0.0000E+00  0.0000E+00  0.0000E+00  0.0000E+00  0.0000E+00
       0.0000E+00  0.0000E+00  0.0000E+00  0.0000E+00  0.0000E+00  0.0000E+00  0.0000E+00  0.0000E+00  0.0000E+00  0.0000E+00
       0.0000E+00  0.0000E+00  0.0000E+00  0.0000E+00  0.0000E+00  0.0000E+00  0.0000E+00  0.0000E+00  0.0000E+00  0.0000E+00
       0.0000E+00  0.0000E+00  0.0000E+00  0.0000E+00  0.0000E+00  0.0000E+00  0.0000E+00  0.0000E+00  0.0000E+00  0.0000E+00
       0.0000E+00  0.0000E+00  0.0000E+00  0.0000E+00  0.0000E+00  0.0000E+00  0.0000E+00  0.0000E+00  0.0000E+00  0.0000E+00
       0.0000E+00  0.0000E+00  0.0000E+00  0.0000E+00  0.0000E+00  0.0000E+00  0.0000E+00  0.0000E+00  0.0000E+00  0.0000E+00
       0.0000E+00  0.0000E+00  0.0000E+00  0.0000E+00  0.0000E+00  0.0000E+00  0.0000E+00  0.0000E+00  0.0000E+00  0.0000E+00
       0.0000E+00  0.0000E+00  0.0000E+00  0.0000E+00  0.0000E+00  0.0000E+00  0.0000E+00  0.0000E+00  0.0000E+00  0.0000E+00
       0.0000E+00  0.0000E+00  0.0000E+00  0.0000E+00  0.0000E+00  0.0000E+00  0.0000E+00  0.0000E+00  0.0000E+00  0.0000E+00
       0.0000E+00  0.0000E+00  0.0000E+00  0.0000E+00  0.0000E+00  0.0000E+00  0.0000E+00  0.0000E+00  0.0000E+00  0.0000E+00
       0.0000E+00  0.0000E+00  0.0000E+00  0.0000E+00  0.0000E+00  0.0000E+00  0.0000E+00  0.0000E+00  0.0000E+00  0.0000E+00
       0.0000E+00  0.0000E+00  0.0000E+00  0.0000E+00  0.0000E+00  0.0000E+00  0.0000E+00  0.0000E+00  0.0000E+00  0.0000E+00
       0.0000E+00  0.0000E+00  0.0000E+00  0.0000E+00  0.0000E+00  0.0000E+00  0.0000E+00  0.0000E+00  0.0000E+00  0.0000E+00
       0.0000E+00  0.0000E+00  0.0000E+00  0.0000E+00  0.0000E+00  0.0000E+00  0.0000E+00  0.0000E+00  0.0000E+00  0.0000E+00
       0.0000E+00  0.0000E+00  0.0000E+00  0.0000E+00  0.0000E+00  0.0000E+00  0.0000E+00  0.0000E+00  0.0000E+00  0.0000E+00
       0.0000E+00  0.0000E+00  0.0000E+00  0.0000E+00  0.0000E+00  0.0000E+00  0.0000E+00  0.0000E+00  0.0000E+00  0.0000E+00
       0.0000E+00  0.0000E+00  0.0000E+00  0.0000E+00  0.0000E+00  0.0000E+00  0.0000E+00  0.0000E+00  0.0000E+00  0.0000E+00
       0.0000E+00  0.0000E+00  0.0000E+00  0.0000E+00  0.0000E+00  0.0000E+00  0.0000E+00  0.0000E+00  0.0000E+00  0.0000E+00
       0.0000E+00  0.0000E+00  0.0000E+00  0.0000E+00  0.0000E+00  0.0000E+00  0.0000E+00  0.0000E+00  0.0000E+00  0.0000E+00
       0.0000E+00  0.0000E+00  0.0000E+00  0.0000E+00  0.0000E+00  0.0000E+00  0.0000E+00  0.0000E+00  0.0000E+00  0.0000E+00
       0.0000E+00  0.0000E+00  0.0000E+00  0.0000E+00  0.0000E+00  0.0000E+00  0.0000E+00  0.0000E+00  0.0000E+00  0.0000E+00
       0.0000E+00  0.0000E+00  0.0000E+00  0.0000E+00  0.0000E+00  0.0000E+00  0.0000E+00  0.0000E+00  0.0000E+00  0.0000E+00
1

   Bdrx n.   6  "ofluence  " , generalized particle n.    1, from region n.     5 to region n.     4
      detector area:  1.0000E+02 cm**2
      this is a one way only estimator
      this is a fluence like estimator
      linear energy binning from   0.0000E+00 to  3.0000E+02 GeV,     1 bins ( 3.0000E+02 GeV wide)
      linear angular binning from  0.0000E+00 to  6.2832E+00 sr ,     1 bins ( 6.2832E+00 sr wide )
      Data follow in a matrix A(ie,ia), format (1(5x,1p,10(1x,e11.4)))

       5.1545E-06
