
 *****  Protons in Lexan (0.09GeV, 2cm)                                                   *****

           DATE: 12/19/18,  TIME:  5:29:15

          Total number of particles followed       16666666, for a total weight of  1.6667E+07

1

   Bdrx n.   4  "ocurrent  " , generalized particle n.    1, from region n.     5 to region n.     4
      detector area:  1.0000E+02 cm**2
      this is a one way only estimator
      this is a current like estimator
      linear energy binning from   1.0000E-02 to  1.4000E-01 GeV,   650 bins ( 2.0000E-04 GeV wide)
      linear angular binning from  0.0000E+00 to  6.2832E+00 sr ,     1 bins ( 6.2832E+00 sr wide )
      Data follow in a matrix A(ie,ia), format (1(5x,1p,10(1x,e11.4)))

       3.4903E-04  3.4903E-04  3.5571E-04  3.5858E-04  3.4759E-04  3.6860E-04  3.6574E-04  3.8054E-04  4.0441E-04  3.7911E-04
       3.7911E-04  3.9343E-04  3.8770E-04  4.0107E-04  3.9200E-04  4.0012E-04  3.9677E-04  3.9200E-04  4.0298E-04  4.0823E-04
       4.4452E-04  4.1587E-04  4.3545E-04  4.3163E-04  4.5407E-04  4.2685E-04  4.5502E-04  4.6887E-04  4.4309E-04  4.6601E-04
       4.7030E-04  4.7174E-04  5.0420E-04  4.2972E-04  4.7030E-04  4.6792E-04  4.7078E-04  4.6648E-04  4.7890E-04  4.7269E-04
       5.0850E-04  4.8654E-04  5.0516E-04  5.0182E-04  5.0420E-04  5.0373E-04  5.0611E-04  5.0945E-04  5.1089E-04  5.0468E-04
       5.4479E-04  5.1948E-04  5.1709E-04  5.0945E-04  5.3190E-04  5.4765E-04  5.4192E-04  5.2139E-04  5.5577E-04  5.5243E-04
       5.3572E-04  5.3333E-04  5.6914E-04  5.8203E-04  5.5816E-04  5.5338E-04  5.6675E-04  5.7153E-04  5.7439E-04  5.7726E-04
       5.7678E-04  5.8633E-04  6.1593E-04  5.7773E-04  5.4526E-04  5.4813E-04  5.6580E-04  6.0208E-04  5.8442E-04  5.9062E-04
       5.9110E-04  6.2214E-04  5.8824E-04  6.2930E-04  5.7916E-04  6.1068E-04  5.8298E-04  5.9922E-04  6.0495E-04  6.1211E-04
       6.0447E-04  6.2882E-04  6.2930E-04  6.1450E-04  6.0781E-04  6.0352E-04  6.2309E-04  5.8585E-04  6.2882E-04  6.4410E-04
       6.0208E-04  6.1402E-04  6.4553E-04  6.4362E-04  6.3694E-04  6.3360E-04  6.2214E-04  6.2357E-04  6.5986E-04  6.2023E-04
       6.0734E-04  6.2166E-04  6.0638E-04  6.3742E-04  6.0161E-04  6.3407E-04  6.1020E-04  6.2357E-04  6.4792E-04  6.5031E-04
       6.3742E-04  6.2787E-04  6.4219E-04  6.5413E-04  6.3933E-04  6.3598E-04  6.5795E-04  6.1211E-04  6.5795E-04  6.6559E-04
       6.1354E-04  6.2596E-04  6.3885E-04  6.4506E-04  6.3551E-04  6.4028E-04  6.4840E-04  6.4219E-04  6.3025E-04  6.5365E-04
       6.2978E-04  6.4649E-04  6.3694E-04  5.9110E-04  6.6702E-04  5.9635E-04  6.0638E-04  6.4744E-04  6.2261E-04  6.1020E-04
       6.1832E-04  6.2787E-04  6.0781E-04  5.9970E-04  5.9683E-04  6.0113E-04  6.0399E-04  5.9349E-04  6.0638E-04  6.0543E-04
       5.8012E-04  5.6914E-04  5.5004E-04  5.6245E-04  5.4335E-04  5.6150E-04  5.4192E-04  5.5720E-04  5.3476E-04  5.2569E-04
       5.1423E-04  5.3333E-04  5.1900E-04  5.1853E-04  4.4356E-04  4.8988E-04  4.5741E-04  4.6505E-04  4.5168E-04  4.4595E-04
       4.4213E-04  4.4547E-04  4.3497E-04  4.1539E-04  3.9677E-04  3.9725E-04  4.2638E-04  4.0585E-04  4.1635E-04  4.0919E-04
       4.1492E-04  4.2017E-04  4.1253E-04  4.0632E-04  4.4452E-04  4.6314E-04  4.5407E-04  4.6601E-04  4.8319E-04  5.1423E-04
       5.5434E-04  5.5863E-04  6.2787E-04  6.2834E-04  6.7991E-04  7.5057E-04  7.9593E-04  8.1837E-04  9.1244E-04  9.5016E-04
       1.0103E-03  1.0700E-03  1.1512E-03  1.2763E-03  1.3364E-03  1.3966E-03  1.5164E-03  1.6850E-03  1.8507E-03  2.0316E-03
       2.2646E-03  2.5086E-03  2.8457E-03  3.2410E-03  3.7906E-03  4.5627E-03  5.6589E-03  7.2560E-03  9.6190E-03  1.3527E-02
       1.9712E-02  2.9454E-02  4.5063E-02  6.8743E-02  1.0286E-01  1.5051E-01  2.1247E-01  2.8864E-01  3.7671E-01  4.6920E-01
       5.5762E-01  6.3012E-01  6.7623E-01  6.9015E-01  6.6574E-01  6.0703E-01  5.2442E-01  4.2580E-01  3.2511E-01  2.3425E-01
       1.5823E-01  9.9861E-02  5.9559E-02  3.3097E-02  1.7068E-02  8.2897E-03  3.6698E-03  1.5680E-03  5.9349E-04  2.2918E-04
       7.4485E-05  2.5306E-05  7.1620E-06  1.4324E-06  4.7746E-07  0.0000E+00  0.0000E+00  0.0000E+00  0.0000E+00  0.0000E+00
       0.0000E+00  0.0000E+00  0.0000E+00  0.0000E+00  0.0000E+00  0.0000E+00  0.0000E+00  0.0000E+00  0.0000E+00  0.0000E+00
       0.0000E+00  0.0000E+00  0.0000E+00  0.0000E+00  0.0000E+00  0.0000E+00  0.0000E+00  0.0000E+00  0.0000E+00  0.0000E+00
       0.0000E+00  0.0000E+00  0.0000E+00  0.0000E+00  0.0000E+00  0.0000E+00  0.0000E+00  0.0000E+00  0.0000E+00  0.0000E+00
       0.0000E+00  0.0000E+00  0.0000E+00  0.0000E+00  0.0000E+00  0.0000E+00  0.0000E+00  0.0000E+00  0.0000E+00  0.0000E+00
       0.0000E+00  0.0000E+00  0.0000E+00  0.0000E+00  0.0000E+00  0.0000E+00  0.0000E+00  0.0000E+00  0.0000E+00  0.0000E+00
       0.0000E+00  0.0000E+00  0.0000E+00  0.0000E+00  0.0000E+00  0.0000E+00  0.0000E+00  0.0000E+00  0.0000E+00  0.0000E+00
       0.0000E+00  0.0000E+00  0.0000E+00  0.0000E+00  0.0000E+00  0.0000E+00  0.0000E+00  0.0000E+00  0.0000E+00  0.0000E+00
       0.0000E+00  0.0000E+00  0.0000E+00  0.0000E+00  0.0000E+00  0.0000E+00  0.0000E+00  0.0000E+00  0.0000E+00  0.0000E+00
       0.0000E+00  0.0000E+00  0.0000E+00  0.0000E+00  0.0000E+00  0.0000E+00  0.0000E+00  0.0000E+00  0.0000E+00  0.0000E+00
       0.0000E+00  0.0000E+00  0.0000E+00  0.0000E+00  0.0000E+00  0.0000E+00  0.0000E+00  0.0000E+00  0.0000E+00  0.0000E+00
       0.0000E+00  0.0000E+00  0.0000E+00  0.0000E+00  0.0000E+00  0.0000E+00  0.0000E+00  0.0000E+00  0.0000E+00  0.0000E+00
       0.0000E+00  0.0000E+00  0.0000E+00  0.0000E+00  0.0000E+00  0.0000E+00  0.0000E+00  0.0000E+00  0.0000E+00  0.0000E+00
       0.0000E+00  0.0000E+00  0.0000E+00  0.0000E+00  0.0000E+00  0.0000E+00  0.0000E+00  0.0000E+00  0.0000E+00  0.0000E+00
       0.0000E+00  0.0000E+00  0.0000E+00  0.0000E+00  0.0000E+00  0.0000E+00  0.0000E+00  0.0000E+00  0.0000E+00  0.0000E+00
       0.0000E+00  0.0000E+00  0.0000E+00  0.0000E+00  0.0000E+00  0.0000E+00  0.0000E+00  0.0000E+00  0.0000E+00  0.0000E+00
       0.0000E+00  0.0000E+00  0.0000E+00  0.0000E+00  0.0000E+00  0.0000E+00  0.0000E+00  0.0000E+00  0.0000E+00  0.0000E+00
       0.0000E+00  0.0000E+00  0.0000E+00  0.0000E+00  0.0000E+00  0.0000E+00  0.0000E+00  0.0000E+00  0.0000E+00  0.0000E+00
       0.0000E+00  0.0000E+00  0.0000E+00  0.0000E+00  0.0000E+00  0.0000E+00  0.0000E+00  0.0000E+00  0.0000E+00  0.0000E+00
       0.0000E+00  0.0000E+00  0.0000E+00  0.0000E+00  0.0000E+00  0.0000E+00  0.0000E+00  0.0000E+00  0.0000E+00  0.0000E+00
       0.0000E+00  0.0000E+00  0.0000E+00  0.0000E+00  0.0000E+00  0.0000E+00  0.0000E+00  0.0000E+00  0.0000E+00  0.0000E+00
       0.0000E+00  0.0000E+00  0.0000E+00  0.0000E+00  0.0000E+00  0.0000E+00  0.0000E+00  0.0000E+00  0.0000E+00  0.0000E+00
       0.0000E+00  0.0000E+00  0.0000E+00  0.0000E+00  0.0000E+00  0.0000E+00  0.0000E+00  0.0000E+00  0.0000E+00  0.0000E+00
       0.0000E+00  0.0000E+00  0.0000E+00  0.0000E+00  0.0000E+00  0.0000E+00  0.0000E+00  0.0000E+00  0.0000E+00  0.0000E+00
       0.0000E+00  0.0000E+00  0.0000E+00  0.0000E+00  0.0000E+00  0.0000E+00  0.0000E+00  0.0000E+00  0.0000E+00  0.0000E+00
       0.0000E+00  0.0000E+00  0.0000E+00  0.0000E+00  0.0000E+00  0.0000E+00  0.0000E+00  0.0000E+00  0.0000E+00  0.0000E+00
       0.0000E+00  0.0000E+00  0.0000E+00  0.0000E+00  0.0000E+00  0.0000E+00  0.0000E+00  0.0000E+00  0.0000E+00  0.0000E+00
       0.0000E+00  0.0000E+00  0.0000E+00  0.0000E+00  0.0000E+00  0.0000E+00  0.0000E+00  0.0000E+00  0.0000E+00  0.0000E+00
       0.0000E+00  0.0000E+00  0.0000E+00  0.0000E+00  0.0000E+00  0.0000E+00  0.0000E+00  0.0000E+00  0.0000E+00  0.0000E+00
       0.0000E+00  0.0000E+00  0.0000E+00  0.0000E+00  0.0000E+00  0.0000E+00  0.0000E+00  0.0000E+00  0.0000E+00  0.0000E+00
       0.0000E+00  0.0000E+00  0.0000E+00  0.0000E+00  0.0000E+00  0.0000E+00  0.0000E+00  0.0000E+00  0.0000E+00  0.0000E+00
       0.0000E+00  0.0000E+00  0.0000E+00  0.0000E+00  0.0000E+00  0.0000E+00  0.0000E+00  0.0000E+00  0.0000E+00  0.0000E+00
       0.0000E+00  0.0000E+00  0.0000E+00  0.0000E+00  0.0000E+00  0.0000E+00  0.0000E+00  0.0000E+00  0.0000E+00  0.0000E+00
       0.0000E+00  0.0000E+00  0.0000E+00  0.0000E+00  0.0000E+00  0.0000E+00  0.0000E+00  0.0000E+00  0.0000E+00  0.0000E+00
       0.0000E+00  0.0000E+00  0.0000E+00  0.0000E+00  0.0000E+00  0.0000E+00  0.0000E+00  0.0000E+00  0.0000E+00  0.0000E+00
       0.0000E+00  0.0000E+00  0.0000E+00  0.0000E+00  0.0000E+00  0.0000E+00  0.0000E+00  0.0000E+00  0.0000E+00  0.0000E+00
       0.0000E+00  0.0000E+00  0.0000E+00  0.0000E+00  0.0000E+00  0.0000E+00  0.0000E+00  0.0000E+00  0.0000E+00  0.0000E+00
       0.0000E+00  0.0000E+00  0.0000E+00  0.0000E+00  0.0000E+00  0.0000E+00  0.0000E+00  0.0000E+00  0.0000E+00  0.0000E+00
       0.0000E+00  0.0000E+00  0.0000E+00  0.0000E+00  0.0000E+00  0.0000E+00  0.0000E+00  0.0000E+00  0.0000E+00  0.0000E+00
