
 *****  Protons in Lexan (0.09GeV, 2cm)                                                   *****

           DATE: 12/19/18,  TIME:  5:29:15

          Total number of particles followed       16666666, for a total weight of  1.6667E+07

1

   Res. nuclei n.   1  "Ian       " ,  all         products, region n.     5
      detector volume:  1.0000E+00 cm**3
      Max. Z:  10, Max. N-Z:  11 Min. N-Z: -4
      Data follow in a matrix A(z,n-z-k), k: -5 format (1(5x,1p,10(1x,e11.4)))

       0.0000E+00  0.0000E+00  0.0000E+00  0.0000E+00  0.0000E+00  0.0000E+00  0.0000E+00  0.0000E+00  0.0000E+00  0.0000E+00
       0.0000E+00  0.0000E+00  0.0000E+00  0.0000E+00  0.0000E+00  1.2360E-05  0.0000E+00  4.8000E-07  0.0000E+00  0.0000E+00
       0.0000E+00  0.0000E+00  0.0000E+00  0.0000E+00  1.9278E-04  1.9920E-04  5.2440E-05  2.7720E-05  0.0000E+00  0.0000E+00
       5.6917E-02  4.7550E-03  0.0000E+00  2.7626E-03  0.0000E+00  7.1363E-03  6.5280E-05  1.5903E-03  0.0000E+00  0.0000E+00
       1.3450E-02  5.4166E-02  3.7512E-03  0.0000E+00  2.1520E-03  2.9294E-02  9.1000E-04  3.2322E-03  1.2000E-07  6.0000E-07
       2.0574E-03  0.0000E+00  1.8346E-03  4.7444E-04  4.4879E-03  6.5008E-04  1.1567E-03  2.5421E-06  1.2000E-07  0.0000E+00
       0.0000E+00  5.3940E-05  9.0060E-05  1.8138E-04  3.1271E-05  1.0056E-04  2.6042E-06  5.2800E-06  0.0000E+00  0.0000E+00
       0.0000E+00  0.0000E+00  1.3200E-06  6.0000E-07  1.0200E-06  2.4000E-07  6.6000E-07  0.0000E+00  0.0000E+00  0.0000E+00
       0.0000E+00  0.0000E+00  0.0000E+00  0.0000E+00  0.0000E+00  0.0000E+00  0.0000E+00  0.0000E+00  0.0000E+00  0.0000E+00
       0.0000E+00  0.0000E+00  0.0000E+00  0.0000E+00  0.0000E+00  0.0000E+00  0.0000E+00  0.0000E+00  0.0000E+00  0.0000E+00
       0.0000E+00  0.0000E+00  0.0000E+00  0.0000E+00  0.0000E+00  0.0000E+00  0.0000E+00  0.0000E+00  0.0000E+00  0.0000E+00
       0.0000E+00  0.0000E+00  0.0000E+00  0.0000E+00  0.0000E+00  0.0000E+00  0.0000E+00  0.0000E+00  0.0000E+00  0.0000E+00
       0.0000E+00  0.0000E+00  0.0000E+00  0.0000E+00  0.0000E+00  0.0000E+00  0.0000E+00  0.0000E+00  0.0000E+00  0.0000E+00
       0.0000E+00  0.0000E+00  0.0000E+00  0.0000E+00  0.0000E+00  0.0000E+00  0.0000E+00  0.0000E+00  0.0000E+00  0.0000E+00
       0.0000E+00  0.0000E+00  0.0000E+00  0.0000E+00  0.0000E+00  0.0000E+00  0.0000E+00  0.0000E+00  0.0000E+00  0.0000E+00
       0.0000E+00  0.0000E+00  0.0000E+00  0.0000E+00  0.0000E+00  0.0000E+00  0.0000E+00  0.0000E+00  0.0000E+00  0.0000E+00
