
 *****  Protons in Lexan (0.07GeV, 2.0cm)                                                 *****

           DATE: 12/ 1/18,  TIME:  5:47:50

          Total number of particles followed       10000000, for a total weight of  1.0000E+07

1

   Bdrx n.   4  "ocurrent  " , generalized particle n.    1, from region n.     5 to region n.     4
      detector area:  1.0000E+02 cm**2
      this is a one way only estimator
      this is a current like estimator
      linear energy binning from   0.0000E+00 to  1.2000E-01 GeV,   650 bins ( 1.8462E-04 GeV wide)
      linear angular binning from  0.0000E+00 to  6.2832E+00 sr ,     1 bins ( 6.2832E+00 sr wide )
      Data follow in a matrix A(ie,ia), format (1(5x,1p,10(1x,e11.4)))

       2.4138E-05  3.4484E-05  5.3450E-05  6.0346E-05  7.7588E-05  8.1036E-05  8.0174E-05  9.6554E-05  1.3966E-04  1.1983E-04
       1.4397E-04  1.6466E-04  1.4483E-04  1.6035E-04  1.5604E-04  1.8535E-04  1.9397E-04  1.9914E-04  1.8276E-04  1.9742E-04
       2.1638E-04  2.3535E-04  2.2328E-04  2.4483E-04  2.4914E-04  2.4914E-04  2.4742E-04  2.5949E-04  2.4225E-04  2.6897E-04
       2.5432E-04  2.7414E-04  2.6466E-04  2.8018E-04  2.8018E-04  3.2328E-04  2.8966E-04  3.1208E-04  3.2673E-04  3.4656E-04
       3.2242E-04  3.3535E-04  3.6294E-04  3.5690E-04  3.2415E-04  3.4397E-04  3.6897E-04  3.8880E-04  3.8794E-04  3.7501E-04
       4.0863E-04  3.8880E-04  4.0518E-04  3.8880E-04  4.2156E-04  3.9829E-04  4.5346E-04  3.9311E-04  4.3191E-04  4.5087E-04
       4.3191E-04  4.0863E-04  4.2587E-04  4.3104E-04  4.2156E-04  4.3191E-04  4.8363E-04  4.8191E-04  4.9656E-04  4.7587E-04
       4.4398E-04  5.0087E-04  4.7156E-04  4.8018E-04  5.0346E-04  4.8277E-04  4.7156E-04  5.0863E-04  4.6294E-04  5.0432E-04
       4.9656E-04  5.0174E-04  4.8449E-04  5.0949E-04  4.8967E-04  5.1467E-04  5.1294E-04  5.3191E-04  5.3708E-04  5.3622E-04
       5.4139E-04  5.3708E-04  5.2156E-04  5.3277E-04  5.4053E-04  5.7415E-04  5.7674E-04  5.3536E-04  5.2760E-04  5.5863E-04
       6.0174E-04  5.4139E-04  5.5605E-04  5.7070E-04  5.4570E-04  5.4656E-04  5.9312E-04  5.4829E-04  5.5950E-04  6.0346E-04
       5.6898E-04  5.9570E-04  5.8363E-04  6.0950E-04  6.0777E-04  5.6467E-04  5.4570E-04  5.3363E-04  5.5777E-04  5.9657E-04
       6.0174E-04  6.0777E-04  5.7070E-04  6.1467E-04  5.6725E-04  5.8622E-04  5.7846E-04  5.7674E-04  5.7329E-04  5.8536E-04
       6.1467E-04  5.9743E-04  5.9312E-04  5.7243E-04  5.6553E-04  6.0346E-04  5.9915E-04  5.7846E-04  6.0950E-04  5.7501E-04
       6.2674E-04  5.8967E-04  5.6553E-04  6.4226E-04  6.0777E-04  6.0691E-04  5.3622E-04  6.0432E-04  5.6381E-04  5.3794E-04
       5.5519E-04  5.7157E-04  5.7070E-04  5.4398E-04  5.1208E-04  5.2674E-04  5.9053E-04  5.2587E-04  5.3708E-04  5.3277E-04
       5.4743E-04  5.1467E-04  5.0087E-04  5.2674E-04  4.5173E-04  4.8794E-04  4.9743E-04  4.9915E-04  4.9484E-04  4.7760E-04
       4.6639E-04  4.3449E-04  4.5432E-04  4.5346E-04  4.1811E-04  4.1208E-04  4.4570E-04  4.5173E-04  4.3363E-04  4.4915E-04
       4.4829E-04  4.3018E-04  4.2932E-04  4.9053E-04  4.1208E-04  4.7846E-04  4.2587E-04  4.7760E-04  5.0518E-04  4.6380E-04
       5.4915E-04  5.5605E-04  5.1553E-04  5.9915E-04  6.0605E-04  6.8191E-04  7.1036E-04  7.1381E-04  7.5864E-04  7.9398E-04
       8.6209E-04  8.9399E-04  9.1295E-04  9.8968E-04  1.0750E-03  1.0785E-03  1.1630E-03  1.2388E-03  1.4018E-03  1.3819E-03
       1.4871E-03  1.6043E-03  1.7181E-03  1.8475E-03  2.0242E-03  2.2009E-03  2.4320E-03  2.6604E-03  2.9699E-03  3.2777E-03
       3.8035E-03  4.3130E-03  4.9044E-03  5.7407E-03  6.9062E-03  8.3562E-03  1.0640E-02  1.4591E-02  2.1360E-02  3.2537E-02
       5.1311E-02  8.2156E-02  1.2847E-01  1.9618E-01  2.8671E-01  3.9988E-01  5.2865E-01  6.5588E-01  7.6342E-01  8.3508E-01
       8.5390E-01  8.1220E-01  7.1990E-01  5.9310E-01  4.5183E-01  3.1922E-01  2.0768E-01  1.2445E-01  6.8771E-02  3.4562E-02
       1.6015E-02  6.7812E-03  2.5380E-03  9.1554E-04  3.1208E-04  9.0519E-05  2.5863E-05  6.8967E-06  8.6209E-07  8.6209E-07
       0.0000E+00  0.0000E+00  0.0000E+00  0.0000E+00  0.0000E+00  0.0000E+00  0.0000E+00  0.0000E+00  0.0000E+00  0.0000E+00
       0.0000E+00  0.0000E+00  0.0000E+00  0.0000E+00  0.0000E+00  0.0000E+00  0.0000E+00  0.0000E+00  0.0000E+00  0.0000E+00
       0.0000E+00  0.0000E+00  0.0000E+00  0.0000E+00  0.0000E+00  0.0000E+00  0.0000E+00  0.0000E+00  0.0000E+00  0.0000E+00
       0.0000E+00  0.0000E+00  0.0000E+00  0.0000E+00  0.0000E+00  0.0000E+00  0.0000E+00  0.0000E+00  0.0000E+00  0.0000E+00
       0.0000E+00  0.0000E+00  0.0000E+00  0.0000E+00  0.0000E+00  0.0000E+00  0.0000E+00  0.0000E+00  0.0000E+00  0.0000E+00
       0.0000E+00  0.0000E+00  0.0000E+00  0.0000E+00  0.0000E+00  0.0000E+00  0.0000E+00  0.0000E+00  0.0000E+00  0.0000E+00
       0.0000E+00  0.0000E+00  0.0000E+00  0.0000E+00  0.0000E+00  0.0000E+00  0.0000E+00  0.0000E+00  0.0000E+00  0.0000E+00
       0.0000E+00  0.0000E+00  0.0000E+00  0.0000E+00  0.0000E+00  0.0000E+00  0.0000E+00  0.0000E+00  0.0000E+00  0.0000E+00
       0.0000E+00  0.0000E+00  0.0000E+00  0.0000E+00  0.0000E+00  0.0000E+00  0.0000E+00  0.0000E+00  0.0000E+00  0.0000E+00
       0.0000E+00  0.0000E+00  0.0000E+00  0.0000E+00  0.0000E+00  0.0000E+00  0.0000E+00  0.0000E+00  0.0000E+00  0.0000E+00
       0.0000E+00  0.0000E+00  0.0000E+00  0.0000E+00  0.0000E+00  0.0000E+00  0.0000E+00  0.0000E+00  0.0000E+00  0.0000E+00
       0.0000E+00  0.0000E+00  0.0000E+00  0.0000E+00  0.0000E+00  0.0000E+00  0.0000E+00  0.0000E+00  0.0000E+00  0.0000E+00
       0.0000E+00  0.0000E+00  0.0000E+00  0.0000E+00  0.0000E+00  0.0000E+00  0.0000E+00  0.0000E+00  0.0000E+00  0.0000E+00
       0.0000E+00  0.0000E+00  0.0000E+00  0.0000E+00  0.0000E+00  0.0000E+00  0.0000E+00  0.0000E+00  0.0000E+00  0.0000E+00
       0.0000E+00  0.0000E+00  0.0000E+00  0.0000E+00  0.0000E+00  0.0000E+00  0.0000E+00  0.0000E+00  0.0000E+00  0.0000E+00
       0.0000E+00  0.0000E+00  0.0000E+00  0.0000E+00  0.0000E+00  0.0000E+00  0.0000E+00  0.0000E+00  0.0000E+00  0.0000E+00
       0.0000E+00  0.0000E+00  0.0000E+00  0.0000E+00  0.0000E+00  0.0000E+00  0.0000E+00  0.0000E+00  0.0000E+00  0.0000E+00
       0.0000E+00  0.0000E+00  0.0000E+00  0.0000E+00  0.0000E+00  0.0000E+00  0.0000E+00  0.0000E+00  0.0000E+00  0.0000E+00
       0.0000E+00  0.0000E+00  0.0000E+00  0.0000E+00  0.0000E+00  0.0000E+00  0.0000E+00  0.0000E+00  0.0000E+00  0.0000E+00
       0.0000E+00  0.0000E+00  0.0000E+00  0.0000E+00  0.0000E+00  0.0000E+00  0.0000E+00  0.0000E+00  0.0000E+00  0.0000E+00
       0.0000E+00  0.0000E+00  0.0000E+00  0.0000E+00  0.0000E+00  0.0000E+00  0.0000E+00  0.0000E+00  0.0000E+00  0.0000E+00
       0.0000E+00  0.0000E+00  0.0000E+00  0.0000E+00  0.0000E+00  0.0000E+00  0.0000E+00  0.0000E+00  0.0000E+00  0.0000E+00
       0.0000E+00  0.0000E+00  0.0000E+00  0.0000E+00  0.0000E+00  0.0000E+00  0.0000E+00  0.0000E+00  0.0000E+00  0.0000E+00
       0.0000E+00  0.0000E+00  0.0000E+00  0.0000E+00  0.0000E+00  0.0000E+00  0.0000E+00  0.0000E+00  0.0000E+00  0.0000E+00
       0.0000E+00  0.0000E+00  0.0000E+00  0.0000E+00  0.0000E+00  0.0000E+00  0.0000E+00  0.0000E+00  0.0000E+00  0.0000E+00
       0.0000E+00  0.0000E+00  0.0000E+00  0.0000E+00  0.0000E+00  0.0000E+00  0.0000E+00  0.0000E+00  0.0000E+00  0.0000E+00
       0.0000E+00  0.0000E+00  0.0000E+00  0.0000E+00  0.0000E+00  0.0000E+00  0.0000E+00  0.0000E+00  0.0000E+00  0.0000E+00
       0.0000E+00  0.0000E+00  0.0000E+00  0.0000E+00  0.0000E+00  0.0000E+00  0.0000E+00  0.0000E+00  0.0000E+00  0.0000E+00
       0.0000E+00  0.0000E+00  0.0000E+00  0.0000E+00  0.0000E+00  0.0000E+00  0.0000E+00  0.0000E+00  0.0000E+00  0.0000E+00
       0.0000E+00  0.0000E+00  0.0000E+00  0.0000E+00  0.0000E+00  0.0000E+00  0.0000E+00  0.0000E+00  0.0000E+00  0.0000E+00
       0.0000E+00  0.0000E+00  0.0000E+00  0.0000E+00  0.0000E+00  0.0000E+00  0.0000E+00  0.0000E+00  0.0000E+00  0.0000E+00
       0.0000E+00  0.0000E+00  0.0000E+00  0.0000E+00  0.0000E+00  0.0000E+00  0.0000E+00  0.0000E+00  0.0000E+00  0.0000E+00
       0.0000E+00  0.0000E+00  0.0000E+00  0.0000E+00  0.0000E+00  0.0000E+00  0.0000E+00  0.0000E+00  0.0000E+00  0.0000E+00
       0.0000E+00  0.0000E+00  0.0000E+00  0.0000E+00  0.0000E+00  0.0000E+00  0.0000E+00  0.0000E+00  0.0000E+00  0.0000E+00
       0.0000E+00  0.0000E+00  0.0000E+00  0.0000E+00  0.0000E+00  0.0000E+00  0.0000E+00  0.0000E+00  0.0000E+00  0.0000E+00
       0.0000E+00  0.0000E+00  0.0000E+00  0.0000E+00  0.0000E+00  0.0000E+00  0.0000E+00  0.0000E+00  0.0000E+00  0.0000E+00
       0.0000E+00  0.0000E+00  0.0000E+00  0.0000E+00  0.0000E+00  0.0000E+00  0.0000E+00  0.0000E+00  0.0000E+00  0.0000E+00
       0.0000E+00  0.0000E+00  0.0000E+00  0.0000E+00  0.0000E+00  0.0000E+00  0.0000E+00  0.0000E+00  0.0000E+00  0.0000E+00
       0.0000E+00  0.0000E+00  0.0000E+00  0.0000E+00  0.0000E+00  0.0000E+00  0.0000E+00  0.0000E+00  0.0000E+00  0.0000E+00
