
 *****  Protons in Lexan (0.07GeV, 2.0cm)                                                 *****

           DATE: 12/ 1/18,  TIME:  5:47:50

          Total number of particles followed       10000000, for a total weight of  1.0000E+07

1

   Bdrx n.   2  "ofluence  " , generalized particle n.    1, from region n.     5 to region n.     4
      detector area:  1.0000E+02 cm**2
      this is a one way only estimator
      this is a fluence like estimator
      linear energy binning from   0.0000E+00 to  1.2000E-01 GeV,   650 bins ( 1.8462E-04 GeV wide)
      linear angular binning from  0.0000E+00 to  6.2832E+00 sr ,     1 bins ( 6.2832E+00 sr wide )
      Data follow in a matrix A(ie,ia), format (1(5x,1p,10(1x,e11.4)))

       3.0885E-05  5.0937E-05  7.4343E-05  1.3659E-04  1.1207E-04  1.1272E-04  1.1116E-04  1.4777E-04  2.0085E-04  1.7790E-04
       2.0845E-04  2.3336E-04  2.0746E-04  2.2566E-04  2.1901E-04  2.6692E-04  2.6993E-04  2.8382E-04  2.8577E-04  2.6802E-04
       2.9723E-04  3.3650E-04  3.3105E-04  3.5007E-04  3.5990E-04  3.3604E-04  3.5011E-04  3.6493E-04  3.6232E-04  4.1022E-04
       3.4726E-04  3.7680E-04  3.6805E-04  3.9241E-04  3.8467E-04  4.3586E-04  4.0959E-04  4.6253E-04  4.5798E-04  4.7699E-04
       4.5827E-04  4.5522E-04  5.0620E-04  4.9589E-04  4.3572E-04  4.9536E-04  5.0760E-04  5.2525E-04  5.5009E-04  5.1533E-04
       5.8024E-04  5.5397E-04  5.5399E-04  5.2894E-04  5.6763E-04  6.1134E-04  5.9566E-04  5.0973E-04  5.8671E-04  6.2693E-04
       5.9048E-04  5.4586E-04  5.6688E-04  5.9068E-04  5.6042E-04  5.6989E-04  6.4503E-04  6.4199E-04  6.6499E-04  6.2828E-04
       5.9130E-04  6.6897E-04  6.2007E-04  6.1887E-04  6.9324E-04  6.3238E-04  6.3865E-04  6.8016E-04  6.2221E-04  6.7623E-04
       6.5677E-04  6.6828E-04  6.1945E-04  6.6308E-04  6.3540E-04  6.6858E-04  6.8364E-04  6.8543E-04  6.8651E-04  7.0213E-04
       7.0029E-04  7.0309E-04  6.7891E-04  6.7896E-04  7.2728E-04  7.3273E-04  7.2817E-04  7.0727E-04  6.6588E-04  7.2268E-04
       7.5986E-04  6.8368E-04  7.2449E-04  7.3085E-04  6.9841E-04  7.0647E-04  7.5212E-04  6.8819E-04  7.4482E-04  7.6584E-04
       7.3720E-04  7.4080E-04  7.4814E-04  7.9745E-04  7.5413E-04  6.9858E-04  7.0308E-04  6.8622E-04  7.2982E-04  7.6670E-04
       7.6717E-04  8.0057E-04  7.3942E-04  7.6644E-04  7.1716E-04  7.3176E-04  7.1050E-04  7.1406E-04  7.0233E-04  7.2159E-04
       7.5212E-04  7.4128E-04  7.3022E-04  7.3512E-04  6.9885E-04  7.3427E-04  7.2396E-04  7.0948E-04  7.6435E-04  7.2617E-04
       7.7938E-04  7.1784E-04  7.0540E-04  7.7343E-04  7.4399E-04  7.3933E-04  6.7184E-04  7.3343E-04  6.8765E-04  6.7484E-04
       6.8562E-04  7.1460E-04  6.9686E-04  6.7375E-04  6.4519E-04  6.5261E-04  7.4395E-04  6.4551E-04  6.6516E-04  6.6040E-04
       6.8230E-04  6.4137E-04  6.7018E-04  6.5618E-04  5.6707E-04  6.2062E-04  6.1379E-04  6.4415E-04  6.1783E-04  6.0010E-04
       5.9498E-04  5.5364E-04  5.7645E-04  5.7844E-04  5.3110E-04  5.3869E-04  5.5903E-04  5.7089E-04  7.5443E-04  5.8445E-04
       5.8050E-04  5.5525E-04  5.5846E-04  6.3319E-04  5.8563E-04  6.2246E-04  5.5045E-04  6.6676E-04  6.4460E-04  6.2431E-04
       7.2684E-04  7.5726E-04  6.6263E-04  7.8104E-04  7.6527E-04  8.5693E-04  8.9987E-04  8.9241E-04  9.3843E-04  9.8196E-04
       1.0590E-03  1.1029E-03  1.0996E-03  1.1921E-03  1.2950E-03  1.3025E-03  1.4063E-03  1.4725E-03  1.6667E-03  1.6445E-03
       1.7482E-03  1.8810E-03  2.0132E-03  2.1515E-03  2.3476E-03  2.5480E-03  2.8063E-03  3.0665E-03  3.3834E-03  3.7248E-03
       4.2941E-03  4.8325E-03  5.4569E-03  6.3287E-03  7.5689E-03  9.0667E-03  1.1406E-02  1.5446E-02  2.2275E-02  3.3563E-02
       5.2410E-02  8.3350E-02  1.2977E-01  1.9756E-01  2.8819E-01  4.0145E-01  5.3027E-01  6.5751E-01  7.6502E-01  8.3658E-01
       8.5527E-01  8.1337E-01  7.2084E-01  5.9382E-01  4.5236E-01  3.1957E-01  2.0789E-01  1.2458E-01  6.8837E-02  3.4595E-02
       1.6029E-02  6.7872E-03  2.5402E-03  9.1634E-04  3.1234E-04  9.0600E-05  2.5892E-05  6.8985E-06  8.6312E-07  8.6273E-07
       0.0000E+00  0.0000E+00  0.0000E+00  0.0000E+00  0.0000E+00  0.0000E+00  0.0000E+00  0.0000E+00  0.0000E+00  0.0000E+00
       0.0000E+00  0.0000E+00  0.0000E+00  0.0000E+00  0.0000E+00  0.0000E+00  0.0000E+00  0.0000E+00  0.0000E+00  0.0000E+00
       0.0000E+00  0.0000E+00  0.0000E+00  0.0000E+00  0.0000E+00  0.0000E+00  0.0000E+00  0.0000E+00  0.0000E+00  0.0000E+00
       0.0000E+00  0.0000E+00  0.0000E+00  0.0000E+00  0.0000E+00  0.0000E+00  0.0000E+00  0.0000E+00  0.0000E+00  0.0000E+00
       0.0000E+00  0.0000E+00  0.0000E+00  0.0000E+00  0.0000E+00  0.0000E+00  0.0000E+00  0.0000E+00  0.0000E+00  0.0000E+00
       0.0000E+00  0.0000E+00  0.0000E+00  0.0000E+00  0.0000E+00  0.0000E+00  0.0000E+00  0.0000E+00  0.0000E+00  0.0000E+00
       0.0000E+00  0.0000E+00  0.0000E+00  0.0000E+00  0.0000E+00  0.0000E+00  0.0000E+00  0.0000E+00  0.0000E+00  0.0000E+00
       0.0000E+00  0.0000E+00  0.0000E+00  0.0000E+00  0.0000E+00  0.0000E+00  0.0000E+00  0.0000E+00  0.0000E+00  0.0000E+00
       0.0000E+00  0.0000E+00  0.0000E+00  0.0000E+00  0.0000E+00  0.0000E+00  0.0000E+00  0.0000E+00  0.0000E+00  0.0000E+00
       0.0000E+00  0.0000E+00  0.0000E+00  0.0000E+00  0.0000E+00  0.0000E+00  0.0000E+00  0.0000E+00  0.0000E+00  0.0000E+00
       0.0000E+00  0.0000E+00  0.0000E+00  0.0000E+00  0.0000E+00  0.0000E+00  0.0000E+00  0.0000E+00  0.0000E+00  0.0000E+00
       0.0000E+00  0.0000E+00  0.0000E+00  0.0000E+00  0.0000E+00  0.0000E+00  0.0000E+00  0.0000E+00  0.0000E+00  0.0000E+00
       0.0000E+00  0.0000E+00  0.0000E+00  0.0000E+00  0.0000E+00  0.0000E+00  0.0000E+00  0.0000E+00  0.0000E+00  0.0000E+00
       0.0000E+00  0.0000E+00  0.0000E+00  0.0000E+00  0.0000E+00  0.0000E+00  0.0000E+00  0.0000E+00  0.0000E+00  0.0000E+00
       0.0000E+00  0.0000E+00  0.0000E+00  0.0000E+00  0.0000E+00  0.0000E+00  0.0000E+00  0.0000E+00  0.0000E+00  0.0000E+00
       0.0000E+00  0.0000E+00  0.0000E+00  0.0000E+00  0.0000E+00  0.0000E+00  0.0000E+00  0.0000E+00  0.0000E+00  0.0000E+00
       0.0000E+00  0.0000E+00  0.0000E+00  0.0000E+00  0.0000E+00  0.0000E+00  0.0000E+00  0.0000E+00  0.0000E+00  0.0000E+00
       0.0000E+00  0.0000E+00  0.0000E+00  0.0000E+00  0.0000E+00  0.0000E+00  0.0000E+00  0.0000E+00  0.0000E+00  0.0000E+00
       0.0000E+00  0.0000E+00  0.0000E+00  0.0000E+00  0.0000E+00  0.0000E+00  0.0000E+00  0.0000E+00  0.0000E+00  0.0000E+00
       0.0000E+00  0.0000E+00  0.0000E+00  0.0000E+00  0.0000E+00  0.0000E+00  0.0000E+00  0.0000E+00  0.0000E+00  0.0000E+00
       0.0000E+00  0.0000E+00  0.0000E+00  0.0000E+00  0.0000E+00  0.0000E+00  0.0000E+00  0.0000E+00  0.0000E+00  0.0000E+00
       0.0000E+00  0.0000E+00  0.0000E+00  0.0000E+00  0.0000E+00  0.0000E+00  0.0000E+00  0.0000E+00  0.0000E+00  0.0000E+00
       0.0000E+00  0.0000E+00  0.0000E+00  0.0000E+00  0.0000E+00  0.0000E+00  0.0000E+00  0.0000E+00  0.0000E+00  0.0000E+00
       0.0000E+00  0.0000E+00  0.0000E+00  0.0000E+00  0.0000E+00  0.0000E+00  0.0000E+00  0.0000E+00  0.0000E+00  0.0000E+00
       0.0000E+00  0.0000E+00  0.0000E+00  0.0000E+00  0.0000E+00  0.0000E+00  0.0000E+00  0.0000E+00  0.0000E+00  0.0000E+00
       0.0000E+00  0.0000E+00  0.0000E+00  0.0000E+00  0.0000E+00  0.0000E+00  0.0000E+00  0.0000E+00  0.0000E+00  0.0000E+00
       0.0000E+00  0.0000E+00  0.0000E+00  0.0000E+00  0.0000E+00  0.0000E+00  0.0000E+00  0.0000E+00  0.0000E+00  0.0000E+00
       0.0000E+00  0.0000E+00  0.0000E+00  0.0000E+00  0.0000E+00  0.0000E+00  0.0000E+00  0.0000E+00  0.0000E+00  0.0000E+00
       0.0000E+00  0.0000E+00  0.0000E+00  0.0000E+00  0.0000E+00  0.0000E+00  0.0000E+00  0.0000E+00  0.0000E+00  0.0000E+00
       0.0000E+00  0.0000E+00  0.0000E+00  0.0000E+00  0.0000E+00  0.0000E+00  0.0000E+00  0.0000E+00  0.0000E+00  0.0000E+00
       0.0000E+00  0.0000E+00  0.0000E+00  0.0000E+00  0.0000E+00  0.0000E+00  0.0000E+00  0.0000E+00  0.0000E+00  0.0000E+00
       0.0000E+00  0.0000E+00  0.0000E+00  0.0000E+00  0.0000E+00  0.0000E+00  0.0000E+00  0.0000E+00  0.0000E+00  0.0000E+00
       0.0000E+00  0.0000E+00  0.0000E+00  0.0000E+00  0.0000E+00  0.0000E+00  0.0000E+00  0.0000E+00  0.0000E+00  0.0000E+00
       0.0000E+00  0.0000E+00  0.0000E+00  0.0000E+00  0.0000E+00  0.0000E+00  0.0000E+00  0.0000E+00  0.0000E+00  0.0000E+00
       0.0000E+00  0.0000E+00  0.0000E+00  0.0000E+00  0.0000E+00  0.0000E+00  0.0000E+00  0.0000E+00  0.0000E+00  0.0000E+00
       0.0000E+00  0.0000E+00  0.0000E+00  0.0000E+00  0.0000E+00  0.0000E+00  0.0000E+00  0.0000E+00  0.0000E+00  0.0000E+00
       0.0000E+00  0.0000E+00  0.0000E+00  0.0000E+00  0.0000E+00  0.0000E+00  0.0000E+00  0.0000E+00  0.0000E+00  0.0000E+00
       0.0000E+00  0.0000E+00  0.0000E+00  0.0000E+00  0.0000E+00  0.0000E+00  0.0000E+00  0.0000E+00  0.0000E+00  0.0000E+00
       0.0000E+00  0.0000E+00  0.0000E+00  0.0000E+00  0.0000E+00  0.0000E+00  0.0000E+00  0.0000E+00  0.0000E+00  0.0000E+00
1

   Bdrx n.   6  "ofluence  " , generalized particle n.    1, from region n.     5 to region n.     4
      detector area:  1.0000E+02 cm**2
      this is a one way only estimator
      this is a fluence like estimator
      linear energy binning from   0.0000E+00 to  3.0000E+02 GeV,     1 bins ( 3.0000E+02 GeV wide)
      linear angular binning from  0.0000E+00 to  6.2832E+00 sr ,     1 bins ( 6.2832E+00 sr wide )
      Data follow in a matrix A(ie,ia), format (1(5x,1p,10(1x,e11.4)))

       5.1919E-06
