
 *****  Protons in Lexan (0.08GeV, 1cm)                                                   *****

           DATE: 12/19/18,  TIME:  7:49:38

          Total number of particles followed       25000000, for a total weight of  2.5000E+07

1

   Bdrx n.   4  "ocurrent  " , generalized particle n.    1, from region n.     5 to region n.     4
      detector area:  1.0000E+02 cm**2
      this is a one way only estimator
      this is a current like estimator
      linear energy binning from   0.0000E+00 to  1.3000E-01 GeV,   650 bins ( 2.0000E-04 GeV wide)
      linear angular binning from  0.0000E+00 to  6.2832E+00 sr ,     1 bins ( 6.2832E+00 sr wide )
      Data follow in a matrix A(ie,ia), format (1(5x,1p,10(1x,e11.4)))

       2.3237E-05  3.0558E-05  3.8834E-05  4.6473E-05  5.7932E-05  6.5572E-05  7.5121E-05  8.2124E-05  8.8172E-05  1.0281E-04
       9.6766E-05  1.1618E-04  1.3592E-04  1.3019E-04  1.1873E-04  1.3305E-04  1.4069E-04  1.4579E-04  1.5215E-04  1.5693E-04
       1.5884E-04  1.5120E-04  1.7252E-04  1.6457E-04  1.8876E-04  1.8844E-04  1.9544E-04  1.9417E-04  2.0690E-04  1.9481E-04
       1.9990E-04  2.0563E-04  2.1422E-04  2.1454E-04  2.3396E-04  2.3841E-04  2.3332E-04  2.3873E-04  2.6356E-04  2.2282E-04
       2.5719E-04  2.3841E-04  2.6420E-04  2.5688E-04  2.6133E-04  2.7788E-04  2.7438E-04  2.7343E-04  2.7820E-04  2.8330E-04
       2.9189E-04  2.9348E-04  2.9889E-04  2.8361E-04  2.9539E-04  3.2308E-04  3.2531E-04  3.1099E-04  3.3136E-04  3.3550E-04
       3.2945E-04  3.2754E-04  3.1926E-04  3.5046E-04  3.3932E-04  3.6319E-04  3.3964E-04  3.4950E-04  3.7306E-04  3.6988E-04
       3.7306E-04  3.6606E-04  3.7592E-04  3.8261E-04  3.5746E-04  3.6892E-04  3.7943E-04  3.9216E-04  3.9088E-04  3.9088E-04
       3.9661E-04  3.8006E-04  4.0043E-04  4.0234E-04  4.0203E-04  3.9375E-04  4.3035E-04  4.1603E-04  4.2303E-04  4.2494E-04
       4.1730E-04  4.1921E-04  4.3895E-04  4.1126E-04  4.4532E-04  4.3067E-04  4.3672E-04  4.3417E-04  4.3481E-04  4.4754E-04
       4.4595E-04  4.3577E-04  4.5264E-04  4.4914E-04  4.6091E-04  4.5168E-04  4.5391E-04  4.7778E-04  4.8256E-04  4.6601E-04
       4.6378E-04  4.6091E-04  4.5423E-04  4.8319E-04  4.7778E-04  4.7937E-04  4.7428E-04  4.7492E-04  4.8988E-04  4.7428E-04
       4.8510E-04  4.7937E-04  4.7810E-04  4.9147E-04  4.8638E-04  4.8670E-04  4.9529E-04  5.1725E-04  5.0930E-04  4.9688E-04
       5.1471E-04  5.1662E-04  5.2266E-04  5.1216E-04  4.8224E-04  5.3062E-04  4.8956E-04  5.2553E-04  5.0675E-04  5.1853E-04
       4.8638E-04  4.9720E-04  4.8510E-04  5.0229E-04  5.1662E-04  5.2553E-04  5.3253E-04  5.0770E-04  5.2935E-04  5.0452E-04
       5.3062E-04  5.1757E-04  5.2744E-04  5.2457E-04  5.2075E-04  5.0516E-04  5.2935E-04  5.2903E-04  5.1312E-04  5.4686E-04
       5.4017E-04  5.1980E-04  5.2457E-04  5.3826E-04  5.3221E-04  5.2967E-04  5.3476E-04  5.5163E-04  5.2298E-04  5.2394E-04
       5.5004E-04  5.5163E-04  5.2330E-04  5.2266E-04  5.5036E-04  5.3603E-04  5.4399E-04  5.5004E-04  5.2648E-04  5.1821E-04
       5.4877E-04  5.3030E-04  5.1534E-04  5.3381E-04  5.4590E-04  5.4686E-04  5.0898E-04  5.5131E-04  5.2903E-04  5.5609E-04
       5.2648E-04  5.3062E-04  5.2521E-04  5.3190E-04  4.9497E-04  5.1725E-04  5.0834E-04  5.0293E-04  5.1343E-04  5.0930E-04
       5.1662E-04  4.9179E-04  5.0293E-04  5.0038E-04  5.0866E-04  5.1025E-04  4.9306E-04  4.9625E-04  5.1503E-04  4.8447E-04
       4.8065E-04  4.8701E-04  4.6569E-04  4.5168E-04  4.7046E-04  4.8256E-04  4.2431E-04  4.4086E-04  4.5168E-04  4.1380E-04
       3.9311E-04  4.3195E-04  4.1508E-04  3.9343E-04  3.6033E-04  3.7752E-04  3.4568E-04  3.5842E-04  3.4282E-04  3.5428E-04
       3.2818E-04  3.2022E-04  3.1799E-04  3.1608E-04  3.1194E-04  3.1003E-04  3.0112E-04  3.2117E-04  2.9189E-04  3.0462E-04
       3.2086E-04  3.0685E-04  3.1322E-04  3.1863E-04  3.3582E-04  3.4282E-04  3.4155E-04  3.7847E-04  3.9884E-04  4.3322E-04
       4.3004E-04  4.5773E-04  4.9752E-04  5.1439E-04  5.5991E-04  5.7869E-04  6.4299E-04  6.5190E-04  7.6935E-04  7.8336E-04
       8.3652E-04  8.4925E-04  9.3169E-04  9.5461E-04  1.0409E-03  1.1504E-03  1.1879E-03  1.3277E-03  1.4493E-03  1.6428E-03
       1.8612E-03  2.2138E-03  2.6219E-03  3.2006E-03  3.8805E-03  4.9096E-03  6.7860E-03  9.7670E-03  1.5421E-02  2.5991E-02
       4.5302E-02  7.8996E-02  1.3440E-01  2.1688E-01  3.3145E-01  4.7120E-01  6.2321E-01  7.6284E-01  8.6097E-01  8.9389E-01
       8.4894E-01  7.3592E-01  5.8138E-01  4.1796E-01  2.7163E-01  1.5997E-01  8.5041E-02  4.0388E-02  1.7347E-02  6.5887E-03
       2.2103E-03  6.6654E-04  1.7666E-04  4.0425E-05  5.7296E-06  9.5493E-07  0.0000E+00  0.0000E+00  0.0000E+00  0.0000E+00
       0.0000E+00  0.0000E+00  0.0000E+00  0.0000E+00  0.0000E+00  0.0000E+00  0.0000E+00  0.0000E+00  0.0000E+00  0.0000E+00
       0.0000E+00  0.0000E+00  0.0000E+00  0.0000E+00  0.0000E+00  0.0000E+00  0.0000E+00  0.0000E+00  0.0000E+00  0.0000E+00
       0.0000E+00  0.0000E+00  0.0000E+00  0.0000E+00  0.0000E+00  0.0000E+00  0.0000E+00  0.0000E+00  0.0000E+00  0.0000E+00
       0.0000E+00  0.0000E+00  0.0000E+00  0.0000E+00  0.0000E+00  0.0000E+00  0.0000E+00  0.0000E+00  0.0000E+00  0.0000E+00
       0.0000E+00  0.0000E+00  0.0000E+00  0.0000E+00  0.0000E+00  0.0000E+00  0.0000E+00  0.0000E+00  0.0000E+00  0.0000E+00
       0.0000E+00  0.0000E+00  0.0000E+00  0.0000E+00  0.0000E+00  0.0000E+00  0.0000E+00  0.0000E+00  0.0000E+00  0.0000E+00
       0.0000E+00  0.0000E+00  0.0000E+00  0.0000E+00  0.0000E+00  0.0000E+00  0.0000E+00  0.0000E+00  0.0000E+00  0.0000E+00
       0.0000E+00  0.0000E+00  0.0000E+00  0.0000E+00  0.0000E+00  0.0000E+00  0.0000E+00  0.0000E+00  0.0000E+00  0.0000E+00
       0.0000E+00  0.0000E+00  0.0000E+00  0.0000E+00  0.0000E+00  0.0000E+00  0.0000E+00  0.0000E+00  0.0000E+00  0.0000E+00
       0.0000E+00  0.0000E+00  0.0000E+00  0.0000E+00  0.0000E+00  0.0000E+00  0.0000E+00  0.0000E+00  0.0000E+00  0.0000E+00
       0.0000E+00  0.0000E+00  0.0000E+00  0.0000E+00  0.0000E+00  0.0000E+00  0.0000E+00  0.0000E+00  0.0000E+00  0.0000E+00
       0.0000E+00  0.0000E+00  0.0000E+00  0.0000E+00  0.0000E+00  0.0000E+00  0.0000E+00  0.0000E+00  0.0000E+00  0.0000E+00
       0.0000E+00  0.0000E+00  0.0000E+00  0.0000E+00  0.0000E+00  0.0000E+00  0.0000E+00  0.0000E+00  0.0000E+00  0.0000E+00
       0.0000E+00  0.0000E+00  0.0000E+00  0.0000E+00  0.0000E+00  0.0000E+00  0.0000E+00  0.0000E+00  0.0000E+00  0.0000E+00
       0.0000E+00  0.0000E+00  0.0000E+00  0.0000E+00  0.0000E+00  0.0000E+00  0.0000E+00  0.0000E+00  0.0000E+00  0.0000E+00
       0.0000E+00  0.0000E+00  0.0000E+00  0.0000E+00  0.0000E+00  0.0000E+00  0.0000E+00  0.0000E+00  0.0000E+00  0.0000E+00
       0.0000E+00  0.0000E+00  0.0000E+00  0.0000E+00  0.0000E+00  0.0000E+00  0.0000E+00  0.0000E+00  0.0000E+00  0.0000E+00
       0.0000E+00  0.0000E+00  0.0000E+00  0.0000E+00  0.0000E+00  0.0000E+00  0.0000E+00  0.0000E+00  0.0000E+00  0.0000E+00
       0.0000E+00  0.0000E+00  0.0000E+00  0.0000E+00  0.0000E+00  0.0000E+00  0.0000E+00  0.0000E+00  0.0000E+00  0.0000E+00
       0.0000E+00  0.0000E+00  0.0000E+00  0.0000E+00  0.0000E+00  0.0000E+00  0.0000E+00  0.0000E+00  0.0000E+00  0.0000E+00
       0.0000E+00  0.0000E+00  0.0000E+00  0.0000E+00  0.0000E+00  0.0000E+00  0.0000E+00  0.0000E+00  0.0000E+00  0.0000E+00
       0.0000E+00  0.0000E+00  0.0000E+00  0.0000E+00  0.0000E+00  0.0000E+00  0.0000E+00  0.0000E+00  0.0000E+00  0.0000E+00
       0.0000E+00  0.0000E+00  0.0000E+00  0.0000E+00  0.0000E+00  0.0000E+00  0.0000E+00  0.0000E+00  0.0000E+00  0.0000E+00
       0.0000E+00  0.0000E+00  0.0000E+00  0.0000E+00  0.0000E+00  0.0000E+00  0.0000E+00  0.0000E+00  0.0000E+00  0.0000E+00
       0.0000E+00  0.0000E+00  0.0000E+00  0.0000E+00  0.0000E+00  0.0000E+00  0.0000E+00  0.0000E+00  0.0000E+00  0.0000E+00
       0.0000E+00  0.0000E+00  0.0000E+00  0.0000E+00  0.0000E+00  0.0000E+00  0.0000E+00  0.0000E+00  0.0000E+00  0.0000E+00
       0.0000E+00  0.0000E+00  0.0000E+00  0.0000E+00  0.0000E+00  0.0000E+00  0.0000E+00  0.0000E+00  0.0000E+00  0.0000E+00
       0.0000E+00  0.0000E+00  0.0000E+00  0.0000E+00  0.0000E+00  0.0000E+00  0.0000E+00  0.0000E+00  0.0000E+00  0.0000E+00
       0.0000E+00  0.0000E+00  0.0000E+00  0.0000E+00  0.0000E+00  0.0000E+00  0.0000E+00  0.0000E+00  0.0000E+00  0.0000E+00
       0.0000E+00  0.0000E+00  0.0000E+00  0.0000E+00  0.0000E+00  0.0000E+00  0.0000E+00  0.0000E+00  0.0000E+00  0.0000E+00
       0.0000E+00  0.0000E+00  0.0000E+00  0.0000E+00  0.0000E+00  0.0000E+00  0.0000E+00  0.0000E+00  0.0000E+00  0.0000E+00
       0.0000E+00  0.0000E+00  0.0000E+00  0.0000E+00  0.0000E+00  0.0000E+00  0.0000E+00  0.0000E+00  0.0000E+00  0.0000E+00
       0.0000E+00  0.0000E+00  0.0000E+00  0.0000E+00  0.0000E+00  0.0000E+00  0.0000E+00  0.0000E+00  0.0000E+00  0.0000E+00
       0.0000E+00  0.0000E+00  0.0000E+00  0.0000E+00  0.0000E+00  0.0000E+00  0.0000E+00  0.0000E+00  0.0000E+00  0.0000E+00
