
 *****  Protons in Lexan (0.07GeV, 0cm)                                                   *****

           DATE: 12/19/18,  TIME: 12:15:18

          Total number of particles followed       50000000, for a total weight of  5.0000E+07

1

   Bdrx n.   4  "ocurrent  " , generalized particle n.    1, from region n.     5 to region n.     4
      detector area:  1.0000E+02 cm**2
      this is a one way only estimator
      this is a current like estimator
      linear energy binning from   0.0000E+00 to  1.2000E-01 GeV,   650 bins ( 1.8462E-04 GeV wide)
      linear angular binning from  0.0000E+00 to  6.2832E+00 sr ,     1 bins ( 6.2832E+00 sr wide )
      Data follow in a matrix A(ie,ia), format (1(5x,1p,10(1x,e11.4)))

       1.6380E-05  1.8449E-05  2.9828E-05  3.0346E-05  4.3104E-05  5.0518E-05  5.1208E-05  5.4656E-05  5.7588E-05  7.2071E-05
       7.4829E-05  7.6898E-05  8.0002E-05  8.8450E-05  8.8278E-05  8.8795E-05  9.7761E-05  9.0175E-05  1.0483E-04  1.1224E-04
       1.1311E-04  1.1121E-04  1.1362E-04  1.1966E-04  1.2621E-04  1.2862E-04  1.3035E-04  1.3966E-04  1.3811E-04  1.4259E-04
       1.4069E-04  1.3207E-04  1.4949E-04  1.4276E-04  1.4811E-04  1.5518E-04  1.5018E-04  1.5811E-04  1.6707E-04  1.7380E-04
       1.7156E-04  1.6311E-04  1.7156E-04  1.7949E-04  1.7535E-04  1.8345E-04  1.7587E-04  1.8466E-04  1.7656E-04  1.9707E-04
       1.8759E-04  1.9173E-04  1.9811E-04  2.0604E-04  1.9690E-04  2.0294E-04  1.9690E-04  1.9707E-04  2.1328E-04  2.0449E-04
       2.0966E-04  2.1587E-04  2.1794E-04  2.2035E-04  2.3035E-04  2.2569E-04  2.2190E-04  2.3759E-04  2.2466E-04  2.2449E-04
       2.4759E-04  2.3621E-04  2.5104E-04  2.3397E-04  2.4639E-04  2.4052E-04  2.4518E-04  2.6225E-04  2.4759E-04  2.5932E-04
       2.6052E-04  2.7035E-04  2.5673E-04  2.6139E-04  2.4983E-04  2.7466E-04  2.7828E-04  2.6932E-04  2.6932E-04  2.7759E-04
       2.7897E-04  2.6811E-04  2.8070E-04  2.7759E-04  2.8742E-04  2.8121E-04  2.8811E-04  2.8242E-04  2.7777E-04  2.8277E-04
       2.7501E-04  2.7983E-04  2.9777E-04  3.0328E-04  2.9363E-04  3.0070E-04  2.9897E-04  3.0863E-04  2.9656E-04  3.1104E-04
       3.0121E-04  3.0397E-04  3.1708E-04  3.0380E-04  3.0880E-04  3.0725E-04  3.0518E-04  3.2121E-04  3.2432E-04  3.1484E-04
       3.0846E-04  3.1518E-04  3.2259E-04  3.1759E-04  3.1794E-04  3.1242E-04  3.2449E-04  3.3190E-04  3.2552E-04  3.2087E-04
       3.2639E-04  3.3553E-04  3.1432E-04  3.2156E-04  3.2966E-04  3.2259E-04  3.3053E-04  3.3259E-04  3.2501E-04  3.2570E-04
       3.2863E-04  3.4035E-04  3.2621E-04  3.3690E-04  3.3087E-04  3.3501E-04  3.2966E-04  3.2621E-04  3.3708E-04  3.4121E-04
       3.4225E-04  3.3035E-04  3.2225E-04  3.3397E-04  3.2915E-04  3.4001E-04  3.4518E-04  3.4242E-04  3.3294E-04  3.4190E-04
       3.5708E-04  3.4466E-04  3.5225E-04  3.4173E-04  3.3380E-04  3.4346E-04  3.4053E-04  3.4053E-04  3.3621E-04  3.6104E-04
       3.4535E-04  3.5139E-04  3.3846E-04  3.4604E-04  3.4173E-04  3.5294E-04  3.4639E-04  3.6535E-04  3.4415E-04  3.5104E-04
       3.5622E-04  3.5622E-04  3.5466E-04  3.4759E-04  3.5690E-04  3.4759E-04  3.4966E-04  3.4242E-04  3.5346E-04  3.5570E-04
       3.4277E-04  3.6122E-04  3.5725E-04  3.6828E-04  3.4328E-04  3.5173E-04  3.4897E-04  3.4846E-04  3.3759E-04  3.5966E-04
       3.4018E-04  3.6242E-04  3.5828E-04  3.5897E-04  3.5156E-04  3.4639E-04  3.6156E-04  3.5535E-04  3.5001E-04  3.4535E-04
       3.6380E-04  3.3070E-04  3.6449E-04  3.4380E-04  3.4466E-04  3.4604E-04  3.4690E-04  3.4811E-04  3.3673E-04  3.4742E-04
       3.4397E-04  3.3553E-04  3.5311E-04  3.4397E-04  3.2552E-04  3.3984E-04  3.3035E-04  3.2156E-04  3.2535E-04  3.4121E-04
       3.2104E-04  3.1035E-04  3.3018E-04  3.1156E-04  3.0242E-04  3.1777E-04  3.1035E-04  2.9759E-04  2.9708E-04  2.9621E-04
       3.0656E-04  2.9639E-04  2.8794E-04  2.8966E-04  2.6880E-04  2.7673E-04  2.6690E-04  2.5742E-04  2.4811E-04  2.4570E-04
       2.3259E-04  2.3328E-04  2.2276E-04  2.1173E-04  2.1466E-04  1.8311E-04  1.7966E-04  1.8087E-04  1.7294E-04  1.6914E-04
       1.6069E-04  1.7018E-04  1.6449E-04  1.5897E-04  1.5949E-04  1.6466E-04  1.7449E-04  1.8707E-04  1.7328E-04  1.8828E-04
       1.9966E-04  1.8569E-04  2.0207E-04  2.1552E-04  2.1587E-04  2.4121E-04  2.3018E-04  2.5863E-04  2.7345E-04  2.8466E-04
       2.9173E-04  3.0759E-04  3.5018E-04  3.7863E-04  4.1553E-04  4.1242E-04  4.5191E-04  4.7070E-04  4.7242E-04  4.6087E-04
       4.6036E-04  4.4398E-04  4.4070E-04  4.3967E-04  5.1381E-04  5.4829E-04  6.4260E-04  7.5916E-04  8.9381E-04  1.0669E-03
       1.3119E-03  1.6369E-03  2.0366E-03  2.6268E-03  3.5278E-03  5.1662E-03  8.7828E-03  1.7437E-02  3.8245E-02  8.4502E-02
       1.7667E-01  3.3550E-01  5.7015E-01  8.5422E-01  1.1194E+00  1.2755E+00  1.2548E+00  1.0617E+00  7.6733E-01  4.7073E-01
       2.4374E-01  1.0631E-01  3.8675E-02  1.1673E-02  2.9271E-03  6.0088E-04  9.4485E-05  1.7069E-05  2.4138E-06  0.0000E+00
       0.0000E+00  0.0000E+00  0.0000E+00  0.0000E+00  0.0000E+00  0.0000E+00  0.0000E+00  0.0000E+00  0.0000E+00  0.0000E+00
       0.0000E+00  0.0000E+00  0.0000E+00  0.0000E+00  0.0000E+00  0.0000E+00  0.0000E+00  0.0000E+00  0.0000E+00  0.0000E+00
       0.0000E+00  0.0000E+00  0.0000E+00  0.0000E+00  0.0000E+00  0.0000E+00  0.0000E+00  0.0000E+00  0.0000E+00  0.0000E+00
       0.0000E+00  0.0000E+00  0.0000E+00  0.0000E+00  0.0000E+00  0.0000E+00  0.0000E+00  0.0000E+00  0.0000E+00  0.0000E+00
       0.0000E+00  0.0000E+00  0.0000E+00  0.0000E+00  0.0000E+00  0.0000E+00  0.0000E+00  0.0000E+00  0.0000E+00  0.0000E+00
       0.0000E+00  0.0000E+00  0.0000E+00  0.0000E+00  0.0000E+00  0.0000E+00  0.0000E+00  0.0000E+00  0.0000E+00  0.0000E+00
       0.0000E+00  0.0000E+00  0.0000E+00  0.0000E+00  0.0000E+00  0.0000E+00  0.0000E+00  0.0000E+00  0.0000E+00  0.0000E+00
       0.0000E+00  0.0000E+00  0.0000E+00  0.0000E+00  0.0000E+00  0.0000E+00  0.0000E+00  0.0000E+00  0.0000E+00  0.0000E+00
       0.0000E+00  0.0000E+00  0.0000E+00  0.0000E+00  0.0000E+00  0.0000E+00  0.0000E+00  0.0000E+00  0.0000E+00  0.0000E+00
       0.0000E+00  0.0000E+00  0.0000E+00  0.0000E+00  0.0000E+00  0.0000E+00  0.0000E+00  0.0000E+00  0.0000E+00  0.0000E+00
       0.0000E+00  0.0000E+00  0.0000E+00  0.0000E+00  0.0000E+00  0.0000E+00  0.0000E+00  0.0000E+00  0.0000E+00  0.0000E+00
       0.0000E+00  0.0000E+00  0.0000E+00  0.0000E+00  0.0000E+00  0.0000E+00  0.0000E+00  0.0000E+00  0.0000E+00  0.0000E+00
       0.0000E+00  0.0000E+00  0.0000E+00  0.0000E+00  0.0000E+00  0.0000E+00  0.0000E+00  0.0000E+00  0.0000E+00  0.0000E+00
       0.0000E+00  0.0000E+00  0.0000E+00  0.0000E+00  0.0000E+00  0.0000E+00  0.0000E+00  0.0000E+00  0.0000E+00  0.0000E+00
       0.0000E+00  0.0000E+00  0.0000E+00  0.0000E+00  0.0000E+00  0.0000E+00  0.0000E+00  0.0000E+00  0.0000E+00  0.0000E+00
       0.0000E+00  0.0000E+00  0.0000E+00  0.0000E+00  0.0000E+00  0.0000E+00  0.0000E+00  0.0000E+00  0.0000E+00  0.0000E+00
       0.0000E+00  0.0000E+00  0.0000E+00  0.0000E+00  0.0000E+00  0.0000E+00  0.0000E+00  0.0000E+00  0.0000E+00  0.0000E+00
       0.0000E+00  0.0000E+00  0.0000E+00  0.0000E+00  0.0000E+00  0.0000E+00  0.0000E+00  0.0000E+00  0.0000E+00  0.0000E+00
       0.0000E+00  0.0000E+00  0.0000E+00  0.0000E+00  0.0000E+00  0.0000E+00  0.0000E+00  0.0000E+00  0.0000E+00  0.0000E+00
       0.0000E+00  0.0000E+00  0.0000E+00  0.0000E+00  0.0000E+00  0.0000E+00  0.0000E+00  0.0000E+00  0.0000E+00  0.0000E+00
       0.0000E+00  0.0000E+00  0.0000E+00  0.0000E+00  0.0000E+00  0.0000E+00  0.0000E+00  0.0000E+00  0.0000E+00  0.0000E+00
       0.0000E+00  0.0000E+00  0.0000E+00  0.0000E+00  0.0000E+00  0.0000E+00  0.0000E+00  0.0000E+00  0.0000E+00  0.0000E+00
       0.0000E+00  0.0000E+00  0.0000E+00  0.0000E+00  0.0000E+00  0.0000E+00  0.0000E+00  0.0000E+00  0.0000E+00  0.0000E+00
       0.0000E+00  0.0000E+00  0.0000E+00  0.0000E+00  0.0000E+00  0.0000E+00  0.0000E+00  0.0000E+00  0.0000E+00  0.0000E+00
       0.0000E+00  0.0000E+00  0.0000E+00  0.0000E+00  0.0000E+00  0.0000E+00  0.0000E+00  0.0000E+00  0.0000E+00  0.0000E+00
       0.0000E+00  0.0000E+00  0.0000E+00  0.0000E+00  0.0000E+00  0.0000E+00  0.0000E+00  0.0000E+00  0.0000E+00  0.0000E+00
       0.0000E+00  0.0000E+00  0.0000E+00  0.0000E+00  0.0000E+00  0.0000E+00  0.0000E+00  0.0000E+00  0.0000E+00  0.0000E+00
       0.0000E+00  0.0000E+00  0.0000E+00  0.0000E+00  0.0000E+00  0.0000E+00  0.0000E+00  0.0000E+00  0.0000E+00  0.0000E+00
       0.0000E+00  0.0000E+00  0.0000E+00  0.0000E+00  0.0000E+00  0.0000E+00  0.0000E+00  0.0000E+00  0.0000E+00  0.0000E+00
       0.0000E+00  0.0000E+00  0.0000E+00  0.0000E+00  0.0000E+00  0.0000E+00  0.0000E+00  0.0000E+00  0.0000E+00  0.0000E+00
       0.0000E+00  0.0000E+00  0.0000E+00  0.0000E+00  0.0000E+00  0.0000E+00  0.0000E+00  0.0000E+00  0.0000E+00  0.0000E+00
       0.0000E+00  0.0000E+00  0.0000E+00  0.0000E+00  0.0000E+00  0.0000E+00  0.0000E+00  0.0000E+00  0.0000E+00  0.0000E+00
