
 *****  Protons in Lexan (0.12GeV, 1.0cm)                                                 *****

           DATE: 12/18/18,  TIME:  4:19: 2

          Total number of particles followed       16000000, for a total weight of  1.6000E+07

1

   Res. nuclei n.   1  "Ian       " ,  all         products, region n.     5
      detector volume:  1.0000E+00 cm**3
      Max. Z:  10, Max. N-Z:  11 Min. N-Z: -4
      Data follow in a matrix A(z,n-z-k), k: -5 format (1(5x,1p,10(1x,e11.4)))

       0.0000E+00  0.0000E+00  0.0000E+00  0.0000E+00  0.0000E+00  0.0000E+00  0.0000E+00  0.0000E+00  0.0000E+00  0.0000E+00
       0.0000E+00  0.0000E+00  0.0000E+00  0.0000E+00  0.0000E+00  1.5625E-05  0.0000E+00  8.3125E-06  0.0000E+00  0.0000E+00
       0.0000E+00  0.0000E+00  0.0000E+00  0.0000E+00  1.9156E-04  3.6106E-04  1.0087E-04  3.6125E-04  0.0000E+00  0.0000E+00
       2.2355E+00  5.6645E-03  0.0000E+00  1.8171E-03  0.0000E+00  6.1498E-03  1.1511E-03  2.0220E-02  2.1250E-06  6.2500E-08
       1.0978E+00  1.0421E-01  4.7711E-03  0.0000E+00  3.0078E-03  3.1828E-02  1.0483E-02  4.6828E-02  7.8750E-06  3.7500E-06
       2.4554E-03  0.0000E+00  1.3250E-03  8.4575E-04  5.1114E-03  5.0380E-03  1.6866E-02  5.1389E-05  3.7500E-07  6.2500E-08
       0.0000E+00  6.3125E-05  1.0737E-04  3.8175E-04  1.2438E-04  1.1993E-03  9.8949E-05  6.9500E-05  0.0000E+00  0.0000E+00
       0.0000E+00  0.0000E+00  6.1875E-06  3.0625E-06  1.2937E-05  2.6250E-06  1.0562E-05  0.0000E+00  0.0000E+00  0.0000E+00
       0.0000E+00  0.0000E+00  0.0000E+00  0.0000E+00  0.0000E+00  2.5000E-07  1.8750E-07  0.0000E+00  0.0000E+00  0.0000E+00
       0.0000E+00  0.0000E+00  0.0000E+00  0.0000E+00  0.0000E+00  0.0000E+00  0.0000E+00  0.0000E+00  0.0000E+00  0.0000E+00
       0.0000E+00  0.0000E+00  0.0000E+00  0.0000E+00  0.0000E+00  0.0000E+00  0.0000E+00  0.0000E+00  0.0000E+00  0.0000E+00
       0.0000E+00  0.0000E+00  0.0000E+00  0.0000E+00  0.0000E+00  0.0000E+00  0.0000E+00  0.0000E+00  0.0000E+00  0.0000E+00
       0.0000E+00  0.0000E+00  0.0000E+00  0.0000E+00  0.0000E+00  0.0000E+00  0.0000E+00  0.0000E+00  0.0000E+00  0.0000E+00
       0.0000E+00  0.0000E+00  0.0000E+00  0.0000E+00  0.0000E+00  0.0000E+00  0.0000E+00  0.0000E+00  0.0000E+00  0.0000E+00
       0.0000E+00  0.0000E+00  0.0000E+00  0.0000E+00  0.0000E+00  0.0000E+00  0.0000E+00  0.0000E+00  0.0000E+00  0.0000E+00
       0.0000E+00  0.0000E+00  0.0000E+00  0.0000E+00  0.0000E+00  0.0000E+00  0.0000E+00  0.0000E+00  0.0000E+00  0.0000E+00
