
 *****  Protons in Lexan (0.07GeV, 0cm)                                                   *****

           DATE: 12/21/18,  TIME:  7:53:42

          Total number of particles followed       50000000, for a total weight of  5.0000E+07

1

   Bdrx n.   4  "ocurrent  " , generalized particle n.    1, from region n.     5 to region n.     4
      detector area:  1.0000E+02 cm**2
      this is a one way only estimator
      this is a current like estimator
      linear energy binning from   0.0000E+00 to  1.2000E-01 GeV,   650 bins ( 1.8462E-04 GeV wide)
      linear angular binning from  0.0000E+00 to  6.2832E+00 sr ,     1 bins ( 6.2832E+00 sr wide )
      Data follow in a matrix A(ie,ia), format (1(5x,1p,10(1x,e11.4)))

       1.4828E-05  2.1207E-05  2.8621E-05  3.4139E-05  4.3794E-05  4.5346E-05  4.8967E-05  5.8277E-05  6.7071E-05  6.6553E-05
       7.1209E-05  7.5002E-05  7.6554E-05  8.6037E-05  9.0864E-05  9.1381E-05  9.7071E-05  9.6554E-05  9.1899E-05  1.0880E-04
       1.1362E-04  1.2155E-04  1.1431E-04  1.2035E-04  1.2086E-04  1.3104E-04  1.2931E-04  1.3707E-04  1.3500E-04  1.3638E-04
       1.4466E-04  1.3587E-04  1.4638E-04  1.5242E-04  1.5931E-04  1.5035E-04  1.6311E-04  1.6621E-04  1.5500E-04  1.6311E-04
       1.7173E-04  1.6414E-04  1.7466E-04  1.8035E-04  1.8414E-04  1.7276E-04  1.8673E-04  1.9587E-04  1.9311E-04  1.9363E-04
       2.0207E-04  1.9932E-04  1.9828E-04  2.0449E-04  2.0156E-04  2.0518E-04  2.0449E-04  2.0380E-04  2.1569E-04  2.1087E-04
       2.1311E-04  2.1673E-04  2.1897E-04  2.2311E-04  2.2225E-04  2.3690E-04  2.1914E-04  2.3863E-04  2.2345E-04  2.4328E-04
       2.3570E-04  2.3535E-04  2.4535E-04  2.4259E-04  2.4018E-04  2.4776E-04  2.4742E-04  2.6449E-04  2.5173E-04  2.5621E-04
       2.5570E-04  2.6242E-04  2.5811E-04  2.5414E-04  2.6828E-04  2.6414E-04  2.6070E-04  2.6276E-04  2.7070E-04  2.6052E-04
       2.8449E-04  2.8708E-04  2.6501E-04  2.7708E-04  2.8345E-04  2.7397E-04  2.8328E-04  2.8414E-04  2.8518E-04  2.8656E-04
       2.8466E-04  2.7759E-04  2.9328E-04  3.0018E-04  2.9932E-04  3.0052E-04  2.9914E-04  3.0811E-04  3.0294E-04  3.0363E-04
       3.0483E-04  3.1897E-04  3.0570E-04  2.9725E-04  3.0466E-04  3.1035E-04  3.0966E-04  3.2139E-04  3.1880E-04  3.1139E-04
       3.1311E-04  3.0863E-04  3.0777E-04  3.2466E-04  3.1535E-04  3.1673E-04  3.1759E-04  3.0897E-04  3.1846E-04  3.3794E-04
       3.1811E-04  3.4484E-04  3.1397E-04  3.2449E-04  3.2880E-04  3.1932E-04  3.2173E-04  3.2828E-04  3.3966E-04  3.3880E-04
       3.3380E-04  3.3449E-04  3.3811E-04  3.2932E-04  3.3139E-04  3.3656E-04  3.2432E-04  3.4001E-04  3.3639E-04  3.5622E-04
       3.5380E-04  3.3415E-04  3.3380E-04  3.2570E-04  3.3570E-04  3.3587E-04  3.4208E-04  3.5587E-04  3.3121E-04  3.5018E-04
       3.3725E-04  3.5328E-04  3.3173E-04  3.3777E-04  3.3932E-04  3.3466E-04  3.4846E-04  3.5725E-04  3.4397E-04  3.4535E-04
       3.5156E-04  3.4208E-04  3.4518E-04  3.3277E-04  3.6225E-04  3.4311E-04  3.4708E-04  3.3966E-04  3.5380E-04  3.5397E-04
       3.6053E-04  3.4311E-04  3.3880E-04  3.5311E-04  3.5018E-04  3.5639E-04  3.3587E-04  3.5518E-04  3.6070E-04  3.5294E-04
       3.6622E-04  3.4984E-04  3.5104E-04  3.4311E-04  3.5535E-04  3.5035E-04  3.5863E-04  3.6018E-04  3.4484E-04  3.3984E-04
       3.5484E-04  3.6415E-04  3.6018E-04  3.4449E-04  3.5259E-04  3.4811E-04  3.5156E-04  3.5656E-04  3.4949E-04  3.6087E-04
       3.4880E-04  3.4759E-04  3.5001E-04  3.4259E-04  3.5380E-04  3.5070E-04  3.3708E-04  3.3673E-04  3.4880E-04  3.5501E-04
       3.4277E-04  3.4104E-04  3.3708E-04  3.4208E-04  3.3535E-04  3.3604E-04  3.4880E-04  3.4139E-04  3.4053E-04  3.1897E-04
       3.3190E-04  3.2259E-04  3.2621E-04  3.2173E-04  3.2035E-04  3.1690E-04  3.0415E-04  3.2001E-04  3.1535E-04  2.9742E-04
       2.9018E-04  2.8501E-04  2.8880E-04  2.8259E-04  2.8139E-04  2.7897E-04  2.6914E-04  2.7277E-04  2.5932E-04  2.3725E-04
       2.3363E-04  2.2845E-04  2.1621E-04  2.1673E-04  1.9259E-04  1.9638E-04  1.9242E-04  1.7414E-04  1.7380E-04  1.6225E-04
       1.7069E-04  1.6121E-04  1.6449E-04  1.6862E-04  1.6949E-04  1.6880E-04  1.6828E-04  1.8414E-04  1.7483E-04  1.8569E-04
       1.9638E-04  2.0190E-04  1.9604E-04  2.1087E-04  2.1432E-04  2.3311E-04  2.4156E-04  2.5983E-04  2.6225E-04  2.7742E-04
       3.0397E-04  3.1949E-04  3.5259E-04  3.7363E-04  3.8932E-04  4.4536E-04  4.4294E-04  4.6484E-04  4.8691E-04  4.6225E-04
       4.5363E-04  4.4691E-04  4.4536E-04  4.6449E-04  5.0674E-04  5.7398E-04  6.4295E-04  7.4916E-04  8.9140E-04  1.0826E-03
       1.3085E-03  1.6371E-03  2.0152E-03  2.5876E-03  3.5040E-03  5.1381E-03  8.7243E-03  1.7336E-02  3.8022E-02  8.4098E-02
       1.7576E-01  3.3471E-01  5.6944E-01  8.5348E-01  1.1192E+00  1.2763E+00  1.2570E+00  1.0628E+00  7.6712E-01  4.7098E-01
       2.4376E-01  1.0615E-01  3.8613E-02  1.1685E-02  2.9066E-03  5.8415E-04  9.9313E-05  1.1897E-05  2.2414E-06  0.0000E+00
       0.0000E+00  0.0000E+00  0.0000E+00  0.0000E+00  0.0000E+00  0.0000E+00  0.0000E+00  0.0000E+00  0.0000E+00  0.0000E+00
       0.0000E+00  0.0000E+00  0.0000E+00  0.0000E+00  0.0000E+00  0.0000E+00  0.0000E+00  0.0000E+00  0.0000E+00  0.0000E+00
       0.0000E+00  0.0000E+00  0.0000E+00  0.0000E+00  0.0000E+00  0.0000E+00  0.0000E+00  0.0000E+00  0.0000E+00  0.0000E+00
       0.0000E+00  0.0000E+00  0.0000E+00  0.0000E+00  0.0000E+00  0.0000E+00  0.0000E+00  0.0000E+00  0.0000E+00  0.0000E+00
       0.0000E+00  0.0000E+00  0.0000E+00  0.0000E+00  0.0000E+00  0.0000E+00  0.0000E+00  0.0000E+00  0.0000E+00  0.0000E+00
       0.0000E+00  0.0000E+00  0.0000E+00  0.0000E+00  0.0000E+00  0.0000E+00  0.0000E+00  0.0000E+00  0.0000E+00  0.0000E+00
       0.0000E+00  0.0000E+00  0.0000E+00  0.0000E+00  0.0000E+00  0.0000E+00  0.0000E+00  0.0000E+00  0.0000E+00  0.0000E+00
       0.0000E+00  0.0000E+00  0.0000E+00  0.0000E+00  0.0000E+00  0.0000E+00  0.0000E+00  0.0000E+00  0.0000E+00  0.0000E+00
       0.0000E+00  0.0000E+00  0.0000E+00  0.0000E+00  0.0000E+00  0.0000E+00  0.0000E+00  0.0000E+00  0.0000E+00  0.0000E+00
       0.0000E+00  0.0000E+00  0.0000E+00  0.0000E+00  0.0000E+00  0.0000E+00  0.0000E+00  0.0000E+00  0.0000E+00  0.0000E+00
       0.0000E+00  0.0000E+00  0.0000E+00  0.0000E+00  0.0000E+00  0.0000E+00  0.0000E+00  0.0000E+00  0.0000E+00  0.0000E+00
       0.0000E+00  0.0000E+00  0.0000E+00  0.0000E+00  0.0000E+00  0.0000E+00  0.0000E+00  0.0000E+00  0.0000E+00  0.0000E+00
       0.0000E+00  0.0000E+00  0.0000E+00  0.0000E+00  0.0000E+00  0.0000E+00  0.0000E+00  0.0000E+00  0.0000E+00  0.0000E+00
       0.0000E+00  0.0000E+00  0.0000E+00  0.0000E+00  0.0000E+00  0.0000E+00  0.0000E+00  0.0000E+00  0.0000E+00  0.0000E+00
       0.0000E+00  0.0000E+00  0.0000E+00  0.0000E+00  0.0000E+00  0.0000E+00  0.0000E+00  0.0000E+00  0.0000E+00  0.0000E+00
       0.0000E+00  0.0000E+00  0.0000E+00  0.0000E+00  0.0000E+00  0.0000E+00  0.0000E+00  0.0000E+00  0.0000E+00  0.0000E+00
       0.0000E+00  0.0000E+00  0.0000E+00  0.0000E+00  0.0000E+00  0.0000E+00  0.0000E+00  0.0000E+00  0.0000E+00  0.0000E+00
       0.0000E+00  0.0000E+00  0.0000E+00  0.0000E+00  0.0000E+00  0.0000E+00  0.0000E+00  0.0000E+00  0.0000E+00  0.0000E+00
       0.0000E+00  0.0000E+00  0.0000E+00  0.0000E+00  0.0000E+00  0.0000E+00  0.0000E+00  0.0000E+00  0.0000E+00  0.0000E+00
       0.0000E+00  0.0000E+00  0.0000E+00  0.0000E+00  0.0000E+00  0.0000E+00  0.0000E+00  0.0000E+00  0.0000E+00  0.0000E+00
       0.0000E+00  0.0000E+00  0.0000E+00  0.0000E+00  0.0000E+00  0.0000E+00  0.0000E+00  0.0000E+00  0.0000E+00  0.0000E+00
       0.0000E+00  0.0000E+00  0.0000E+00  0.0000E+00  0.0000E+00  0.0000E+00  0.0000E+00  0.0000E+00  0.0000E+00  0.0000E+00
       0.0000E+00  0.0000E+00  0.0000E+00  0.0000E+00  0.0000E+00  0.0000E+00  0.0000E+00  0.0000E+00  0.0000E+00  0.0000E+00
       0.0000E+00  0.0000E+00  0.0000E+00  0.0000E+00  0.0000E+00  0.0000E+00  0.0000E+00  0.0000E+00  0.0000E+00  0.0000E+00
       0.0000E+00  0.0000E+00  0.0000E+00  0.0000E+00  0.0000E+00  0.0000E+00  0.0000E+00  0.0000E+00  0.0000E+00  0.0000E+00
       0.0000E+00  0.0000E+00  0.0000E+00  0.0000E+00  0.0000E+00  0.0000E+00  0.0000E+00  0.0000E+00  0.0000E+00  0.0000E+00
       0.0000E+00  0.0000E+00  0.0000E+00  0.0000E+00  0.0000E+00  0.0000E+00  0.0000E+00  0.0000E+00  0.0000E+00  0.0000E+00
       0.0000E+00  0.0000E+00  0.0000E+00  0.0000E+00  0.0000E+00  0.0000E+00  0.0000E+00  0.0000E+00  0.0000E+00  0.0000E+00
       0.0000E+00  0.0000E+00  0.0000E+00  0.0000E+00  0.0000E+00  0.0000E+00  0.0000E+00  0.0000E+00  0.0000E+00  0.0000E+00
       0.0000E+00  0.0000E+00  0.0000E+00  0.0000E+00  0.0000E+00  0.0000E+00  0.0000E+00  0.0000E+00  0.0000E+00  0.0000E+00
       0.0000E+00  0.0000E+00  0.0000E+00  0.0000E+00  0.0000E+00  0.0000E+00  0.0000E+00  0.0000E+00  0.0000E+00  0.0000E+00
       0.0000E+00  0.0000E+00  0.0000E+00  0.0000E+00  0.0000E+00  0.0000E+00  0.0000E+00  0.0000E+00  0.0000E+00  0.0000E+00
