
 *****  Protons in Lexan (0.07GeV, 0cm)                                                   *****

           DATE: 12/21/18,  TIME:  7:53:42

          Total number of particles followed       50000000, for a total weight of  5.0000E+07

1

   Bdrx n.   2  "ofluence  " , generalized particle n.    1, from region n.     5 to region n.     4
      detector area:  1.0000E+02 cm**2
      this is a one way only estimator
      this is a fluence like estimator
      linear energy binning from   0.0000E+00 to  1.2000E-01 GeV,   650 bins ( 1.8462E-04 GeV wide)
      linear angular binning from  0.0000E+00 to  6.2832E+00 sr ,     1 bins ( 6.2832E+00 sr wide )
      Data follow in a matrix A(ie,ia), format (1(5x,1p,10(1x,e11.4)))

       2.4772E-05  3.7372E-05  4.6701E-05  5.3017E-05  6.6184E-05  7.3033E-05  7.7376E-05  8.9741E-05  1.0766E-04  1.0526E-04
       1.1385E-04  1.2758E-04  1.3005E-04  1.3736E-04  1.3651E-04  1.4517E-04  1.5140E-04  1.5816E-04  1.5449E-04  1.8387E-04
       1.8383E-04  1.9079E-04  1.8348E-04  1.9235E-04  1.9123E-04  2.1473E-04  2.0950E-04  2.1736E-04  2.0707E-04  2.1533E-04
       2.2495E-04  2.1727E-04  2.3304E-04  2.2913E-04  2.6440E-04  2.2932E-04  2.5571E-04  2.6467E-04  2.3281E-04  2.5656E-04
       2.6669E-04  2.5607E-04  2.7049E-04  2.7232E-04  3.0089E-04  2.6206E-04  2.8518E-04  2.9336E-04  2.8880E-04  2.9387E-04
       3.1360E-04  3.0270E-04  3.0561E-04  3.0908E-04  3.1078E-04  3.0977E-04  3.0428E-04  3.1144E-04  3.2588E-04  3.2009E-04
       3.1247E-04  3.2627E-04  3.2630E-04  3.4202E-04  3.3521E-04  3.4982E-04  3.2061E-04  3.5797E-04  3.4526E-04  3.5416E-04
       3.6938E-04  3.5353E-04  3.5906E-04  3.5990E-04  3.5678E-04  3.7156E-04  3.6120E-04  3.8826E-04  3.7219E-04  3.6471E-04
       3.7080E-04  3.8298E-04  3.7118E-04  3.6462E-04  3.8558E-04  3.8376E-04  3.8412E-04  3.7451E-04  3.8854E-04  3.6227E-04
       4.0817E-04  4.0904E-04  3.7269E-04  3.8693E-04  3.9877E-04  3.8211E-04  3.9386E-04  3.9723E-04  3.9606E-04  4.1459E-04
       3.9399E-04  3.9423E-04  4.0333E-04  4.1803E-04  4.1792E-04  4.1536E-04  4.0899E-04  4.1926E-04  4.2002E-04  4.2106E-04
       4.1851E-04  4.3270E-04  4.2499E-04  4.0225E-04  4.1310E-04  4.2717E-04  4.6061E-04  4.5202E-04  4.2988E-04  4.2768E-04
       4.2739E-04  4.1421E-04  4.1279E-04  4.4529E-04  4.3421E-04  4.2445E-04  4.3014E-04  4.2416E-04  4.2783E-04  4.5219E-04
       4.2907E-04  4.6315E-04  4.1216E-04  4.2350E-04  4.3525E-04  4.2762E-04  4.1919E-04  4.3656E-04  4.5422E-04  4.4291E-04
       4.3235E-04  4.3056E-04  4.4532E-04  4.2558E-04  4.3940E-04  4.4554E-04  4.3283E-04  4.5085E-04  4.3600E-04  4.6602E-04
       4.6198E-04  4.3564E-04  4.3157E-04  4.2036E-04  4.5392E-04  4.3105E-04  4.4601E-04  4.5216E-04  4.2700E-04  4.4856E-04
       4.3266E-04  4.4502E-04  4.2171E-04  4.3990E-04  4.3096E-04  4.2945E-04  4.3573E-04  4.5735E-04  4.4141E-04  4.3867E-04
       4.5974E-04  4.3843E-04  4.4258E-04  4.1604E-04  4.5690E-04  4.3488E-04  4.4407E-04  4.2207E-04  4.7470E-04  4.4269E-04
       4.5267E-04  4.3081E-04  4.2163E-04  4.4589E-04  4.5039E-04  4.4815E-04  4.1379E-04  4.4732E-04  4.4588E-04  4.3553E-04
       4.5964E-04  4.3588E-04  4.3160E-04  4.2211E-04  4.3989E-04  4.3439E-04  4.4398E-04  4.4587E-04  4.2463E-04  4.2413E-04
       4.3694E-04  4.5228E-04  4.4616E-04  4.2335E-04  4.2937E-04  4.2608E-04  4.3317E-04  4.3879E-04  4.2188E-04  4.3453E-04
       4.2307E-04  4.1520E-04  4.2640E-04  4.1321E-04  4.3389E-04  4.2587E-04  4.0914E-04  4.1122E-04  4.1813E-04  4.2199E-04
       4.1305E-04  4.1363E-04  4.1156E-04  4.0710E-04  4.0122E-04  4.0590E-04  4.2238E-04  4.0458E-04  4.0926E-04  3.8792E-04
       3.9861E-04  3.9183E-04  3.9498E-04  3.9516E-04  3.8386E-04  3.8693E-04  3.6361E-04  3.8526E-04  3.8711E-04  3.7415E-04
       3.5277E-04  3.3554E-04  3.5286E-04  3.4414E-04  3.4540E-04  3.4749E-04  3.2871E-04  3.3224E-04  3.1982E-04  2.9423E-04
       2.8995E-04  2.9243E-04  2.7656E-04  2.8636E-04  2.3664E-04  2.5524E-04  2.5089E-04  2.2596E-04  2.3196E-04  2.2004E-04
       2.3374E-04  2.1990E-04  2.2431E-04  2.2912E-04  2.2969E-04  2.3199E-04  2.2605E-04  2.4919E-04  2.4786E-04  2.5879E-04
       2.6492E-04  2.7987E-04  2.6068E-04  2.8380E-04  2.8787E-04  3.0421E-04  3.1624E-04  3.3572E-04  3.3726E-04  3.5393E-04
       3.8521E-04  3.9804E-04  4.3404E-04  4.5622E-04  4.6441E-04  5.3148E-04  5.2582E-04  5.5203E-04  5.7874E-04  5.4560E-04
       5.3911E-04  5.3713E-04  5.4531E-04  5.6390E-04  6.1475E-04  6.9862E-04  7.6962E-04  8.9234E-04  1.0466E-03  1.2646E-03
       1.5100E-03  1.8659E-03  2.2776E-03  2.8844E-03  3.8512E-03  5.5426E-03  9.1935E-03  1.7878E-02  3.8631E-02  8.4795E-02
       1.7654E-01  3.3557E-01  5.7038E-01  8.5445E-01  1.1201E+00  1.2772E+00  1.2577E+00  1.0633E+00  7.6749E-01  4.7119E-01
       2.4386E-01  1.0620E-01  3.8628E-02  1.1689E-02  2.9076E-03  5.8435E-04  9.9347E-05  1.1901E-05  2.2417E-06  0.0000E+00
       0.0000E+00  0.0000E+00  0.0000E+00  0.0000E+00  0.0000E+00  0.0000E+00  0.0000E+00  0.0000E+00  0.0000E+00  0.0000E+00
       0.0000E+00  0.0000E+00  0.0000E+00  0.0000E+00  0.0000E+00  0.0000E+00  0.0000E+00  0.0000E+00  0.0000E+00  0.0000E+00
       0.0000E+00  0.0000E+00  0.0000E+00  0.0000E+00  0.0000E+00  0.0000E+00  0.0000E+00  0.0000E+00  0.0000E+00  0.0000E+00
       0.0000E+00  0.0000E+00  0.0000E+00  0.0000E+00  0.0000E+00  0.0000E+00  0.0000E+00  0.0000E+00  0.0000E+00  0.0000E+00
       0.0000E+00  0.0000E+00  0.0000E+00  0.0000E+00  0.0000E+00  0.0000E+00  0.0000E+00  0.0000E+00  0.0000E+00  0.0000E+00
       0.0000E+00  0.0000E+00  0.0000E+00  0.0000E+00  0.0000E+00  0.0000E+00  0.0000E+00  0.0000E+00  0.0000E+00  0.0000E+00
       0.0000E+00  0.0000E+00  0.0000E+00  0.0000E+00  0.0000E+00  0.0000E+00  0.0000E+00  0.0000E+00  0.0000E+00  0.0000E+00
       0.0000E+00  0.0000E+00  0.0000E+00  0.0000E+00  0.0000E+00  0.0000E+00  0.0000E+00  0.0000E+00  0.0000E+00  0.0000E+00
       0.0000E+00  0.0000E+00  0.0000E+00  0.0000E+00  0.0000E+00  0.0000E+00  0.0000E+00  0.0000E+00  0.0000E+00  0.0000E+00
       0.0000E+00  0.0000E+00  0.0000E+00  0.0000E+00  0.0000E+00  0.0000E+00  0.0000E+00  0.0000E+00  0.0000E+00  0.0000E+00
       0.0000E+00  0.0000E+00  0.0000E+00  0.0000E+00  0.0000E+00  0.0000E+00  0.0000E+00  0.0000E+00  0.0000E+00  0.0000E+00
       0.0000E+00  0.0000E+00  0.0000E+00  0.0000E+00  0.0000E+00  0.0000E+00  0.0000E+00  0.0000E+00  0.0000E+00  0.0000E+00
       0.0000E+00  0.0000E+00  0.0000E+00  0.0000E+00  0.0000E+00  0.0000E+00  0.0000E+00  0.0000E+00  0.0000E+00  0.0000E+00
       0.0000E+00  0.0000E+00  0.0000E+00  0.0000E+00  0.0000E+00  0.0000E+00  0.0000E+00  0.0000E+00  0.0000E+00  0.0000E+00
       0.0000E+00  0.0000E+00  0.0000E+00  0.0000E+00  0.0000E+00  0.0000E+00  0.0000E+00  0.0000E+00  0.0000E+00  0.0000E+00
       0.0000E+00  0.0000E+00  0.0000E+00  0.0000E+00  0.0000E+00  0.0000E+00  0.0000E+00  0.0000E+00  0.0000E+00  0.0000E+00
       0.0000E+00  0.0000E+00  0.0000E+00  0.0000E+00  0.0000E+00  0.0000E+00  0.0000E+00  0.0000E+00  0.0000E+00  0.0000E+00
       0.0000E+00  0.0000E+00  0.0000E+00  0.0000E+00  0.0000E+00  0.0000E+00  0.0000E+00  0.0000E+00  0.0000E+00  0.0000E+00
       0.0000E+00  0.0000E+00  0.0000E+00  0.0000E+00  0.0000E+00  0.0000E+00  0.0000E+00  0.0000E+00  0.0000E+00  0.0000E+00
       0.0000E+00  0.0000E+00  0.0000E+00  0.0000E+00  0.0000E+00  0.0000E+00  0.0000E+00  0.0000E+00  0.0000E+00  0.0000E+00
       0.0000E+00  0.0000E+00  0.0000E+00  0.0000E+00  0.0000E+00  0.0000E+00  0.0000E+00  0.0000E+00  0.0000E+00  0.0000E+00
       0.0000E+00  0.0000E+00  0.0000E+00  0.0000E+00  0.0000E+00  0.0000E+00  0.0000E+00  0.0000E+00  0.0000E+00  0.0000E+00
       0.0000E+00  0.0000E+00  0.0000E+00  0.0000E+00  0.0000E+00  0.0000E+00  0.0000E+00  0.0000E+00  0.0000E+00  0.0000E+00
       0.0000E+00  0.0000E+00  0.0000E+00  0.0000E+00  0.0000E+00  0.0000E+00  0.0000E+00  0.0000E+00  0.0000E+00  0.0000E+00
       0.0000E+00  0.0000E+00  0.0000E+00  0.0000E+00  0.0000E+00  0.0000E+00  0.0000E+00  0.0000E+00  0.0000E+00  0.0000E+00
       0.0000E+00  0.0000E+00  0.0000E+00  0.0000E+00  0.0000E+00  0.0000E+00  0.0000E+00  0.0000E+00  0.0000E+00  0.0000E+00
       0.0000E+00  0.0000E+00  0.0000E+00  0.0000E+00  0.0000E+00  0.0000E+00  0.0000E+00  0.0000E+00  0.0000E+00  0.0000E+00
       0.0000E+00  0.0000E+00  0.0000E+00  0.0000E+00  0.0000E+00  0.0000E+00  0.0000E+00  0.0000E+00  0.0000E+00  0.0000E+00
       0.0000E+00  0.0000E+00  0.0000E+00  0.0000E+00  0.0000E+00  0.0000E+00  0.0000E+00  0.0000E+00  0.0000E+00  0.0000E+00
       0.0000E+00  0.0000E+00  0.0000E+00  0.0000E+00  0.0000E+00  0.0000E+00  0.0000E+00  0.0000E+00  0.0000E+00  0.0000E+00
       0.0000E+00  0.0000E+00  0.0000E+00  0.0000E+00  0.0000E+00  0.0000E+00  0.0000E+00  0.0000E+00  0.0000E+00  0.0000E+00
       0.0000E+00  0.0000E+00  0.0000E+00  0.0000E+00  0.0000E+00  0.0000E+00  0.0000E+00  0.0000E+00  0.0000E+00  0.0000E+00
1

   Bdrx n.   6  "ofluence  " , generalized particle n.    1, from region n.     5 to region n.     4
      detector area:  1.0000E+02 cm**2
      this is a one way only estimator
      this is a fluence like estimator
      linear energy binning from   0.0000E+00 to  3.0000E+02 GeV,     1 bins ( 3.0000E+02 GeV wide)
      linear angular binning from  0.0000E+00 to  6.2832E+00 sr ,     1 bins ( 6.2832E+00 sr wide )
      Data follow in a matrix A(ie,ia), format (1(5x,1p,10(1x,e11.4)))

       5.2782E-06
