
 *****  Protons in Lexan (0.07GeV, 0cm)                                                   *****

           DATE: 12/21/18,  TIME:  7:53:42

          Total number of particles followed       50000000, for a total weight of  5.0000E+07

1

   Res. nuclei n.   1  "Ian       " ,  all         products, region n.     5
      detector volume:  1.0000E+00 cm**3
      Max. Z:  10, Max. N-Z:  11 Min. N-Z: -4
      Data follow in a matrix A(z,n-z-k), k: -5 format (1(5x,1p,10(1x,e11.4)))

       0.0000E+00  0.0000E+00  0.0000E+00  0.0000E+00  0.0000E+00  0.0000E+00  0.0000E+00  0.0000E+00  0.0000E+00  0.0000E+00
       0.0000E+00  0.0000E+00  0.0000E+00  0.0000E+00  0.0000E+00  2.7400E-06  0.0000E+00  1.0000E-07  0.0000E+00  0.0000E+00
       0.0000E+00  0.0000E+00  0.0000E+00  0.0000E+00  7.1540E-05  5.9920E-05  1.9980E-05  7.0800E-06  0.0000E+00  0.0000E+00
       1.4595E-02  1.5007E-03  0.0000E+00  9.6450E-04  0.0000E+00  2.5218E-03  1.9520E-05  5.5542E-04  2.0000E-08  4.0000E-08
       3.1920E-03  1.9655E-02  1.2801E-03  0.0000E+00  7.3702E-04  1.1815E-02  3.0994E-04  1.2778E-03  6.0000E-08  1.2000E-07
       6.2964E-04  0.0000E+00  6.4296E-04  1.4860E-04  1.6265E-03  2.2884E-04  4.1574E-04  9.6000E-07  0.0000E+00  0.0000E+00
       0.0000E+00  1.3020E-05  1.9660E-05  4.9020E-05  8.3600E-06  3.2060E-05  3.4000E-07  1.8400E-06  0.0000E+00  0.0000E+00
       0.0000E+00  0.0000E+00  2.0000E-08  4.0000E-08  1.4000E-07  4.0000E-08  4.2000E-07  0.0000E+00  0.0000E+00  0.0000E+00
       0.0000E+00  0.0000E+00  0.0000E+00  0.0000E+00  0.0000E+00  0.0000E+00  0.0000E+00  0.0000E+00  0.0000E+00  0.0000E+00
       0.0000E+00  0.0000E+00  0.0000E+00  0.0000E+00  0.0000E+00  0.0000E+00  0.0000E+00  0.0000E+00  0.0000E+00  0.0000E+00
       0.0000E+00  0.0000E+00  0.0000E+00  0.0000E+00  0.0000E+00  0.0000E+00  0.0000E+00  0.0000E+00  0.0000E+00  0.0000E+00
       0.0000E+00  0.0000E+00  0.0000E+00  0.0000E+00  0.0000E+00  0.0000E+00  0.0000E+00  0.0000E+00  0.0000E+00  0.0000E+00
       0.0000E+00  0.0000E+00  0.0000E+00  0.0000E+00  0.0000E+00  0.0000E+00  0.0000E+00  0.0000E+00  0.0000E+00  0.0000E+00
       0.0000E+00  0.0000E+00  0.0000E+00  0.0000E+00  0.0000E+00  0.0000E+00  0.0000E+00  0.0000E+00  0.0000E+00  0.0000E+00
       0.0000E+00  0.0000E+00  0.0000E+00  0.0000E+00  0.0000E+00  0.0000E+00  0.0000E+00  0.0000E+00  0.0000E+00  0.0000E+00
       0.0000E+00  0.0000E+00  0.0000E+00  0.0000E+00  0.0000E+00  0.0000E+00  0.0000E+00  0.0000E+00  0.0000E+00  0.0000E+00
