
 *****  Protons in Lexan (0.10GeV, 1.0cm)                                                 *****

           DATE: 12/18/18,  TIME:  7:57: 2

          Total number of particles followed       18000000, for a total weight of  1.8000E+07

1

   Res. nuclei n.   1  "Ian       " ,  all         products, region n.     5
      detector volume:  1.0000E+00 cm**3
      Max. Z:  10, Max. N-Z:  11 Min. N-Z: -4
      Data follow in a matrix A(z,n-z-k), k: -5 format (1(5x,1p,10(1x,e11.4)))

       0.0000E+00  0.0000E+00  0.0000E+00  0.0000E+00  0.0000E+00  0.0000E+00  0.0000E+00  0.0000E+00  0.0000E+00  0.0000E+00
       0.0000E+00  0.0000E+00  0.0000E+00  0.0000E+00  0.0000E+00  9.0000E-06  0.0000E+00  3.5000E-06  0.0000E+00  0.0000E+00
       0.0000E+00  0.0000E+00  0.0000E+00  0.0000E+00  1.2056E-04  2.1756E-04  7.3333E-05  2.0783E-04  0.0000E+00  0.0000E+00
       1.7740E+00  3.6949E-03  0.0000E+00  1.2005E-03  0.0000E+00  4.4129E-03  8.3383E-04  1.4688E-02  1.0556E-06  0.0000E+00
       6.7928E-01  8.1161E-02  3.1431E-03  0.0000E+00  2.0436E-03  2.7594E-02  7.5611E-03  3.9354E-02  8.8333E-06  3.0000E-06
       1.4790E-03  0.0000E+00  8.4022E-04  5.3269E-04  3.7508E-03  3.4987E-03  1.2950E-02  4.2999E-05  1.6667E-07  0.0000E+00
       0.0000E+00  3.3056E-05  4.9389E-05  2.2572E-04  7.3833E-05  8.5272E-04  6.7987E-05  6.4389E-05  0.0000E+00  0.0000E+00
       0.0000E+00  0.0000E+00  1.5000E-06  1.2778E-06  6.6667E-06  1.2222E-06  7.4444E-06  0.0000E+00  0.0000E+00  0.0000E+00
       0.0000E+00  0.0000E+00  0.0000E+00  5.5556E-08  0.0000E+00  1.6667E-07  0.0000E+00  0.0000E+00  0.0000E+00  0.0000E+00
       0.0000E+00  0.0000E+00  0.0000E+00  0.0000E+00  0.0000E+00  0.0000E+00  0.0000E+00  0.0000E+00  0.0000E+00  0.0000E+00
       0.0000E+00  0.0000E+00  0.0000E+00  0.0000E+00  0.0000E+00  0.0000E+00  0.0000E+00  0.0000E+00  0.0000E+00  0.0000E+00
       0.0000E+00  0.0000E+00  0.0000E+00  0.0000E+00  0.0000E+00  0.0000E+00  0.0000E+00  0.0000E+00  0.0000E+00  0.0000E+00
       0.0000E+00  0.0000E+00  0.0000E+00  0.0000E+00  0.0000E+00  0.0000E+00  0.0000E+00  0.0000E+00  0.0000E+00  0.0000E+00
       0.0000E+00  0.0000E+00  0.0000E+00  0.0000E+00  0.0000E+00  0.0000E+00  0.0000E+00  0.0000E+00  0.0000E+00  0.0000E+00
       0.0000E+00  0.0000E+00  0.0000E+00  0.0000E+00  0.0000E+00  0.0000E+00  0.0000E+00  0.0000E+00  0.0000E+00  0.0000E+00
       0.0000E+00  0.0000E+00  0.0000E+00  0.0000E+00  0.0000E+00  0.0000E+00  0.0000E+00  0.0000E+00  0.0000E+00  0.0000E+00
