
 *****  Protons in Lexan (0.15GeV, 3.0cm)                                                 *****

           DATE: 12/13/18,  TIME:  6:59:40

          Total number of particles followed        1000000, for a total weight of  1.0000E+06

1

   Res. nuclei n.   1  "Ian       " ,  all         products, region n.     5
      detector volume:  1.0000E+00 cm**3
      Max. Z:  10, Max. N-Z:  11 Min. N-Z: -4
      Data follow in a matrix A(z,n-z-k), k: -5 format (1(5x,1p,10(1x,e11.4)))

       0.0000E+00  0.0000E+00  0.0000E+00  0.0000E+00  0.0000E+00  0.0000E+00  0.0000E+00  0.0000E+00  0.0000E+00  0.0000E+00
       0.0000E+00  0.0000E+00  0.0000E+00  0.0000E+00  0.0000E+00  1.8000E-05  0.0000E+00  7.0000E-06  0.0000E+00  0.0000E+00
       0.0000E+00  0.0000E+00  0.0000E+00  0.0000E+00  2.4200E-04  4.4700E-04  1.2300E-04  4.4800E-04  0.0000E+00  0.0000E+00
       2.4957E+00  6.8980E-03  0.0000E+00  2.1830E-03  0.0000E+00  7.2110E-03  1.3420E-03  2.3488E-02  2.0000E-06  0.0000E+00
       1.3325E+00  1.1784E-01  5.6180E-03  0.0000E+00  3.5900E-03  3.4109E-02  1.1971E-02  5.0121E-02  9.0000E-06  2.0000E-06
       3.0860E-03  0.0000E+00  1.6560E-03  1.0454E-03  5.8700E-03  5.8961E-03  1.9063E-02  5.9960E-05  0.0000E+00  0.0000E+00
       0.0000E+00  7.9000E-05  1.5300E-04  5.1200E-04  1.7500E-04  1.3830E-03  1.2929E-04  8.1000E-05  0.0000E+00  0.0000E+00
       0.0000E+00  0.0000E+00  1.5000E-05  6.0000E-06  1.9000E-05  4.0000E-06  9.0000E-06  0.0000E+00  0.0000E+00  0.0000E+00
       0.0000E+00  0.0000E+00  0.0000E+00  0.0000E+00  0.0000E+00  0.0000E+00  0.0000E+00  0.0000E+00  0.0000E+00  0.0000E+00
       0.0000E+00  0.0000E+00  0.0000E+00  0.0000E+00  0.0000E+00  0.0000E+00  0.0000E+00  0.0000E+00  0.0000E+00  0.0000E+00
       0.0000E+00  0.0000E+00  0.0000E+00  0.0000E+00  0.0000E+00  0.0000E+00  0.0000E+00  0.0000E+00  0.0000E+00  0.0000E+00
       0.0000E+00  0.0000E+00  0.0000E+00  0.0000E+00  0.0000E+00  0.0000E+00  0.0000E+00  0.0000E+00  0.0000E+00  0.0000E+00
       0.0000E+00  0.0000E+00  0.0000E+00  0.0000E+00  0.0000E+00  0.0000E+00  0.0000E+00  0.0000E+00  0.0000E+00  0.0000E+00
       0.0000E+00  0.0000E+00  0.0000E+00  0.0000E+00  0.0000E+00  0.0000E+00  0.0000E+00  0.0000E+00  0.0000E+00  0.0000E+00
       0.0000E+00  0.0000E+00  0.0000E+00  0.0000E+00  0.0000E+00  0.0000E+00  0.0000E+00  0.0000E+00  0.0000E+00  0.0000E+00
       0.0000E+00  0.0000E+00  0.0000E+00  0.0000E+00  0.0000E+00  0.0000E+00  0.0000E+00  0.0000E+00  0.0000E+00  0.0000E+00
