
 *****  Protons in Lexan (0.07GeV, 2.0cm)                                                 *****

           DATE: 12/ 6/18,  TIME:  4:50:35

          Total number of particles followed       10000000, for a total weight of  1.0000E+07

1

   Res. nuclei n.   1  "Ian       " ,  all         products, region n.     5
      detector volume:  1.0000E+00 cm**3
      Max. Z:  10, Max. N-Z:  11 Min. N-Z: -4
      Data follow in a matrix A(z,n-z-k), k: -5 format (1(5x,1p,10(1x,e11.4)))

       0.0000E+00  0.0000E+00  0.0000E+00  0.0000E+00  0.0000E+00  0.0000E+00  0.0000E+00  0.0000E+00  0.0000E+00  0.0000E+00
       0.0000E+00  0.0000E+00  0.0000E+00  0.0000E+00  0.0000E+00  3.5000E-06  0.0000E+00  0.0000E+00  0.0000E+00  0.0000E+00
       0.0000E+00  0.0000E+00  0.0000E+00  0.0000E+00  1.6040E-04  1.0300E-04  4.3000E-05  1.3400E-05  0.0000E+00  0.0000E+00
       3.9654E-02  2.7245E-03  0.0000E+00  1.8530E-03  0.0000E+00  5.1362E-03  3.6000E-05  1.1349E-03  0.0000E+00  0.0000E+00
       7.4496E-03  4.2878E-02  2.3795E-03  0.0000E+00  1.4429E-03  2.7272E-02  6.0370E-04  2.8001E-03  0.0000E+00  4.0000E-07
       1.0809E-03  0.0000E+00  1.2892E-03  3.0000E-04  3.4696E-03  4.7460E-04  9.2700E-04  2.2000E-06  0.0000E+00  0.0000E+00
       0.0000E+00  1.6900E-05  2.1900E-05  7.1900E-05  1.4100E-05  6.5200E-05  1.2000E-06  4.3000E-06  0.0000E+00  0.0000E+00
       0.0000E+00  0.0000E+00  0.0000E+00  0.0000E+00  1.0000E-07  0.0000E+00  5.0000E-07  0.0000E+00  0.0000E+00  0.0000E+00
       0.0000E+00  0.0000E+00  0.0000E+00  0.0000E+00  0.0000E+00  0.0000E+00  0.0000E+00  0.0000E+00  0.0000E+00  0.0000E+00
       0.0000E+00  0.0000E+00  0.0000E+00  0.0000E+00  0.0000E+00  0.0000E+00  0.0000E+00  0.0000E+00  0.0000E+00  0.0000E+00
       0.0000E+00  0.0000E+00  0.0000E+00  0.0000E+00  0.0000E+00  0.0000E+00  0.0000E+00  0.0000E+00  0.0000E+00  0.0000E+00
       0.0000E+00  0.0000E+00  0.0000E+00  0.0000E+00  0.0000E+00  0.0000E+00  0.0000E+00  0.0000E+00  0.0000E+00  0.0000E+00
       0.0000E+00  0.0000E+00  0.0000E+00  0.0000E+00  0.0000E+00  0.0000E+00  0.0000E+00  0.0000E+00  0.0000E+00  0.0000E+00
       0.0000E+00  0.0000E+00  0.0000E+00  0.0000E+00  0.0000E+00  0.0000E+00  0.0000E+00  0.0000E+00  0.0000E+00  0.0000E+00
       0.0000E+00  0.0000E+00  0.0000E+00  0.0000E+00  0.0000E+00  0.0000E+00  0.0000E+00  0.0000E+00  0.0000E+00  0.0000E+00
       0.0000E+00  0.0000E+00  0.0000E+00  0.0000E+00  0.0000E+00  0.0000E+00  0.0000E+00  0.0000E+00  0.0000E+00  0.0000E+00
