
 *****  Protons in Lexan (0.07GeV, 2cm)                                                   *****

           DATE: 12/20/18,  TIME:  0:31:12

          Total number of particles followed       16666666, for a total weight of  1.6667E+07

1

   Res. nuclei n.   1  "Ian       " ,  all         products, region n.     5
      detector volume:  1.0000E+00 cm**3
      Max. Z:  10, Max. N-Z:  11 Min. N-Z: -4
      Data follow in a matrix A(z,n-z-k), k: -5 format (1(5x,1p,10(1x,e11.4)))

       0.0000E+00  0.0000E+00  0.0000E+00  0.0000E+00  0.0000E+00  0.0000E+00  0.0000E+00  0.0000E+00  0.0000E+00  0.0000E+00
       0.0000E+00  0.0000E+00  0.0000E+00  0.0000E+00  0.0000E+00  3.4200E-06  0.0000E+00  1.8000E-07  0.0000E+00  0.0000E+00
       0.0000E+00  0.0000E+00  0.0000E+00  0.0000E+00  2.2608E-04  1.3470E-04  8.0340E-05  1.4400E-05  0.0000E+00  0.0000E+00
       7.9172E-02  3.4711E-03  0.0000E+00  2.4067E-03  0.0000E+00  7.2521E-03  4.5600E-05  1.6102E-03  0.0000E+00  0.0000E+00
       1.0798E-02  7.8321E-02  2.9143E-03  0.0000E+00  1.8759E-03  4.8144E-02  7.7000E-04  4.6662E-03  3.0000E-07  7.2000E-07
       1.2116E-03  0.0000E+00  1.5188E-03  3.8975E-04  5.2569E-03  7.1316E-04  1.6013E-03  4.2810E-06  0.0000E+00  0.0000E+00
       0.0000E+00  1.9380E-05  2.3700E-05  7.5360E-05  2.1356E-05  8.3580E-05  2.5028E-06  6.6600E-06  0.0000E+00  0.0000E+00
       0.0000E+00  0.0000E+00  6.0000E-08  0.0000E+00  3.0000E-07  0.0000E+00  3.6000E-07  0.0000E+00  0.0000E+00  0.0000E+00
       0.0000E+00  0.0000E+00  0.0000E+00  0.0000E+00  0.0000E+00  0.0000E+00  0.0000E+00  0.0000E+00  0.0000E+00  0.0000E+00
       0.0000E+00  0.0000E+00  0.0000E+00  0.0000E+00  0.0000E+00  0.0000E+00  0.0000E+00  0.0000E+00  0.0000E+00  0.0000E+00
       0.0000E+00  0.0000E+00  0.0000E+00  0.0000E+00  0.0000E+00  0.0000E+00  0.0000E+00  0.0000E+00  0.0000E+00  0.0000E+00
       0.0000E+00  0.0000E+00  0.0000E+00  0.0000E+00  0.0000E+00  0.0000E+00  0.0000E+00  0.0000E+00  0.0000E+00  0.0000E+00
       0.0000E+00  0.0000E+00  0.0000E+00  0.0000E+00  0.0000E+00  0.0000E+00  0.0000E+00  0.0000E+00  0.0000E+00  0.0000E+00
       0.0000E+00  0.0000E+00  0.0000E+00  0.0000E+00  0.0000E+00  0.0000E+00  0.0000E+00  0.0000E+00  0.0000E+00  0.0000E+00
       0.0000E+00  0.0000E+00  0.0000E+00  0.0000E+00  0.0000E+00  0.0000E+00  0.0000E+00  0.0000E+00  0.0000E+00  0.0000E+00
       0.0000E+00  0.0000E+00  0.0000E+00  0.0000E+00  0.0000E+00  0.0000E+00  0.0000E+00  0.0000E+00  0.0000E+00  0.0000E+00
