
 *****  Protons in Lexan (0.25GeV, 2.0cm)                                                 *****

           DATE: 12/ 1/18,  TIME:  7:43:35

          Total number of particles followed       10000000, for a total weight of  1.0000E+07

1

   Res. nuclei n.   1  "Ian       " ,  all         products, region n.     5
      detector volume:  1.0000E+00 cm**3
      Max. Z:  10, Max. N-Z:  11 Min. N-Z: -4
      Data follow in a matrix A(z,n-z-k), k: -5 format (1(5x,1p,10(1x,e11.4)))

       0.0000E+00  0.0000E+00  0.0000E+00  0.0000E+00  0.0000E+00  0.0000E+00  0.0000E+00  0.0000E+00  0.0000E+00  0.0000E+00
       0.0000E+00  0.0000E+00  0.0000E+00  0.0000E+00  0.0000E+00  1.2100E-05  0.0000E+00  1.0000E-06  0.0000E+00  0.0000E+00
       0.0000E+00  0.0000E+00  0.0000E+00  0.0000E+00  1.0110E-04  2.1550E-04  2.1400E-05  4.8500E-05  0.0000E+00  0.0000E+00
       2.1739E-02  2.8186E-03  0.0000E+00  1.3541E-03  0.0000E+00  4.1087E-03  5.2600E-05  9.8380E-04  0.0000E+00  0.0000E+00
       5.2659E-03  2.2333E-02  1.8249E-03  0.0000E+00  1.4851E-03  4.5631E-03  4.8734E-04  5.2872E-04  0.0000E+00  2.0000E-07
       1.5590E-03  0.0000E+00  1.0899E-03  3.1198E-04  2.8544E-03  2.5795E-04  7.1015E-04  9.1598E-07  1.0000E-07  0.0000E+00
       0.0000E+00  6.9200E-05  9.0800E-05  2.1020E-04  3.1573E-05  7.2200E-05  1.3004E-06  9.0000E-07  0.0000E+00  0.0000E+00
       0.0000E+00  0.0000E+00  7.8000E-06  1.2000E-06  2.0000E-06  3.0000E-07  7.0000E-07  0.0000E+00  0.0000E+00  0.0000E+00
       0.0000E+00  1.0000E-07  0.0000E+00  0.0000E+00  0.0000E+00  0.0000E+00  0.0000E+00  0.0000E+00  0.0000E+00  0.0000E+00
       0.0000E+00  0.0000E+00  0.0000E+00  0.0000E+00  0.0000E+00  0.0000E+00  0.0000E+00  0.0000E+00  0.0000E+00  0.0000E+00
       0.0000E+00  0.0000E+00  0.0000E+00  0.0000E+00  0.0000E+00  0.0000E+00  0.0000E+00  0.0000E+00  0.0000E+00  0.0000E+00
       0.0000E+00  0.0000E+00  0.0000E+00  0.0000E+00  0.0000E+00  0.0000E+00  0.0000E+00  0.0000E+00  0.0000E+00  0.0000E+00
       0.0000E+00  0.0000E+00  0.0000E+00  0.0000E+00  0.0000E+00  0.0000E+00  0.0000E+00  0.0000E+00  0.0000E+00  0.0000E+00
       0.0000E+00  0.0000E+00  0.0000E+00  0.0000E+00  0.0000E+00  0.0000E+00  0.0000E+00  0.0000E+00  0.0000E+00  0.0000E+00
       0.0000E+00  0.0000E+00  0.0000E+00  0.0000E+00  0.0000E+00  0.0000E+00  0.0000E+00  0.0000E+00  0.0000E+00  0.0000E+00
       0.0000E+00  0.0000E+00  0.0000E+00  0.0000E+00  0.0000E+00  0.0000E+00  0.0000E+00  0.0000E+00  0.0000E+00  0.0000E+00
