
 *****  Protons in Lexan (0.25GeV, 2.0cm)                                                 *****

           DATE: 12/ 1/18,  TIME:  7:43:35

          Total number of particles followed       10000000, for a total weight of  1.0000E+07

1

   Bdrx n.   2  "ofluence  " , generalized particle n.    1, from region n.     5 to region n.     4
      detector area:  1.0000E+02 cm**2
      this is a one way only estimator
      this is a fluence like estimator
      linear energy binning from   1.7000E-01 to  3.0000E-01 GeV,   650 bins ( 2.0000E-04 GeV wide)
      linear angular binning from  0.0000E+00 to  6.2832E+00 sr ,     1 bins ( 6.2832E+00 sr wide )
      Data follow in a matrix A(ie,ia), format (1(5x,1p,10(1x,e11.4)))

       2.3414E-04  2.5686E-04  2.2056E-04  2.4439E-04  2.3871E-04  2.4077E-04  2.3299E-04  2.1753E-04  2.2081E-04  2.4860E-04
       2.4753E-04  2.5236E-04  2.4950E-04  2.6625E-04  2.2851E-04  2.3017E-04  2.1875E-04  2.6240E-04  2.5873E-04  2.2916E-04
       2.3145E-04  2.0996E-04  2.0602E-04  2.2185E-04  2.2644E-04  2.4931E-04  2.6102E-04  2.3557E-04  2.3339E-04  2.3130E-04
       2.2553E-04  2.2571E-04  2.2749E-04  2.1494E-04  2.6235E-04  2.2687E-04  2.4103E-04  2.3023E-04  2.4573E-04  2.3773E-04
       2.3365E-04  2.1699E-04  2.3415E-04  2.3247E-04  2.2847E-04  2.1069E-04  2.5387E-04  2.3605E-04  2.2414E-04  2.2244E-04
       2.3906E-04  2.5829E-04  2.6520E-04  2.5661E-04  2.3236E-04  2.5719E-04  2.2597E-04  2.3568E-04  2.2497E-04  2.0385E-04
       2.5122E-04  2.3850E-04  2.1663E-04  2.4507E-04  2.2785E-04  2.3992E-04  2.2613E-04  2.5767E-04  2.4687E-04  2.2646E-04
       2.2322E-04  2.2671E-04  2.3346E-04  2.3826E-04  2.3479E-04  2.1779E-04  2.4393E-04  2.2877E-04  2.4153E-04  2.3401E-04
       2.3286E-04  2.2965E-04  2.1835E-04  2.2576E-04  2.3570E-04  2.4614E-04  2.3068E-04  2.3876E-04  2.3404E-04  2.4479E-04
       2.2779E-04  2.3290E-04  2.0834E-04  2.2687E-04  2.4035E-04  2.3566E-04  2.2121E-04  2.1481E-04  2.2663E-04  2.0838E-04
       2.5228E-04  2.1846E-04  2.2969E-04  2.3989E-04  2.4178E-04  2.1737E-04  2.4270E-04  2.3143E-04  2.4894E-04  2.1339E-04
       2.1574E-04  2.3093E-04  2.2123E-04  2.1771E-04  2.4698E-04  2.2394E-04  2.3151E-04  2.0768E-04  2.2619E-04  2.2693E-04
       2.2354E-04  2.3911E-04  2.1920E-04  2.3568E-04  2.5347E-04  2.3977E-04  2.1733E-04  2.1196E-04  2.0275E-04  2.1871E-04
       2.2464E-04  2.2885E-04  2.1813E-04  2.0445E-04  2.1736E-04  2.2794E-04  2.3332E-04  2.4572E-04  2.0916E-04  2.0828E-04
       2.1422E-04  2.3473E-04  2.2629E-04  2.1362E-04  2.5195E-04  2.2234E-04  2.3265E-04  2.1566E-04  2.1823E-04  2.2718E-04
       2.0935E-04  2.3666E-04  2.2833E-04  2.2835E-04  2.2625E-04  2.1312E-04  2.1097E-04  2.0766E-04  2.1417E-04  2.3157E-04
       2.2459E-04  2.0348E-04  2.1416E-04  2.0979E-04  1.8986E-04  2.2488E-04  2.1480E-04  2.1586E-04  2.1542E-04  2.1781E-04
       2.0707E-04  2.1570E-04  2.2648E-04  2.2568E-04  2.2908E-04  2.1072E-04  2.1264E-04  2.0521E-04  2.1987E-04  2.4242E-04
       2.0002E-04  2.2227E-04  2.2119E-04  1.9561E-04  2.2274E-04  2.1114E-04  2.0491E-04  1.9299E-04  2.1180E-04  2.1025E-04
       2.0342E-04  2.0816E-04  2.1920E-04  2.1890E-04  1.8247E-04  1.9056E-04  2.0081E-04  1.7736E-04  2.0991E-04  1.9215E-04
       2.0652E-04  1.8842E-04  1.8639E-04  1.8852E-04  1.9827E-04  1.6563E-04  1.8951E-04  1.8168E-04  1.7888E-04  1.7721E-04
       1.7235E-04  1.8281E-04  1.8730E-04  1.8311E-04  1.7224E-04  2.1013E-04  1.7364E-04  2.0161E-04  1.7643E-04  2.1976E-04
       1.7389E-04  1.8986E-04  1.9012E-04  1.8438E-04  1.8817E-04  1.6391E-04  1.6432E-04  1.5278E-04  1.8945E-04  1.6785E-04
       1.5694E-04  1.8525E-04  1.6696E-04  1.5898E-04  1.5870E-04  1.6259E-04  1.9452E-04  1.5018E-04  1.6416E-04  1.6053E-04
       1.7414E-04  1.4240E-04  1.7438E-04  1.7400E-04  1.6577E-04  1.6544E-04  1.5977E-04  1.7146E-04  1.6340E-04  1.7132E-04
       1.7574E-04  1.5511E-04  1.6180E-04  1.5820E-04  1.5335E-04  1.3949E-04  1.7466E-04  1.3648E-04  1.5467E-04  1.6365E-04
       1.4631E-04  1.3511E-04  1.4083E-04  1.2745E-04  1.3370E-04  1.5457E-04  1.1965E-04  1.4238E-04  1.3358E-04  1.3679E-04
       1.2809E-04  1.3135E-04  1.3458E-04  1.2860E-04  1.3111E-04  1.3039E-04  1.2510E-04  1.3117E-04  9.8251E-05  1.2047E-04
       1.2256E-04  1.3062E-04  1.2299E-04  1.1986E-04  1.1012E-04  1.3180E-04  1.0335E-04  1.0683E-04  1.2276E-04  1.0206E-04
       1.1700E-04  1.0249E-04  1.1568E-04  9.8006E-05  8.9768E-05  1.0122E-04  9.5543E-05  8.2210E-05  7.6236E-05  7.7082E-05
       8.0636E-05  7.0612E-05  6.1464E-05  6.6236E-05  7.0289E-05  6.8347E-05  5.6947E-05  5.6879E-05  6.7390E-05  5.6756E-05
       7.9273E-05  7.1020E-05  6.8674E-05  5.9468E-05  7.6263E-05  6.9647E-05  7.1690E-05  7.3121E-05  7.7568E-05  9.4084E-05
       9.4635E-05  9.4166E-05  9.9001E-05  1.0203E-04  1.0150E-04  9.4016E-05  1.0583E-04  1.1668E-04  1.4054E-04  1.7397E-04
       2.1390E-04  2.9695E-04  5.2550E-04  8.4013E-04  1.4248E-03  2.3704E-03  3.8701E-03  6.3224E-03  1.0328E-02  1.6074E-02
       2.4760E-02  3.6875E-02  5.4073E-02  7.6178E-02  1.0580E-01  1.4174E-01  1.8516E-01  2.3418E-01  2.8939E-01  3.4501E-01
       4.0209E-01  4.5345E-01  4.9531E-01  5.2752E-01  5.4156E-01  5.4080E-01  5.2428E-01  4.9039E-01  4.4701E-01  3.9267E-01
       3.3433E-01  2.7597E-01  2.1976E-01  1.6954E-01  1.2746E-01  9.1591E-02  6.4379E-02  4.3580E-02  2.8285E-02  1.8162E-02
       1.1139E-02  6.5712E-03  3.8192E-03  2.0166E-03  1.0680E-03  5.6583E-04  2.9445E-04  1.3768E-04  7.9586E-05  2.4672E-05
       1.1937E-05  3.1832E-06  7.9578E-07  0.0000E+00  7.9581E-07  0.0000E+00  0.0000E+00  0.0000E+00  0.0000E+00  0.0000E+00
       0.0000E+00  0.0000E+00  0.0000E+00  0.0000E+00  0.0000E+00  0.0000E+00  0.0000E+00  0.0000E+00  0.0000E+00  0.0000E+00
       0.0000E+00  0.0000E+00  0.0000E+00  0.0000E+00  0.0000E+00  0.0000E+00  0.0000E+00  0.0000E+00  0.0000E+00  0.0000E+00
       0.0000E+00  0.0000E+00  0.0000E+00  0.0000E+00  0.0000E+00  0.0000E+00  0.0000E+00  0.0000E+00  0.0000E+00  0.0000E+00
       0.0000E+00  0.0000E+00  0.0000E+00  0.0000E+00  0.0000E+00  0.0000E+00  0.0000E+00  0.0000E+00  0.0000E+00  0.0000E+00
       0.0000E+00  0.0000E+00  0.0000E+00  0.0000E+00  0.0000E+00  0.0000E+00  0.0000E+00  0.0000E+00  0.0000E+00  0.0000E+00
       0.0000E+00  0.0000E+00  0.0000E+00  0.0000E+00  0.0000E+00  0.0000E+00  0.0000E+00  0.0000E+00  0.0000E+00  0.0000E+00
       0.0000E+00  0.0000E+00  0.0000E+00  0.0000E+00  0.0000E+00  0.0000E+00  0.0000E+00  0.0000E+00  0.0000E+00  0.0000E+00
       0.0000E+00  0.0000E+00  0.0000E+00  0.0000E+00  0.0000E+00  0.0000E+00  0.0000E+00  0.0000E+00  0.0000E+00  0.0000E+00
       0.0000E+00  0.0000E+00  0.0000E+00  0.0000E+00  0.0000E+00  0.0000E+00  0.0000E+00  0.0000E+00  0.0000E+00  0.0000E+00
       0.0000E+00  0.0000E+00  0.0000E+00  0.0000E+00  0.0000E+00  0.0000E+00  0.0000E+00  0.0000E+00  0.0000E+00  0.0000E+00
       0.0000E+00  0.0000E+00  0.0000E+00  0.0000E+00  0.0000E+00  0.0000E+00  0.0000E+00  0.0000E+00  0.0000E+00  0.0000E+00
       0.0000E+00  0.0000E+00  0.0000E+00  0.0000E+00  0.0000E+00  0.0000E+00  0.0000E+00  0.0000E+00  0.0000E+00  0.0000E+00
       0.0000E+00  0.0000E+00  0.0000E+00  0.0000E+00  0.0000E+00  0.0000E+00  0.0000E+00  0.0000E+00  0.0000E+00  0.0000E+00
       0.0000E+00  0.0000E+00  0.0000E+00  0.0000E+00  0.0000E+00  0.0000E+00  0.0000E+00  0.0000E+00  0.0000E+00  0.0000E+00
       0.0000E+00  0.0000E+00  0.0000E+00  0.0000E+00  0.0000E+00  0.0000E+00  0.0000E+00  0.0000E+00  0.0000E+00  0.0000E+00
       0.0000E+00  0.0000E+00  0.0000E+00  0.0000E+00  0.0000E+00  0.0000E+00  0.0000E+00  0.0000E+00  0.0000E+00  0.0000E+00
       0.0000E+00  0.0000E+00  0.0000E+00  0.0000E+00  0.0000E+00  0.0000E+00  0.0000E+00  0.0000E+00  0.0000E+00  0.0000E+00
       0.0000E+00  0.0000E+00  0.0000E+00  0.0000E+00  0.0000E+00  0.0000E+00  0.0000E+00  0.0000E+00  0.0000E+00  0.0000E+00
       0.0000E+00  0.0000E+00  0.0000E+00  0.0000E+00  0.0000E+00  0.0000E+00  0.0000E+00  0.0000E+00  0.0000E+00  0.0000E+00
       0.0000E+00  0.0000E+00  0.0000E+00  0.0000E+00  0.0000E+00  0.0000E+00  0.0000E+00  0.0000E+00  0.0000E+00  0.0000E+00
       0.0000E+00  0.0000E+00  0.0000E+00  0.0000E+00  0.0000E+00  0.0000E+00  0.0000E+00  0.0000E+00  0.0000E+00  0.0000E+00
       0.0000E+00  0.0000E+00  0.0000E+00  0.0000E+00  0.0000E+00  0.0000E+00  0.0000E+00  0.0000E+00  0.0000E+00  0.0000E+00
       0.0000E+00  0.0000E+00  0.0000E+00  0.0000E+00  0.0000E+00  0.0000E+00  0.0000E+00  0.0000E+00  0.0000E+00  0.0000E+00
       0.0000E+00  0.0000E+00  0.0000E+00  0.0000E+00  0.0000E+00  0.0000E+00  0.0000E+00  0.0000E+00  0.0000E+00  0.0000E+00
       0.0000E+00  0.0000E+00  0.0000E+00  0.0000E+00  0.0000E+00  0.0000E+00  0.0000E+00  0.0000E+00  0.0000E+00  0.0000E+00
       0.0000E+00  0.0000E+00  0.0000E+00  0.0000E+00  0.0000E+00  0.0000E+00  0.0000E+00  0.0000E+00  0.0000E+00  0.0000E+00
1

   Bdrx n.   6  "ofluence  " , generalized particle n.    1, from region n.     5 to region n.     4
      detector area:  1.0000E+02 cm**2
      this is a one way only estimator
      this is a fluence like estimator
      linear energy binning from   0.0000E+00 to  3.0000E+02 GeV,     1 bins ( 3.0000E+02 GeV wide)
      linear angular binning from  0.0000E+00 to  6.2832E+00 sr ,     1 bins ( 6.2832E+00 sr wide )
      Data follow in a matrix A(ie,ia), format (1(5x,1p,10(1x,e11.4)))

       5.3632E-06
