
 *****  Protons in Lexan (0.08GeV, 3cm)                                                   *****

           DATE: 12/19/18,  TIME:  5: 3:21

          Total number of particles followed       10000000, for a total weight of  1.0000E+07

1

   Res. nuclei n.   1  "Ian       " ,  all         products, region n.     5
      detector volume:  1.0000E+00 cm**3
      Max. Z:  10, Max. N-Z:  11 Min. N-Z: -4
      Data follow in a matrix A(z,n-z-k), k: -5 format (1(5x,1p,10(1x,e11.4)))

       0.0000E+00  0.0000E+00  0.0000E+00  0.0000E+00  0.0000E+00  0.0000E+00  0.0000E+00  0.0000E+00  0.0000E+00  0.0000E+00
       0.0000E+00  0.0000E+00  0.0000E+00  0.0000E+00  0.0000E+00  7.6000E-06  0.0000E+00  0.0000E+00  0.0000E+00  0.0000E+00
       0.0000E+00  0.0000E+00  0.0000E+00  0.0000E+00  2.8350E-04  1.9810E-04  9.7400E-05  2.2100E-05  0.0000E+00  0.0000E+00
       1.0419E+00  5.0341E-03  0.0000E+00  3.2475E-03  0.0000E+00  9.5972E-03  1.4040E-04  2.1602E-03  4.0000E-07  0.0000E+00
       2.2275E-02  1.1424E-01  4.0852E-03  0.0000E+00  2.5703E-03  6.7823E-02  1.0592E-03  6.8051E-03  1.6000E-06  7.0000E-07
       1.8835E-03  0.0000E+00  2.1276E-03  5.8065E-04  6.7803E-03  9.9440E-04  2.0830E-03  7.6409E-06  1.0000E-07  0.0000E+00
       0.0000E+00  3.6500E-05  5.3800E-05  1.3020E-04  3.5714E-05  1.1660E-04  4.8936E-06  9.9000E-06  0.0000E+00  0.0000E+00
       0.0000E+00  0.0000E+00  4.0000E-07  2.0000E-07  8.0000E-07  2.0000E-07  1.4000E-06  0.0000E+00  0.0000E+00  0.0000E+00
       0.0000E+00  0.0000E+00  0.0000E+00  0.0000E+00  0.0000E+00  1.0000E-07  0.0000E+00  0.0000E+00  0.0000E+00  0.0000E+00
       0.0000E+00  0.0000E+00  0.0000E+00  0.0000E+00  0.0000E+00  0.0000E+00  0.0000E+00  0.0000E+00  0.0000E+00  0.0000E+00
       0.0000E+00  0.0000E+00  0.0000E+00  0.0000E+00  0.0000E+00  0.0000E+00  0.0000E+00  0.0000E+00  0.0000E+00  0.0000E+00
       0.0000E+00  0.0000E+00  0.0000E+00  0.0000E+00  0.0000E+00  0.0000E+00  0.0000E+00  0.0000E+00  0.0000E+00  0.0000E+00
       0.0000E+00  0.0000E+00  0.0000E+00  0.0000E+00  0.0000E+00  0.0000E+00  0.0000E+00  0.0000E+00  0.0000E+00  0.0000E+00
       0.0000E+00  0.0000E+00  0.0000E+00  0.0000E+00  0.0000E+00  0.0000E+00  0.0000E+00  0.0000E+00  0.0000E+00  0.0000E+00
       0.0000E+00  0.0000E+00  0.0000E+00  0.0000E+00  0.0000E+00  0.0000E+00  0.0000E+00  0.0000E+00  0.0000E+00  0.0000E+00
       0.0000E+00  0.0000E+00  0.0000E+00  0.0000E+00  0.0000E+00  0.0000E+00  0.0000E+00  0.0000E+00  0.0000E+00  0.0000E+00
