
 *****  Protons in Lexan (0.20GeV, 3.0cm)                                                 *****

           DATE: 12/ 1/18,  TIME:  3:50:11

          Total number of particles followed       10000000, for a total weight of  1.0000E+07

1

   Bdrx n.   2  "ofluence  " , generalized particle n.    1, from region n.     5 to region n.     4
      detector area:  1.0000E+02 cm**2
      this is a one way only estimator
      this is a fluence like estimator
      linear energy binning from   1.2000E-01 to  2.5000E-01 GeV,   650 bins ( 2.0000E-04 GeV wide)
      linear angular binning from  0.0000E+00 to  6.2832E+00 sr ,     1 bins ( 6.2832E+00 sr wide )
      Data follow in a matrix A(ie,ia), format (1(5x,1p,10(1x,e11.4)))

       4.5803E-04  4.4163E-04  4.1324E-04  4.3951E-04  4.4091E-04  4.1859E-04  4.2379E-04  4.1064E-04  4.1500E-04  4.1799E-04
       4.2268E-04  3.9038E-04  4.5523E-04  3.7896E-04  4.3693E-04  4.2056E-04  4.0714E-04  4.0769E-04  4.3428E-04  4.5419E-04
       4.3161E-04  4.1806E-04  4.4580E-04  4.3762E-04  4.1576E-04  4.1379E-04  4.1053E-04  3.9467E-04  3.8785E-04  4.0678E-04
       4.5608E-04  4.6828E-04  4.5664E-04  4.0667E-04  4.1530E-04  3.6887E-04  4.3643E-04  4.0046E-04  4.0827E-04  3.9920E-04
       4.0614E-04  4.3084E-04  4.3695E-04  4.2874E-04  4.0719E-04  4.4112E-04  4.4044E-04  4.0926E-04  4.1856E-04  4.1090E-04
       4.1450E-04  4.5982E-04  4.2996E-04  4.2301E-04  4.1014E-04  4.3203E-04  4.1945E-04  4.1289E-04  4.1029E-04  3.8664E-04
       4.1545E-04  4.1837E-04  4.2110E-04  4.0588E-04  4.0915E-04  4.1702E-04  4.2307E-04  3.7332E-04  4.1684E-04  4.0893E-04
       4.0073E-04  4.3730E-04  3.8115E-04  4.1403E-04  4.0287E-04  3.8685E-04  3.8971E-04  3.8798E-04  3.9665E-04  4.0727E-04
       3.7970E-04  4.3060E-04  4.2391E-04  4.0418E-04  4.2948E-04  4.2174E-04  4.2950E-04  4.2243E-04  4.2185E-04  3.7719E-04
       3.7596E-04  4.1752E-04  4.0371E-04  4.0825E-04  3.9390E-04  4.2872E-04  4.0845E-04  3.9867E-04  4.0439E-04  4.0787E-04
       3.8300E-04  3.9585E-04  3.7711E-04  4.0555E-04  4.0891E-04  4.0453E-04  3.8768E-04  4.1694E-04  4.1445E-04  3.9240E-04
       3.8643E-04  4.2532E-04  3.9924E-04  3.9310E-04  3.9299E-04  4.0436E-04  3.7754E-04  3.8101E-04  3.7693E-04  3.9029E-04
       4.1428E-04  3.6110E-04  4.1532E-04  3.7722E-04  3.9929E-04  3.9530E-04  4.2092E-04  3.8261E-04  3.8305E-04  3.8734E-04
       3.8062E-04  4.0307E-04  3.6927E-04  3.8420E-04  4.1065E-04  3.9806E-04  3.7674E-04  4.1248E-04  4.0628E-04  3.8526E-04
       3.9132E-04  4.0428E-04  3.8802E-04  3.8958E-04  3.4981E-04  3.8594E-04  3.9635E-04  3.8251E-04  3.5263E-04  4.0352E-04
       3.9480E-04  3.8529E-04  3.8276E-04  3.3128E-04  3.5433E-04  3.5816E-04  3.8437E-04  3.3945E-04  3.8831E-04  3.4661E-04
       3.5434E-04  3.7215E-04  3.6038E-04  3.4336E-04  3.6360E-04  3.6415E-04  3.3404E-04  3.4778E-04  3.4078E-04  3.6150E-04
       3.2338E-04  3.4277E-04  3.6321E-04  3.5058E-04  3.4752E-04  3.3744E-04  3.1547E-04  3.5154E-04  3.3422E-04  3.3163E-04
       3.4275E-04  3.6892E-04  3.4610E-04  3.5029E-04  3.1830E-04  2.7793E-04  3.3073E-04  3.3381E-04  3.1736E-04  3.2301E-04
       3.2826E-04  2.9762E-04  3.3932E-04  3.2426E-04  3.1791E-04  2.8145E-04  3.1442E-04  2.7680E-04  3.2687E-04  3.3244E-04
       2.9693E-04  3.0551E-04  2.9477E-04  3.2081E-04  2.9021E-04  2.8294E-04  2.9052E-04  2.8777E-04  2.9633E-04  3.2684E-04
       2.9132E-04  2.8067E-04  3.0277E-04  2.7468E-04  2.7457E-04  2.7275E-04  2.9371E-04  2.5188E-04  3.1338E-04  2.9484E-04
       2.6907E-04  2.8459E-04  2.5998E-04  2.7875E-04  2.6217E-04  2.5188E-04  2.5644E-04  2.3179E-04  2.7116E-04  2.7921E-04
       2.7861E-04  2.3910E-04  2.4525E-04  2.5475E-04  2.5748E-04  2.6491E-04  2.2123E-04  2.5449E-04  2.3327E-04  2.3344E-04
       2.2910E-04  2.3934E-04  2.3529E-04  2.3700E-04  2.2348E-04  2.1937E-04  2.3504E-04  2.4752E-04  2.3622E-04  2.1565E-04
       1.9333E-04  2.2853E-04  2.2130E-04  2.0698E-04  2.0809E-04  1.8544E-04  1.9261E-04  1.8726E-04  1.7405E-04  1.7194E-04
       1.7940E-04  1.7292E-04  1.5515E-04  1.4759E-04  1.6194E-04  1.3133E-04  1.3529E-04  1.3393E-04  1.2788E-04  1.3409E-04
       1.3221E-04  1.2201E-04  1.0545E-04  1.0807E-04  1.0166E-04  1.2128E-04  1.4439E-04  1.1364E-04  1.1311E-04  1.2261E-04
       1.2127E-04  1.3703E-04  1.2271E-04  1.3167E-04  1.4071E-04  1.3881E-04  1.5951E-04  1.7032E-04  1.8117E-04  1.7653E-04
       1.7599E-04  1.9181E-04  2.0622E-04  2.3933E-04  2.4759E-04  2.4370E-04  2.7806E-04  3.1606E-04  4.0774E-04  5.3459E-04
       7.8513E-04  1.3219E-03  2.1513E-03  3.5102E-03  5.8251E-03  9.6770E-03  1.5647E-02  2.4392E-02  3.7647E-02  5.6664E-02
       8.1111E-02  1.1557E-01  1.5703E-01  2.0851E-01  2.6669E-01  3.3045E-01  3.9853E-01  4.6039E-01  5.1425E-01  5.5630E-01
       5.7942E-01  5.8306E-01  5.6489E-01  5.2574E-01  4.7253E-01  4.0875E-01  3.3814E-01  2.6991E-01  2.0791E-01  1.5290E-01
       1.0777E-01  7.3141E-02  4.7402E-02  2.9992E-02  1.7756E-02  1.0080E-02  5.6199E-03  2.9489E-03  1.5257E-03  7.2665E-04
       3.2471E-04  1.4645E-04  6.7647E-05  1.7509E-05  8.7545E-06  1.5919E-06  7.9584E-07  0.0000E+00  0.0000E+00  0.0000E+00
       0.0000E+00  0.0000E+00  0.0000E+00  0.0000E+00  0.0000E+00  0.0000E+00  0.0000E+00  0.0000E+00  0.0000E+00  0.0000E+00
       0.0000E+00  0.0000E+00  0.0000E+00  0.0000E+00  0.0000E+00  0.0000E+00  0.0000E+00  0.0000E+00  0.0000E+00  0.0000E+00
       0.0000E+00  0.0000E+00  0.0000E+00  0.0000E+00  0.0000E+00  0.0000E+00  0.0000E+00  0.0000E+00  0.0000E+00  0.0000E+00
       0.0000E+00  0.0000E+00  0.0000E+00  0.0000E+00  0.0000E+00  0.0000E+00  0.0000E+00  0.0000E+00  0.0000E+00  0.0000E+00
       0.0000E+00  0.0000E+00  0.0000E+00  0.0000E+00  0.0000E+00  0.0000E+00  0.0000E+00  0.0000E+00  0.0000E+00  0.0000E+00
       0.0000E+00  0.0000E+00  0.0000E+00  0.0000E+00  0.0000E+00  0.0000E+00  0.0000E+00  0.0000E+00  0.0000E+00  0.0000E+00
       0.0000E+00  0.0000E+00  0.0000E+00  0.0000E+00  0.0000E+00  0.0000E+00  0.0000E+00  0.0000E+00  0.0000E+00  0.0000E+00
       0.0000E+00  0.0000E+00  0.0000E+00  0.0000E+00  0.0000E+00  0.0000E+00  0.0000E+00  0.0000E+00  0.0000E+00  0.0000E+00
       0.0000E+00  0.0000E+00  0.0000E+00  0.0000E+00  0.0000E+00  0.0000E+00  0.0000E+00  0.0000E+00  0.0000E+00  0.0000E+00
       0.0000E+00  0.0000E+00  0.0000E+00  0.0000E+00  0.0000E+00  0.0000E+00  0.0000E+00  0.0000E+00  0.0000E+00  0.0000E+00
       0.0000E+00  0.0000E+00  0.0000E+00  0.0000E+00  0.0000E+00  0.0000E+00  0.0000E+00  0.0000E+00  0.0000E+00  0.0000E+00
       0.0000E+00  0.0000E+00  0.0000E+00  0.0000E+00  0.0000E+00  0.0000E+00  0.0000E+00  0.0000E+00  0.0000E+00  0.0000E+00
       0.0000E+00  0.0000E+00  0.0000E+00  0.0000E+00  0.0000E+00  0.0000E+00  0.0000E+00  0.0000E+00  0.0000E+00  0.0000E+00
       0.0000E+00  0.0000E+00  0.0000E+00  0.0000E+00  0.0000E+00  0.0000E+00  0.0000E+00  0.0000E+00  0.0000E+00  0.0000E+00
       0.0000E+00  0.0000E+00  0.0000E+00  0.0000E+00  0.0000E+00  0.0000E+00  0.0000E+00  0.0000E+00  0.0000E+00  0.0000E+00
       0.0000E+00  0.0000E+00  0.0000E+00  0.0000E+00  0.0000E+00  0.0000E+00  0.0000E+00  0.0000E+00  0.0000E+00  0.0000E+00
       0.0000E+00  0.0000E+00  0.0000E+00  0.0000E+00  0.0000E+00  0.0000E+00  0.0000E+00  0.0000E+00  0.0000E+00  0.0000E+00
       0.0000E+00  0.0000E+00  0.0000E+00  0.0000E+00  0.0000E+00  0.0000E+00  0.0000E+00  0.0000E+00  0.0000E+00  0.0000E+00
       0.0000E+00  0.0000E+00  0.0000E+00  0.0000E+00  0.0000E+00  0.0000E+00  0.0000E+00  0.0000E+00  0.0000E+00  0.0000E+00
       0.0000E+00  0.0000E+00  0.0000E+00  0.0000E+00  0.0000E+00  0.0000E+00  0.0000E+00  0.0000E+00  0.0000E+00  0.0000E+00
       0.0000E+00  0.0000E+00  0.0000E+00  0.0000E+00  0.0000E+00  0.0000E+00  0.0000E+00  0.0000E+00  0.0000E+00  0.0000E+00
       0.0000E+00  0.0000E+00  0.0000E+00  0.0000E+00  0.0000E+00  0.0000E+00  0.0000E+00  0.0000E+00  0.0000E+00  0.0000E+00
       0.0000E+00  0.0000E+00  0.0000E+00  0.0000E+00  0.0000E+00  0.0000E+00  0.0000E+00  0.0000E+00  0.0000E+00  0.0000E+00
       0.0000E+00  0.0000E+00  0.0000E+00  0.0000E+00  0.0000E+00  0.0000E+00  0.0000E+00  0.0000E+00  0.0000E+00  0.0000E+00
       0.0000E+00  0.0000E+00  0.0000E+00  0.0000E+00  0.0000E+00  0.0000E+00  0.0000E+00  0.0000E+00  0.0000E+00  0.0000E+00
       0.0000E+00  0.0000E+00  0.0000E+00  0.0000E+00  0.0000E+00  0.0000E+00  0.0000E+00  0.0000E+00  0.0000E+00  0.0000E+00
       0.0000E+00  0.0000E+00  0.0000E+00  0.0000E+00  0.0000E+00  0.0000E+00  0.0000E+00  0.0000E+00  0.0000E+00  0.0000E+00
       0.0000E+00  0.0000E+00  0.0000E+00  0.0000E+00  0.0000E+00  0.0000E+00  0.0000E+00  0.0000E+00  0.0000E+00  0.0000E+00
       0.0000E+00  0.0000E+00  0.0000E+00  0.0000E+00  0.0000E+00  0.0000E+00  0.0000E+00  0.0000E+00  0.0000E+00  0.0000E+00
       0.0000E+00  0.0000E+00  0.0000E+00  0.0000E+00  0.0000E+00  0.0000E+00  0.0000E+00  0.0000E+00  0.0000E+00  0.0000E+00
1

   Bdrx n.   6  "ofluence  " , generalized particle n.    1, from region n.     5 to region n.     4
      detector area:  1.0000E+02 cm**2
      this is a one way only estimator
      this is a fluence like estimator
      linear energy binning from   0.0000E+00 to  3.0000E+02 GeV,     1 bins ( 3.0000E+02 GeV wide)
      linear angular binning from  0.0000E+00 to  6.2832E+00 sr ,     1 bins ( 6.2832E+00 sr wide )
      Data follow in a matrix A(ie,ia), format (1(5x,1p,10(1x,e11.4)))

       5.3246E-06
