
 *****  Protons in Lexan (0.07GeV, 1cm)                                                   *****

           DATE: 12/19/18,  TIME:  1: 3:14

          Total number of particles followed       25000000, for a total weight of  2.5000E+07

1

   Bdrx n.   2  "ofluence  " , generalized particle n.    1, from region n.     5 to region n.     4
      detector area:  1.0000E+02 cm**2
      this is a one way only estimator
      this is a fluence like estimator
      linear energy binning from   0.0000E+00 to  1.2000E-01 GeV,   650 bins ( 1.8462E-04 GeV wide)
      linear angular binning from  0.0000E+00 to  6.2832E+00 sr ,     1 bins ( 6.2832E+00 sr wide )
      Data follow in a matrix A(ie,ia), format (1(5x,1p,10(1x,e11.4)))

       4.3551E-05  4.9946E-05  7.9344E-05  1.1042E-04  1.0837E-04  1.3774E-04  1.3127E-04  1.4303E-04  1.7977E-04  1.7802E-04
       1.9191E-04  2.2618E-04  2.0919E-04  2.3506E-04  2.2438E-04  2.4993E-04  2.6629E-04  2.8807E-04  2.9497E-04  2.6447E-04
       2.9864E-04  3.3361E-04  3.3879E-04  3.2172E-04  3.5732E-04  3.5411E-04  3.5905E-04  3.6858E-04  3.9748E-04  3.9225E-04
       3.7569E-04  3.9670E-04  4.0020E-04  3.8727E-04  4.1084E-04  4.3177E-04  4.4354E-04  4.5361E-04  4.6392E-04  4.8323E-04
       4.6843E-04  4.7578E-04  4.6437E-04  4.8401E-04  4.6772E-04  4.9872E-04  4.9691E-04  5.4546E-04  5.3159E-04  5.5372E-04
       5.5778E-04  5.2915E-04  5.5630E-04  5.3531E-04  5.6540E-04  5.7694E-04  5.5259E-04  5.4597E-04  5.8488E-04  6.1965E-04
       5.8118E-04  5.5710E-04  5.5889E-04  5.8608E-04  5.6733E-04  5.9068E-04  6.6492E-04  5.9809E-04  6.6248E-04  6.1494E-04
       6.2833E-04  6.3618E-04  6.2328E-04  6.1024E-04  6.4609E-04  6.2820E-04  6.1035E-04  6.4316E-04  6.2129E-04  6.6924E-04
       6.6392E-04  6.5710E-04  6.5895E-04  6.8852E-04  6.6340E-04  6.4548E-04  6.7262E-04  7.0326E-04  7.0798E-04  6.8701E-04
       7.0227E-04  6.8544E-04  7.0473E-04  6.9053E-04  7.1753E-04  7.0513E-04  7.1060E-04  7.0759E-04  6.8440E-04  7.2969E-04
       7.4008E-04  7.0168E-04  7.5660E-04  7.3818E-04  6.9483E-04  7.0758E-04  7.5447E-04  6.8513E-04  7.2944E-04  7.3243E-04
       7.2110E-04  7.2576E-04  7.2719E-04  7.7629E-04  7.2881E-04  7.1175E-04  7.4442E-04  6.9432E-04  7.3047E-04  7.4231E-04
       7.4498E-04  7.5454E-04  7.3918E-04  7.4031E-04  7.4566E-04  7.2446E-04  7.3341E-04  7.2459E-04  7.3098E-04  7.5752E-04
       7.2377E-04  7.4662E-04  7.2448E-04  7.3292E-04  7.3409E-04  7.5968E-04  7.3591E-04  7.2183E-04  7.2898E-04  7.2038E-04
       7.3900E-04  7.4032E-04  7.0928E-04  7.7068E-04  7.3674E-04  7.1201E-04  7.0158E-04  7.0650E-04  6.6609E-04  6.7285E-04
       6.6180E-04  7.2932E-04  6.9666E-04  6.8993E-04  6.5382E-04  6.6537E-04  6.7796E-04  6.9438E-04  6.7106E-04  6.4901E-04
       6.5995E-04  6.3308E-04  6.5597E-04  6.6910E-04  6.0690E-04  6.1548E-04  6.1118E-04  6.1722E-04  6.1773E-04  5.9109E-04
       5.9304E-04  5.6578E-04  5.5350E-04  5.8068E-04  5.6914E-04  5.6823E-04  5.6712E-04  5.5058E-04  6.5425E-04  5.7429E-04
       5.6588E-04  5.7610E-04  5.6561E-04  6.1513E-04  6.0458E-04  6.1897E-04  5.9966E-04  6.5293E-04  6.2155E-04  6.3615E-04
       6.9202E-04  7.2572E-04  6.8640E-04  7.7976E-04  7.6508E-04  8.4042E-04  8.5943E-04  8.8776E-04  9.5746E-04  9.8201E-04
       1.0295E-03  1.0991E-03  1.1656E-03  1.1812E-03  1.2452E-03  1.3226E-03  1.4096E-03  1.5104E-03  1.5860E-03  1.6531E-03
       1.7371E-03  1.8832E-03  1.9778E-03  2.1541E-03  2.3297E-03  2.5002E-03  2.7676E-03  3.0742E-03  3.3770E-03  3.7561E-03
       4.2319E-03  4.7397E-03  5.4480E-03  6.3511E-03  7.5238E-03  9.1021E-03  1.1439E-02  1.5442E-02  2.2209E-02  3.3419E-02
       5.2158E-02  8.3056E-02  1.2996E-01  1.9748E-01  2.8871E-01  4.0201E-01  5.2853E-01  6.5707E-01  7.6571E-01  8.3730E-01
       8.5542E-01  8.1422E-01  7.2118E-01  5.9376E-01  4.5226E-01  3.1940E-01  2.0790E-01  1.2464E-01  6.8802E-02  3.4782E-02
       1.6065E-02  6.7371E-03  2.5737E-03  9.1631E-04  3.1751E-04  9.1814E-05  2.2088E-05  7.2453E-06  2.4148E-06  3.4509E-07
       0.0000E+00  0.0000E+00  0.0000E+00  0.0000E+00  0.0000E+00  0.0000E+00  0.0000E+00  0.0000E+00  0.0000E+00  0.0000E+00
       0.0000E+00  0.0000E+00  0.0000E+00  0.0000E+00  0.0000E+00  0.0000E+00  0.0000E+00  0.0000E+00  0.0000E+00  0.0000E+00
       0.0000E+00  0.0000E+00  0.0000E+00  0.0000E+00  0.0000E+00  0.0000E+00  0.0000E+00  0.0000E+00  0.0000E+00  0.0000E+00
       0.0000E+00  0.0000E+00  0.0000E+00  0.0000E+00  0.0000E+00  0.0000E+00  0.0000E+00  0.0000E+00  0.0000E+00  0.0000E+00
       0.0000E+00  0.0000E+00  0.0000E+00  0.0000E+00  0.0000E+00  0.0000E+00  0.0000E+00  0.0000E+00  0.0000E+00  0.0000E+00
       0.0000E+00  0.0000E+00  0.0000E+00  0.0000E+00  0.0000E+00  0.0000E+00  0.0000E+00  0.0000E+00  0.0000E+00  0.0000E+00
       0.0000E+00  0.0000E+00  0.0000E+00  0.0000E+00  0.0000E+00  0.0000E+00  0.0000E+00  0.0000E+00  0.0000E+00  0.0000E+00
       0.0000E+00  0.0000E+00  0.0000E+00  0.0000E+00  0.0000E+00  0.0000E+00  0.0000E+00  0.0000E+00  0.0000E+00  0.0000E+00
       0.0000E+00  0.0000E+00  0.0000E+00  0.0000E+00  0.0000E+00  0.0000E+00  0.0000E+00  0.0000E+00  0.0000E+00  0.0000E+00
       0.0000E+00  0.0000E+00  0.0000E+00  0.0000E+00  0.0000E+00  0.0000E+00  0.0000E+00  0.0000E+00  0.0000E+00  0.0000E+00
       0.0000E+00  0.0000E+00  0.0000E+00  0.0000E+00  0.0000E+00  0.0000E+00  0.0000E+00  0.0000E+00  0.0000E+00  0.0000E+00
       0.0000E+00  0.0000E+00  0.0000E+00  0.0000E+00  0.0000E+00  0.0000E+00  0.0000E+00  0.0000E+00  0.0000E+00  0.0000E+00
       0.0000E+00  0.0000E+00  0.0000E+00  0.0000E+00  0.0000E+00  0.0000E+00  0.0000E+00  0.0000E+00  0.0000E+00  0.0000E+00
       0.0000E+00  0.0000E+00  0.0000E+00  0.0000E+00  0.0000E+00  0.0000E+00  0.0000E+00  0.0000E+00  0.0000E+00  0.0000E+00
       0.0000E+00  0.0000E+00  0.0000E+00  0.0000E+00  0.0000E+00  0.0000E+00  0.0000E+00  0.0000E+00  0.0000E+00  0.0000E+00
       0.0000E+00  0.0000E+00  0.0000E+00  0.0000E+00  0.0000E+00  0.0000E+00  0.0000E+00  0.0000E+00  0.0000E+00  0.0000E+00
       0.0000E+00  0.0000E+00  0.0000E+00  0.0000E+00  0.0000E+00  0.0000E+00  0.0000E+00  0.0000E+00  0.0000E+00  0.0000E+00
       0.0000E+00  0.0000E+00  0.0000E+00  0.0000E+00  0.0000E+00  0.0000E+00  0.0000E+00  0.0000E+00  0.0000E+00  0.0000E+00
       0.0000E+00  0.0000E+00  0.0000E+00  0.0000E+00  0.0000E+00  0.0000E+00  0.0000E+00  0.0000E+00  0.0000E+00  0.0000E+00
       0.0000E+00  0.0000E+00  0.0000E+00  0.0000E+00  0.0000E+00  0.0000E+00  0.0000E+00  0.0000E+00  0.0000E+00  0.0000E+00
       0.0000E+00  0.0000E+00  0.0000E+00  0.0000E+00  0.0000E+00  0.0000E+00  0.0000E+00  0.0000E+00  0.0000E+00  0.0000E+00
       0.0000E+00  0.0000E+00  0.0000E+00  0.0000E+00  0.0000E+00  0.0000E+00  0.0000E+00  0.0000E+00  0.0000E+00  0.0000E+00
       0.0000E+00  0.0000E+00  0.0000E+00  0.0000E+00  0.0000E+00  0.0000E+00  0.0000E+00  0.0000E+00  0.0000E+00  0.0000E+00
       0.0000E+00  0.0000E+00  0.0000E+00  0.0000E+00  0.0000E+00  0.0000E+00  0.0000E+00  0.0000E+00  0.0000E+00  0.0000E+00
       0.0000E+00  0.0000E+00  0.0000E+00  0.0000E+00  0.0000E+00  0.0000E+00  0.0000E+00  0.0000E+00  0.0000E+00  0.0000E+00
       0.0000E+00  0.0000E+00  0.0000E+00  0.0000E+00  0.0000E+00  0.0000E+00  0.0000E+00  0.0000E+00  0.0000E+00  0.0000E+00
       0.0000E+00  0.0000E+00  0.0000E+00  0.0000E+00  0.0000E+00  0.0000E+00  0.0000E+00  0.0000E+00  0.0000E+00  0.0000E+00
       0.0000E+00  0.0000E+00  0.0000E+00  0.0000E+00  0.0000E+00  0.0000E+00  0.0000E+00  0.0000E+00  0.0000E+00  0.0000E+00
       0.0000E+00  0.0000E+00  0.0000E+00  0.0000E+00  0.0000E+00  0.0000E+00  0.0000E+00  0.0000E+00  0.0000E+00  0.0000E+00
       0.0000E+00  0.0000E+00  0.0000E+00  0.0000E+00  0.0000E+00  0.0000E+00  0.0000E+00  0.0000E+00  0.0000E+00  0.0000E+00
       0.0000E+00  0.0000E+00  0.0000E+00  0.0000E+00  0.0000E+00  0.0000E+00  0.0000E+00  0.0000E+00  0.0000E+00  0.0000E+00
       0.0000E+00  0.0000E+00  0.0000E+00  0.0000E+00  0.0000E+00  0.0000E+00  0.0000E+00  0.0000E+00  0.0000E+00  0.0000E+00
       0.0000E+00  0.0000E+00  0.0000E+00  0.0000E+00  0.0000E+00  0.0000E+00  0.0000E+00  0.0000E+00  0.0000E+00  0.0000E+00
       0.0000E+00  0.0000E+00  0.0000E+00  0.0000E+00  0.0000E+00  0.0000E+00  0.0000E+00  0.0000E+00  0.0000E+00  0.0000E+00
       0.0000E+00  0.0000E+00  0.0000E+00  0.0000E+00  0.0000E+00  0.0000E+00  0.0000E+00  0.0000E+00  0.0000E+00  0.0000E+00
       0.0000E+00  0.0000E+00  0.0000E+00  0.0000E+00  0.0000E+00  0.0000E+00  0.0000E+00  0.0000E+00  0.0000E+00  0.0000E+00
       0.0000E+00  0.0000E+00  0.0000E+00  0.0000E+00  0.0000E+00  0.0000E+00  0.0000E+00  0.0000E+00  0.0000E+00  0.0000E+00
       0.0000E+00  0.0000E+00  0.0000E+00  0.0000E+00  0.0000E+00  0.0000E+00  0.0000E+00  0.0000E+00  0.0000E+00  0.0000E+00
       0.0000E+00  0.0000E+00  0.0000E+00  0.0000E+00  0.0000E+00  0.0000E+00  0.0000E+00  0.0000E+00  0.0000E+00  0.0000E+00
1

   Bdrx n.   6  "ofluence  " , generalized particle n.    1, from region n.     5 to region n.     4
      detector area:  1.0000E+02 cm**2
      this is a one way only estimator
      this is a fluence like estimator
      linear energy binning from   0.0000E+00 to  3.0000E+02 GeV,     1 bins ( 3.0000E+02 GeV wide)
      linear angular binning from  0.0000E+00 to  6.2832E+00 sr ,     1 bins ( 6.2832E+00 sr wide )
      Data follow in a matrix A(ie,ia), format (1(5x,1p,10(1x,e11.4)))

       5.1922E-06
