
 *****  Protons in Lexan (0.07GeV, 1cm)                                                   *****

           DATE: 12/19/18,  TIME:  1: 3:14

          Total number of particles followed       25000000, for a total weight of  2.5000E+07

1

   Bdrx n.   4  "ocurrent  " , generalized particle n.    1, from region n.     5 to region n.     4
      detector area:  1.0000E+02 cm**2
      this is a one way only estimator
      this is a current like estimator
      linear energy binning from   0.0000E+00 to  1.2000E-01 GeV,   650 bins ( 1.8462E-04 GeV wide)
      linear angular binning from  0.0000E+00 to  6.2832E+00 sr ,     1 bins ( 6.2832E+00 sr wide )
      Data follow in a matrix A(ie,ia), format (1(5x,1p,10(1x,e11.4)))

       2.9656E-05  3.2070E-05  5.2760E-05  6.2070E-05  7.3105E-05  9.2416E-05  8.7243E-05  9.8623E-05  1.1828E-04  1.1655E-04
       1.3311E-04  1.5380E-04  1.4552E-04  1.6345E-04  1.5552E-04  1.7518E-04  1.8518E-04  2.0690E-04  1.9690E-04  1.9380E-04
       2.1345E-04  2.3035E-04  2.3345E-04  2.2552E-04  2.4483E-04  2.4828E-04  2.5345E-04  2.6242E-04  2.6587E-04  2.7035E-04
       2.6139E-04  2.8277E-04  2.8656E-04  2.7587E-04  2.9035E-04  3.1759E-04  3.1794E-04  3.1966E-04  3.3242E-04  3.4070E-04
       3.2725E-04  3.4690E-04  3.4104E-04  3.5208E-04  3.3932E-04  3.5656E-04  3.5656E-04  3.7966E-04  3.8001E-04  3.9035E-04
       3.9829E-04  3.7966E-04  3.8966E-04  3.9311E-04  4.1794E-04  3.9691E-04  4.1242E-04  4.0242E-04  4.3070E-04  4.5242E-04
       4.2863E-04  4.1035E-04  4.1346E-04  4.3829E-04  4.2311E-04  4.3829E-04  4.8346E-04  4.5518E-04  5.0001E-04  4.5932E-04
       4.6553E-04  4.7587E-04  4.7105E-04  4.6415E-04  4.7208E-04  4.8277E-04  4.6553E-04  4.7622E-04  4.6863E-04  5.0036E-04
       5.0587E-04  5.0105E-04  5.1036E-04  5.0415E-04  5.0794E-04  5.0139E-04  5.0449E-04  5.1656E-04  5.4139E-04  5.2381E-04
       5.4001E-04  5.3001E-04  5.3794E-04  5.4139E-04  5.4794E-04  5.4450E-04  5.4863E-04  5.4070E-04  5.3450E-04  5.6312E-04
       5.8243E-04  5.5277E-04  5.8208E-04  5.6829E-04  5.4208E-04  5.6036E-04  5.9622E-04  5.4794E-04  5.6139E-04  5.7829E-04
       5.6588E-04  5.7519E-04  5.6725E-04  6.0208E-04  5.8070E-04  5.6760E-04  5.8346E-04  5.5001E-04  5.7519E-04  5.8174E-04
       5.8553E-04  5.8863E-04  5.8105E-04  5.8932E-04  5.9036E-04  5.7657E-04  5.8760E-04  5.8450E-04  5.8415E-04  6.0070E-04
       5.9208E-04  6.0105E-04  5.9243E-04  5.7932E-04  5.9829E-04  6.0588E-04  6.0174E-04  5.8898E-04  5.9277E-04  5.7691E-04
       6.0450E-04  6.0553E-04  5.6760E-04  6.2036E-04  5.9243E-04  5.8208E-04  5.5415E-04  5.6863E-04  5.4587E-04  5.3829E-04
       5.4036E-04  5.8036E-04  5.6312E-04  5.5346E-04  5.1967E-04  5.3312E-04  5.4001E-04  5.5519E-04  5.3725E-04  5.2415E-04
       5.2553E-04  5.0346E-04  5.0656E-04  5.2622E-04  4.8587E-04  4.9415E-04  4.9415E-04  4.8898E-04  4.8415E-04  4.7242E-04
       4.6967E-04  4.4760E-04  4.3656E-04  4.5518E-04  4.4242E-04  4.4553E-04  4.4691E-04  4.3070E-04  4.3829E-04  4.4898E-04
       4.3863E-04  4.4242E-04  4.2691E-04  4.6863E-04  4.4898E-04  4.6139E-04  4.6311E-04  4.7725E-04  4.8139E-04  4.8484E-04
       5.3070E-04  5.5070E-04  5.3622E-04  5.9863E-04  6.0691E-04  6.6208E-04  6.8726E-04  7.0864E-04  7.6243E-04  8.0105E-04
       8.3761E-04  8.9106E-04  9.5071E-04  9.8002E-04  1.0383E-03  1.0966E-03  1.1738E-03  1.2762E-03  1.3345E-03  1.3962E-03
       1.4735E-03  1.5966E-03  1.6873E-03  1.8459E-03  2.0080E-03  2.1576E-03  2.4007E-03  2.6804E-03  2.9611E-03  3.3015E-03
       3.7504E-03  4.2249E-03  4.8974E-03  5.7539E-03  6.8643E-03  8.3816E-03  1.0665E-02  1.4597E-02  2.1285E-02  3.2406E-02
       5.1063E-02  8.1862E-02  1.2866E-01  1.9609E-01  2.8723E-01  4.0045E-01  5.2691E-01  6.5544E-01  7.6411E-01  8.3580E-01
       8.5406E-01  8.1305E-01  7.2024E-01  5.9304E-01  4.5174E-01  3.1905E-01  2.0769E-01  1.2452E-01  6.8736E-02  3.4749E-02
       1.6050E-02  6.7312E-03  2.5714E-03  9.1554E-04  3.1725E-04  9.1726E-05  2.2069E-05  7.2415E-06  2.4138E-06  3.4484E-07
       0.0000E+00  0.0000E+00  0.0000E+00  0.0000E+00  0.0000E+00  0.0000E+00  0.0000E+00  0.0000E+00  0.0000E+00  0.0000E+00
       0.0000E+00  0.0000E+00  0.0000E+00  0.0000E+00  0.0000E+00  0.0000E+00  0.0000E+00  0.0000E+00  0.0000E+00  0.0000E+00
       0.0000E+00  0.0000E+00  0.0000E+00  0.0000E+00  0.0000E+00  0.0000E+00  0.0000E+00  0.0000E+00  0.0000E+00  0.0000E+00
       0.0000E+00  0.0000E+00  0.0000E+00  0.0000E+00  0.0000E+00  0.0000E+00  0.0000E+00  0.0000E+00  0.0000E+00  0.0000E+00
       0.0000E+00  0.0000E+00  0.0000E+00  0.0000E+00  0.0000E+00  0.0000E+00  0.0000E+00  0.0000E+00  0.0000E+00  0.0000E+00
       0.0000E+00  0.0000E+00  0.0000E+00  0.0000E+00  0.0000E+00  0.0000E+00  0.0000E+00  0.0000E+00  0.0000E+00  0.0000E+00
       0.0000E+00  0.0000E+00  0.0000E+00  0.0000E+00  0.0000E+00  0.0000E+00  0.0000E+00  0.0000E+00  0.0000E+00  0.0000E+00
       0.0000E+00  0.0000E+00  0.0000E+00  0.0000E+00  0.0000E+00  0.0000E+00  0.0000E+00  0.0000E+00  0.0000E+00  0.0000E+00
       0.0000E+00  0.0000E+00  0.0000E+00  0.0000E+00  0.0000E+00  0.0000E+00  0.0000E+00  0.0000E+00  0.0000E+00  0.0000E+00
       0.0000E+00  0.0000E+00  0.0000E+00  0.0000E+00  0.0000E+00  0.0000E+00  0.0000E+00  0.0000E+00  0.0000E+00  0.0000E+00
       0.0000E+00  0.0000E+00  0.0000E+00  0.0000E+00  0.0000E+00  0.0000E+00  0.0000E+00  0.0000E+00  0.0000E+00  0.0000E+00
       0.0000E+00  0.0000E+00  0.0000E+00  0.0000E+00  0.0000E+00  0.0000E+00  0.0000E+00  0.0000E+00  0.0000E+00  0.0000E+00
       0.0000E+00  0.0000E+00  0.0000E+00  0.0000E+00  0.0000E+00  0.0000E+00  0.0000E+00  0.0000E+00  0.0000E+00  0.0000E+00
       0.0000E+00  0.0000E+00  0.0000E+00  0.0000E+00  0.0000E+00  0.0000E+00  0.0000E+00  0.0000E+00  0.0000E+00  0.0000E+00
       0.0000E+00  0.0000E+00  0.0000E+00  0.0000E+00  0.0000E+00  0.0000E+00  0.0000E+00  0.0000E+00  0.0000E+00  0.0000E+00
       0.0000E+00  0.0000E+00  0.0000E+00  0.0000E+00  0.0000E+00  0.0000E+00  0.0000E+00  0.0000E+00  0.0000E+00  0.0000E+00
       0.0000E+00  0.0000E+00  0.0000E+00  0.0000E+00  0.0000E+00  0.0000E+00  0.0000E+00  0.0000E+00  0.0000E+00  0.0000E+00
       0.0000E+00  0.0000E+00  0.0000E+00  0.0000E+00  0.0000E+00  0.0000E+00  0.0000E+00  0.0000E+00  0.0000E+00  0.0000E+00
       0.0000E+00  0.0000E+00  0.0000E+00  0.0000E+00  0.0000E+00  0.0000E+00  0.0000E+00  0.0000E+00  0.0000E+00  0.0000E+00
       0.0000E+00  0.0000E+00  0.0000E+00  0.0000E+00  0.0000E+00  0.0000E+00  0.0000E+00  0.0000E+00  0.0000E+00  0.0000E+00
       0.0000E+00  0.0000E+00  0.0000E+00  0.0000E+00  0.0000E+00  0.0000E+00  0.0000E+00  0.0000E+00  0.0000E+00  0.0000E+00
       0.0000E+00  0.0000E+00  0.0000E+00  0.0000E+00  0.0000E+00  0.0000E+00  0.0000E+00  0.0000E+00  0.0000E+00  0.0000E+00
       0.0000E+00  0.0000E+00  0.0000E+00  0.0000E+00  0.0000E+00  0.0000E+00  0.0000E+00  0.0000E+00  0.0000E+00  0.0000E+00
       0.0000E+00  0.0000E+00  0.0000E+00  0.0000E+00  0.0000E+00  0.0000E+00  0.0000E+00  0.0000E+00  0.0000E+00  0.0000E+00
       0.0000E+00  0.0000E+00  0.0000E+00  0.0000E+00  0.0000E+00  0.0000E+00  0.0000E+00  0.0000E+00  0.0000E+00  0.0000E+00
       0.0000E+00  0.0000E+00  0.0000E+00  0.0000E+00  0.0000E+00  0.0000E+00  0.0000E+00  0.0000E+00  0.0000E+00  0.0000E+00
       0.0000E+00  0.0000E+00  0.0000E+00  0.0000E+00  0.0000E+00  0.0000E+00  0.0000E+00  0.0000E+00  0.0000E+00  0.0000E+00
       0.0000E+00  0.0000E+00  0.0000E+00  0.0000E+00  0.0000E+00  0.0000E+00  0.0000E+00  0.0000E+00  0.0000E+00  0.0000E+00
       0.0000E+00  0.0000E+00  0.0000E+00  0.0000E+00  0.0000E+00  0.0000E+00  0.0000E+00  0.0000E+00  0.0000E+00  0.0000E+00
       0.0000E+00  0.0000E+00  0.0000E+00  0.0000E+00  0.0000E+00  0.0000E+00  0.0000E+00  0.0000E+00  0.0000E+00  0.0000E+00
       0.0000E+00  0.0000E+00  0.0000E+00  0.0000E+00  0.0000E+00  0.0000E+00  0.0000E+00  0.0000E+00  0.0000E+00  0.0000E+00
       0.0000E+00  0.0000E+00  0.0000E+00  0.0000E+00  0.0000E+00  0.0000E+00  0.0000E+00  0.0000E+00  0.0000E+00  0.0000E+00
       0.0000E+00  0.0000E+00  0.0000E+00  0.0000E+00  0.0000E+00  0.0000E+00  0.0000E+00  0.0000E+00  0.0000E+00  0.0000E+00
       0.0000E+00  0.0000E+00  0.0000E+00  0.0000E+00  0.0000E+00  0.0000E+00  0.0000E+00  0.0000E+00  0.0000E+00  0.0000E+00
       0.0000E+00  0.0000E+00  0.0000E+00  0.0000E+00  0.0000E+00  0.0000E+00  0.0000E+00  0.0000E+00  0.0000E+00  0.0000E+00
       0.0000E+00  0.0000E+00  0.0000E+00  0.0000E+00  0.0000E+00  0.0000E+00  0.0000E+00  0.0000E+00  0.0000E+00  0.0000E+00
       0.0000E+00  0.0000E+00  0.0000E+00  0.0000E+00  0.0000E+00  0.0000E+00  0.0000E+00  0.0000E+00  0.0000E+00  0.0000E+00
       0.0000E+00  0.0000E+00  0.0000E+00  0.0000E+00  0.0000E+00  0.0000E+00  0.0000E+00  0.0000E+00  0.0000E+00  0.0000E+00
       0.0000E+00  0.0000E+00  0.0000E+00  0.0000E+00  0.0000E+00  0.0000E+00  0.0000E+00  0.0000E+00  0.0000E+00  0.0000E+00
