
 *****  Protons in Lexan (0.07GeV, 1cm)                                                   *****

           DATE: 12/19/18,  TIME:  1: 3:14

          Total number of particles followed       25000000, for a total weight of  2.5000E+07

1

   Res. nuclei n.   1  "Ian       " ,  all         products, region n.     5
      detector volume:  1.0000E+00 cm**3
      Max. Z:  10, Max. N-Z:  11 Min. N-Z: -4
      Data follow in a matrix A(z,n-z-k), k: -5 format (1(5x,1p,10(1x,e11.4)))

       0.0000E+00  0.0000E+00  0.0000E+00  0.0000E+00  0.0000E+00  0.0000E+00  0.0000E+00  0.0000E+00  0.0000E+00  0.0000E+00
       0.0000E+00  0.0000E+00  0.0000E+00  0.0000E+00  0.0000E+00  3.5600E-06  0.0000E+00  1.2000E-07  0.0000E+00  0.0000E+00
       0.0000E+00  0.0000E+00  0.0000E+00  0.0000E+00  1.5576E-04  1.1000E-04  4.3080E-05  1.3800E-05  0.0000E+00  0.0000E+00
       3.9832E-02  2.7296E-03  0.0000E+00  1.8579E-03  0.0000E+00  5.1663E-03  3.7080E-05  1.1323E-03  8.0000E-08  0.0000E+00
       7.7620E-03  4.2919E-02  2.3704E-03  0.0000E+00  1.4354E-03  2.7231E-02  5.9837E-04  2.8325E-03  1.6000E-07  5.6000E-07
       1.0859E-03  0.0000E+00  1.2774E-03  3.0711E-04  3.4939E-03  4.8172E-04  9.4175E-04  2.2522E-06  8.0000E-08  0.0000E+00
       0.0000E+00  1.7600E-05  2.1080E-05  6.9760E-05  1.3980E-05  7.1440E-05  1.2462E-06  4.6800E-06  0.0000E+00  0.0000E+00
       0.0000E+00  0.0000E+00  1.2000E-07  4.0000E-08  8.0000E-08  8.0000E-08  5.6000E-07  0.0000E+00  0.0000E+00  0.0000E+00
       0.0000E+00  0.0000E+00  0.0000E+00  0.0000E+00  0.0000E+00  0.0000E+00  0.0000E+00  0.0000E+00  0.0000E+00  0.0000E+00
       0.0000E+00  0.0000E+00  0.0000E+00  0.0000E+00  0.0000E+00  0.0000E+00  0.0000E+00  0.0000E+00  0.0000E+00  0.0000E+00
       0.0000E+00  0.0000E+00  0.0000E+00  0.0000E+00  0.0000E+00  0.0000E+00  0.0000E+00  0.0000E+00  0.0000E+00  0.0000E+00
       0.0000E+00  0.0000E+00  0.0000E+00  0.0000E+00  0.0000E+00  0.0000E+00  0.0000E+00  0.0000E+00  0.0000E+00  0.0000E+00
       0.0000E+00  0.0000E+00  0.0000E+00  0.0000E+00  0.0000E+00  0.0000E+00  0.0000E+00  0.0000E+00  0.0000E+00  0.0000E+00
       0.0000E+00  0.0000E+00  0.0000E+00  0.0000E+00  0.0000E+00  0.0000E+00  0.0000E+00  0.0000E+00  0.0000E+00  0.0000E+00
       0.0000E+00  0.0000E+00  0.0000E+00  0.0000E+00  0.0000E+00  0.0000E+00  0.0000E+00  0.0000E+00  0.0000E+00  0.0000E+00
       0.0000E+00  0.0000E+00  0.0000E+00  0.0000E+00  0.0000E+00  0.0000E+00  0.0000E+00  0.0000E+00  0.0000E+00  0.0000E+00
