
 *****  Protons in Lexan (0.25GeV, 3cm)                                                   *****

           DATE: 12/18/18,  TIME: 22:10:49

          Total number of particles followed       10000000, for a total weight of  1.0000E+07

1

   Bdrx n.   2  "ofluence  " , generalized particle n.    1, from region n.     5 to region n.     4
      detector area:  1.0000E+02 cm**2
      this is a one way only estimator
      this is a fluence like estimator
      linear energy binning from   1.7000E-01 to  3.0000E-01 GeV,   650 bins ( 2.0000E-04 GeV wide)
      linear angular binning from  0.0000E+00 to  6.2832E+00 sr ,     1 bins ( 6.2832E+00 sr wide )
      Data follow in a matrix A(ie,ia), format (1(5x,1p,10(1x,e11.4)))

       5.7465E-04  5.4183E-04  5.3947E-04  5.3607E-04  5.1340E-04  5.6884E-04  5.4280E-04  5.1615E-04  5.9356E-04  5.3760E-04
       5.2704E-04  5.5677E-04  5.1624E-04  4.9695E-04  5.4640E-04  5.0269E-04  5.2997E-04  4.9274E-04  5.3181E-04  5.7119E-04
       5.3732E-04  5.1588E-04  5.3374E-04  5.1226E-04  5.5781E-04  5.3900E-04  5.2848E-04  5.0821E-04  5.2789E-04  5.5093E-04
       4.9582E-04  5.5171E-04  5.2432E-04  5.3401E-04  5.2122E-04  5.6155E-04  5.0532E-04  5.1185E-04  5.3652E-04  5.3529E-04
       5.2057E-04  5.2014E-04  5.5907E-04  5.3988E-04  4.7416E-04  5.2722E-04  5.0826E-04  5.4266E-04  5.2982E-04  5.3503E-04
       5.3172E-04  5.1153E-04  5.0799E-04  5.1170E-04  5.4581E-04  5.5207E-04  4.8063E-04  5.0743E-04  4.9891E-04  5.3219E-04
       5.1098E-04  5.1757E-04  5.2170E-04  4.9986E-04  5.2747E-04  5.1482E-04  5.4913E-04  4.7665E-04  5.4491E-04  5.4674E-04
       5.0206E-04  5.2549E-04  5.1470E-04  4.9552E-04  4.9449E-04  5.2235E-04  5.2712E-04  5.1966E-04  4.7345E-04  4.9644E-04
       4.9753E-04  5.1355E-04  4.7926E-04  4.8506E-04  4.9204E-04  5.5097E-04  5.2249E-04  4.9692E-04  5.5398E-04  5.2541E-04
       4.9312E-04  5.2480E-04  5.2362E-04  4.7375E-04  4.6814E-04  5.2358E-04  4.7086E-04  4.9628E-04  4.6540E-04  4.9810E-04
       5.2415E-04  5.5505E-04  5.0059E-04  5.1396E-04  5.1115E-04  5.1846E-04  4.8310E-04  5.1556E-04  4.8184E-04  4.9364E-04
       4.8231E-04  4.7088E-04  4.9689E-04  4.9053E-04  4.4816E-04  4.6451E-04  5.2414E-04  5.1640E-04  4.6205E-04  4.9471E-04
       4.5758E-04  5.1246E-04  5.2103E-04  4.4306E-04  4.7302E-04  4.4697E-04  4.5800E-04  4.5848E-04  4.3913E-04  4.8181E-04
       4.4488E-04  4.6202E-04  4.9996E-04  4.2798E-04  4.7002E-04  4.4660E-04  4.4665E-04  4.6641E-04  4.4492E-04  4.2835E-04
       4.1845E-04  4.2769E-04  4.0796E-04  4.1812E-04  4.2237E-04  4.3108E-04  4.6017E-04  4.1682E-04  3.9213E-04  4.3780E-04
       4.2725E-04  3.9089E-04  4.2787E-04  3.8273E-04  4.0951E-04  4.0884E-04  4.1422E-04  4.1685E-04  4.2795E-04  4.0760E-04
       4.0892E-04  4.3786E-04  3.6399E-04  4.0172E-04  4.2519E-04  3.9554E-04  3.7094E-04  3.8284E-04  3.8721E-04  4.0028E-04
       3.5717E-04  3.8703E-04  4.0774E-04  4.0312E-04  3.8452E-04  3.8179E-04  3.4965E-04  3.8979E-04  3.6237E-04  3.7234E-04
       3.4950E-04  3.6294E-04  3.4946E-04  3.6969E-04  3.7209E-04  3.7469E-04  3.5978E-04  3.4596E-04  3.1378E-04  3.5348E-04
       3.2084E-04  3.1471E-04  3.4155E-04  3.4228E-04  3.2338E-04  3.1294E-04  3.2063E-04  3.5809E-04  3.0540E-04  3.4934E-04
       3.0678E-04  3.1508E-04  3.3312E-04  2.7782E-04  3.0875E-04  3.0045E-04  2.9469E-04  3.1189E-04  2.9252E-04  2.7707E-04
       2.7569E-04  2.8539E-04  2.7739E-04  2.5929E-04  2.6914E-04  2.4737E-04  2.6032E-04  2.3761E-04  2.5490E-04  2.3447E-04
       2.1997E-04  2.3518E-04  2.1661E-04  2.2014E-04  2.1204E-04  2.1390E-04  2.0319E-04  1.9518E-04  1.9578E-04  1.8196E-04
       1.9937E-04  1.7202E-04  1.7109E-04  1.5665E-04  1.6684E-04  1.4389E-04  1.5454E-04  1.6304E-04  1.6579E-04  1.4152E-04
       1.4710E-04  1.4776E-04  1.8432E-04  1.7533E-04  1.7148E-04  1.6349E-04  2.0314E-04  1.9494E-04  2.1165E-04  1.9004E-04
       2.1489E-04  1.9291E-04  2.5367E-04  2.7097E-04  2.8064E-04  3.0158E-04  3.8228E-04  4.8584E-04  6.3929E-04  8.8764E-04
       1.2409E-03  1.7242E-03  2.6313E-03  3.9074E-03  5.6486E-03  8.3398E-03  1.2027E-02  1.6995E-02  2.3796E-02  3.2921E-02
       4.4806E-02  6.0037E-02  7.8860E-02  1.0189E-01  1.2857E-01  1.5892E-01  1.9329E-01  2.3096E-01  2.6943E-01  3.0972E-01
       3.4597E-01  3.7896E-01  4.0788E-01  4.2796E-01  4.4049E-01  4.4418E-01  4.3634E-01  4.1922E-01  3.9394E-01  3.6217E-01
       3.2422E-01  2.8292E-01  2.4221E-01  2.0261E-01  1.6468E-01  1.3092E-01  1.0130E-01  7.6300E-02  5.6398E-02  4.0528E-02
       2.8463E-02  1.9216E-02  1.2759E-02  8.0492E-03  5.0987E-03  3.1217E-03  1.8394E-03  1.0801E-03  6.3991E-04  3.3032E-04
       1.7191E-04  8.7548E-05  4.5366E-05  1.9102E-05  9.5508E-06  3.9793E-06  3.1854E-06  7.9582E-07  0.0000E+00  0.0000E+00
       0.0000E+00  0.0000E+00  0.0000E+00  0.0000E+00  0.0000E+00  0.0000E+00  0.0000E+00  0.0000E+00  0.0000E+00  0.0000E+00
       0.0000E+00  0.0000E+00  0.0000E+00  0.0000E+00  0.0000E+00  0.0000E+00  0.0000E+00  0.0000E+00  0.0000E+00  0.0000E+00
       0.0000E+00  0.0000E+00  0.0000E+00  0.0000E+00  0.0000E+00  0.0000E+00  0.0000E+00  0.0000E+00  0.0000E+00  0.0000E+00
       0.0000E+00  0.0000E+00  0.0000E+00  0.0000E+00  0.0000E+00  0.0000E+00  0.0000E+00  0.0000E+00  0.0000E+00  0.0000E+00
       0.0000E+00  0.0000E+00  0.0000E+00  0.0000E+00  0.0000E+00  0.0000E+00  0.0000E+00  0.0000E+00  0.0000E+00  0.0000E+00
       0.0000E+00  0.0000E+00  0.0000E+00  0.0000E+00  0.0000E+00  0.0000E+00  0.0000E+00  0.0000E+00  0.0000E+00  0.0000E+00
       0.0000E+00  0.0000E+00  0.0000E+00  0.0000E+00  0.0000E+00  0.0000E+00  0.0000E+00  0.0000E+00  0.0000E+00  0.0000E+00
       0.0000E+00  0.0000E+00  0.0000E+00  0.0000E+00  0.0000E+00  0.0000E+00  0.0000E+00  0.0000E+00  0.0000E+00  0.0000E+00
       0.0000E+00  0.0000E+00  0.0000E+00  0.0000E+00  0.0000E+00  0.0000E+00  0.0000E+00  0.0000E+00  0.0000E+00  0.0000E+00
       0.0000E+00  0.0000E+00  0.0000E+00  0.0000E+00  0.0000E+00  0.0000E+00  0.0000E+00  0.0000E+00  0.0000E+00  0.0000E+00
       0.0000E+00  0.0000E+00  0.0000E+00  0.0000E+00  0.0000E+00  0.0000E+00  0.0000E+00  0.0000E+00  0.0000E+00  0.0000E+00
       0.0000E+00  0.0000E+00  0.0000E+00  0.0000E+00  0.0000E+00  0.0000E+00  0.0000E+00  0.0000E+00  0.0000E+00  0.0000E+00
       0.0000E+00  0.0000E+00  0.0000E+00  0.0000E+00  0.0000E+00  0.0000E+00  0.0000E+00  0.0000E+00  0.0000E+00  0.0000E+00
       0.0000E+00  0.0000E+00  0.0000E+00  0.0000E+00  0.0000E+00  0.0000E+00  0.0000E+00  0.0000E+00  0.0000E+00  0.0000E+00
       0.0000E+00  0.0000E+00  0.0000E+00  0.0000E+00  0.0000E+00  0.0000E+00  0.0000E+00  0.0000E+00  0.0000E+00  0.0000E+00
       0.0000E+00  0.0000E+00  0.0000E+00  0.0000E+00  0.0000E+00  0.0000E+00  0.0000E+00  0.0000E+00  0.0000E+00  0.0000E+00
       0.0000E+00  0.0000E+00  0.0000E+00  0.0000E+00  0.0000E+00  0.0000E+00  0.0000E+00  0.0000E+00  0.0000E+00  0.0000E+00
       0.0000E+00  0.0000E+00  0.0000E+00  0.0000E+00  0.0000E+00  0.0000E+00  0.0000E+00  0.0000E+00  0.0000E+00  0.0000E+00
       0.0000E+00  0.0000E+00  0.0000E+00  0.0000E+00  0.0000E+00  0.0000E+00  0.0000E+00  0.0000E+00  0.0000E+00  0.0000E+00
       0.0000E+00  0.0000E+00  0.0000E+00  0.0000E+00  0.0000E+00  0.0000E+00  0.0000E+00  0.0000E+00  0.0000E+00  0.0000E+00
       0.0000E+00  0.0000E+00  0.0000E+00  0.0000E+00  0.0000E+00  0.0000E+00  0.0000E+00  0.0000E+00  0.0000E+00  0.0000E+00
       0.0000E+00  0.0000E+00  0.0000E+00  0.0000E+00  0.0000E+00  0.0000E+00  0.0000E+00  0.0000E+00  0.0000E+00  0.0000E+00
       0.0000E+00  0.0000E+00  0.0000E+00  0.0000E+00  0.0000E+00  0.0000E+00  0.0000E+00  0.0000E+00  0.0000E+00  0.0000E+00
       0.0000E+00  0.0000E+00  0.0000E+00  0.0000E+00  0.0000E+00  0.0000E+00  0.0000E+00  0.0000E+00  0.0000E+00  0.0000E+00
       0.0000E+00  0.0000E+00  0.0000E+00  0.0000E+00  0.0000E+00  0.0000E+00  0.0000E+00  0.0000E+00  0.0000E+00  0.0000E+00
       0.0000E+00  0.0000E+00  0.0000E+00  0.0000E+00  0.0000E+00  0.0000E+00  0.0000E+00  0.0000E+00  0.0000E+00  0.0000E+00
       0.0000E+00  0.0000E+00  0.0000E+00  0.0000E+00  0.0000E+00  0.0000E+00  0.0000E+00  0.0000E+00  0.0000E+00  0.0000E+00
       0.0000E+00  0.0000E+00  0.0000E+00  0.0000E+00  0.0000E+00  0.0000E+00  0.0000E+00  0.0000E+00  0.0000E+00  0.0000E+00
       0.0000E+00  0.0000E+00  0.0000E+00  0.0000E+00  0.0000E+00  0.0000E+00  0.0000E+00  0.0000E+00  0.0000E+00  0.0000E+00
       0.0000E+00  0.0000E+00  0.0000E+00  0.0000E+00  0.0000E+00  0.0000E+00  0.0000E+00  0.0000E+00  0.0000E+00  0.0000E+00
       0.0000E+00  0.0000E+00  0.0000E+00  0.0000E+00  0.0000E+00  0.0000E+00  0.0000E+00  0.0000E+00  0.0000E+00  0.0000E+00
       0.0000E+00  0.0000E+00  0.0000E+00  0.0000E+00  0.0000E+00  0.0000E+00  0.0000E+00  0.0000E+00  0.0000E+00  0.0000E+00
       0.0000E+00  0.0000E+00  0.0000E+00  0.0000E+00  0.0000E+00  0.0000E+00  0.0000E+00  0.0000E+00  0.0000E+00  0.0000E+00
1

   Bdrx n.   6  "ofluence  " , generalized particle n.    1, from region n.     5 to region n.     4
      detector area:  1.0000E+02 cm**2
      this is a one way only estimator
      this is a fluence like estimator
      linear energy binning from   0.0000E+00 to  3.0000E+02 GeV,     1 bins ( 3.0000E+02 GeV wide)
      linear angular binning from  0.0000E+00 to  6.2832E+00 sr ,     1 bins ( 6.2832E+00 sr wide )
      Data follow in a matrix A(ie,ia), format (1(5x,1p,10(1x,e11.4)))

       5.3292E-06
