
 *****  Protons in Lexan (0.25GeV, 3cm)                                                   *****

           DATE: 12/18/18,  TIME: 22:10:49

          Total number of particles followed       10000000, for a total weight of  1.0000E+07

1

   Bdrx n.   4  "ocurrent  " , generalized particle n.    1, from region n.     5 to region n.     4
      detector area:  1.0000E+02 cm**2
      this is a one way only estimator
      this is a current like estimator
      linear energy binning from   1.7000E-01 to  3.0000E-01 GeV,   650 bins ( 2.0000E-04 GeV wide)
      linear angular binning from  0.0000E+00 to  6.2832E+00 sr ,     1 bins ( 6.2832E+00 sr wide )
      Data follow in a matrix A(ie,ia), format (1(5x,1p,10(1x,e11.4)))

       4.9656E-04  4.7189E-04  4.7189E-04  4.6553E-04  4.4882E-04  4.9418E-04  4.7269E-04  4.5041E-04  5.1964E-04  4.7110E-04
       4.6155E-04  4.8701E-04  4.5200E-04  4.3211E-04  4.7906E-04  4.4086E-04  4.6314E-04  4.3370E-04  4.6712E-04  5.0213E-04
       4.6871E-04  4.5439E-04  4.7030E-04  4.5439E-04  4.9179E-04  4.7269E-04  4.6871E-04  4.4961E-04  4.6394E-04  4.8781E-04
       4.3768E-04  4.8622E-04  4.6632E-04  4.7587E-04  4.5996E-04  4.9418E-04  4.4563E-04  4.5200E-04  4.7587E-04  4.7428E-04
       4.6235E-04  4.6155E-04  4.9975E-04  4.7667E-04  4.2494E-04  4.6473E-04  4.5439E-04  4.7906E-04  4.7110E-04  4.7906E-04
       4.7349E-04  4.5439E-04  4.4961E-04  4.5359E-04  4.8701E-04  4.8940E-04  4.2813E-04  4.5439E-04  4.4643E-04  4.7428E-04
       4.5677E-04  4.6235E-04  4.6553E-04  4.4563E-04  4.7110E-04  4.6473E-04  4.9179E-04  4.2892E-04  4.8622E-04  4.8781E-04
       4.5041E-04  4.7428E-04  4.6394E-04  4.4245E-04  4.4165E-04  4.6712E-04  4.7587E-04  4.6553E-04  4.2574E-04  4.5041E-04
       4.4802E-04  4.6632E-04  4.3211E-04  4.3768E-04  4.4643E-04  4.9258E-04  4.7428E-04  4.4882E-04  5.0134E-04  4.7269E-04
       4.4484E-04  4.7746E-04  4.7508E-04  4.2813E-04  4.2654E-04  4.7508E-04  4.2972E-04  4.4723E-04  4.2415E-04  4.5359E-04
       4.7508E-04  5.0611E-04  4.5359E-04  4.6951E-04  4.6394E-04  4.7428E-04  4.4404E-04  4.7189E-04  4.4165E-04  4.5120E-04
       4.4165E-04  4.2813E-04  4.5439E-04  4.4802E-04  4.0982E-04  4.2654E-04  4.8224E-04  4.6792E-04  4.2335E-04  4.5598E-04
       4.2017E-04  4.7269E-04  4.8065E-04  4.0585E-04  4.3370E-04  4.1142E-04  4.2017E-04  4.2176E-04  4.0187E-04  4.4484E-04
       4.0903E-04  4.2494E-04  4.5916E-04  3.9391E-04  4.3768E-04  4.1301E-04  4.1380E-04  4.2972E-04  4.1301E-04  3.9789E-04
       3.8595E-04  3.9630E-04  3.7720E-04  3.8754E-04  3.9152E-04  4.0107E-04  4.2733E-04  3.8754E-04  3.6287E-04  4.0505E-04
       3.9630E-04  3.6208E-04  3.9789E-04  3.5571E-04  3.8038E-04  3.8197E-04  3.8356E-04  3.8675E-04  3.9868E-04  3.8118E-04
       3.8277E-04  4.0903E-04  3.3980E-04  3.7401E-04  3.9789E-04  3.6844E-04  3.4696E-04  3.5571E-04  3.6208E-04  3.7561E-04
       3.3502E-04  3.6367E-04  3.8277E-04  3.7720E-04  3.6367E-04  3.4537E-04  3.2945E-04  3.6685E-04  3.4059E-04  3.5173E-04
       3.2865E-04  3.4218E-04  3.2865E-04  3.4775E-04  3.5014E-04  3.5173E-04  3.3900E-04  3.2786E-04  2.9682E-04  3.3263E-04
       3.0319E-04  2.9921E-04  3.2308E-04  3.2308E-04  3.0160E-04  2.9682E-04  3.0399E-04  3.3741E-04  2.8966E-04  3.3184E-04
       2.9285E-04  2.9842E-04  3.1751E-04  2.6420E-04  2.9364E-04  2.8489E-04  2.7852E-04  2.9523E-04  2.7773E-04  2.6499E-04
       2.6261E-04  2.7375E-04  2.6499E-04  2.4589E-04  2.5783E-04  2.3714E-04  2.4908E-04  2.2600E-04  2.4192E-04  2.2282E-04
       2.0929E-04  2.2600E-04  2.0690E-04  2.1088E-04  2.0292E-04  2.0292E-04  1.9417E-04  1.8382E-04  1.8382E-04  1.7348E-04
       1.8939E-04  1.6313E-04  1.6075E-04  1.4801E-04  1.5677E-04  1.3528E-04  1.4006E-04  1.5040E-04  1.5199E-04  1.3289E-04
       1.3846E-04  1.3846E-04  1.7268E-04  1.6473E-04  1.6154E-04  1.5358E-04  1.9099E-04  1.8382E-04  1.9815E-04  1.7985E-04
       2.0531E-04  1.8462E-04  2.3873E-04  2.6101E-04  2.7136E-04  2.9205E-04  3.6844E-04  4.7508E-04  6.2468E-04  8.7694E-04
       1.2255E-03  1.7101E-03  2.6141E-03  3.8866E-03  5.6245E-03  8.3103E-03  1.1999E-02  1.6960E-02  2.3755E-02  3.2874E-02
       4.4752E-02  5.9976E-02  7.8791E-02  1.0181E-01  1.2848E-01  1.5882E-01  1.9318E-01  2.3084E-01  2.6931E-01  3.0959E-01
       3.4583E-01  3.7882E-01  4.0774E-01  4.2782E-01  4.4035E-01  4.4404E-01  4.3621E-01  4.1910E-01  3.9383E-01  3.6208E-01
       3.2414E-01  2.8285E-01  2.4215E-01  2.0256E-01  1.6464E-01  1.3090E-01  1.0128E-01  7.6285E-02  5.6386E-02  4.0519E-02
       2.8458E-02  1.9212E-02  1.2756E-02  8.0477E-03  5.0977E-03  3.1210E-03  1.8390E-03  1.0799E-03  6.3980E-04  3.3025E-04
       1.7189E-04  8.7535E-05  4.5359E-05  1.9099E-05  9.5493E-06  3.9789E-06  3.1831E-06  7.9577E-07  0.0000E+00  0.0000E+00
       0.0000E+00  0.0000E+00  0.0000E+00  0.0000E+00  0.0000E+00  0.0000E+00  0.0000E+00  0.0000E+00  0.0000E+00  0.0000E+00
       0.0000E+00  0.0000E+00  0.0000E+00  0.0000E+00  0.0000E+00  0.0000E+00  0.0000E+00  0.0000E+00  0.0000E+00  0.0000E+00
       0.0000E+00  0.0000E+00  0.0000E+00  0.0000E+00  0.0000E+00  0.0000E+00  0.0000E+00  0.0000E+00  0.0000E+00  0.0000E+00
       0.0000E+00  0.0000E+00  0.0000E+00  0.0000E+00  0.0000E+00  0.0000E+00  0.0000E+00  0.0000E+00  0.0000E+00  0.0000E+00
       0.0000E+00  0.0000E+00  0.0000E+00  0.0000E+00  0.0000E+00  0.0000E+00  0.0000E+00  0.0000E+00  0.0000E+00  0.0000E+00
       0.0000E+00  0.0000E+00  0.0000E+00  0.0000E+00  0.0000E+00  0.0000E+00  0.0000E+00  0.0000E+00  0.0000E+00  0.0000E+00
       0.0000E+00  0.0000E+00  0.0000E+00  0.0000E+00  0.0000E+00  0.0000E+00  0.0000E+00  0.0000E+00  0.0000E+00  0.0000E+00
       0.0000E+00  0.0000E+00  0.0000E+00  0.0000E+00  0.0000E+00  0.0000E+00  0.0000E+00  0.0000E+00  0.0000E+00  0.0000E+00
       0.0000E+00  0.0000E+00  0.0000E+00  0.0000E+00  0.0000E+00  0.0000E+00  0.0000E+00  0.0000E+00  0.0000E+00  0.0000E+00
       0.0000E+00  0.0000E+00  0.0000E+00  0.0000E+00  0.0000E+00  0.0000E+00  0.0000E+00  0.0000E+00  0.0000E+00  0.0000E+00
       0.0000E+00  0.0000E+00  0.0000E+00  0.0000E+00  0.0000E+00  0.0000E+00  0.0000E+00  0.0000E+00  0.0000E+00  0.0000E+00
       0.0000E+00  0.0000E+00  0.0000E+00  0.0000E+00  0.0000E+00  0.0000E+00  0.0000E+00  0.0000E+00  0.0000E+00  0.0000E+00
       0.0000E+00  0.0000E+00  0.0000E+00  0.0000E+00  0.0000E+00  0.0000E+00  0.0000E+00  0.0000E+00  0.0000E+00  0.0000E+00
       0.0000E+00  0.0000E+00  0.0000E+00  0.0000E+00  0.0000E+00  0.0000E+00  0.0000E+00  0.0000E+00  0.0000E+00  0.0000E+00
       0.0000E+00  0.0000E+00  0.0000E+00  0.0000E+00  0.0000E+00  0.0000E+00  0.0000E+00  0.0000E+00  0.0000E+00  0.0000E+00
       0.0000E+00  0.0000E+00  0.0000E+00  0.0000E+00  0.0000E+00  0.0000E+00  0.0000E+00  0.0000E+00  0.0000E+00  0.0000E+00
       0.0000E+00  0.0000E+00  0.0000E+00  0.0000E+00  0.0000E+00  0.0000E+00  0.0000E+00  0.0000E+00  0.0000E+00  0.0000E+00
       0.0000E+00  0.0000E+00  0.0000E+00  0.0000E+00  0.0000E+00  0.0000E+00  0.0000E+00  0.0000E+00  0.0000E+00  0.0000E+00
       0.0000E+00  0.0000E+00  0.0000E+00  0.0000E+00  0.0000E+00  0.0000E+00  0.0000E+00  0.0000E+00  0.0000E+00  0.0000E+00
       0.0000E+00  0.0000E+00  0.0000E+00  0.0000E+00  0.0000E+00  0.0000E+00  0.0000E+00  0.0000E+00  0.0000E+00  0.0000E+00
       0.0000E+00  0.0000E+00  0.0000E+00  0.0000E+00  0.0000E+00  0.0000E+00  0.0000E+00  0.0000E+00  0.0000E+00  0.0000E+00
       0.0000E+00  0.0000E+00  0.0000E+00  0.0000E+00  0.0000E+00  0.0000E+00  0.0000E+00  0.0000E+00  0.0000E+00  0.0000E+00
       0.0000E+00  0.0000E+00  0.0000E+00  0.0000E+00  0.0000E+00  0.0000E+00  0.0000E+00  0.0000E+00  0.0000E+00  0.0000E+00
       0.0000E+00  0.0000E+00  0.0000E+00  0.0000E+00  0.0000E+00  0.0000E+00  0.0000E+00  0.0000E+00  0.0000E+00  0.0000E+00
       0.0000E+00  0.0000E+00  0.0000E+00  0.0000E+00  0.0000E+00  0.0000E+00  0.0000E+00  0.0000E+00  0.0000E+00  0.0000E+00
       0.0000E+00  0.0000E+00  0.0000E+00  0.0000E+00  0.0000E+00  0.0000E+00  0.0000E+00  0.0000E+00  0.0000E+00  0.0000E+00
       0.0000E+00  0.0000E+00  0.0000E+00  0.0000E+00  0.0000E+00  0.0000E+00  0.0000E+00  0.0000E+00  0.0000E+00  0.0000E+00
       0.0000E+00  0.0000E+00  0.0000E+00  0.0000E+00  0.0000E+00  0.0000E+00  0.0000E+00  0.0000E+00  0.0000E+00  0.0000E+00
       0.0000E+00  0.0000E+00  0.0000E+00  0.0000E+00  0.0000E+00  0.0000E+00  0.0000E+00  0.0000E+00  0.0000E+00  0.0000E+00
       0.0000E+00  0.0000E+00  0.0000E+00  0.0000E+00  0.0000E+00  0.0000E+00  0.0000E+00  0.0000E+00  0.0000E+00  0.0000E+00
       0.0000E+00  0.0000E+00  0.0000E+00  0.0000E+00  0.0000E+00  0.0000E+00  0.0000E+00  0.0000E+00  0.0000E+00  0.0000E+00
       0.0000E+00  0.0000E+00  0.0000E+00  0.0000E+00  0.0000E+00  0.0000E+00  0.0000E+00  0.0000E+00  0.0000E+00  0.0000E+00
       0.0000E+00  0.0000E+00  0.0000E+00  0.0000E+00  0.0000E+00  0.0000E+00  0.0000E+00  0.0000E+00  0.0000E+00  0.0000E+00
