
 *****  Protons in Lexan (0.25GeV, 0cm)                                                   *****

           DATE: 12/18/18,  TIME: 16:19:44

          Total number of particles followed       50000000, for a total weight of  5.0000E+07

1

   Bdrx n.   2  "ofluence  " , generalized particle n.    1, from region n.     5 to region n.     4
      detector area:  1.0000E+02 cm**2
      this is a one way only estimator
      this is a fluence like estimator
      linear energy binning from   1.7000E-01 to  3.0000E-01 GeV,   650 bins ( 2.0000E-04 GeV wide)
      linear angular binning from  0.0000E+00 to  6.2832E+00 sr ,     1 bins ( 6.2832E+00 sr wide )
      Data follow in a matrix A(ie,ia), format (1(5x,1p,10(1x,e11.4)))

       1.2758E-04  1.2644E-04  1.2225E-04  1.2980E-04  1.1802E-04  1.1783E-04  1.2931E-04  1.2626E-04  1.2889E-04  1.2041E-04
       1.2393E-04  1.2495E-04  1.3200E-04  1.1140E-04  1.2907E-04  1.1779E-04  1.2642E-04  1.2717E-04  1.2924E-04  1.2406E-04
       1.1646E-04  1.2681E-04  1.3200E-04  1.2255E-04  1.1695E-04  1.2631E-04  1.1899E-04  1.1899E-04  1.2782E-04  1.2803E-04
       1.3168E-04  1.2247E-04  1.2346E-04  1.2402E-04  1.2623E-04  1.2462E-04  1.2622E-04  1.2552E-04  1.2293E-04  1.1621E-04
       1.0820E-04  1.1678E-04  1.1722E-04  1.1659E-04  1.2295E-04  1.1701E-04  1.1802E-04  1.1820E-04  1.1567E-04  1.2123E-04
       1.3261E-04  1.2112E-04  1.2227E-04  1.1963E-04  1.1747E-04  1.1819E-04  1.1895E-04  1.2443E-04  1.2173E-04  1.2286E-04
       1.2138E-04  1.1801E-04  1.1663E-04  1.1834E-04  1.1886E-04  1.1448E-04  1.2167E-04  1.2277E-04  1.2703E-04  1.1563E-04
       1.0939E-04  1.2529E-04  1.2016E-04  1.2093E-04  1.2013E-04  1.1573E-04  1.2034E-04  1.3167E-04  1.1892E-04  1.2382E-04
       1.2286E-04  1.2447E-04  1.2945E-04  1.1477E-04  1.1969E-04  1.2285E-04  1.1465E-04  1.1245E-04  1.1615E-04  1.1821E-04
       1.1566E-04  1.2195E-04  1.2182E-04  1.1696E-04  1.1529E-04  1.1153E-04  1.1948E-04  1.1290E-04  1.2171E-04  1.2026E-04
       1.1830E-04  1.1781E-04  1.2915E-04  1.1380E-04  1.2205E-04  1.2380E-04  1.1717E-04  1.2197E-04  1.2263E-04  1.1259E-04
       1.1101E-04  1.1169E-04  1.1380E-04  1.1847E-04  1.1153E-04  1.1624E-04  1.2140E-04  1.2315E-04  1.1966E-04  1.0773E-04
       1.1282E-04  1.1526E-04  1.1489E-04  1.1610E-04  1.1451E-04  1.1609E-04  1.1681E-04  1.2870E-04  1.2343E-04  1.1552E-04
       1.2138E-04  1.1709E-04  1.2259E-04  1.1181E-04  1.1410E-04  1.1781E-04  1.1663E-04  1.1217E-04  1.1902E-04  1.1072E-04
       1.0999E-04  1.1573E-04  1.1117E-04  1.1864E-04  1.1870E-04  1.0878E-04  1.1190E-04  1.1964E-04  1.1622E-04  1.1483E-04
       1.1991E-04  1.2064E-04  1.1965E-04  1.1311E-04  1.2048E-04  1.1751E-04  1.2254E-04  1.1382E-04  1.1533E-04  1.1787E-04
       1.1409E-04  1.1924E-04  1.1385E-04  1.1675E-04  1.1303E-04  1.1456E-04  1.1361E-04  1.1781E-04  1.1884E-04  1.1367E-04
       1.1790E-04  1.1397E-04  1.1556E-04  1.1410E-04  1.2029E-04  1.1756E-04  1.0591E-04  1.1559E-04  1.1688E-04  1.0537E-04
       1.1237E-04  1.1462E-04  1.1595E-04  1.1342E-04  1.1296E-04  1.1634E-04  1.1185E-04  1.1114E-04  1.0420E-04  1.0874E-04
       1.1668E-04  1.0774E-04  1.1481E-04  1.1096E-04  1.1140E-04  1.1034E-04  1.0425E-04  1.0403E-04  1.0588E-04  1.0590E-04
       1.1126E-04  1.0624E-04  1.0813E-04  1.1904E-04  1.0670E-04  1.0135E-04  1.0762E-04  1.0815E-04  1.1122E-04  9.8009E-05
       1.0234E-04  1.0051E-04  1.1154E-04  9.9872E-05  1.0340E-04  1.0622E-04  1.0673E-04  1.0554E-04  1.0899E-04  1.0124E-04
       1.0052E-04  1.0293E-04  1.0496E-04  1.0793E-04  9.7839E-05  9.8659E-05  1.0904E-04  1.0302E-04  1.0299E-04  9.2235E-05
       1.0032E-04  9.5966E-05  9.4986E-05  9.9790E-05  1.0082E-04  9.1452E-05  9.0025E-05  1.0041E-04  9.1344E-05  9.5312E-05
       9.6170E-05  9.6022E-05  9.1840E-05  9.4918E-05  9.3234E-05  9.1461E-05  9.0917E-05  9.0850E-05  9.2809E-05  8.6331E-05
       8.9660E-05  9.2140E-05  8.9243E-05  8.4997E-05  9.2601E-05  8.8279E-05  8.7382E-05  8.8313E-05  9.3016E-05  8.8891E-05
       8.7279E-05  9.1684E-05  8.7663E-05  8.5239E-05  8.7638E-05  8.5982E-05  7.8596E-05  8.3248E-05  7.8020E-05  7.9844E-05
       8.2940E-05  8.8587E-05  8.1830E-05  7.7679E-05  8.3565E-05  7.8614E-05  8.3023E-05  7.5351E-05  7.8678E-05  7.9134E-05
       7.6853E-05  8.0313E-05  8.0389E-05  7.4322E-05  7.4080E-05  7.8081E-05  7.8773E-05  7.5743E-05  7.0357E-05  7.2768E-05
       7.6433E-05  6.6217E-05  7.2911E-05  7.1279E-05  7.2738E-05  6.9159E-05  6.6576E-05  7.0963E-05  6.5179E-05  6.4190E-05
       7.2117E-05  6.2103E-05  6.2456E-05  6.0321E-05  6.3322E-05  6.0094E-05  6.6274E-05  5.9062E-05  6.0490E-05  5.3535E-05
       4.9953E-05  5.4753E-05  5.6082E-05  4.9976E-05  5.3882E-05  4.9208E-05  4.6556E-05  4.5370E-05  4.4364E-05  4.3627E-05
       4.5501E-05  4.6922E-05  3.7368E-05  3.8588E-05  3.7721E-05  3.5586E-05  3.5068E-05  3.0457E-05  3.8204E-05  3.4380E-05
       2.8707E-05  3.1237E-05  2.8981E-05  3.0986E-05  3.0282E-05  2.9106E-05  3.4305E-05  3.5044E-05  3.8255E-05  3.7118E-05
       3.2992E-05  3.8573E-05  3.9019E-05  4.3807E-05  4.3620E-05  4.4402E-05  4.6814E-05  4.7441E-05  5.3370E-05  6.0609E-05
       6.4621E-05  6.5883E-05  7.2845E-05  9.3311E-05  1.4707E-04  2.2486E-04  3.9541E-04  7.0846E-04  1.3036E-03  2.3348E-03
       4.0982E-03  7.1479E-03  1.1974E-02  1.9535E-02  3.0823E-02  4.7230E-02  7.0029E-02  1.0052E-01  1.3974E-01  1.8768E-01
       2.4393E-01  3.0658E-01  3.7277E-01  4.3769E-01  4.9635E-01  5.4352E-01  5.7494E-01  5.8768E-01  5.7922E-01  5.5177E-01
       5.0661E-01  4.4904E-01  3.8384E-01  3.1640E-01  2.5180E-01  1.9328E-01  1.4280E-01  1.0190E-01  7.0061E-02  4.6534E-02
       2.9757E-02  1.8305E-02  1.0921E-02  6.1896E-03  3.4065E-03  1.8386E-03  9.3204E-04  4.6570E-04  2.1423E-04  1.0441E-04
       4.9340E-05  1.8940E-05  7.6396E-06  3.3423E-06  6.3665E-07  1.5916E-07  0.0000E+00  0.0000E+00  0.0000E+00  1.5916E-07
       0.0000E+00  0.0000E+00  0.0000E+00  0.0000E+00  0.0000E+00  0.0000E+00  0.0000E+00  0.0000E+00  0.0000E+00  0.0000E+00
       0.0000E+00  0.0000E+00  0.0000E+00  0.0000E+00  0.0000E+00  0.0000E+00  0.0000E+00  0.0000E+00  0.0000E+00  0.0000E+00
       0.0000E+00  0.0000E+00  0.0000E+00  0.0000E+00  0.0000E+00  0.0000E+00  0.0000E+00  0.0000E+00  0.0000E+00  0.0000E+00
       0.0000E+00  0.0000E+00  0.0000E+00  0.0000E+00  0.0000E+00  0.0000E+00  0.0000E+00  0.0000E+00  0.0000E+00  0.0000E+00
       0.0000E+00  0.0000E+00  0.0000E+00  0.0000E+00  0.0000E+00  0.0000E+00  0.0000E+00  0.0000E+00  0.0000E+00  0.0000E+00
       0.0000E+00  0.0000E+00  0.0000E+00  0.0000E+00  0.0000E+00  0.0000E+00  0.0000E+00  0.0000E+00  0.0000E+00  0.0000E+00
       0.0000E+00  0.0000E+00  0.0000E+00  0.0000E+00  0.0000E+00  0.0000E+00  0.0000E+00  0.0000E+00  0.0000E+00  0.0000E+00
       0.0000E+00  0.0000E+00  0.0000E+00  0.0000E+00  0.0000E+00  0.0000E+00  0.0000E+00  0.0000E+00  0.0000E+00  0.0000E+00
       0.0000E+00  0.0000E+00  0.0000E+00  0.0000E+00  0.0000E+00  0.0000E+00  0.0000E+00  0.0000E+00  0.0000E+00  0.0000E+00
       0.0000E+00  0.0000E+00  0.0000E+00  0.0000E+00  0.0000E+00  0.0000E+00  0.0000E+00  0.0000E+00  0.0000E+00  0.0000E+00
       0.0000E+00  0.0000E+00  0.0000E+00  0.0000E+00  0.0000E+00  0.0000E+00  0.0000E+00  0.0000E+00  0.0000E+00  0.0000E+00
       0.0000E+00  0.0000E+00  0.0000E+00  0.0000E+00  0.0000E+00  0.0000E+00  0.0000E+00  0.0000E+00  0.0000E+00  0.0000E+00
       0.0000E+00  0.0000E+00  0.0000E+00  0.0000E+00  0.0000E+00  0.0000E+00  0.0000E+00  0.0000E+00  0.0000E+00  0.0000E+00
       0.0000E+00  0.0000E+00  0.0000E+00  0.0000E+00  0.0000E+00  0.0000E+00  0.0000E+00  0.0000E+00  0.0000E+00  0.0000E+00
       0.0000E+00  0.0000E+00  0.0000E+00  0.0000E+00  0.0000E+00  0.0000E+00  0.0000E+00  0.0000E+00  0.0000E+00  0.0000E+00
       0.0000E+00  0.0000E+00  0.0000E+00  0.0000E+00  0.0000E+00  0.0000E+00  0.0000E+00  0.0000E+00  0.0000E+00  0.0000E+00
       0.0000E+00  0.0000E+00  0.0000E+00  0.0000E+00  0.0000E+00  0.0000E+00  0.0000E+00  0.0000E+00  0.0000E+00  0.0000E+00
       0.0000E+00  0.0000E+00  0.0000E+00  0.0000E+00  0.0000E+00  0.0000E+00  0.0000E+00  0.0000E+00  0.0000E+00  0.0000E+00
       0.0000E+00  0.0000E+00  0.0000E+00  0.0000E+00  0.0000E+00  0.0000E+00  0.0000E+00  0.0000E+00  0.0000E+00  0.0000E+00
       0.0000E+00  0.0000E+00  0.0000E+00  0.0000E+00  0.0000E+00  0.0000E+00  0.0000E+00  0.0000E+00  0.0000E+00  0.0000E+00
       0.0000E+00  0.0000E+00  0.0000E+00  0.0000E+00  0.0000E+00  0.0000E+00  0.0000E+00  0.0000E+00  0.0000E+00  0.0000E+00
       0.0000E+00  0.0000E+00  0.0000E+00  0.0000E+00  0.0000E+00  0.0000E+00  0.0000E+00  0.0000E+00  0.0000E+00  0.0000E+00
       0.0000E+00  0.0000E+00  0.0000E+00  0.0000E+00  0.0000E+00  0.0000E+00  0.0000E+00  0.0000E+00  0.0000E+00  0.0000E+00
       0.0000E+00  0.0000E+00  0.0000E+00  0.0000E+00  0.0000E+00  0.0000E+00  0.0000E+00  0.0000E+00  0.0000E+00  0.0000E+00
1

   Bdrx n.   6  "ofluence  " , generalized particle n.    1, from region n.     5 to region n.     4
      detector area:  1.0000E+02 cm**2
      this is a one way only estimator
      this is a fluence like estimator
      linear energy binning from   0.0000E+00 to  3.0000E+02 GeV,     1 bins ( 3.0000E+02 GeV wide)
      linear angular binning from  0.0000E+00 to  6.2832E+00 sr ,     1 bins ( 6.2832E+00 sr wide )
      Data follow in a matrix A(ie,ia), format (1(5x,1p,10(1x,e11.4)))

       5.3506E-06
