
 *****  Protons in Lexan (0.25GeV, 0cm)                                                   *****

           DATE: 12/18/18,  TIME: 16:19:44

          Total number of particles followed       50000000, for a total weight of  5.0000E+07

1

   Bdrx n.   4  "ocurrent  " , generalized particle n.    1, from region n.     5 to region n.     4
      detector area:  1.0000E+02 cm**2
      this is a one way only estimator
      this is a current like estimator
      linear energy binning from   1.7000E-01 to  3.0000E-01 GeV,   650 bins ( 2.0000E-04 GeV wide)
      linear angular binning from  0.0000E+00 to  6.2832E+00 sr ,     1 bins ( 6.2832E+00 sr wide )
      Data follow in a matrix A(ie,ia), format (1(5x,1p,10(1x,e11.4)))

       1.0472E-04  1.0472E-04  1.0043E-04  1.0791E-04  9.7880E-05  9.7562E-05  1.0695E-04  1.0600E-04  1.0743E-04  9.9631E-05
       1.0170E-04  1.0170E-04  1.0950E-04  9.2469E-05  1.0711E-04  9.8835E-05  1.0441E-04  1.0616E-04  1.0854E-04  1.0329E-04
       9.6448E-05  1.0536E-04  1.1029E-04  1.0377E-04  9.7880E-05  1.0504E-04  1.0075E-04  9.9313E-05  1.0791E-04  1.0616E-04
       1.1029E-04  1.0297E-04  1.0361E-04  1.0329E-04  1.0568E-04  1.0504E-04  1.0679E-04  1.0504E-04  1.0361E-04  9.8517E-05
       9.1992E-05  9.8676E-05  9.8517E-05  9.8039E-05  1.0361E-04  9.9313E-05  9.9472E-05  9.9154E-05  9.8199E-05  1.0313E-04
       1.1205E-04  1.0234E-04  1.0393E-04  1.0218E-04  1.0043E-04  1.0043E-04  1.0138E-04  1.0584E-04  1.0313E-04  1.0441E-04
       1.0393E-04  1.0106E-04  1.0027E-04  1.0106E-04  1.0138E-04  9.8199E-05  1.0377E-04  1.0456E-04  1.0823E-04  9.9631E-05
       9.3742E-05  1.0536E-04  1.0329E-04  1.0377E-04  1.0265E-04  9.9154E-05  1.0313E-04  1.1411E-04  1.0265E-04  1.0679E-04
       1.0632E-04  1.0616E-04  1.1173E-04  9.9472E-05  1.0313E-04  1.0520E-04  9.8676E-05  9.6766E-05  1.0043E-04  1.0234E-04
       9.9631E-05  1.0472E-04  1.0536E-04  1.0027E-04  9.9949E-05  9.6925E-05  1.0313E-04  9.7880E-05  1.0568E-04  1.0504E-04
       1.0170E-04  1.0281E-04  1.1252E-04  9.8835E-05  1.0632E-04  1.0759E-04  1.0234E-04  1.0584E-04  1.0743E-04  9.8676E-05
       9.5970E-05  9.7721E-05  9.9154E-05  1.0265E-04  9.7721E-05  1.0138E-04  1.0632E-04  1.0743E-04  1.0488E-04  9.4061E-05
       9.9949E-05  1.0075E-04  1.0090E-04  1.0122E-04  1.0122E-04  1.0170E-04  1.0297E-04  1.1316E-04  1.0823E-04  1.0090E-04
       1.0616E-04  1.0281E-04  1.0759E-04  9.8835E-05  1.0075E-04  1.0345E-04  1.0250E-04  9.8835E-05  1.0520E-04  9.8676E-05
       9.8039E-05  1.0186E-04  9.8517E-05  1.0393E-04  1.0504E-04  9.6130E-05  9.8676E-05  1.0616E-04  1.0281E-04  1.0218E-04
       1.0568E-04  1.0695E-04  1.0663E-04  1.0059E-04  1.0695E-04  1.0377E-04  1.0950E-04  1.0154E-04  1.0281E-04  1.0456E-04
       1.0154E-04  1.0679E-04  1.0202E-04  1.0377E-04  1.0170E-04  1.0186E-04  1.0122E-04  1.0600E-04  1.0600E-04  1.0186E-04
       1.0600E-04  1.0250E-04  1.0361E-04  1.0234E-04  1.0823E-04  1.0552E-04  9.5493E-05  1.0441E-04  1.0536E-04  9.5016E-05
       1.0122E-04  1.0393E-04  1.0472E-04  1.0218E-04  1.0170E-04  1.0520E-04  1.0090E-04  1.0059E-04  9.3742E-05  9.8039E-05
       1.0536E-04  9.7562E-05  1.0441E-04  1.0090E-04  1.0106E-04  9.9313E-05  9.4538E-05  9.4220E-05  9.6607E-05  9.6766E-05
       1.0122E-04  9.7244E-05  9.8676E-05  1.0823E-04  9.7403E-05  9.2628E-05  9.8676E-05  9.8676E-05  1.0090E-04  8.9763E-05
       9.3583E-05  9.1514E-05  1.0234E-04  9.1196E-05  9.4379E-05  9.7085E-05  9.7721E-05  9.6607E-05  1.0027E-04  9.2628E-05
       9.2469E-05  9.4379E-05  9.5652E-05  9.8517E-05  8.9286E-05  9.0082E-05  9.9790E-05  9.4538E-05  9.5016E-05  8.4989E-05
       9.2946E-05  8.8968E-05  8.7535E-05  9.1514E-05  9.3106E-05  8.4511E-05  8.3238E-05  9.2628E-05  8.3875E-05  8.8013E-05
       8.8968E-05  8.8490E-05  8.4989E-05  8.8013E-05  8.6739E-05  8.5148E-05  8.3875E-05  8.4511E-05  8.6421E-05  7.9737E-05
       8.3397E-05  8.5785E-05  8.2601E-05  7.9259E-05  8.6421E-05  8.2442E-05  8.1010E-05  8.1646E-05  8.5307E-05  8.3079E-05
       8.1169E-05  8.5466E-05  8.1328E-05  7.9737E-05  8.1806E-05  8.0373E-05  7.3689E-05  7.7668E-05  7.2893E-05  7.4485E-05
       7.7986E-05  8.0214E-05  7.7190E-05  7.2734E-05  7.8623E-05  7.4166E-05  7.8145E-05  7.0665E-05  7.4166E-05  7.3530E-05
       7.2734E-05  7.5439E-05  7.5599E-05  7.0187E-05  6.9710E-05  7.2097E-05  7.4485E-05  7.1938E-05  6.6368E-05  6.9073E-05
       7.2415E-05  6.2707E-05  6.9073E-05  6.7800E-05  6.8755E-05  6.5731E-05  6.3185E-05  6.7163E-05  6.1911E-05  6.1115E-05
       6.8914E-05  5.9046E-05  5.9683E-05  5.7614E-05  6.0320E-05  5.7614E-05  6.2707E-05  5.6659E-05  5.7773E-05  5.0930E-05
       4.7746E-05  5.1248E-05  5.3635E-05  4.7746E-05  5.1407E-05  4.6792E-05  4.4723E-05  4.3608E-05  4.2176E-05  4.1221E-05
       4.3290E-05  4.3927E-05  3.5332E-05  3.5969E-05  3.5969E-05  3.2627E-05  3.3263E-05  2.8648E-05  3.5810E-05  3.2627E-05
       2.6897E-05  2.9125E-05  2.7215E-05  2.8648E-05  2.8330E-05  2.7375E-05  3.2149E-05  2.7375E-05  3.5492E-05  3.4218E-05
       3.1194E-05  3.6128E-05  3.6606E-05  4.1539E-05  4.1221E-05  4.2494E-05  4.4563E-05  4.5518E-05  5.1566E-05  5.7932E-05
       6.1752E-05  6.3344E-05  7.0506E-05  9.1196E-05  1.4356E-04  2.2138E-04  3.9279E-04  7.0362E-04  1.2990E-03  2.3307E-03
       4.0931E-03  7.1418E-03  1.1967E-02  1.9527E-02  3.0814E-02  4.7218E-02  7.0014E-02  1.0050E-01  1.3972E-01  1.8765E-01
       2.4391E-01  3.0655E-01  3.7274E-01  4.3766E-01  4.9631E-01  5.4348E-01  5.7490E-01  5.8765E-01  5.7918E-01  5.5174E-01
       5.0658E-01  4.4902E-01  3.8382E-01  3.1639E-01  2.5178E-01  1.9327E-01  1.4280E-01  1.0189E-01  7.0058E-02  4.6532E-02
       2.9756E-02  1.8304E-02  1.0920E-02  6.1894E-03  3.4064E-03  1.8386E-03  9.3201E-04  4.6569E-04  2.1422E-04  1.0441E-04
       4.9338E-05  1.8939E-05  7.6394E-06  3.3423E-06  6.3662E-07  1.5915E-07  0.0000E+00  0.0000E+00  0.0000E+00  1.5915E-07
       0.0000E+00  0.0000E+00  0.0000E+00  0.0000E+00  0.0000E+00  0.0000E+00  0.0000E+00  0.0000E+00  0.0000E+00  0.0000E+00
       0.0000E+00  0.0000E+00  0.0000E+00  0.0000E+00  0.0000E+00  0.0000E+00  0.0000E+00  0.0000E+00  0.0000E+00  0.0000E+00
       0.0000E+00  0.0000E+00  0.0000E+00  0.0000E+00  0.0000E+00  0.0000E+00  0.0000E+00  0.0000E+00  0.0000E+00  0.0000E+00
       0.0000E+00  0.0000E+00  0.0000E+00  0.0000E+00  0.0000E+00  0.0000E+00  0.0000E+00  0.0000E+00  0.0000E+00  0.0000E+00
       0.0000E+00  0.0000E+00  0.0000E+00  0.0000E+00  0.0000E+00  0.0000E+00  0.0000E+00  0.0000E+00  0.0000E+00  0.0000E+00
       0.0000E+00  0.0000E+00  0.0000E+00  0.0000E+00  0.0000E+00  0.0000E+00  0.0000E+00  0.0000E+00  0.0000E+00  0.0000E+00
       0.0000E+00  0.0000E+00  0.0000E+00  0.0000E+00  0.0000E+00  0.0000E+00  0.0000E+00  0.0000E+00  0.0000E+00  0.0000E+00
       0.0000E+00  0.0000E+00  0.0000E+00  0.0000E+00  0.0000E+00  0.0000E+00  0.0000E+00  0.0000E+00  0.0000E+00  0.0000E+00
       0.0000E+00  0.0000E+00  0.0000E+00  0.0000E+00  0.0000E+00  0.0000E+00  0.0000E+00  0.0000E+00  0.0000E+00  0.0000E+00
       0.0000E+00  0.0000E+00  0.0000E+00  0.0000E+00  0.0000E+00  0.0000E+00  0.0000E+00  0.0000E+00  0.0000E+00  0.0000E+00
       0.0000E+00  0.0000E+00  0.0000E+00  0.0000E+00  0.0000E+00  0.0000E+00  0.0000E+00  0.0000E+00  0.0000E+00  0.0000E+00
       0.0000E+00  0.0000E+00  0.0000E+00  0.0000E+00  0.0000E+00  0.0000E+00  0.0000E+00  0.0000E+00  0.0000E+00  0.0000E+00
       0.0000E+00  0.0000E+00  0.0000E+00  0.0000E+00  0.0000E+00  0.0000E+00  0.0000E+00  0.0000E+00  0.0000E+00  0.0000E+00
       0.0000E+00  0.0000E+00  0.0000E+00  0.0000E+00  0.0000E+00  0.0000E+00  0.0000E+00  0.0000E+00  0.0000E+00  0.0000E+00
       0.0000E+00  0.0000E+00  0.0000E+00  0.0000E+00  0.0000E+00  0.0000E+00  0.0000E+00  0.0000E+00  0.0000E+00  0.0000E+00
       0.0000E+00  0.0000E+00  0.0000E+00  0.0000E+00  0.0000E+00  0.0000E+00  0.0000E+00  0.0000E+00  0.0000E+00  0.0000E+00
       0.0000E+00  0.0000E+00  0.0000E+00  0.0000E+00  0.0000E+00  0.0000E+00  0.0000E+00  0.0000E+00  0.0000E+00  0.0000E+00
       0.0000E+00  0.0000E+00  0.0000E+00  0.0000E+00  0.0000E+00  0.0000E+00  0.0000E+00  0.0000E+00  0.0000E+00  0.0000E+00
       0.0000E+00  0.0000E+00  0.0000E+00  0.0000E+00  0.0000E+00  0.0000E+00  0.0000E+00  0.0000E+00  0.0000E+00  0.0000E+00
       0.0000E+00  0.0000E+00  0.0000E+00  0.0000E+00  0.0000E+00  0.0000E+00  0.0000E+00  0.0000E+00  0.0000E+00  0.0000E+00
       0.0000E+00  0.0000E+00  0.0000E+00  0.0000E+00  0.0000E+00  0.0000E+00  0.0000E+00  0.0000E+00  0.0000E+00  0.0000E+00
       0.0000E+00  0.0000E+00  0.0000E+00  0.0000E+00  0.0000E+00  0.0000E+00  0.0000E+00  0.0000E+00  0.0000E+00  0.0000E+00
       0.0000E+00  0.0000E+00  0.0000E+00  0.0000E+00  0.0000E+00  0.0000E+00  0.0000E+00  0.0000E+00  0.0000E+00  0.0000E+00
       0.0000E+00  0.0000E+00  0.0000E+00  0.0000E+00  0.0000E+00  0.0000E+00  0.0000E+00  0.0000E+00  0.0000E+00  0.0000E+00
