
 *****  Protons in Lexan (0.25GeV, 0cm)                                                   *****

           DATE: 12/18/18,  TIME: 16:19:44

          Total number of particles followed       50000000, for a total weight of  5.0000E+07

1

   Res. nuclei n.   1  "Ian       " ,  all         products, region n.     5
      detector volume:  1.0000E+00 cm**3
      Max. Z:  10, Max. N-Z:  11 Min. N-Z: -4
      Data follow in a matrix A(z,n-z-k), k: -5 format (1(5x,1p,10(1x,e11.4)))

       0.0000E+00  0.0000E+00  0.0000E+00  0.0000E+00  0.0000E+00  0.0000E+00  0.0000E+00  0.0000E+00  0.0000E+00  0.0000E+00
       0.0000E+00  0.0000E+00  0.0000E+00  0.0000E+00  0.0000E+00  7.9400E-06  0.0000E+00  3.8000E-07  0.0000E+00  0.0000E+00
       0.0000E+00  0.0000E+00  0.0000E+00  0.0000E+00  5.1020E-05  1.1088E-04  1.0200E-05  2.6280E-05  0.0000E+00  0.0000E+00
       8.6987E-03  1.3853E-03  0.0000E+00  6.5966E-04  0.0000E+00  2.0308E-03  2.9280E-05  4.9410E-04  0.0000E+00  0.0000E+00
       2.2924E-03  1.0906E-02  8.9948E-04  0.0000E+00  7.4324E-04  2.1280E-03  2.3967E-04  2.4997E-04  0.0000E+00  1.0000E-07
       7.6312E-04  0.0000E+00  5.3440E-04  1.5010E-04  1.4230E-03  1.2541E-04  3.5354E-04  4.2294E-07  6.0000E-08  0.0000E+00
       0.0000E+00  3.4600E-05  4.7160E-05  1.0366E-04  1.5670E-05  3.6080E-05  4.4185E-07  5.2000E-07  0.0000E+00  0.0000E+00
       0.0000E+00  0.0000E+00  4.1200E-06  4.8000E-07  9.8000E-07  4.0000E-08  4.8000E-07  0.0000E+00  0.0000E+00  0.0000E+00
       0.0000E+00  1.0000E-07  0.0000E+00  4.0000E-08  0.0000E+00  0.0000E+00  0.0000E+00  0.0000E+00  0.0000E+00  0.0000E+00
       0.0000E+00  0.0000E+00  0.0000E+00  0.0000E+00  0.0000E+00  0.0000E+00  0.0000E+00  0.0000E+00  0.0000E+00  0.0000E+00
       0.0000E+00  0.0000E+00  0.0000E+00  0.0000E+00  0.0000E+00  0.0000E+00  0.0000E+00  0.0000E+00  0.0000E+00  0.0000E+00
       0.0000E+00  0.0000E+00  0.0000E+00  0.0000E+00  0.0000E+00  0.0000E+00  0.0000E+00  0.0000E+00  0.0000E+00  0.0000E+00
       0.0000E+00  0.0000E+00  0.0000E+00  0.0000E+00  0.0000E+00  0.0000E+00  0.0000E+00  0.0000E+00  0.0000E+00  0.0000E+00
       0.0000E+00  0.0000E+00  0.0000E+00  0.0000E+00  0.0000E+00  0.0000E+00  0.0000E+00  0.0000E+00  0.0000E+00  0.0000E+00
       0.0000E+00  0.0000E+00  0.0000E+00  0.0000E+00  0.0000E+00  0.0000E+00  0.0000E+00  0.0000E+00  0.0000E+00  0.0000E+00
       0.0000E+00  0.0000E+00  0.0000E+00  0.0000E+00  0.0000E+00  0.0000E+00  0.0000E+00  0.0000E+00  0.0000E+00  0.0000E+00
